 0.000000	9.2542887017373783	129.7701057319986262
 1.000000	17.5033222966694879	83.1328947774964035
 2.000000	15.9907749079934209	154.6547771777847800
 3.000000	15.5219198015890285	110.2144267540560776
 4.000000	13.8494706834894341	141.8659832092806710
 5.000000	13.0690381913938687	43.8200844373596397
 6.000000	9.1840939780832329	98.2213561017953793
 7.000000	9.8172088649159122	55.3527518254137192
 8.000000	5.9397364308537854	46.2119818299935901
 9.000000	7.2416660855308503	79.4268632784414024
 10.000000	8.2150393239937110	106.5719521717513771
 11.000000	8.7124002497620463	122.9110890571579233
 12.000000	8.9221462151071620	21.7952785258239317
 13.000000	7.9413382494558604	93.0180944390829438
 14.000000	12.1513687790467220	129.1310534079562160
 15.000000	8.2250852962883414	124.4228365437976151
 16.000000	8.6177848469686200	23.1352877425588304
 17.000000	7.7173288450442517	58.2754667755034461
 18.000000	8.7701793216644166	80.1397289390343843
 19.000000	7.0393683572547188	141.4529581158163296
 20.000000	6.7581469375102712	75.4748852187143342
 21.000000	7.8329327282411931	110.0116139094720324
 22.000000	7.6856687684941898	85.2959518860054118
 23.000000	9.6003119834489627	107.0940433817631003
 24.000000	7.5581965111171048	43.6872027462018195
 25.000000	7.2605388127990622	79.8766136814721932
 26.000000	8.0826083892117353	131.6766745747387688
 27.000000	13.2267772436629709	91.2709999177492506
 28.000000	15.6838394397488621	158.7859238695668864
 29.000000	12.0942610320742823	133.1395982057472622
 30.000000	11.4745432145457720	124.7626347748104649
 31.000000	14.9903868615316345	127.7651411719916723
 32.000000	15.5905640194699853	80.7846746478303288
 33.000000	13.3412394022051473	78.9934475279645198
 34.000000	11.9235942890460098	1.8949478981177208
 35.000000	13.4770911557077877	154.1740629984595614
 36.000000	7.2381399431562281	117.8041585209610673
 37.000000	10.6640174663312717	18.2618178968515394
 38.000000	12.8729383563182260	42.2922934503192778
 39.000000	21.4308082129702910	121.4748861032888954
 40.000000	13.2913115762297629	158.6111171064286225
 41.000000	14.0991473352873893	156.8000962000425034
 42.000000	12.4207650318488998	88.0592547061146149
 43.000000	11.8915373383395675	125.0501666433373771
 44.000000	12.7707038502926871	101.2067812768815429
 45.000000	18.8558600271372825	98.3259003442043422
 46.000000	16.8838073126329036	66.2169441822663885
 47.000000	8.9519694046028970	109.6083422103795328
 48.000000	9.1981831427387295	52.5956351136514257
 49.000000	12.6121734787513908	86.4467463094017461
 50.000000	15.3353571430543330	70.2032908328668128
 51.000000	7.4757591919984341	20.3943465492815221
 52.000000	13.6850329248731786	53.1348576226834695
 53.000000	14.1670096961774235	85.8285760048727866
 54.000000	9.9483587843980654	53.6951922071790335
 55.000000	14.3540933475596137	111.1381023565736825
 56.000000	11.8692460634119179	161.8744189505343911
 57.000000	9.2607201861460471	104.0295456695326806
 58.000000	6.0459152271332117	142.8043242064806009
 59.000000	15.6150476056166223	171.6871970795524192
 60.000000	8.7135084363211703	143.7520860547430743
 61.000000	12.1735058589116658	42.0717440828892961
 62.000000	7.4046741797687119	129.3117307142325387
 63.000000	6.8850384662304167	134.1135180918663536
 64.000000	7.6711256687710057	115.0888824539168525
 65.000000	8.1000426171667197	136.0563929332938926
 66.000000	9.0362429232964683	76.6123588663779600
 67.000000	9.2492541129130466	88.4764829992200532
 68.000000	9.8105406576192369	44.8255354235119512
 69.000000	8.2429672279394985	63.3006068506127235
 70.000000	7.9677106625858762	92.9637667789711202
 71.000000	8.2435887321146932	60.4429221086585642
 72.000000	8.3910100124697422	61.0935395703241824
 73.000000	10.0224745730595863	39.1154253830796108
 74.000000	9.7148867971132074	93.5437998304277301
 75.000000	20.6228949098058472	111.8522882478476106
 76.000000	26.8142454717538605	29.9841361699175195
 77.000000	26.7742106410826644	130.4076040276227104
 78.000000	25.9144171587551710	108.8064275378149404
 79.000000	28.5424118768529773	100.4480456242606863
 80.000000	20.5938325176566792	143.1519813304633999
 81.000000	11.4199327657732503	153.3061530508323642
 82.000000	12.2158912653268281	96.2854775717106719
 83.000000	13.6260878511690002	76.7604939814033003
 84.000000	12.0944004592031344	79.2610833202483036
 85.000000	11.9709474620677927	152.3272373826975468
 86.000000	7.8607276829716435	10.4513560685697939
 87.000000	10.7539151759004845	146.6599217069070846
 88.000000	15.6334553471507434	67.1136996185311432
 89.000000	12.0476599747207356	54.4888332903980341
 90.000000	19.0640862717480708	49.1172091883486530
 91.000000	16.8456653161330792	83.3631380092918164
 92.000000	13.2200993356754726	107.1438716621606062
 93.000000	14.6683172698346809	151.0398974216497834
 94.000000	11.5131918083412739	54.2359168369814313
 95.000000	13.6679718732459996	62.7950313017956887
 96.000000	9.3298497119370865	60.1100649776069673
 97.000000	13.9340407783115925	128.8274318186278720
 98.000000	10.2108327662662806	30.4004258153273099
 99.000000	11.7663889893785747	65.5168415304970324
 100.000000	11.5282840522790870	86.8464859311498429
 101.000000	18.4527289293564145	28.7584826522418950
 102.000000	19.8744014825682740	86.2587255880852126
 103.000000	10.6123087913941134	68.2650270070144671
 104.000000	12.3673033927137137	150.2651325460413716
 105.000000	2.7335838456584893	14.0889715780075733
 106.000000	2.7918738656595172	145.9212310763091409
 107.000000	9.3987989760323902	105.4222091375052912
 108.000000	13.4800692379452283	7.6189529542962475
 109.000000	18.6418052402785044	163.9201756848092373
 110.000000	11.7772043199054721	133.4582136352107398
 111.000000	14.7658598099217304	61.4797316001019425
 112.000000	20.1547292667696887	66.5492361616065153
 113.000000	19.7143448767554261	55.0562104984770713
 114.000000	14.7709037273356909	54.5313917036316695
 115.000000	13.0924000440281478	98.1249276190040263
 116.000000	19.2956750764544829	127.9944776344324566
 117.000000	16.8325093976776614	19.7841697413067266
 118.000000	14.7641962836591230	50.4785007412670268
 119.000000	10.0759640101695300	95.7560485684763592
 120.000000	9.0553129323464514	95.5103947169366023
 121.000000	14.8215239951216002	118.5733974615927764
 122.000000	8.8089752302609963	7.3728199947768189
 123.000000	16.3711763033223292	90.9205175257077371
 124.000000	9.3298719672457064	85.5134600576216428
 125.000000	16.1743856558778241	148.3195941623728800
 126.000000	13.9533795022641929	57.5104933562131748
 127.000000	11.0497970256662832	24.6628823325691826
 128.000000	12.6359914570055309	17.1109049087086476
 129.000000	16.5252283985345372	130.6517374726356024
 130.000000	22.2885765489270788	69.2367901840815279
 131.000000	16.2906851803741581	130.2779344427931392
 132.000000	13.6325697100838763	111.8171998562884255
 133.000000	12.8566913081065390	88.1331014971003981
 134.000000	12.0772710910335164	126.2688924796742072
 135.000000	12.7373758577161791	65.2910118049012880
 136.000000	14.3205962635730817	121.8317180902965333
 137.000000	13.2618310317333759	125.6580364546760222
 138.000000	18.0833816911608700	161.4499541695038261
 139.000000	20.2013551307244157	87.1457142781907521
 140.000000	13.5164875337046020	69.7687703132758941
 141.000000	13.1771658034019588	148.1012938681761284
 142.000000	11.3731525603584842	114.5848428119092688
 143.000000	13.2448198946063975	126.8928016302532171
 144.000000	15.1210374601824853	57.0286355082533447
 145.000000	16.8172325987087596	58.4635727786533295
 146.000000	14.5510206010700838	120.7424049429691877
 147.000000	13.4576992925189600	74.7151237967489266
 148.000000	11.6621841351589897	136.1930858047029460
 149.000000	11.2013381165492749	128.6675760265746931
 150.000000	21.8356169165845415	143.3357641325352461
 151.000000	9.9113826780225143	126.6191884139285833
 152.000000	12.6490523455539563	12.5963551871076902
 153.000000	20.7136868293988137	154.2355943042840352
 154.000000	8.2844162995774298	79.9173110830211044
 155.000000	21.2610527584628350	123.3077044762136723
 156.000000	27.4216503795237152	92.5277748987129343
 157.000000	12.7595968289090305	134.3535509901462319
 158.000000	15.4048062958732501	150.3180585495294395
 159.000000	13.9286193043136031	137.9999142395305114
 160.000000	15.4897036996401383	82.3803400818802345
 161.000000	16.6109245808981214	163.0963306001987405
 162.000000	16.6302055393898165	85.9506110864170267
 163.000000	19.2051173731506282	115.6255742054578377
 164.000000	17.4819519509576118	75.3828633383227071
 165.000000	16.7084062839199063	45.5530751752582432
 166.000000	10.4190298653793096	122.9763392229912995
 167.000000	7.9326690898386865	149.1860581078572068
 168.000000	11.7243180308426105	130.9363899116751782
 169.000000	16.2204482378346029	38.3581697658959797
 170.000000	13.9861992471689049	150.1976837922726986
 171.000000	14.8528086876232024	160.2904266119977592
 172.000000	15.9647354250912787	130.2933173051495999
 173.000000	22.9258956984952995	161.9552522123867391
 174.000000	20.1009588244089912	83.5637819732287568
 175.000000	22.9847202838051246	76.3824079160815899
 176.000000	7.5105260301055488	116.7988313247857661
 177.000000	17.5092852934063252	115.7759419785680848
 178.000000	16.3608222975830664	143.2980938189466542
 179.000000	16.4927803384982248	64.6223728256886716
 180.000000	15.2399137914324871	76.8492202021006108
 181.000000	19.4275377700807539	143.9437461616608402
 182.000000	12.9699029878301690	141.7743862201934348
 183.000000	16.8514289553846091	165.9491652165856692
 184.000000	14.4651858860918292	101.4344080381079607
 185.000000	14.4259901385019820	65.5986417377835238
 186.000000	19.8308567883571563	137.2915611342376110
 187.000000	15.5156065383385062	51.6207155496111056
 188.000000	17.1855555656174452	33.3450437804717694
 189.000000	12.1550468201845216	54.0060328422310363
 190.000000	8.3268252652895427	106.0421826872964886
 191.000000	12.6683694006418452	128.2600890223395709
 192.000000	16.6703338298055783	154.9944763449908862
 193.000000	17.3801061969345909	49.7982092718120839
 194.000000	11.5008531114380546	88.2847397177808375
 195.000000	11.0446528540109732	121.9568454457570681
 196.000000	10.2664825077807844	85.6372461323804259
 197.000000	15.8006193872131728	68.4243779508943817
 198.000000	12.2632707021255740	121.6635848409142113
 199.000000	14.1461364013405095	110.1627526598430222
 200.000000	13.0448127648717129	94.8557406570054837
 201.000000	15.7831445896863460	62.3444614539053816
 202.000000	9.3337146524579939	83.5096210959402327
 203.000000	14.9200297231151904	98.8850194438435040
 204.000000	12.3364431891536093	116.5077462326417788
 205.000000	18.4860782541112378	83.9949778369833808
 206.000000	18.1060546520841790	144.7584757749805817
 207.000000	17.5351288901001325	118.3401282366231158
 208.000000	19.1500296395510468	121.7239701493427049
 209.000000	12.8738272808459406	114.0879739080926072
 210.000000	13.2948161895251875	37.6381299058890306
 211.000000	24.8505023930202675	138.1517540397921380
 212.000000	23.1039699196450279	124.1092552151917374
 213.000000	24.2606605419582415	79.5516948269177959
 214.000000	18.4301451314726812	110.4465185398309615
 215.000000	29.1589694416930278	133.1972174681638990
 216.000000	28.5447651989884861	104.9308917344488634
 217.000000	15.5910549858134200	151.7666233530682689
 218.000000	21.8656761491781744	158.0640417783041585
 219.000000	21.7367430725715778	145.4573659452214258
 220.000000	23.4851512721125815	136.9618467620024092
 221.000000	26.5001632589436760	120.4430513309021364
 222.000000	15.2225396639545547	54.5563063564914899
 223.000000	14.0061938231919196	148.8963380472104632
 224.000000	15.3776628341773716	121.5648723060404137
 225.000000	20.5681174019325503	164.5897245279183210
 226.000000	14.8792359422529739	41.3101532377464196
 227.000000	16.8437293246613606	147.3673045713088072
 228.000000	18.2019826881300020	155.5464971412422415
 229.000000	18.7391698369547903	161.4956184692601653
 230.000000	16.7752271784769071	68.9678415675931689
 231.000000	18.4458421209319603	40.7823607047109533
 232.000000	17.8631971079270322	142.1555525062686343
 233.000000	16.3594173696335510	147.5492584298386305
 234.000000	16.9122039855890307	57.9201526860680360
 235.000000	18.1507542125624077	54.5411974204825043
 236.000000	12.9718701191562609	144.2715087732977395
 237.000000	12.0814609595773685	27.4966305739079360
 238.000000	13.3941992677914836	150.6542729288692897
 239.000000	12.7984996111154015	125.4464999428304850
 240.000000	11.2878634198527532	141.8355547177367839
 241.000000	13.7324315810617552	163.4212931745838944
 242.000000	17.8707582134842227	42.1014037039720392
 243.000000	12.7499759633645890	120.5841562123796820
 244.000000	9.1465805511574061	22.0458198340848526
 245.000000	13.9607278553817906	8.6922089881437898
 246.000000	15.0826905430916351	32.3450634795293865
 247.000000	7.6961548990860589	41.2736650715294502
 248.000000	7.6538297330941418	100.3722330532095839
 249.000000	8.7179796896699848	73.4862285465826943
 250.000000	11.9111605632607507	66.6500416219498391
 251.000000	8.5198898821482505	22.0654561468915631
 252.000000	14.0365536033609004	135.1353824833432782
 253.000000	11.3683210665904966	70.2599678768833371
 254.000000	14.1859113994643646	36.1066615190320874
 255.000000	14.0390510158693331	108.4834660611701622
 256.000000	9.4419582478691382	77.6033107059153764
 257.000000	7.1337945301911301	117.3376810898900118
 258.000000	12.8052406369514458	69.2188614112591978
 259.000000	13.0292355256315791	98.8651309449577553
 260.000000	13.0436466472762440	21.7624523607284459
 261.000000	5.6401406502445184	145.6738460937487503
 262.000000	22.9039522886677247	118.0582773245468218
 263.000000	21.1484946427793616	56.1763314551218400
 264.000000	21.6127712534025243	146.3879063976423538
 265.000000	28.3428507905913918	138.6055534380143399
 266.000000	17.7820025465688119	44.0953523816879738
 267.000000	14.3453372758189737	163.5722700484080860
 268.000000	12.2761563115251597	46.7789478612813241
 269.000000	21.2337350466777188	107.7320491555057345
 270.000000	15.0706759569073672	89.5344385629200161
 271.000000	20.7559535501830474	97.8344335400978622
 272.000000	24.5459308524503754	171.5013310247810523
 273.000000	15.7865788979937385	158.9788062053644921
 274.000000	13.7240733709498421	155.2020668487795660
 275.000000	22.7274778044231915	53.4823707803546284
 276.000000	22.0590775283424740	132.5209906321667859
 277.000000	22.7262616079222255	80.2167015611869090
 278.000000	21.7699385379416803	115.8239593713086890
 279.000000	16.1311354149289095	77.5555657314292972
 280.000000	14.4129042663091340	167.4112998968078898
 281.000000	16.4442924258617396	163.5789148373997364
 282.000000	16.3516082517323724	85.4321939895027924
 283.000000	14.9301993565762512	63.1986553265693374
 284.000000	8.2768282182984709	62.3330193408268656
 285.000000	7.0879648803688919	43.7065802898331128
 286.000000	9.0308516374944041	55.4937831711558260
 287.000000	15.4985665700164432	54.6253490265990962
 288.000000	8.7330786900353665	36.7611647288216830
 289.000000	8.6244013328373281	63.8336416768890302
 290.000000	9.0850858595381183	42.6152072669518986
 291.000000	9.0330780078767177	43.2219207878858924
 292.000000	16.2994919954904240	164.0827363235424059
 293.000000	10.3949905777558165	65.6292878525334800
 294.000000	9.8190862200120446	41.4898620407753640
 295.000000	7.2398715069176154	93.0446313376223202
 296.000000	9.1793331728484677	33.7312819821852088
 297.000000	7.1395099207638015	95.6691355238898069
 298.000000	8.2419574636805688	87.9771023370112459
 299.000000	8.3094148774077237	42.5165895375916421
 300.000000	7.0778248682742158	40.3339940340374596
 301.000000	12.3797838995348375	3.8998014769968279
 302.000000	9.4135444012239695	87.6035831404377632
 303.000000	9.1787178410974590	76.4121848030975173
 304.000000	9.0698038265792338	73.2903951007908745
 305.000000	7.4686488063899805	55.2847169578094082
 306.000000	13.1202427740548995	81.9079210003169464
 307.000000	8.5902189171494463	123.3993448644863662
 308.000000	11.4550887094088818	138.3040400847179399
 309.000000	7.9061201710737521	90.2551292677006245
 310.000000	7.7718175470240034	86.5450392866104181
 311.000000	7.2853607935657765	99.8850749093211761
 312.000000	16.3641151958731967	35.5304560148076405
 313.000000	14.2299360418045371	87.9953992157340537
 314.000000	19.8954937319093297	91.8854436232137743
 315.000000	11.0736208804934737	130.9431658637113003
 316.000000	16.2981501813356360	59.2486807839882772
 317.000000	9.0588093483991621	91.5666802384334630
 318.000000	8.1400465572917753	51.4069488936646053
 319.000000	7.6887033087392140	73.9589137078945811
 320.000000	8.3375126286005319	111.3291183851680159
 321.000000	8.4659399224029581	31.8065180300180259
 322.000000	7.6177503292716420	111.5159296849876966
 323.000000	8.2572807661914087	39.2508071025414722
 324.000000	17.2435298648446782	63.1139452685037696
 325.000000	8.3705872179101295	137.5626555693739874
 326.000000	7.8586339958338129	17.5565563395520599
 327.000000	7.0681102190153160	56.8476600291268994
 328.000000	9.1034867210542973	120.9301975413143850
 329.000000	9.6143163769828917	25.0503700187379366
 330.000000	15.2938214985447107	61.9690479366501279
 331.000000	11.0575233477486918	56.4742385606083417
 332.000000	9.3304144762155552	52.7695898348016215
 333.000000	8.5376058257602043	36.1585387279640713
 334.000000	19.5459719588014735	167.7053317872502305
 335.000000	21.3509116599957629	66.4093422546585117
 336.000000	20.7788718339211371	57.7764931110035889
 337.000000	22.3650478092187441	14.0562431668181773
 338.000000	26.2696349288109978	130.1947245823696448
 339.000000	16.3034975906183455	115.6972525164314476
 340.000000	19.7423712263691442	116.0566874329386167
 341.000000	19.5279779007242951	123.6758322079835182
 342.000000	17.2497940808089290	114.9730085171695180
 343.000000	21.1896657548587264	91.1012764086507332
 344.000000	20.3176838527609398	99.3768749576434232
 345.000000	11.9490478116693009	41.5408188553440709
 346.000000	8.2688578266253590	23.9941639347275668
 347.000000	7.5736194047772027	98.8155144325724990
 348.000000	23.8292326679607278	113.2324423667834310
 349.000000	17.1804728395615420	151.2524392452594668
 350.000000	13.2529251345686383	138.9221201467813671
 351.000000	13.8198386926840371	20.4513982576944500
 352.000000	19.0539034130454326	28.5054572134870341
 353.000000	17.2686097762980779	115.1540084477109929
 354.000000	19.8898339584383805	141.6511812983044933
 355.000000	19.4828889634927442	150.7674987731795397
 356.000000	15.1081887690598471	39.4626865475380271
 357.000000	16.6777184057661323	34.7153363590091146
 358.000000	19.7903931495065777	141.1396086788846560
 359.000000	18.2447255834276447	51.5332460431306743
 360.000000	13.8459730017191536	157.0050689798746077
 361.000000	8.5279413686460916	132.5826584755783699
 362.000000	6.9034055151658142	94.7050202795765301
 363.000000	7.1843415723334099	24.6827435050087729
 364.000000	7.1612094829021844	140.6826680373616796
 365.000000	8.0135629172058298	37.5067665888240924
 366.000000	5.7359365565121720	93.4945044873890367
 367.000000	7.2186664822052560	52.5622441746929923
 368.000000	17.8064161145982212	118.9196709296707866
 369.000000	17.5892648408134740	161.2766878939536923
 370.000000	17.8007552551506976	48.6556308930880164
 371.000000	17.9177415843758574	56.4429229811782704
 372.000000	25.0708107956401314	139.3017949475636783
 373.000000	24.7223820022015488	119.1973302090655267
 374.000000	21.6857078557590945	93.2540250556822485
 375.000000	12.1934235936193041	64.2667210551154824
 376.000000	19.2928984209539678	40.2169036809813747
 377.000000	15.8987475552365982	149.6426774919551406
 378.000000	9.1241263410378686	92.3551191293989007
 379.000000	14.0557450248198066	145.9975476912082684
 380.000000	17.3208970008703993	152.8878571048886386
 381.000000	18.1462713087289842	138.6227142235205747
 382.000000	9.3589589201901742	127.1543037281548578
 383.000000	8.0491205974398401	113.4943118699479498
 384.000000	11.4439482150259320	166.3944181978348240
 385.000000	11.4569916121047122	108.0523798586081767
 386.000000	11.6659915122008435	138.1275916272838344
 387.000000	13.9032883318950127	32.8275716262624258
 388.000000	9.8791082438759492	112.6163436893500034
 389.000000	16.1036402435496839	77.5570752122780647
 390.000000	14.8826946304278795	45.7703450054437155
 391.000000	14.9540228373218600	138.1145817497486803
 392.000000	13.9256880086321857	165.0588699417040459
 393.000000	16.9190832236338196	54.9892408031385855
 394.000000	13.3129662554623867	21.5038032144116471
 395.000000	21.5491192814328727	134.0251177401017912
 396.000000	19.3677015128084449	178.0847380468599681
 397.000000	20.3636495644918014	173.0669868581100559
 398.000000	19.3518303103242566	133.2918405839124034
 399.000000	21.0778068810033972	62.2924883601202737
 400.000000	23.0953596509589580	55.0002909997483727
 401.000000	18.2577519302341038	142.9112614212081382
 402.000000	16.3754232719366115	55.4061682685332215
 403.000000	13.9060785005188627	21.5174423629024716
 404.000000	7.3710071180735435	96.4152632430121201
 405.000000	11.8007516938741492	134.1673751854602870
 406.000000	10.8657081852054773	78.6169869660846672
 407.000000	8.8900067316790814	85.3846884641599360
 408.000000	17.0245510864554035	58.5507459777455068
 409.000000	15.4357964116376447	45.0014541835868442
 410.000000	16.8567636399394161	70.6618841405814919
 411.000000	17.2107378880653101	65.6518573331359931
 412.000000	17.3290673564162852	163.2342420366404099
 413.000000	12.4393881604363070	123.6578170335876337
 414.000000	12.9427386758616727	129.5163759193800956
 415.000000	14.7484023760041971	143.3139071698336124
 416.000000	10.4052998672527472	156.2250890129688798
 417.000000	13.0321597326860026	131.7998571300512367
 418.000000	21.4758159865688398	80.8286562693460837
 419.000000	16.9425492831863558	56.8191181489410297
 420.000000	18.9254936161216065	109.8549914571800912
 421.000000	16.1251360666818684	118.9099883193998437
 422.000000	15.5004011092462797	74.7965386004859454
 423.000000	14.1495808199728597	80.2584760561940129
 424.000000	19.2940257165759910	102.1923112534064018
 425.000000	18.9238247580317740	150.0078945213227826
 426.000000	18.3647462217053175	145.3197002846214900
 427.000000	19.0721016878502567	109.1364915494426526
 428.000000	21.5893828161072108	63.2402264260918514
 429.000000	20.5979266014551143	73.8188251593943221
 430.000000	19.6541758111875353	119.5456916502144793
 431.000000	19.5025845716293134	118.9112501738773631
 432.000000	17.0302814165603635	66.4442047078559312
 433.000000	14.3359870551595545	127.6245743122669154
 434.000000	12.1475051466097614	78.8406683521628224
 435.000000	13.9629742354216351	52.8547961137539346
 436.000000	15.3174061536531543	63.3313146002171976
 437.000000	15.7299639959415494	87.2228768743554355
 438.000000	21.2039845777736673	147.8108450058306857
 439.000000	17.6561153865996268	103.7956293337645519
 440.000000	17.2337155919104212	136.8906438657150204
 441.000000	17.6111439349790757	128.9587487733095372
 442.000000	13.2965065140679286	39.5478467619694243
 443.000000	13.3682970346664707	87.4466807253662211
 444.000000	6.9864715974840470	117.4751053802957728
 445.000000	13.8533916510454151	128.8702152503449554
 446.000000	16.0164382220326509	62.3142339265017995
 447.000000	12.0565386482082300	58.6193753216016944
 448.000000	15.4060486954924709	71.0731851871615419
 449.000000	15.6131724942735879	104.6619286719505482
 450.000000	15.3900335888907520	137.9119500059825043
 451.000000	12.7787229732341583	78.0485730358093122
 452.000000	17.4065443740513466	101.6919675421198264
 453.000000	14.2472941475021653	84.4372285961161140
 454.000000	13.1721758237814175	57.6432461479296734
 455.000000	10.2943244774974705	60.2502862242044301
 456.000000	10.5848350497030221	98.8939767253208828
 457.000000	11.3619606229964667	90.2351178175913162
 458.000000	18.8506770008252111	105.9189124889184654
 459.000000	18.9550548063297981	59.6018533423138734
 460.000000	16.9944921751019002	63.6083413795325043
 461.000000	9.0851438521927204	64.5942738107889056
 462.000000	11.6296466771415670	147.4203561488473611
 463.000000	10.8260497485840492	60.7899245973785156
 464.000000	13.1076589670243262	114.3096582201315528
 465.000000	11.7777640330773803	23.8283347611811962
 466.000000	12.4803315592449398	144.6779954310281369
 467.000000	10.7676969387414356	68.3115800552860435
 468.000000	13.7211428799376662	59.9007969054002416
 469.000000	14.5056117537659155	169.5813315917815203
 470.000000	17.1913062162788748	79.8842271393180567
 471.000000	13.7121433150100582	58.6799734654502458
 472.000000	5.2577489456987756	14.0211165265147315
 473.000000	11.7911775427526635	84.9125463644873406
 474.000000	13.4930114497904974	87.3444747462579869
 475.000000	7.3402956786172631	68.9023336495298793
 476.000000	8.7203106822785355	130.8319996456258423
 477.000000	8.5166552735217298	124.8749198401481806
 478.000000	8.6340086482285692	70.8953795045751178
 479.000000	10.7139356079237569	132.3894217089487597
 480.000000	6.9280630053187267	25.0368366411117904
 481.000000	10.2886992288395707	71.5727689477902800
 482.000000	9.0300181220164646	130.0859368734755321
 483.000000	9.1460903743367297	111.6610313359265660
 484.000000	10.8503474868346181	127.2879714719837807
 485.000000	10.1158957811780663	149.2498286626130266
 486.000000	13.8250770710208322	128.4426204692270232
 487.000000	14.3425289243273539	161.4109890631208657
 488.000000	14.8661004690161569	172.0557200449373738
 489.000000	9.7075190013525958	79.3303571038530464
 490.000000	16.8105409393901120	88.6706195119740386
 491.000000	23.0952583485363085	109.6480896117491426
 492.000000	22.1724465490925020	113.5999936443772498
 493.000000	19.5135295980511536	149.0366929379608223
 494.000000	18.5985108807892594	115.3333793118000017
 495.000000	16.5262147183430663	151.2488868252357861
 496.000000	20.9479384458199291	81.2914340892264278
 497.000000	13.9996842950120044	140.9562077130312900
 498.000000	16.0775037907773495	126.5518384967893155
 499.000000	11.5888940084618035	77.3078645665126771
 500.000000	7.5780641769558521	78.9201903233643094
 501.000000	8.4815714636172164	15.8142892058787368
 502.000000	11.9748754298972973	70.4572055828173944
 503.000000	12.5011269215279341	63.1055526777271041
 504.000000	13.5536587592809727	52.2050807114781890
 505.000000	10.0127295627280883	31.3910084028729557
 506.000000	14.6287000527924889	73.5156844857913683
 507.000000	10.4596471640251085	80.3529151576670131
 508.000000	14.1464082569477902	27.8135704495064715
 509.000000	11.5253397321527125	33.4114184981596338
 510.000000	17.2800275304625579	84.4800594003891092
 511.000000	14.3769210352280279	167.9419138812384631
 512.000000	16.9079964407773922	43.9170488722741652
 513.000000	17.8756996280642042	151.2046538541471818
 514.000000	15.3499807300735149	86.8626682014280078
 515.000000	8.7639579706980957	61.4065061752111774
 516.000000	19.6178437235994814	90.3070886656049652
 517.000000	13.3483024013024991	66.7635220386655561
 518.000000	11.2623366498896154	52.5322031227961475
 519.000000	7.9046879676469750	111.3112484220661997
 520.000000	11.8752604579192642	106.8190642310681255
 521.000000	11.6380145615984194	11.9100248168006999
 522.000000	11.6908147719922404	86.3810627870934979
 523.000000	13.0046076136257298	138.7213776382729975
 524.000000	14.1441235703220620	27.9961004808502025
 525.000000	14.7354548960839828	130.9996789770694363
 526.000000	10.1412307602692131	28.0071494985534741
 527.000000	9.9466121238627299	95.8984826145074578
 528.000000	8.7619953509070605	70.7379923646434179
 529.000000	8.3059602693876595	93.3415038662427463
 530.000000	6.9850999064431480	75.5566534390646183
 531.000000	9.0654367060977030	5.5151777576750476
 532.000000	11.1920737940036741	79.7497777548694557
 533.000000	8.3445554904392356	153.5192869944301606
 534.000000	13.8521872255142373	106.7929369183670474
 535.000000	16.2199472117532615	106.1569508378592417
 536.000000	15.6076285884570449	75.8068991333738467
 537.000000	17.8724603055542630	80.0276261135512499
 538.000000	18.5713482226591822	127.6436240286390671
 539.000000	18.0295709978674630	44.6278618402724874
 540.000000	20.3436590479962369	116.9323903031541931
 541.000000	18.0255393010141987	53.7318508873568419
 542.000000	17.7121822276219412	90.4066485133505751
 543.000000	16.4303009909291013	43.0718882955698632
 544.000000	18.5520295386080960	118.7833383657291648
 545.000000	14.3645952658557121	68.3847900155862902
 546.000000	18.2551436676667365	146.1551550016142755
 547.000000	8.7898351320042440	25.2877190667833247
 548.000000	15.8710689695929066	49.3218670800077632
 549.000000	16.9013092696094951	155.2450214985363459
 550.000000	13.6133411427383866	80.1001843566949816
 551.000000	9.6768684742233866	161.7559272424805386
 552.000000	10.0518798187461016	91.4873824674262437
 553.000000	9.3096247686624487	49.9507967402921054
 554.000000	12.4984770694858014	110.5418048533541651
 555.000000	9.5307489407496995	86.3431415145545458
 556.000000	11.8244699874195707	136.5831161514959717
 557.000000	19.3190307761195221	87.8195838321875186
 558.000000	23.6920756568425617	130.2156616026958318
 559.000000	20.5811526230462434	111.4948759281116679
 560.000000	19.6073793985129115	72.9335439866762556
 561.000000	10.3108181956261973	164.3149115888814435
 562.000000	17.8332035396495669	54.6835850198680191
 563.000000	20.7706925860632730	153.6173122791792025
 564.000000	11.1159992489496773	47.0096050484092700
 565.000000	14.4692085350905497	148.3906953274295120
 566.000000	18.4211422037490458	153.1467995362527859
 567.000000	18.4568155919988968	83.7652741619348262
 568.000000	10.3719025369730709	56.1870862028720808
 569.000000	7.6604838953459025	120.7308385339820518
 570.000000	14.5347582640370021	106.6023529912516921
 571.000000	7.6123232591080487	113.1015120153667084
 572.000000	9.5067345915412425	38.3097538232262309
 573.000000	9.6600424248554653	32.0033732798927133
 574.000000	9.2039542323308314	72.1859172318193032
 575.000000	8.3966249159447095	58.5559824852234527
 576.000000	10.5735518601750957	133.6617341596410995
 577.000000	9.7572493335895985	101.6295386022620875
 578.000000	20.3886249468133656	163.1557819538572005
 579.000000	20.0312048383977341	114.1577106273860664
 580.000000	23.3485900276561509	145.0551798135419972
 581.000000	21.9944897220768674	149.2673700907224372
 582.000000	26.0712553661889501	85.2471333691674999
 583.000000	13.2136531488382456	107.5515025630080999
 584.000000	13.3575173050024798	88.5358180414059746
 585.000000	14.8028634020779286	118.9380042434182343
 586.000000	16.0627099433744434	35.3062629812128819
 587.000000	16.0469845660506429	65.4279461214428579
 588.000000	12.5346998260469178	117.8621879169787547
 589.000000	13.2626716973501448	40.4043019092289626
 590.000000	16.6143810317910159	121.2641486802593533
 591.000000	8.0552808147634281	27.1273698777287109
 592.000000	14.7587618853286511	160.0739107099730916
 593.000000	12.9066562979357951	109.8146044769859202
 594.000000	14.7272806925060333	109.8651655641131271
 595.000000	16.9478309971571868	150.5692850213213489
 596.000000	17.1968307152269695	105.3718215552344049
 597.000000	20.3302239117492967	76.1796898769299560
 598.000000	13.5809043078439622	160.5721795257942119
 599.000000	16.8859954475989582	96.0284657606722760
 600.000000	12.7291267816611668	131.8360791100273559
 601.000000	10.2497268731894291	56.1552643064442520
 602.000000	15.1647090356622005	148.1092450378833405
 603.000000	7.9226919372299722	83.7169422731419530
 604.000000	11.3598998839052410	40.7312472804899528
 605.000000	12.8359708532636603	28.8010121813686339
 606.000000	14.6042484818885612	54.3902090624927013
 607.000000	12.0523159373664210	82.1977456958698411
 608.000000	12.1194927696266994	59.9696684029218687
 609.000000	7.2812251381993125	78.7326264316797904
 610.000000	9.6899415263012099	58.3002685625718584
 611.000000	10.5773245415900803	87.1378398375067746
 612.000000	9.1116449389042167	102.6157230268844103
 613.000000	9.3711144467777423	66.0047891732636884
 614.000000	8.5752308211187778	79.4672358921663999
 615.000000	12.2717992761597561	75.7855722194846493
 616.000000	13.7204233065855732	15.0343175202570762
 617.000000	15.5017511086193291	104.1479013882655806
 618.000000	18.6210818106081000	159.6338364992843424
 619.000000	14.0134623783137489	22.4214427453677843
 620.000000	16.0939731345141368	101.6977418838562244
 621.000000	12.4321288406663957	47.6669937878909309
 622.000000	7.6271358835688918	137.3795290461304432
 623.000000	11.5224832105283603	96.1661263623513349
 624.000000	18.0838912338371216	135.9571630867101817
 625.000000	15.5224980566945074	86.9785335633872165
 626.000000	16.1518685579933425	85.6386206238055792
 627.000000	8.2773449813226243	112.1474958159641062
 628.000000	11.9562110980040668	43.2686494872089042
 629.000000	15.9271818508305003	53.6544550073226389
 630.000000	17.3732165117949577	148.1817493724518897
 631.000000	11.5191213436948878	9.3609858614898940
 632.000000	13.5751313669410756	104.4243902266489528
 633.000000	16.5855173072483808	147.2021006758367321
 634.000000	9.0288071401343952	99.8659662900473961
 635.000000	10.7081329309837887	80.6060713206914414
 636.000000	11.5613603048910267	145.7222957709998923
 637.000000	8.2055783577389132	61.0394612258838549
 638.000000	5.9718656499012415	51.3666200115200411
 639.000000	10.3866465153601553	57.5788007265962847
 640.000000	14.7725210356982348	163.1551037418148269
 641.000000	15.4308419492635185	100.6292808822773424
 642.000000	13.3735485088360750	165.3842117754974765
 643.000000	13.9570870880274231	68.2954079308134538
 644.000000	13.5076667982047827	137.3273882565080157
 645.000000	7.3161369406255776	47.1155661882973789
 646.000000	9.9304459963223497	16.8808067330015774
 647.000000	11.3769201077273578	40.7251932012488851
 648.000000	9.2442423515267240	155.5465408607360303
 649.000000	9.6891763428075262	14.1306459156259052
 650.000000	13.3594775422450276	46.1191865492534703
 651.000000	11.9348499471815632	89.0022666416384567
 652.000000	9.7329673352142816	56.0680743017519347
 653.000000	10.2610368618796279	130.6218952151969859
 654.000000	11.5484096267533047	150.6624804147759562
 655.000000	10.5353029499992754	87.6298614610543893
 656.000000	15.0839129618674228	45.5433161741262609
 657.000000	11.1157571936719837	23.5590804512101215
 658.000000	12.1810610955294436	47.7988423674805176
 659.000000	17.0726022425436774	138.1616678086687671
 660.000000	16.7940793972033120	44.4561763176575653
 661.000000	17.3318088741476437	90.0985294353953918
 662.000000	15.1842790719260599	81.7205152329912039
 663.000000	13.4904336202841080	52.4692782627408292
 664.000000	10.9792268118327847	54.0554849327961620
 665.000000	12.8632835892452331	106.8859966566768236
 666.000000	12.9065821643162568	158.3716138794267749
 667.000000	12.5321773446110711	151.1038329585908571
 668.000000	10.6834526015189581	89.8575556139101366
 669.000000	11.1519982262978168	146.2525036433776222
 670.000000	11.3820975418020360	135.5805200565204416
 671.000000	18.0910717785745838	89.0505118301466183
 672.000000	11.3666701886939965	64.9082408389313628
 673.000000	19.1415876703906278	93.4595116779898376
 674.000000	10.9072468530585525	62.4242758713395887
 675.000000	10.9264063843984260	37.4117840919325602
 676.000000	15.9053436966181110	154.3320450143462210
 677.000000	11.5483135722653945	73.3854024076093623
 678.000000	11.2646600889647850	91.4628919187746590
 679.000000	10.5983646657659651	132.3465277739169892
 680.000000	13.9428511741838967	177.4988995635050628
 681.000000	15.1095082483538441	68.7646190615651705
 682.000000	15.8991034870908035	149.0133350180916523
 683.000000	15.4814041034886962	73.8521923348532852
 684.000000	14.8815710622239212	93.2500374728860209
 685.000000	14.2745638370002457	109.1301894040796441
 686.000000	15.1059565103157905	96.7463851019601293
 687.000000	13.2076776554836677	154.2879830075003724
 688.000000	17.9342486423964580	104.5528905615834958
 689.000000	19.3197043479787709	91.6044679815508260
 690.000000	12.4837263277257282	31.2202483875777261
 691.000000	13.5703957148695196	33.4741090432291344
 692.000000	14.5662429812716017	46.9390666538768357
 693.000000	6.3591003947910174	103.6929875816152702
 694.000000	16.1537132604445546	136.6136417150887326
 695.000000	18.1520382438231529	161.0354887201905001
 696.000000	15.5897982389497951	36.1435619461192061
 697.000000	11.5960303349862510	128.2638733236989026
 698.000000	8.3835747623924313	93.0803574405250203
 699.000000	10.6527653492125474	127.6957018948573364
 700.000000	8.1493466280691518	131.0272266136048245
 701.000000	6.7149649709858075	119.7361348985979532
 702.000000	14.3821928907084509	109.2654844847861995
 703.000000	6.9170007212288640	67.0736548149521496
 704.000000	11.6130598270197805	82.1901006576827058
 705.000000	18.0313317734914307	128.1355282449970048
 706.000000	10.0072650680681114	99.4970992808153483
 707.000000	15.5056582740983124	167.6776513751172786
 708.000000	14.6475397934600036	85.6364195272922615
 709.000000	17.4368526109859197	82.4978681992774199
 710.000000	14.9344400151223891	164.6799767231385374
 711.000000	13.4091096196440809	62.5894090079990804
 712.000000	12.9927678255211205	157.6974955357944452
 713.000000	10.5750577131488335	29.9266128319602274
 714.000000	6.3408325909887813	107.0843527164685298
 715.000000	11.0608458123201814	105.7385172092918424
 716.000000	13.4760023593320817	103.5052631297731978
 717.000000	15.8387754489450820	81.2526286243712264
 718.000000	12.1389499957598890	148.0647763548570310
 719.000000	11.9204816718640600	146.6503696214946046
 720.000000	13.0407516133927608	96.2369590997758593
 721.000000	21.2144717698425112	72.8241020317101260
 722.000000	14.7527817076902714	89.2593342008321144
 723.000000	14.2281465660287694	177.5827052452292207
 724.000000	17.3738736703445404	154.2720827910313801
 725.000000	14.9781068339414851	175.5408920735906975
 726.000000	21.7175188519871192	78.7046327833898971
 727.000000	22.6380011199917277	125.8262628396140030
 728.000000	16.1103926382427858	156.5104655639632938
 729.000000	15.2694163692791030	56.0737644210321378
 730.000000	16.2777292698852989	50.9474175276760661
 731.000000	8.7055886330200334	49.3469773722767968
 732.000000	9.1246900371692501	172.0881430824329925
 733.000000	12.5091317230562709	47.4956657712763786
 734.000000	16.1271970528482775	129.1308506642692180
 735.000000	16.9046049744356850	66.0019337109379194
 736.000000	10.9870753917440922	149.7971017736786052
 737.000000	19.7276629847980161	74.8719494512891686
 738.000000	9.4909688730923722	65.3150159702030635
 739.000000	14.6268358526964626	90.8412313790240802
 740.000000	13.3791864846640571	107.6864936901715737
 741.000000	11.7921700781439505	169.1288308551542343
 742.000000	12.7004680098352445	169.2767706890607542
 743.000000	15.7457576241494319	153.0428690748414908
 744.000000	10.7413789252387719	145.4575017827904162
 745.000000	6.7029059281328811	118.9162234444610817
 746.000000	8.9966530835129710	144.1398312595367486
 747.000000	14.5624719075274420	104.0409333031443992
 748.000000	11.7032246760217635	96.7167367574560899
 749.000000	5.4413749425599045	71.2691928321124806
 750.000000	12.0261454765180353	104.8720090394887876
 751.000000	13.2341876699705239	80.3246000544704373
 752.000000	8.2073128596491411	144.0002335358062737
 753.000000	7.2415479355878531	83.8593668729251220
 754.000000	9.5472794888043993	119.4944903616877525
 755.000000	15.1053351873435187	64.3290959605010784
 756.000000	12.0439257858952882	159.1152041522977356
 757.000000	19.5541635207848508	75.2348293911575610
 758.000000	8.4629903035839913	132.0380194525548347
 759.000000	11.0523239263594970	138.3102377619778736
 760.000000	14.2311908864321648	32.0290500184450195
 761.000000	18.0138468411623727	127.7112139201446723
 762.000000	11.8542615735521810	145.4850578349639818
 763.000000	16.0121047665921665	60.5887235310026426
 764.000000	15.2458751236159351	91.7114412786658733
 765.000000	14.6630447162566373	81.6967567364481084
 766.000000	14.6345120497314429	146.5294634125726247
 767.000000	19.8613080712856913	128.2158263240810072
 768.000000	17.8830755100528940	90.5476563591643782
 769.000000	18.9654071205030661	107.5283697628703692
 770.000000	15.3859655763532910	155.3732106521147784
 771.000000	17.2852010936268172	74.6642764068444365
 772.000000	16.0683653984029888	153.4440850289697664
 773.000000	12.6234111376055154	167.8792331275526237
 774.000000	14.9390801641144257	151.1722339405903881
 775.000000	11.5283961127304106	174.3502275072809198
 776.000000	12.2541743675251062	118.4578575926040855
 777.000000	16.1224644829569037	136.5030359509840423
 778.000000	17.4466625007188831	141.8938297174787522
 779.000000	16.5665433112273206	67.4079209526842362
 780.000000	6.8630880308013644	125.4251463483829525
 781.000000	11.6297063761265704	148.0593507601753913
 782.000000	10.8697538362096715	91.4896988521151684
 783.000000	5.5225808544552102	120.7989856151777559
 784.000000	15.3519069820003917	131.6497137147362935
 785.000000	14.8354675419952198	162.3102060412673495
 786.000000	17.0766116867032416	134.6097778315256619
 787.000000	19.5476186283993378	49.6188055800229506
 788.000000	12.1673436979452170	132.0536175167427189
 789.000000	17.4349198116066830	174.7125193112779016
 790.000000	11.8425182055004559	150.3398766556549049
 791.000000	12.6462746395926402	139.4038874825942571
 792.000000	9.9482905018468379	145.8470449190993463
 793.000000	11.6984683524943538	129.6380921438623091
 794.000000	12.8013910608518184	147.3936175068316459
 795.000000	18.0924540459018317	152.1627022867069741
 796.000000	22.2486585462016784	92.0679973905262869
 797.000000	18.7208100931522488	85.2682878246864107
 798.000000	18.9087276131277982	107.8031633194419499
 799.000000	17.8701810869469071	59.2012197402552403
 800.000000	16.6646838347840465	136.1208047451530945
 801.000000	17.6603890081278116	150.7371711558421339
 802.000000	15.6747951859682892	91.1320807201767593
 803.000000	15.1608002998789626	127.2536562210796660
 804.000000	14.7948953056475556	76.4829496644009481
 805.000000	11.1661249812065222	32.1875628169413801
 806.000000	9.7153555523371296	39.6840566334877849
 807.000000	7.6484811571602913	35.8463863255948354
 808.000000	14.1744067841533674	65.0813123671440934
 809.000000	18.3078149481991552	155.2576825988292626
 810.000000	10.1805986630123879	46.8037135725546136
 811.000000	14.1430582149263024	98.3184024628907451
 812.000000	17.2356766996808339	71.5018960771718497
 813.000000	9.6146512644418749	115.4134891734487098
 814.000000	15.7623904866397009	84.1368367877973213
 815.000000	9.6085437103107747	127.0477864604335849
 816.000000	11.1629599033167626	9.0458919118863719
 817.000000	12.5008628066571212	85.3723514201259235
 818.000000	20.4464065413050520	86.2236642501020611
 819.000000	17.1741497771476759	170.4882644159566780
 820.000000	15.6186146410084010	71.8382822014506388
 821.000000	21.0339154986799031	172.4584522867424710
 822.000000	19.4583358671341990	128.8546899560860197
 823.000000	18.9101825698379074	106.3651635612791466
 824.000000	18.2852595591454552	78.1590423450540754
 825.000000	15.9141553847224220	14.9910137662299405
 826.000000	18.3306075381840188	16.7284853863342278
 827.000000	19.6878863305661049	126.4216810049786659
 828.000000	20.6853705262800105	34.1549420505359933
 829.000000	19.9281323476224905	84.5583288117271934
 830.000000	15.5582917403167666	151.2123522778938423
 831.000000	17.9454096193435007	61.2975741187791670
 832.000000	18.2207626260402371	86.1695423849165252
 833.000000	17.8498275832590032	47.8971891351188788
 834.000000	8.4224584909310192	108.3910309374166445
 835.000000	11.2534944107369359	53.4671881466994989
 836.000000	10.0701851520551813	86.4960838051531908
 837.000000	7.8529412230281803	41.6220785515579905
 838.000000	7.6037648902266222	85.6840543230460554
 839.000000	6.7639249943149284	68.4869421720291598
 840.000000	8.8148842313352702	135.5606964000675418
 841.000000	10.4090155274823406	128.3543659346895822
 842.000000	10.0202512529631651	13.1073214639771436
 843.000000	14.8723020190152759	136.5824346551657982
 844.000000	10.0925414144147609	97.7065498066497753
 845.000000	6.5027416334994861	88.4691636641433519
 846.000000	11.2054344913400890	115.0744624224100079
 847.000000	8.0236538755980984	50.8452471852097005
 848.000000	12.8556798236119754	61.9842249052473591
 849.000000	20.0972611356090880	176.5507360167395632
 850.000000	20.9384122857810624	164.9555998217727222
 851.000000	23.2176895127040375	108.3521522957712762
 852.000000	18.1479035176449521	72.0409987206054865
 853.000000	14.6544887562120696	39.0063628481020999
 854.000000	17.8451344321046044	159.8682446346797406
 855.000000	17.8811445175945956	131.8257625970487652
 856.000000	17.3736661381209068	157.8238133146588495
 857.000000	13.1142678959687053	97.9008917959711482
 858.000000	20.7629389228522498	87.2457177078383950
 859.000000	18.2224978883854050	151.8562832496547799
 860.000000	19.2014048226185743	30.4301882908298467
 861.000000	17.8011219558540716	118.9888344344599744
 862.000000	12.5860755061971741	32.9701061760359835
 863.000000	17.3368263655925858	117.4229300844378372
 864.000000	14.2140035310768642	85.8808758349826320
 865.000000	17.8169126616404192	81.2616419650622106
 866.000000	12.4151293274773487	64.5003456953174208
 867.000000	8.5618159712732247	75.1460455162380896
 868.000000	18.8646565619856226	91.7781488158609164
 869.000000	12.9027425116529244	155.8167010412140314
 870.000000	15.1322564862961517	157.9884390542380004
 871.000000	10.7877069124721885	57.0013191188754575
 872.000000	11.6513188754290375	73.4126866724316613
 873.000000	9.9590116948388392	139.9826360094829738
 874.000000	9.3542355967524706	145.1976667044697820
 875.000000	8.9995102854453020	65.0574485648651262
 876.000000	9.4826112957817674	169.3032094551182638
 877.000000	8.9419878897184510	42.5424732492859334
 878.000000	9.2118067723116752	86.1587057672197858
 879.000000	8.0341867261521926	72.8581215646595126
 880.000000	9.9165848387097455	34.1590640352849562
 881.000000	10.8451864133454450	15.1729728796715904
 882.000000	8.8929931265196771	75.5435340871001415
 883.000000	15.3829743200226190	80.2426954180146623
 884.000000	18.0774402523615407	142.2717007281247561
 885.000000	15.9532062173811724	84.4320769261505149
 886.000000	16.8967091459216689	74.7441338977247796
 887.000000	14.7425916173722200	45.1895302048892233
 888.000000	10.6513124314800702	76.1863334547198860
 889.000000	14.4543507055291442	145.4490066022788426
 890.000000	16.3955440337840699	126.9472611923948051
 891.000000	14.7934287255263488	39.7396119991602177
 892.000000	16.4787625779915992	69.1512532391588053
 893.000000	17.6949868083345123	61.0852304011030895
 894.000000	19.8280569441905428	76.4450811372836796
 895.000000	14.8961385633531886	68.9971777284731900
 896.000000	16.3447524028289699	50.6135774128325124
 897.000000	14.0420258520261694	170.7411506657394398
 898.000000	11.3269187241299321	71.2542782833750437
 899.000000	7.2499003553742769	119.5268000114033669
 900.000000	7.6714749553061363	38.5050833210778194
 901.000000	10.1585614006331877	100.1993029098486403
 902.000000	9.8237898046853172	145.5882597120643140
 903.000000	9.6014294057147840	43.3846670927256355
 904.000000	20.3602867202608486	109.7050656033963634
 905.000000	22.4711449726166208	88.7320765103909110
 906.000000	20.2787701719344327	94.1684053139041453
 907.000000	22.0323724070113727	70.4519068757628730
 908.000000	17.3223835334689760	54.5313784100807197
 909.000000	13.4134159318165445	148.4371321232079026
 910.000000	12.9057916578859491	39.1159379257646549
 911.000000	13.2131550367488355	171.4566490671996917
 912.000000	10.9549163197896711	61.6811463965954800
 913.000000	12.9753171115997166	131.7428022430462704
 914.000000	15.1644602961954860	97.5631193059920179
 915.000000	12.3760612798815455	140.9644221724903446
 916.000000	10.4183770498166659	43.9808869728402954
 917.000000	14.1589715751052854	70.7473862835924052
 918.000000	7.6985401393329473	118.3720362448515147
 919.000000	9.9254954099842134	112.9371687196771603
 920.000000	12.2810535608088944	108.7293348548302845
 921.000000	8.6584925835064777	97.0129663306986600
 922.000000	12.4571155260737694	167.3634421652716355
 923.000000	7.9969584595688108	50.6762462698630713
 924.000000	13.9852976482288724	137.7063375378857302
 925.000000	18.5134888081854996	65.6045693425863590
 926.000000	12.7584038093102450	75.7281560195690844
 927.000000	17.2787860091599121	74.3870925871186870
 928.000000	14.2487735113138427	62.8323908709042911
 929.000000	12.9340813242287247	70.0079413789585487
 930.000000	13.3893356965624566	121.1934854780607509
 931.000000	8.3913321588016760	81.2462363760352559
 932.000000	11.2400057407300142	102.6430912822789026
 933.000000	10.0422846972808131	142.2913276779168257
 934.000000	11.4434950028051716	56.7684074960826592
 935.000000	15.3662975085588389	58.3508426330235466
 936.000000	14.2737453708207820	155.0944047740056533
 937.000000	17.8273249781000516	99.7231789703022287
 938.000000	18.2381130224360888	159.7750890843148852
 939.000000	17.3585752214174498	91.8341333158356150
 940.000000	20.3407418866075105	67.6093196642944463
 941.000000	19.9166568307602034	67.5627551798355910
 942.000000	20.3853464949655354	147.2939466941609226
 943.000000	14.8986216605072652	62.7744524276837979
 944.000000	14.0823768187634215	68.9432468885810295
 945.000000	14.4204728746066060	143.3771781726483709
 946.000000	10.2361073497504371	58.7171722375183975
 947.000000	14.8226376393447605	78.5225872330216674
 948.000000	16.6995262694727309	161.3175785144440795
 949.000000	16.5858529298153954	70.4094273709566210
 950.000000	10.0734216043375415	93.9095830308395989
 951.000000	9.3146223164220778	97.1947403056497876
 952.000000	12.2637886384688120	6.0319552470485860
 953.000000	15.6196912262225780	57.7534279811401916
 954.000000	17.4480025103885446	144.4158750971722043
 955.000000	11.4121204660393207	174.7393999233521811
 956.000000	9.4274170866089673	35.5734050617669482
 957.000000	9.1937526041486830	34.6963942673930319
 958.000000	10.2494382653024108	129.1896382803850543
 959.000000	13.3712356683918578	157.7332719243786698
 960.000000	10.3373320156264032	144.5636637488076133
 961.000000	9.8069160903689454	96.6569032024365526
 962.000000	12.5813499798166344	106.8267103218819329
 963.000000	17.3751046958132846	94.0890828126171215
 964.000000	13.8561467238619382	92.8010931456826285
 965.000000	10.3375802166861668	121.5456929053952564
 966.000000	12.6430467282620977	107.6320547875977240
 967.000000	14.6016723936671564	60.1236733157141146
 968.000000	7.8626539111879268	16.7341775001192445
 969.000000	9.8901904620555836	70.1508689766290416
 970.000000	11.9893772401423924	97.4112791601083075
 971.000000	13.1261020176170167	111.3677751790528561
 972.000000	16.5586110483072595	82.5314662016267562
 973.000000	10.9585867113429050	43.4111892293521464
 974.000000	9.7498451717776504	29.5245179994751652
 975.000000	9.3729174141127327	58.6367169637386354
 976.000000	9.8026538766492664	85.5960993743845222
 977.000000	13.1158958922169138	42.2166152544500619
 978.000000	9.4162845581350059	114.3708047682149243
 979.000000	9.8084000990481428	127.8737359824200439
 980.000000	9.7386429740931497	38.3230140182397179
 981.000000	10.7641562771184542	120.5532481191064278
 982.000000	9.1559642640658012	39.0381307669119337
 983.000000	8.9609142534664397	15.3954408705196215
 984.000000	7.5454386127492299	66.8976224046409413
 985.000000	8.1115334053809391	62.3688536836995269
 986.000000	6.2964893997391140	55.2322772811173905
 987.000000	7.0139499420247970	44.6138790942810886
 988.000000	8.9623347677272207	3.5456893773249760
 989.000000	10.6636583715395812	172.9119288358643018
 990.000000	9.0137413603908669	135.5388452548305338
 991.000000	16.2067089787863203	146.2650014256350346
 992.000000	18.0096960750878168	173.2643221002829819
 993.000000	14.5353420882864057	76.2458072965106766
 994.000000	12.2229555707520561	91.2779473634641221
 995.000000	9.6369889477067581	63.7763522597812482
 996.000000	9.8840059582962443	114.4743910863845286
 997.000000	10.9184254085203225	116.9667491237740933
 998.000000	13.4665187880456330	139.1693430813999157
 999.000000	10.5854034158551045	138.8323676682981898
 1000.000000	14.7533410028173915	96.3774418158359367
 1001.000000	14.3507248602379072	125.3156724000457984
 1002.000000	9.9503016299413094	60.6219146493578762
 1003.000000	8.9896348458402588	160.6399729577720450
 1004.000000	2.9856132133289845	8.0312897447080047
 1005.000000	4.4939604827268314	72.1127437508062030
 1006.000000	9.9438096291604428	94.3630819788030237
 1007.000000	6.3404722859991232	45.7878385443127911
 1008.000000	14.0989080563259428	81.0942859369088751
 1009.000000	13.0855275156032764	158.5460445282851651
 1010.000000	12.0233961560553659	123.1630096588255014
 1011.000000	11.2087046452979155	129.8053072812178357
 1012.000000	13.5032773296961626	103.1510244262235432
 1013.000000	10.9966536887642068	44.8448877146650204
 1014.000000	10.4923615384996562	106.7327241662797093
 1015.000000	11.8478629589645585	114.4150391040802646
 1016.000000	13.5987858473922145	127.6015083204536040
 1017.000000	13.1145831377825299	151.0755781772791124
 1018.000000	11.5608699366376548	135.6979283808953483
 1019.000000	11.4478324410872645	78.6390598408035828
 1020.000000	12.6672650469558103	85.3065328537979184
 1021.000000	14.0455714878368294	48.3726504450499988
 1022.000000	13.0107562345811090	87.5203581842623350
 1023.000000	14.6195309204873656	93.6498629547541555
 1024.000000	10.2880355956395100	82.5048836929483542
 1025.000000	9.7539865599401239	62.4912775697145833
 1026.000000	15.5786731808131531	59.3032013358294421
 1027.000000	12.5206699523765987	143.5252177421509714
 1028.000000	15.3464815775530141	140.7765325681007482
 1029.000000	15.0155773950959066	33.5785816431010176
 1030.000000	13.4400620708579197	5.2859043799059293
 1031.000000	11.1402701978427565	59.7832670340132921
 1032.000000	10.8298708262091186	124.0528915205177896
 1033.000000	10.7549091987573355	142.3921584874004793
 1034.000000	9.8426089790598965	72.3256933108485214
 1035.000000	8.8765249664983266	56.6909680297180500
 1036.000000	8.9709415720170398	61.3585453683887323
 1037.000000	9.5054302102855601	82.3829403294291609
 1038.000000	10.6012388458528637	72.1369594333631028
 1039.000000	9.3882839019824598	124.1054438974911278
 1040.000000	8.0115964874447858	120.0583192512231108
 1041.000000	8.6812415522149635	131.5245663368413034
 1042.000000	5.5160892051181438	73.2642375611334700
 1043.000000	6.2228057347172774	133.7157572716272966
 1044.000000	12.1510507455934640	106.5247198132810809
 1045.000000	16.4026593411206640	153.0738247766377640
 1046.000000	2.7188717861895633	131.0820733649664476
 1047.000000	17.7759062651261104	156.3366755218757191
 1048.000000	12.3711656516370407	78.9432491530613873
 1049.000000	11.4968082676858518	92.0656459580485347
 1050.000000	13.7368886205728469	43.2641837098646533
 1051.000000	12.1933553272669322	132.7447289516862270
 1052.000000	11.5361772134607268	104.7332538325213989
 1053.000000	10.0261395881190900	158.2689527537983736
 1054.000000	15.2209672423397109	52.2286831719554527
 1055.000000	13.2896866027472598	95.9054863481496085
 1056.000000	14.9889471858152419	84.9480398784945265
 1057.000000	13.3425457390527793	135.7485715860505593
 1058.000000	14.3134798365118101	53.6333030516287010
 1059.000000	13.3799309884125659	132.1063438984994320
 1060.000000	11.0230315540158053	175.1646947830349461
 1061.000000	8.7827894120824848	93.1779667581495517
 1062.000000	13.1965369184106009	100.1338094561436804
 1063.000000	15.0471569164965029	56.8068268308573181
 1064.000000	15.1871194787085440	102.9334097711730607
 1065.000000	13.8740167109402783	69.4521796247150291
 1066.000000	15.2710853321081146	169.4909720606268309
 1067.000000	12.0690138561104110	142.2392793224497325
 1068.000000	11.3431314547099440	121.9724533775137445
 1069.000000	10.8451927108326345	125.3802595385214715
 1070.000000	10.8568573198150062	114.8533810985143191
 1071.000000	11.9304974326239961	26.0461689725342467
 1072.000000	11.9126809742845801	38.2758497340231827
 1073.000000	9.6395431558222917	54.1643747899619257
 1074.000000	10.0436620407547181	27.3488110558716642
 1075.000000	10.1656854133973180	101.9112615518604770
 1076.000000	5.0013002542949216	19.6983546898512998
 1077.000000	6.0406638844157037	90.9051863583843698
 1078.000000	8.0780574233003541	34.6520293312109402
 1079.000000	11.6738867183045443	69.6338949183774929
 1080.000000	11.4655171815269643	107.0225776606322086
 1081.000000	10.3849528717520307	100.7535117340449204
 1082.000000	11.8657651316025294	39.0749949335519204
 1083.000000	11.3346544963069711	137.0321869947842401
 1084.000000	10.3677149485525835	51.0620388451085034
 1085.000000	14.9657028894490960	97.2888783319781396
 1086.000000	18.4845119847514319	162.2663638732699098
 1087.000000	11.9894104941605750	62.6938165325418879
 1088.000000	12.6815969044132686	105.7861516915063618
 1089.000000	14.4455478877945289	45.1570630131809594
 1090.000000	14.2494145280384465	115.4992175831504113
 1091.000000	13.4900255186629447	82.6799929072317497
 1092.000000	16.3381422639960974	164.0777136647936345
 1093.000000	14.9229101261687340	155.4910797120607526
 1094.000000	15.8010862509913785	156.9121943344469798
 1095.000000	17.0975487847766026	163.4881289593994040
 1096.000000	15.8839102461326611	72.8406550954654932
 1097.000000	14.2346806389587428	138.2652558820358308
 1098.000000	20.1046576478582502	61.0593679532580182
 1099.000000	19.0045207037860280	129.1965795418713583
 1100.000000	16.7367891215583242	150.6139701462483345
 1101.000000	10.0082441246638112	143.4576140917928910
 1102.000000	14.9516931876325199	66.9294995991155446
 1103.000000	15.2795488582791226	132.7535334220534935
 1104.000000	16.5495705221470075	80.1539473664150393
 1105.000000	17.3007616051460289	132.2357517050758133
 1106.000000	15.4214628237398514	33.2111342627824229
 1107.000000	18.6414897048431776	74.7860578439972130
 1108.000000	19.4389342977429003	132.2590567736632465
 1109.000000	15.3109419473911910	69.7075444958992989
 1110.000000	16.5432839699521814	142.4068126242301560
 1111.000000	13.4763536591457136	35.2702509296605626
 1112.000000	16.3565772627302266	66.6419874963695236
 1113.000000	15.0853829530317451	108.3942179025478652
 1114.000000	16.6943375096248410	89.2696257036065646
 1115.000000	17.6690107227913700	41.2095228379811829
 1116.000000	18.3673881412534925	130.7249676584866336
 1117.000000	12.6974148308255472	87.5231985075122765
 1118.000000	14.8767984511283551	154.7098721327545263
 1119.000000	13.6014619862319890	89.7536059585214900
 1120.000000	17.1031170500643981	130.0270350913636435
 1121.000000	14.8121883761305231	104.3452726730231603
 1122.000000	9.6349937379372257	65.5871096511668839
 1123.000000	15.1605743504519719	156.2264963200046566
 1124.000000	13.5715527645467962	100.0568332664386162
 1125.000000	13.4351997279532434	172.0502649805158342
 1126.000000	12.7957851138321015	50.2724134696856026
 1127.000000	17.2271516769475852	162.9380803094208829
 1128.000000	12.1230735046213294	70.5513407988045032
 1129.000000	13.8243790219108416	97.2746932398374042
 1130.000000	15.2744492027231882	155.1721783596007072
 1131.000000	12.2636971868673310	96.4794338832956981
 1132.000000	15.7252291158568021	114.5945962049561615
 1133.000000	15.5094849878936394	99.8027869551897169
 1134.000000	13.6434634599805005	139.3702888584840309
 1135.000000	16.4601510955649459	136.0793396757024993
 1136.000000	14.4417659941574321	128.0844636697135854
 1137.000000	13.6739606574791281	147.8747580292922805
 1138.000000	15.6727186086330548	160.2618391584184678
 1139.000000	15.3903306041906394	157.3088591925690025
 1140.000000	11.8845269527251052	35.3897534090778834
 1141.000000	15.8540682707317995	82.5277536018977287
 1142.000000	14.5721699592820766	166.2287772692227463
 1143.000000	15.1076428641519094	139.3222396600870638
 1144.000000	14.1326264350782047	99.7013561187228277
 1145.000000	15.5040424393896306	107.8667729534916191
 1146.000000	16.5948133953875256	119.8549571993093394
 1147.000000	16.7334486003440439	125.6912255891808314
 1148.000000	14.9093019972966871	77.1433641841220918
 1149.000000	16.1327455806511004	49.9561618567080927
 1150.000000	14.3340772005234705	103.9186766141095859
 1151.000000	13.5226400164825442	150.2085278786480842
 1152.000000	15.4808199319175497	171.6538887704110152
 1153.000000	14.8624556525861777	171.4932829851108238
 1154.000000	12.7459413888754352	164.9754684668930054
 1155.000000	15.9398755982957354	157.6318908150594496
 1156.000000	14.7197983453112435	82.3138412699681652
 1157.000000	15.1017654926437803	149.3527088361987012
 1158.000000	12.6658341723737120	50.4012065675895542
 1159.000000	13.4404828586980649	75.9894283264708150
 1160.000000	14.6655789918233523	172.1754390116668390
 1161.000000	12.1084723451804805	99.7886032024645715
 1162.000000	13.1757673392995098	141.4369729870849994
 1163.000000	19.7507795196009646	79.3923508481195483
 1164.000000	15.5561040173904459	49.0964229882353322
 1165.000000	12.6739808625963786	121.6130722685368539
 1166.000000	12.2071751894547305	53.1163038904828397
 1167.000000	14.1743345649026597	76.5212087312627887
 1168.000000	9.9009727007886017	135.1126253781269497
 1169.000000	13.6217420580800752	148.6180300801364638
 1170.000000	15.7780031602969029	86.0004015145677272
 1171.000000	20.6494908947554521	171.0008678453279458
 1172.000000	10.7491128371870062	138.8004057312278974
 1173.000000	12.4676541854797911	152.3384766254506530
 1174.000000	12.7872957676531289	61.7922399850556445
 1175.000000	13.0722602704248470	92.5348227096560265
 1176.000000	15.5551953832523591	119.6654256338134985
 1177.000000	16.0037377900058999	156.4271332545757218
 1178.000000	10.7545089662760684	72.0000961251146094
 1179.000000	11.8109842978360593	50.7168520544918238
 1180.000000	14.0984203774654286	173.1863360985456382
 1181.000000	13.9665713440244676	75.5356119251629252
 1182.000000	13.6765517862532029	137.8099395012961565
 1183.000000	17.0157194011751045	76.6219640974481990
 1184.000000	15.1460249879607005	100.8841308176101990
 1185.000000	15.7535153507713055	52.6203175012281008
 1186.000000	8.6219726169844328	130.9069702138668561
 1187.000000	11.6939074025610825	119.9109115928725373
 1188.000000	17.4669375177574686	83.5995203171534484
 1189.000000	11.0135007264924845	58.6298420656209345
 1190.000000	13.0584459954958021	116.8162349064130865
 1191.000000	13.2822491187616443	74.0037749998995338
 1192.000000	10.6144975326949709	103.8166241585655456
 1193.000000	11.3098558382221857	71.0134612362435860
 1194.000000	16.7766487808243099	63.3987916816101205
 1195.000000	11.1237639150719616	77.3646243981795436
 1196.000000	15.4064768448867273	163.8945096612990824
 1197.000000	11.5665890055615161	130.2039368240822910
 1198.000000	15.9172263341653810	67.8972204588908426
 1199.000000	15.2978552085936172	66.7541295793365776
 1200.000000	13.7483417162743304	24.9997445659195705
 1201.000000	14.2111709183418728	80.8948903130191752
 1202.000000	23.1094757647775175	113.6463817118839046
 1203.000000	18.0824484302164592	53.7676354667020320
 1204.000000	13.7521060866457585	149.5676883062032800
 1205.000000	8.4988394012144255	132.3820259866049298
 1206.000000	12.6862274689374139	53.5427171255575729
 1207.000000	18.4851478915706480	89.7444847778453436
 1208.000000	14.1917101374608770	82.5350350483713129
 1209.000000	13.7070018386359234	157.8111239132278740
 1210.000000	7.2343767403070203	36.4563152531846129
 1211.000000	15.0016424814364644	151.4430084315181091
 1212.000000	14.9447227654294430	60.3268184632446065
 1213.000000	15.2124805728998673	60.5289132362731834
 1214.000000	15.6150669762231633	151.8814795510756142
 1215.000000	12.3938636445632806	33.3541724011738552
 1216.000000	14.9023933402056379	29.8050981218091238
 1217.000000	15.4514970847964062	108.5097299854353849
 1218.000000	13.7480525239271252	174.9744188082021878
 1219.000000	10.1471468868099919	57.6172311497919623
 1220.000000	7.2723062832476959	65.0950919374025432
 1221.000000	17.2451497469881119	90.3540344160056748
 1222.000000	11.4371012892558142	93.0120868817071198
 1223.000000	12.9640073596021335	93.1060680872452906
 1224.000000	14.8216499807779893	78.9575347466464166
 1225.000000	15.4166125975305981	81.5460044343088413
 1226.000000	17.8515045480196477	93.7778571261492147
 1227.000000	13.6096020617168794	132.8307359712108280
 1228.000000	20.7012682805236636	94.9821235647834641
 1229.000000	15.2484908830734387	139.1140630891966055
 1230.000000	20.3772261991160413	113.5997347801178279
 1231.000000	17.9688778428879843	62.4768508590819067
 1232.000000	14.4801201876627879	112.4523698101261573
 1233.000000	17.6117593379223507	142.0552794181455170
 1234.000000	16.3708591977395308	38.0533317388058663
 1235.000000	16.4286357890637049	148.7813906618374062
 1236.000000	17.2050799669680821	39.0486250799761194
 1237.000000	18.0279636577435056	148.5308099270703224
 1238.000000	16.1598088374064304	69.3666474042433663
 1239.000000	16.7064391727677339	43.5497289354173347
 1240.000000	14.9266986657356124	50.8770846671205561
 1241.000000	14.5263233023937772	160.8934792132536984
 1242.000000	15.6759115383853942	159.4924862020336036
 1243.000000	18.3724593293007139	35.3425713930213874
 1244.000000	20.2848840357839038	104.8597637557713398
 1245.000000	16.3461121938626412	46.1990510061980899
 1246.000000	19.8229796369073874	104.2746709044694882
 1247.000000	18.9052868932540648	142.5908115504005877
 1248.000000	18.5413316899870253	130.2163954781416351
 1249.000000	14.6943356755435364	56.9306638399168889
 1250.000000	16.9791439324262114	143.0980638411973587
 1251.000000	16.5825586945436996	63.2623946227383982
 1252.000000	16.4363108849005393	45.2907555720004495
 1253.000000	19.1249107825477829	60.2602534597129988
 1254.000000	21.2973268669691400	54.8282861200950862
 1255.000000	20.4285106792823115	139.7777387328944201
 1256.000000	20.9696556170242552	73.4980267257393507
 1257.000000	20.0933378689216369	139.5573402535358127
 1258.000000	18.7146119402707747	45.6392035527879614
 1259.000000	13.4802715376113458	117.4345010843408943
 1260.000000	16.4762422204166548	151.1331873488213660
 1261.000000	10.0891067433009667	56.7635573301160008
 1262.000000	16.2862320120152759	114.1502952758301461
 1263.000000	19.8045695325685500	129.0221011121419679
 1264.000000	13.6476338920102176	51.6480556826369650
 1265.000000	16.5127184386873473	159.1083413902859149
 1266.000000	15.1127163744725355	163.8884756120506836
 1267.000000	14.7432272622652185	114.8590858956884091
 1268.000000	9.1457078210818441	28.7276360041089447
 1269.000000	14.1846949051859124	88.4791096582508345
 1270.000000	17.4630759425497786	171.0628542349776922
 1271.000000	18.6708606675491815	52.0149215901838744
 1272.000000	16.7842960015890839	101.7019672334922120
 1273.000000	18.6969449341485330	115.3127817958027492
 1274.000000	16.7309399245570845	99.6781933670532823
 1275.000000	23.0413039709571059	63.2120388612275264
 1276.000000	24.1837026532981767	88.3380537453559356
 1277.000000	22.1703452654575521	72.7619928384287817
 1278.000000	21.0386040975594710	28.6103163828082927
 1279.000000	10.8703465519837934	142.4514128695424233
 1280.000000	24.1971487563507175	137.2298452676222382
 1281.000000	17.0706256915474732	93.9926429343913696
 1282.000000	12.1805245170790908	55.6109500358249420
 1283.000000	10.4830985661841076	22.6012385813142203
 1284.000000	7.8561482308785457	59.8862654731609183
 1285.000000	7.1589531741215362	141.6406494286697182
 1286.000000	5.3599359401216669	64.1344968470514232
 1287.000000	7.8319290733913052	95.5639433507074187
 1288.000000	5.2697031572021995	54.1229659913475132
 1289.000000	8.8720980196941071	107.5591656605357258
 1290.000000	8.5085303273735668	38.9800920567543301
 1291.000000	10.6412624384979253	106.8154620221094007
 1292.000000	8.6311461209715219	55.0083877162868333
 1293.000000	8.5164124109644064	82.7871205254989917
 1294.000000	8.1821803244859250	130.8402308310267017
 1295.000000	7.9023409857715050	128.2459770749642871
 1296.000000	8.5476408145882523	42.3972041207611596
 1297.000000	8.7514831538477633	123.3071430779895366
 1298.000000	10.1762567742557337	83.0415495663472996
 1299.000000	7.3765031878219673	127.4595342176707504
 1300.000000	8.0312158097761994	54.4647181226974624
 1301.000000	7.5459055355024205	64.5654640371132160
 1302.000000	9.6816933197644257	94.0273344390248837
 1303.000000	10.1618060714640830	135.8511713383450399
 1304.000000	16.1483790928171125	148.2739376186554239
 1305.000000	18.8170224995221638	44.1495431009866479
 1306.000000	12.3871384444703896	90.3874355011034822
 1307.000000	9.0092228748801002	141.7324743843132637
 1308.000000	7.3839508928766149	121.6350868647019325
 1309.000000	9.0217634164845908	138.6852132570251115
 1310.000000	9.9581366702460929	54.9848276155779274
 1311.000000	11.3252952736039649	66.2320326927030862
 1312.000000	7.0053998273105815	114.7726701601097972
 1313.000000	8.0353642999152388	40.8588252565037067
 1314.000000	7.5761203999721767	142.3120147627993788
 1315.000000	8.3057241890310660	26.2133571368877938
 1316.000000	8.5844019029859275	114.2435722377153269
 1317.000000	20.2267697048191337	109.5934993590078363
 1318.000000	22.8776942459567181	82.5227274947513649
 1319.000000	22.6601630962436857	133.6240832456019518
 1320.000000	24.2416553186638168	117.6540443350798029
 1321.000000	23.6614463683996519	91.1850630635551482
 1322.000000	22.3700629325987848	174.5926385019375573
 1323.000000	22.8902943904506344	92.1333130093288730
 1324.000000	23.3150262378965181	125.1422770696963624
 1325.000000	20.3884521121316205	51.9376894431252651
 1326.000000	18.9467905098689116	67.1682704217726751
 1327.000000	20.0213876943399924	113.5315142109462556
 1328.000000	17.0013587675241276	96.6213087234680899
 1329.000000	18.1690645780957034	52.6293778830079759
 1330.000000	12.6284452704935806	168.6540514553842343
 1331.000000	14.4520647281118819	57.3909654496794559
 1332.000000	19.3512878392405909	49.7354375525063688
 1333.000000	22.1218146955051402	96.0824648267010843
 1334.000000	22.5380110392438411	64.9108636288209198
 1335.000000	21.6703225942341362	96.8097737140867025
 1336.000000	18.9667575525979366	109.2821829546336119
 1337.000000	21.9811375126328130	102.9449906264408554
 1338.000000	10.6658223377834336	80.7792422376617196
 1339.000000	15.0447030808248936	64.1836928695713027
 1340.000000	11.6536645503049971	104.1304534045648325
 1341.000000	18.0196715244731287	92.7090552512324990
 1342.000000	15.7521133923617409	109.2176312503770674
 1343.000000	20.9157778414101010	87.4818325471166531
 1344.000000	21.8896342098325967	99.4101006906638105
 1345.000000	22.0064408583581823	30.5003000042288761
 1346.000000	22.8350630894737812	107.1034821846703977
 1347.000000	21.5103001662239990	134.5173522398403918
 1348.000000	19.7323445867417817	105.0674434636794956
 1349.000000	25.7939155182381192	72.5918632130083807
 1350.000000	23.7464645383694695	130.4242696080118833
 1351.000000	21.3422400868428923	49.4106918160524913
 1352.000000	23.4559946954458702	47.7435087932390729
 1353.000000	19.8871457491378649	38.9523788863083666
 1354.000000	18.3811402358330298	141.8175381595256113
 1355.000000	18.1417260241582952	104.1105389516636137
 1356.000000	20.5585884841748765	123.6439341962409912
 1357.000000	21.9184975888302027	111.2193004242807177
 1358.000000	23.2152074814401352	106.5872153905438893
 1359.000000	23.1535215591325851	125.0796992100694212
 1360.000000	22.0072331484587131	119.4920321888587296
 1361.000000	22.7856928760194855	99.4240228514206876
 1362.000000	20.6514280300674855	123.7221272883814009
 1363.000000	21.9708473744346868	38.9382235416326807
 1364.000000	24.6273197578601604	118.1579338549889826
 1365.000000	19.2427915040532156	138.3934623095387906
 1366.000000	21.0638785843102845	124.7317713971220314
 1367.000000	20.5237917370884730	98.2890226634793578
 1368.000000	19.6005088705229298	124.4398162674457353
 1369.000000	20.7533010586412878	139.6085133142613586
 1370.000000	22.6080333687197204	112.1347001871235420
 1371.000000	24.2882518228726063	131.0870976860244070
 1372.000000	25.3683190010278139	140.8791829758199299
 1373.000000	22.8137092093887652	141.6055408982378481
 1374.000000	25.3321039054058801	29.4810415800152157
 1375.000000	20.2037000266910063	122.1273794560512300
 1376.000000	21.9261917135538908	137.7455505335587418
 1377.000000	20.4637031091783648	126.9012109438411358
 1378.000000	19.4486680369284990	113.2429343607309278
 1379.000000	17.2608564718657611	83.5972918482751908
 1380.000000	20.3313515838259953	94.9912062249872946
 1381.000000	20.7447555337958747	111.4428693019225705
 1382.000000	19.4039126563754856	21.3997105533517811
 1383.000000	22.0466205595230811	142.7284896175282825
 1384.000000	18.7953016007183322	13.3130835363406845
 1385.000000	20.2667398329938635	120.7417526409116846
 1386.000000	23.3634993458945281	49.0340525600760486
 1387.000000	21.6656568539695051	45.5005978766840826
 1388.000000	23.9301845582944992	123.3907347278536406
 1389.000000	19.0243047554425075	128.6081967103333454
 1390.000000	24.6234799644643303	116.9290275744063052
 1391.000000	21.8602420651509526	52.2393188703349267
 1392.000000	19.6236789262884201	96.1849722735247639
 1393.000000	20.9946512543551975	13.8067368852555887
 1394.000000	20.2724142429174528	68.7072360960347766
 1395.000000	20.8077426798312750	6.5884080415114568
 1396.000000	20.5846051763824462	97.5643971527873504
 1397.000000	23.0695402392993714	145.1988238925431745
 1398.000000	22.0728261387980247	122.5629721904187335
 1399.000000	19.6885023099872640	6.0067836851434606
 1400.000000	23.5279066578528777	93.1430639285087096
 1401.000000	24.4081142794759600	129.0874724618841753
 1402.000000	19.9942667259465097	14.3030664046568745
 1403.000000	19.9945903768348821	140.0081228295600511
 1404.000000	22.5487314052981951	136.2341917037983308
 1405.000000	20.5204844192102271	118.0672297761059895
 1406.000000	23.9245061961497463	142.3874438674647251
 1407.000000	22.0831325236549318	105.7851409381351715
 1408.000000	17.1095351213025246	124.7604459349005737
 1409.000000	21.7585997222077516	20.9085130904931304
 1410.000000	23.9628544369872962	130.9869927238418370
 1411.000000	24.6649714371268836	37.4020713187131832
 1412.000000	21.7307083117240580	121.6200889125937152
 1413.000000	22.5012219428611573	114.3500757233625791
 1414.000000	20.9834326839952894	135.1967767485017760
 1415.000000	22.1420322254093129	66.3350415920979231
 1416.000000	22.6606568346614630	71.3005519725531940
 1417.000000	25.4000134804282780	53.9403675648861878
 1418.000000	28.9562111219677938	136.1692269673471856
 1419.000000	21.4572577751188227	100.0216759746487725
 1420.000000	19.1515401302875006	88.8874997951763106
 1421.000000	12.9776883300729029	153.8968570777424532
 1422.000000	12.7656002751988389	62.9667537289327726
 1423.000000	14.5820217538592782	65.6232215588670442
 1424.000000	10.7044286052032227	88.5342477125898881
 1425.000000	14.9527169920579990	87.8733851657284504
 1426.000000	14.9204712237572714	72.1129307069706584
 1427.000000	13.7331018202266879	65.3771779319449990
 1428.000000	15.2879401081216244	36.5463652825908412
 1429.000000	17.5096275644687367	42.4971724595629894
 1430.000000	13.5436298815341267	128.9426681690280247
 1431.000000	16.0271553472778585	82.4612370588260433
 1432.000000	22.5699524287792315	128.7115121084202656
 1433.000000	23.7657024400842012	128.7596958115179859
 1434.000000	25.3705947734124848	105.1999877008237405
 1435.000000	24.0743431544219000	32.5122890035156331
 1436.000000	24.2258900104614945	81.1663959023941572
 1437.000000	19.2241144064414371	97.7995621596419795
 1438.000000	18.2944140057538753	10.4439611377793540
 1439.000000	12.8133565972495127	82.4001230590020128
 1440.000000	24.5686282056639449	98.6375805211427661
 1441.000000	18.5329057303834119	95.7607376355782804
 1442.000000	17.3943304404940839	131.8062080123264082
 1443.000000	20.7143462949711754	54.4183313367798149
 1444.000000	24.4277642436022759	120.3239749693657785
 1445.000000	21.6290065042861599	95.0873207202534871
 1446.000000	20.5811421674982640	3.9936838379533981
 1447.000000	24.1979790832792396	112.4074456985697310
 1448.000000	24.3187459634962622	145.7437634995897326
 1449.000000	23.6985799159635953	107.3307068529071131
 1450.000000	17.7256069360790711	114.9132926916590947
 1451.000000	23.8898319793238549	125.1317509426658887
 1452.000000	21.4397503500185422	46.8397156960354266
 1453.000000	21.6399930746381202	15.4934506889732688
 1454.000000	23.1042070871174339	24.6556366220724215
 1455.000000	22.5875403032979598	132.5897481148655572
 1456.000000	23.8528694018164273	142.0229689354286222
 1457.000000	21.6937074245153774	136.4546885112757764
 1458.000000	19.5843928368622677	11.9669794927271766
 1459.000000	24.8223639045036748	57.9492963966259111
 1460.000000	18.7311086130862030	123.4241682728706735
 1461.000000	21.5910370452535822	112.2445273103631393
 1462.000000	16.9873223027905276	81.8452351014398971
 1463.000000	11.3150830765809172	90.7567082674331118
 1464.000000	20.6562185229085316	97.6246287824003360
 1465.000000	16.0995277529212615	88.1271802043664678
 1466.000000	7.1995555818503192	69.6373554366564207
 1467.000000	8.4296833776510951	86.0072679325643605
 1468.000000	9.2850860816090428	105.4219650496063139
 1469.000000	13.5731623500602332	73.7593623480896241
 1470.000000	18.9210405314656072	119.5539268848937695
 1471.000000	11.9374512891641054	100.3591259743224953
 1472.000000	19.3040557868180613	99.4391066634348704
 1473.000000	8.5526483182371305	82.5419058844765914
 1474.000000	8.5670871862002311	43.0632831376267120
 1475.000000	8.2811514249832019	70.3905452758999104
 1476.000000	8.7062453998528255	108.4591592070468096
 1477.000000	7.1939944627701902	68.9037007755149347
 1478.000000	7.4746814077903867	64.6566031880366268
 1479.000000	7.7069572995865219	72.3013451697351144
 1480.000000	14.0463841458653995	68.8102233091269397
 1481.000000	18.2976163125293745	85.0785891718348211
 1482.000000	10.5707636123399737	175.5625795425996216
 1483.000000	8.9607985785160924	109.6857031955824482
 1484.000000	12.1785497671669063	170.4815295663897246
 1485.000000	19.3886041105370488	125.6137838934602229
 1486.000000	18.3781089171341847	127.9043106907703020
 1487.000000	14.4606981753946027	20.7275765785845749
 1488.000000	17.5316587827441701	136.7824919090892593
 1489.000000	15.7959391810256395	114.4723388037407261
 1490.000000	15.9499695112787698	21.6400136452689082
 1491.000000	20.2793498064449409	83.8925558584961237
 1492.000000	16.6319506633606835	40.8419760751662864
 1493.000000	12.3341128821741570	98.8126905137266363
 1494.000000	18.5935432867741213	116.9646283791925612
 1495.000000	18.0916575882672497	135.9393922249127513
 1496.000000	15.7567370965719640	150.8628457012217154
 1497.000000	13.4249671320121280	143.4971165810175364
 1498.000000	14.1551186465070167	62.7001884862890790
 1499.000000	13.1849038620980643	63.6437514749277113
