 0.000000	5.8404445441121542	57.5054853851918608
 1.000000	4.5876735111593403	116.1455064489705649
 2.000000	2.6773953216140933	129.8585180936881613
 3.000000	3.8486440377692106	116.9022998190605733
 4.000000	4.6394528332035563	85.2673977824034068
 5.000000	3.6990205044562838	32.2002812273144343
 6.000000	5.4370845638354002	55.4328675564719617
 7.000000	4.4284733157647116	28.2168540288132874
 8.000000	4.7808843748456971	7.3212639467747636
 9.000000	4.7277746968943228	115.6231412114563568
 10.000000	2.7767632492779581	123.7621178138594189
 11.000000	2.6444964653242859	118.7978995802037332
 12.000000	4.8853364123791394	108.4330526129474634
 13.000000	2.5716041147864415	10.3370820558316154
 14.000000	3.0242285532275033	96.4202892363358188
 15.000000	4.6644881046029294	106.6723465428103168
 16.000000	4.7528520074858172	16.0053614205741610
 17.000000	2.7310424936038737	14.6968133711811788
 18.000000	6.4490288661159489	103.8373689299428264
 19.000000	3.1887044408117577	118.8857363516496406
 20.000000	4.5977228106365899	116.3669189586281902
 21.000000	2.7431362053511963	121.1363333139248937
 22.000000	4.5534601259371890	116.5755229929372376
 23.000000	3.4737829914780387	101.7566509058099911
 24.000000	2.6497382731407839	18.5618829008605246
 25.000000	4.2468415704273701	98.6426355238857298
 26.000000	2.5909276277782753	133.0928755133100481
 27.000000	2.6363794860654601	130.8419070601946714
 28.000000	4.1532751570981157	140.6048568367468192
 29.000000	5.0937095748811974	109.0650625238037463
 30.000000	4.3788185237803727	119.9754934734480685
 31.000000	5.2005569511864556	61.8174787116113720
 32.000000	2.6472423137434182	136.5587993325195555
 33.000000	2.7908310827532596	112.8999951263884753
 34.000000	2.6673387815939242	11.5983288717006019
 35.000000	2.6650611835000477	123.1411639027024023
 36.000000	4.3610551946250835	101.4185244498548002
 37.000000	4.6788036653159963	114.0160750590320049
 38.000000	3.9412983793511938	109.6638690357901993
 39.000000	4.8641005445133310	17.0191476241228088
 40.000000	2.6577484293068907	107.6448220976088095
 41.000000	2.6298677457733772	129.2051211277066045
 42.000000	4.7457426772643485	112.6763562485012926
 43.000000	2.7211374320003054	128.2864492820708620
 44.000000	7.1747930420183410	125.3914084642960347
 45.000000	2.6871712288542557	120.8156861235176365
 46.000000	2.6668426358513497	120.1216173652874772
 47.000000	4.6725464273313486	2.9357512970377968
 48.000000	2.7593647650228941	132.7879284401722941
 49.000000	4.6434096129952920	36.4241205703456785
 50.000000	2.7164676529464242	28.4419069107325129
 51.000000	3.0919967624904512	93.9613459046964152
 52.000000	2.9033030038725505	113.6081058490273392
 53.000000	4.4621768903914472	121.9560195674314400
 54.000000	4.3948493975858058	75.8850597284141770
 55.000000	4.4852086362802748	117.0114280704957537
 56.000000	2.6731334766614054	4.3248519600950317
 57.000000	4.5965572898629343	23.1202996510164382
 58.000000	2.6000269350375933	118.3681056987197735
 59.000000	2.5793434547510650	137.0584112379861494
 60.000000	4.6194186705053877	116.0715481514527880
 61.000000	2.8129659914998797	126.1645409236028854
 62.000000	2.6567173418817291	125.8356925931132650
 63.000000	4.4713926579710170	123.5854245639614390
 64.000000	2.5640556743677485	132.9537521020271527
 65.000000	4.9131648468732303	109.4821606857598795
 66.000000	4.7109543575188955	109.5502051074367955
 67.000000	4.7820290283875435	123.8901991114348107
 68.000000	4.6949177602976535	20.6733781847390503
 69.000000	2.5774041122839426	10.3128014733428586
 70.000000	4.7387170763376982	135.3563758612693277
 71.000000	2.7249187618077659	13.8043725049055297
 72.000000	2.6422931980090287	36.2623171262213191
 73.000000	4.9635664004423594	62.6061994275830642
 74.000000	5.0207184713863171	128.5491088250231826
 75.000000	2.7636828295603593	133.0450299584593097
 76.000000	2.6722370688763948	127.4122333765370740
 77.000000	5.0385685602398853	58.4891047005759646
 78.000000	4.3059641128469233	120.6517001096504487
 79.000000	3.7644530750037393	110.1228180756334893
 80.000000	4.7362860163196014	28.6665806633395164
 81.000000	4.3288115405657503	23.9902621515086878
 82.000000	2.6433736721559447	131.0618534141353564
 83.000000	2.6537883711062635	8.8039682583203671
 84.000000	7.0027357627078617	51.8944745770806719
 85.000000	5.2184213946531184	5.4483125176621741
 86.000000	5.4946459066096471	80.2786300252835900
 87.000000	6.7397112142530231	129.0591237988594173
 88.000000	4.4401476999641716	19.6505522493311844
 89.000000	4.8497767733333168	117.5713606029843561
 90.000000	6.6478206572117191	68.0616127982267898
 91.000000	5.4682068332549916	20.9127733549090635
 92.000000	2.7555411088903496	42.3904747771847781
 93.000000	3.5848685735996413	122.6140499884303949
 94.000000	2.6619724988800328	121.3878559409210141
 95.000000	3.8567237388291344	93.0889607999741173
 96.000000	4.4594205062082359	105.2561348330871169
 97.000000	2.7736594349472874	126.2047307428825036
 98.000000	2.6264794697668883	135.9823721688823639
 99.000000	4.5545226010463633	99.5456781961001411
 100.000000	4.8481124731093823	120.2628612908566907
 101.000000	3.7442689661859463	110.3727333124518566
 102.000000	2.5769330503121632	4.9214694153487528
 103.000000	2.7699742514321795	124.8240597268513170
 104.000000	2.6229009749469925	24.6409114518363879
 105.000000	2.5212596481439968	140.8925262385702695
 106.000000	7.1303754742158061	22.7275294752612353
 107.000000	4.5252968365994972	122.2703094305815057
 108.000000	2.7353300727612968	127.3283560448069807
 109.000000	2.7249429767002100	25.5772319701731305
 110.000000	4.6368472343551010	125.6418110257983756
 111.000000	4.6061847999601619	31.9510034445081033
 112.000000	3.0103734060799781	13.7724123675448027
 113.000000	2.7275910204021909	120.9994930903329760
 114.000000	4.3898264619497454	105.9050218710054878
 115.000000	4.9182492662898145	101.2270126484700086
 116.000000	4.5496221951823763	124.0149190561704131
 117.000000	3.8624637469590977	142.0878579591989705
 118.000000	4.3981726287471483	108.6844370680559848
 119.000000	2.6558327686080592	130.8463510060264525
 120.000000	2.7194498401216460	14.3230787816621898
 121.000000	2.6902191553091543	136.7158972237242551
 122.000000	4.1153484156018187	95.0733714937165075
 123.000000	4.4087267550656950	141.5568497567604709
 124.000000	4.7670725350857612	27.7950871499255356
 125.000000	4.9428931018347217	25.5724559127671114
 126.000000	4.4186135994314508	127.7142355731559178
 127.000000	2.8210915827267091	118.0369166003873147
 128.000000	5.0755309077198421	94.1767068207799554
 129.000000	6.0706796075923588	141.8826683482110411
 130.000000	2.4606779345343099	112.3756798276224202
 131.000000	2.7137325272696899	112.3063612363694261
 132.000000	4.1447861610697299	111.5331175813815321
 133.000000	4.5695450000630000	101.4635433765866139
 134.000000	3.9931224372239420	113.1393487300170762
 135.000000	4.3284559567305001	27.9640117955354697
 136.000000	2.6726728102711554	110.8234778347855780
 137.000000	3.6873457978382231	40.6888460091596755
 138.000000	4.5554034792436982	111.9654240684526343
 139.000000	2.7109415224758369	121.4118829582958483
 140.000000	4.8886789998711011	12.8727701128538570
 141.000000	2.8137012965647341	129.6578514757829907
 142.000000	4.4932109226122714	92.6388233194713564
 143.000000	3.5276925155544174	137.7558009975731181
 144.000000	2.5261473434773598	15.8248148105467408
 145.000000	2.6521209115775588	108.3619023200581779
 146.000000	2.7859105229416623	115.4938558611479209
 147.000000	2.6271070041047895	11.4632175045617828
 148.000000	4.8204869896133840	125.3198353655375996
 149.000000	4.5511676909620506	99.2579838629984295
 150.000000	2.8167452335062055	96.6589727060441533
 151.000000	4.3213738526520933	107.2277641133640174
 152.000000	4.7950808298790202	125.6128531675949631
 153.000000	4.6904751896538199	26.6388038279541206
 154.000000	2.6959554020333174	114.2845102812110127
 155.000000	2.6709509406356458	138.0308762251739267
 156.000000	3.8206698314966667	110.3406672811311040
 157.000000	5.0184349451911938	19.1971909953420834
 158.000000	2.8280802155689813	129.1749756609806923
 159.000000	2.8189830067018589	42.4817948652245718
 160.000000	4.3908628382408397	18.6282161002474993
 161.000000	2.9395722565385616	97.5466039905136029
 162.000000	4.3946731264210426	25.5988758694566343
 163.000000	4.6153024162159211	35.1030018077768489
 164.000000	4.8888508861051543	15.5143285779799101
 165.000000	4.4840492576853297	114.8398493437751000
 166.000000	2.8218622171754770	135.6253474018220118
 167.000000	2.7591773352406608	110.8290851523264422
 168.000000	2.7800900803521342	122.8220408352816690
 169.000000	2.6449365814354873	115.4302414640680183
 170.000000	4.1802831968067542	112.2277386229942522
 171.000000	4.2704688079246322	96.5629215149234739
 172.000000	4.3181188467247464	118.2050177768299903
 173.000000	4.4270403156527225	125.1081236906706238
 174.000000	2.6819724721468789	9.2209221219629569
 175.000000	4.8117910419318788	19.1605198828194432
 176.000000	2.7626111305830370	135.7491421198714363
 177.000000	4.9172378740941518	29.9691613196734465
 178.000000	6.6666304177007785	139.3247854415688778
 179.000000	5.6805155299102053	123.3453486006831099
 180.000000	4.4539771989420229	103.3610082194219899
 181.000000	7.8682420554298975	78.6599144765444436
 182.000000	4.5963959760466402	20.0314604074026761
 183.000000	4.4864106521672422	26.4766773424478572
 184.000000	2.7127425702429675	22.4401379367090499
 185.000000	2.6946009002557920	12.4968460457565698
 186.000000	4.3380999538955392	107.1078831101617652
 187.000000	2.6378210910530537	137.8349150718734677
 188.000000	5.1111079461536884	27.8112184902576871
 189.000000	2.7055294351199319	32.2086043414142296
 190.000000	2.8370068059094042	126.0388695246053743
 191.000000	4.8816571578989718	125.9313213161809699
 192.000000	4.1843707371148930	94.2616326286240422
 193.000000	2.6075287647966716	128.9578961398116803
 194.000000	2.4916485712740259	38.9504768938701886
 195.000000	4.1738620297290439	95.4394843638988419
 196.000000	2.6510023187096188	10.3805709404454660
 197.000000	4.3630057248176364	93.2834890153198444
 198.000000	2.7878101712463672	130.5311036450903828
 199.000000	2.6146278362918638	136.7412670419483902
 200.000000	3.9629228188491048	118.4380213146795597
 201.000000	3.8722464800116647	47.5773988676238275
 202.000000	2.6177377724686632	121.7180014563054158
 203.000000	4.7327723050826158	27.3079083606445749
 204.000000	3.3971886647122695	109.0948324079571563
 205.000000	2.7067805039296173	23.0403264469301234
 206.000000	2.9155540568302376	126.0951484647255540
 207.000000	4.6297720342758035	33.6533047994146273
 208.000000	4.1032244779374931	33.6085675125881380
 209.000000	5.0548835747794776	10.6209272263762387
 210.000000	2.8539275914125479	114.2795402534385119
 211.000000	4.0848344967395533	53.0692272063399599
 212.000000	3.6659764270641317	123.7939649096666415
 213.000000	2.7438226847380354	137.9439858310245484
 214.000000	4.8002847690959873	126.1821517820343388
 215.000000	3.7026758212110860	39.2630340924155803
 216.000000	2.6893615785504066	29.0431883570282707
 217.000000	2.7697827445346483	8.0052129686270348
 218.000000	3.6911532770601370	46.7607363986796827
 219.000000	2.6750613525624631	127.4998439747366490
 220.000000	2.6601217758936979	5.4236700329093424
 221.000000	4.5043179191025562	110.3303342858812073
 222.000000	5.1954703149396302	165.5078106822903123
 223.000000	6.6210730866234089	87.3466517829650684
 224.000000	4.5766766496658562	110.8552686781550847
 225.000000	4.8058215704168088	119.0075264873316314
 226.000000	2.8936837102289625	119.5109292085551544
 227.000000	4.0792653911117736	111.1722208577612605
 228.000000	2.7493338842196682	137.1058906754200564
 229.000000	2.6457248036977070	115.9932867054049836
 230.000000	4.1942927657606761	53.8658129603677907
 231.000000	4.8436882390109295	8.9115272133522581
 232.000000	7.2045210467826317	127.4982943371007025
 233.000000	2.6598891117014616	126.4802076997905687
 234.000000	4.7731796417270731	3.2668186781691588
 235.000000	3.2590696237817696	97.1929516591263791
 236.000000	4.7736647745581928	125.5741312449818565
 237.000000	2.5075365919125447	127.2205645954169455
 238.000000	4.6998316686145349	17.1056531455650429
 239.000000	2.7828898917585199	14.0730983209819271
 240.000000	4.5047151387050937	128.1531950133860960
 241.000000	2.7404243431732014	131.6257782917883787
 242.000000	4.0389352257345141	112.2458732503952348
 243.000000	4.7452164738739038	102.9701701021362226
 244.000000	2.6676003372096080	135.2138533730866357
 245.000000	2.7265381738078767	121.0678384690487519
 246.000000	2.9527918014491235	119.4805315807152652
 247.000000	2.6792931593223006	34.9213536730365774
 248.000000	2.7028263932010743	120.2987275093507265
 249.000000	6.0744801396351598	102.4309610322072501
 250.000000	3.4745288155994385	55.2015286420851226
 251.000000	2.6592455642422359	23.2009029498106827
 252.000000	4.2088652972418776	133.1380156793647416
 253.000000	4.2777070839510607	67.1978069515413807
 254.000000	4.8669818736055026	33.5130371724845304
 255.000000	6.1057976109350767	72.0373938267248803
 256.000000	2.7116023766949064	7.3650677009158301
 257.000000	3.3634500182670353	107.0163335259661608
 258.000000	4.6874076907017592	5.5721584107642173
 259.000000	2.7093156848218953	118.6325819526696534
 260.000000	2.5847983143546043	106.6872342970708729
 261.000000	2.6875767320646102	1.4465699079335934
 262.000000	4.4230499580874234	11.6587574036168462
 263.000000	4.4521963705305865	111.2600055577109543
 264.000000	2.7800871701587027	24.7178317332861752
 265.000000	5.7310802469979425	51.8020702543670097
 266.000000	4.4375589899773997	110.6755424892731980
 267.000000	4.7739844932446038	28.5376431929781518
 268.000000	2.6574946789537193	136.8203302235123999
 269.000000	3.8620753467809203	31.5645126278118653
 270.000000	2.7172692287631404	17.5578113934550117
 271.000000	4.3519231988410461	38.5375555162414116
 272.000000	2.7491803745935770	120.4160217193568627
 273.000000	2.6746943264842704	119.3064778322458324
 274.000000	5.4483763788732062	67.7083888026990337
 275.000000	5.8793325696321137	62.8601839482413283
 276.000000	7.0202179544580821	47.6168026499622670
 277.000000	3.6669521633280975	49.5689174762079574
 278.000000	2.6230580533414676	119.9477417759886180
 279.000000	2.6632473400785517	115.6452824809070279
 280.000000	4.7845040288708294	122.0320685224283181
 281.000000	5.1602353923733038	103.6871188000046402
 282.000000	2.7349835201715988	133.9142387235050080
 283.000000	2.6169319385942593	128.7772945932477171
 284.000000	4.0434100495430112	47.1154622600820971
 285.000000	4.7847835410390767	104.1778407894740610
 286.000000	4.7584315003344706	131.7220680845201173
 287.000000	2.5663249022405377	11.1663678336001908
 288.000000	2.7523636248498695	5.0976696066819045
 289.000000	2.7267261644523164	32.0696943608284641
 290.000000	3.3361290939193236	53.5019865687653322
 291.000000	2.6317702840254595	5.9438506783207572
 292.000000	2.7778281091720252	116.1881324585762059
 293.000000	2.7678475850392994	132.3500164252603781
 294.000000	4.9193498480705218	111.9140943177513776
 295.000000	4.9514054450197449	112.5492011906539318
 296.000000	2.6076547756050816	1.3753810043464512
 297.000000	3.8073719631122933	123.3962880062373983
 298.000000	2.9353227198049625	140.1138650055459323
 299.000000	4.7049979376073248	26.7789399958090542
 300.000000	4.9748360784379910	11.4175039353421255
 301.000000	4.1161352014110824	95.2949283697437011
 302.000000	2.8138882605810132	132.6109206970863852
 303.000000	3.4317301541515564	97.9334049880348090
 304.000000	2.8638806397269083	14.2647497055006909
 305.000000	3.0328699425904295	12.8702618008217087
 306.000000	6.6717752603151812	104.6082988935517051
 307.000000	2.7006247409672222	129.1886057606441511
 308.000000	2.7347789927958694	119.9911996678305286
 309.000000	2.7723175018424300	126.6941913333258185
 310.000000	2.6070051951634725	138.5419240803670107
 311.000000	2.7612898747066561	122.1360398998066046
 312.000000	2.6175017952169450	9.8069359362671378
 313.000000	2.6803620628796114	10.8129930895918278
 314.000000	2.5642473245633064	120.0194439596375560
 315.000000	2.6060782461056036	127.1852216481421749
 316.000000	5.2958945843215499	96.5152515143051204
 317.000000	4.8840289646642079	106.5621112458273103
 318.000000	3.0278779006615277	34.1025315950508343
 319.000000	2.9034936492796626	25.6841843203924327
 320.000000	2.7110931265704403	121.6085960507250547
 321.000000	4.4115105297582549	27.2728833581780066
 322.000000	4.4522384843657150	117.0852837702954048
 323.000000	2.7675360631223227	31.7022126931765911
 324.000000	3.1286418747396416	110.3172646610198768
 325.000000	4.5819856226621871	137.0268058082446601
 326.000000	3.7258972534836516	45.7696941905723236
 327.000000	2.6643995767667983	18.9872966888929398
 328.000000	2.6652847249300509	128.7531384346080188
 329.000000	3.5436553356975868	94.4711475090490751
 330.000000	4.3407145198005237	33.6572870755641702
 331.000000	2.6755528352581686	122.0296148783638159
 332.000000	5.3600572835303621	6.0393859939773904
 333.000000	4.4122917200384624	40.5107412895146410
 334.000000	2.6300083769370937	134.3244373777075680
 335.000000	2.7478754728454295	33.3669078221550706
 336.000000	2.8484094834731195	143.1385655245811108
 337.000000	6.3683932979535838	162.3934834387372348
 338.000000	4.7735238769900059	21.7827973638917456
 339.000000	2.7077347537782819	115.3706547597072927
 340.000000	8.0125681585525541	65.6119097620484979
 341.000000	4.9561293000848075	124.6033018774225241
 342.000000	2.8847462371911532	24.1610602535797057
 343.000000	4.1035902390923580	156.8997713751679726
 344.000000	2.6488969502618747	123.4165990733507101
 345.000000	2.6236717670521443	129.7888536912006714
 346.000000	3.3223099274282100	104.4389410236833129
 347.000000	4.0616156181008796	28.2999350624934038
 348.000000	2.6721987812945684	12.9254147749775825
 349.000000	2.6990103971608685	15.4850724651329017
 350.000000	2.6497151578299096	115.2203540221916995
 351.000000	5.9350723552677938	119.7556841786759207
 352.000000	8.8396804297941376	139.5735350594585213
 353.000000	4.9377100326757128	82.8672805323268022
 354.000000	6.9557161843113331	11.2353260425417432
 355.000000	5.2495330999482741	57.5079502238217373
 356.000000	5.1908213051011574	118.9311288973464400
 357.000000	2.8216212007258847	125.5344970721640578
 358.000000	6.6352230999968667	14.3223105333714500
 359.000000	7.0872198592062716	102.4192016076250269
 360.000000	2.6383101642314051	8.7464940980623567
 361.000000	5.1699268978742339	106.8414593829001973
 362.000000	2.4558535019607137	138.3872949032155759
 363.000000	2.9937207248528410	58.5725524924364436
 364.000000	3.1250741316002153	142.4165698591086482
 365.000000	4.2975163327875414	32.6498354092847762
 366.000000	2.9790387864841321	101.3812680910369011
 367.000000	3.7722900481133692	126.6137472536456983
 368.000000	2.7830429457346000	110.4165950081077483
 369.000000	5.3928843969373848	45.2868374959761297
 370.000000	2.9049919139846891	106.2595876849980101
 371.000000	2.5373220061547923	121.5327646730873141
 372.000000	3.6367546875724006	133.2668577204337339
 373.000000	5.0553567275077027	108.9965600318764558
 374.000000	6.6219233106610309	106.3501836252890627
 375.000000	4.0470386343817619	24.8663747778268203
 376.000000	2.6819772595378675	115.8849251272949630
 377.000000	4.4047034471303768	119.2101443553562490
 378.000000	4.2265840979673337	107.5353848009467299
 379.000000	4.9707128835954810	134.8906939305349226
 380.000000	2.5966729981519334	144.3891648547076443
 381.000000	5.4315150697379657	128.0608790730246938
 382.000000	7.0934249719146889	156.4033898843579209
 383.000000	4.5148364117625608	120.0001143884082069
 384.000000	5.5949410666272259	160.2321881090955173
 385.000000	2.9648463779635250	110.7714224425769061
 386.000000	4.7125802709544109	126.8886406133784419
 387.000000	2.6210967386096620	21.6837392982751282
 388.000000	2.6651592499447050	130.0566412612318175
 389.000000	2.9152019412646024	44.9182086229714344
 390.000000	4.9805304381090538	6.3219963899406082
 391.000000	2.6490061360399451	135.5086813549638123
 392.000000	4.5723450439909481	103.8580915525330681
 393.000000	2.6354126690612567	13.0870282673864438
 394.000000	2.8159467702269829	127.0378766740429057
 395.000000	5.8754121915165864	48.0313770399233420
 396.000000	2.6883846712120603	134.2308560615429087
 397.000000	3.0140325675130208	143.9159243937539543
 398.000000	4.9205019831221115	138.6787711368528733
 399.000000	3.6340839866527999	32.1862687749704151
 400.000000	2.7135079946075229	12.1404072477916429
 401.000000	4.5815345160934537	120.2778931998487906
 402.000000	2.5894476482641835	14.7287039256822823
 403.000000	2.7646602229195931	121.0927649229969205
 404.000000	4.7863551364626513	125.2459869788629021
 405.000000	2.6167663557725849	20.3149926643993126
 406.000000	2.7055315740801134	116.4954983389164340
 407.000000	2.6781856269059277	30.5580766929512890
 408.000000	4.0052552635626331	96.1975455438046509
 409.000000	2.6094285610956116	124.6356961241779544
 410.000000	2.7941290106103827	124.1893745985077544
 411.000000	4.7288106737049231	137.5887659597056540
 412.000000	2.7155070379538655	128.1458776867925735
 413.000000	2.7528353268789449	20.7934942712855957
 414.000000	4.5824066014115683	121.5898852410752511
 415.000000	3.7059829388294627	32.3749338464617153
 416.000000	4.3221726094250039	23.7211541157630563
 417.000000	4.9119010045555243	108.1983831163920513
 418.000000	4.6634253623209911	115.1626397822003867
 419.000000	4.7443034820649599	111.1912206752830627
 420.000000	2.7778748485410230	103.5617585762162776
 421.000000	4.4255498212112538	128.6711668969583116
 422.000000	2.8826759730759655	121.7383633043958469
 423.000000	2.4965806472878773	131.6911991097889256
 424.000000	2.6557840819652805	126.3960506855519554
 425.000000	2.6805311689051270	13.0578625185651731
 426.000000	4.2538661603073624	25.8417447377532596
 427.000000	3.1015188031841299	120.4225235537925585
 428.000000	2.6360068859915491	113.4932941988684973
 429.000000	2.6060497780488117	121.1635589320536894
 430.000000	2.8563716400122177	122.0987124924936893
 431.000000	2.6589263895217137	136.9605523565213048
 432.000000	3.8598392754310571	98.0615375273507937
 433.000000	4.7236666695721024	17.1036028783863685
 434.000000	2.7778253039032204	129.0135432014327534
 435.000000	2.8139956188965325	126.9776555755716458
 436.000000	4.6961325147379229	118.0966170730039835
 437.000000	2.9626319533028762	93.6788761149665277
 438.000000	2.7073825049637059	133.6528033026022797
 439.000000	4.5135882329550201	12.5972680860797936
 440.000000	4.3377294703712526	24.6165434101741880
 441.000000	2.7448058443693513	11.4535552608372768
 442.000000	4.7097029121350609	103.1812909930873587
 443.000000	4.7111722624879766	111.4915377567743491
 444.000000	3.6122751804145086	42.6422118671632120
 445.000000	7.2295474671944566	113.4088114524068232
 446.000000	2.8532257322571732	131.4223683876487030
 447.000000	3.2681097642432464	103.6847097602081504
 448.000000	4.4988445901005862	127.4821127225268071
 449.000000	4.6543832732458057	105.3620188359947178
 450.000000	2.6596976582527230	35.0805635067253831
 451.000000	3.4594069321250722	89.3781795453223395
 452.000000	4.9737818706998889	110.7879426274269008
 453.000000	4.6354198494015675	106.3253936205414192
 454.000000	4.6512589844284156	100.1846742172570686
 455.000000	2.8737223374598977	124.4457510728704221
 456.000000	2.6942770275469736	123.9361739657587691
 457.000000	4.4173425758709630	122.5408277060935092
 458.000000	6.6511767768644061	93.7197670001335155
 459.000000	6.5628507997182073	126.1092682408508097
 460.000000	3.0604463079498254	121.7703744385622286
 461.000000	6.6694672821992889	93.8339623113493531
 462.000000	8.6179141007837412	56.2541891118013950
 463.000000	8.4847522940836786	103.3781336540440776
 464.000000	2.7950449381909399	9.1543236525517955
 465.000000	2.6640770122774220	133.1627520542270986
 466.000000	5.4976233723824564	66.4937425742988211
 467.000000	6.5454152423061380	109.4519806251524869
 468.000000	2.8551451644119896	16.1716994696412257
 469.000000	3.7868175873673571	99.0548511228160606
 470.000000	4.9392723883713616	118.4445589767654639
 471.000000	2.5438609447361991	120.1604352219012952
 472.000000	4.4574827457679271	65.5179862579107066
 473.000000	2.6349057474948632	20.1685033910843856
 474.000000	5.2511761615432571	31.3714155350785404
 475.000000	2.6581969336294273	33.8084349191150011
 476.000000	4.4151291827488244	128.4574758638537446
 477.000000	4.8789925123552145	129.8679401713457651
 478.000000	3.9808107430608355	47.6041564038706042
 479.000000	4.4893686647884650	123.7136427827599050
 480.000000	4.1303757063381026	88.3762759644046838
 481.000000	2.5835692916645070	121.1674280185189048
 482.000000	4.3344002895376477	137.1195816243809986
 483.000000	3.1138080476165397	122.7999961436622414
 484.000000	2.8994158107509822	65.3178446338065157
 485.000000	3.6557700713040453	127.1642081981443511
 486.000000	4.3723128393569848	122.9667968635854720
 487.000000	2.8625470720756740	125.9451954788983130
 488.000000	2.7871344279006247	111.1186881353394398
 489.000000	2.8091247149775351	126.0782191219284698
 490.000000	3.0029109367342715	55.5905965670800413
 491.000000	4.8878897867200140	108.5926893328228573
 492.000000	4.8788723216813317	158.9307967020473313
 493.000000	5.1241688292950016	63.0954920911261041
 494.000000	4.5322192351057238	38.8034978954229075
 495.000000	2.7961447819327518	119.0310459647793522
 496.000000	2.7490396850058794	10.0131223166849566
 497.000000	4.5680317623914837	95.2966194610028765
 498.000000	2.7336545933292631	135.7851316818314444
 499.000000	2.6707542167521177	119.7542497113209379
 500.000000	2.6810854117296157	116.7068398452230724
 501.000000	4.3071231564048089	43.2841740941159401
 502.000000	7.2663147353619744	5.3349624943118386
 503.000000	2.6461041133458694	24.6213775126145720
 504.000000	2.6292328595031140	117.0208789639330007
 505.000000	4.3682708051164125	21.8807194390981010
 506.000000	2.8704407248206003	131.3689978597975028
 507.000000	4.7139877986259906	8.6687714145365646
 508.000000	4.0766845038630528	12.3255442488840288
 509.000000	2.7986573124127014	127.9358504409246677
 510.000000	4.4598082590459125	103.4423512418904352
 511.000000	2.7284818816211529	144.6902250951186204
 512.000000	3.0325555779064777	14.3973419056851810
 513.000000	6.8027889056423305	117.3617850373195211
 514.000000	4.7849425746408709	118.4555593530551221
 515.000000	4.6255834762529755	105.9428131018157870
 516.000000	2.7462532319911568	133.2077002431897483
 517.000000	2.8105989938042217	124.3182275730308959
 518.000000	4.4501512005659194	99.6980947072126185
 519.000000	2.6899662490691063	109.9909565113271412
 520.000000	4.6546489671031761	21.9155009791486464
 521.000000	2.7170406617843250	15.9046507006629270
 522.000000	2.6206811719814929	116.6824614262826856
 523.000000	4.7749499769830974	119.2009444600685129
 524.000000	2.9168295393059434	133.7530721727159744
 525.000000	3.8194801287067781	117.2254579041412228
 526.000000	2.7195347747595222	20.6397986345421316
 527.000000	3.3397969781081680	124.1584515751203242
 528.000000	3.6901499830851026	46.8844830802755723
 529.000000	2.8473768724693804	137.4114396257020303
 530.000000	2.5678317200325611	14.5071241101495332
 531.000000	2.6717687135517072	12.8059845315420660
 532.000000	6.6659478878750758	93.2928481928934303
 533.000000	4.9340506450326895	109.2582043598749095
 534.000000	4.5116929173959663	121.4010906055897578
 535.000000	2.8614893374799757	112.3873236539350415
 536.000000	4.3388443057139110	104.7388756559150238
 537.000000	2.7108409750202465	119.7941412562666983
 538.000000	7.0602382292707020	63.2886203450625402
 539.000000	4.9233233017670095	93.6253463337144751
 540.000000	6.1279528363689311	68.8025683896572389
 541.000000	2.7418369951538861	15.9169416685716101
 542.000000	2.6038048228347326	114.9056589577412382
 543.000000	6.9797491873737911	60.1047092155152711
 544.000000	6.5517017923192107	95.9208129014729423
 545.000000	2.7413044106151072	18.3181916454003613
 546.000000	5.0429280869773478	155.6411320803274521
 547.000000	4.1709509046792830	14.5800819450742551
 548.000000	2.6761813021775227	33.7190802423199898
 549.000000	2.6528275591596779	122.5862026454219915
 550.000000	4.8850845777722078	123.7817539452521487
 551.000000	4.7874023288038678	122.1929057392155045
 552.000000	4.7960870846463157	118.3393605131291793
 553.000000	2.7842516478524799	23.4664746373585160
 554.000000	5.0488248414909540	118.0128812507991825
 555.000000	2.8327766362594691	108.0722396310755755
 556.000000	6.3240105092731245	60.0115625505973185
 557.000000	5.9725789890876095	122.4930725773049289
 558.000000	6.7778413903986969	95.7413946420288227
 559.000000	7.3261910624991806	21.1797073708280550
 560.000000	2.6971928658222999	133.0250724498083628
 561.000000	5.8815724948365498	80.5599286778791139
 562.000000	4.7141755416708317	35.6959848584059785
 563.000000	2.5746604920536011	127.7693121840027288
 564.000000	2.9856175145222399	65.7641062708835165
 565.000000	2.7278649116297817	124.8762179060569508
 566.000000	2.5468182809408808	116.2462106933308519
 567.000000	2.6498557928192059	119.1905031292754131
 568.000000	2.6030773171228327	16.2626208900104245
 569.000000	2.6616529011484884	122.0099079415478798
 570.000000	4.5063558337250385	123.4079492668728193
 571.000000	2.6062746718219092	106.6074853067882344
 572.000000	4.2543955631877814	32.6422835706645458
 573.000000	2.9875793178859600	15.2798315045656352
 574.000000	4.8001148825452526	102.4343505330852366
 575.000000	2.7480969309891981	26.1091940612989788
 576.000000	2.5936131874261537	131.5083176452809823
 577.000000	2.6603765521992626	106.7639073918082318
 578.000000	7.3771641624576620	92.6387280512662699
 579.000000	2.6297136673371928	130.7150552596577313
 580.000000	4.6698954822096432	121.6988040623892431
 581.000000	2.7353562965279163	109.7686248869275545
 582.000000	5.8868428227467318	174.3874705910652381
 583.000000	4.7662834254730138	114.8205308501826352
 584.000000	4.0558739230660050	122.9388916850449078
 585.000000	4.7512577506126048	104.4465220229114806
 586.000000	2.6704878751407684	8.2145419883902946
 587.000000	2.6876859983810300	17.7571289810007045
 588.000000	2.7111479642209391	118.9541787608360153
 589.000000	4.7797613685842215	12.0728565854145984
 590.000000	4.6877748432546111	103.5840625238615047
 591.000000	4.2709600895052411	36.2998470449847730
 592.000000	8.5204034175037009	123.1862692922529305
 593.000000	3.3679918463283611	114.0348838216606282
 594.000000	4.4671297641374741	109.9231227747042681
 595.000000	2.7491341000093930	129.9186243649363064
 596.000000	4.1885503861652458	109.4222238786336163
 597.000000	2.7333750137997255	123.3187036802871575
 598.000000	2.9724276566055994	118.4550778753238092
 599.000000	4.6444065514065738	104.3859149155509414
 600.000000	3.3006399654414484	71.8302288787419059
 601.000000	4.2116262581505577	21.4394401754953492
 602.000000	2.8330474624512743	118.4681460874265042
 603.000000	2.6485453548618896	129.2505260033708225
 604.000000	2.6349546834578010	8.5882033240143016
 605.000000	4.5405813153813916	32.1909678736778631
 606.000000	4.5659169846039696	98.4436467851248409
 607.000000	2.6651831921154985	126.3560167783320196
 608.000000	2.6339298826682622	137.2124256376890798
 609.000000	2.9665127495999419	50.0023662298153795
 610.000000	2.6840437773219712	124.8798183256046883
 611.000000	2.6883502136028490	27.5824334782871858
 612.000000	3.0379101324615938	114.3415634635532001
 613.000000	4.5672919185557896	103.3185718618101987
 614.000000	2.7046864333791802	19.5255526785798281
 615.000000	3.2828040143439958	59.0789087808142170
 616.000000	4.5070895554944954	96.1562886884010766
 617.000000	4.1861833105726154	112.8668239402598488
 618.000000	4.1715246773813028	133.8681700303652633
 619.000000	2.5793762332557768	30.2441512722232915
 620.000000	5.8307908533818189	94.4356550830962078
 621.000000	2.9348798696848286	7.7130547995742518
 622.000000	2.7314069218237491	129.8831624535381195
 623.000000	2.9413772952148882	142.4557973034207805
 624.000000	2.6668411380747461	147.4061325913631038
 625.000000	2.7512961276804870	123.6935367108760602
 626.000000	6.2702169241616970	41.3947683254469609
 627.000000	2.7008726418596813	122.4373049762302799
 628.000000	2.7444535453079313	40.1409466329291149
 629.000000	2.6697831644099415	127.8037040758106855
 630.000000	2.7051027951881128	129.5788383631349063
 631.000000	4.8735157894603809	24.4501832390077141
 632.000000	2.5929423865000674	128.8054737008117456
 633.000000	2.6499586313241537	116.5093229648298916
 634.000000	4.4113077741866578	32.5095691660589807
 635.000000	6.1701190076253933	169.3688855124289319
 636.000000	4.4044422041378741	138.1401167429217480
 637.000000	2.5895327686465066	10.0741422069102384
 638.000000	2.6083033629125301	125.8070470392251110
 639.000000	3.3129919815708258	24.5853329383296852
 640.000000	3.2850164471127448	116.3544719992943328
 641.000000	4.7312361933634524	14.7604040898815185
 642.000000	4.3246182421683104	109.9031224250384895
 643.000000	4.3357739276271099	31.6183504499236108
 644.000000	4.9653936103329475	154.0463886484935188
 645.000000	4.8339558962322631	32.3596446592729592
 646.000000	2.6534781332282416	18.3001198899486894
 647.000000	4.8072137940132968	20.7029578850057874
 648.000000	4.8939968508188398	150.9191369804078136
 649.000000	2.9140398490414752	48.0295457830520149
 650.000000	4.9145074014691135	91.2414952098312142
 651.000000	4.1634609827462725	105.2810033076045784
 652.000000	2.6684069158218842	15.1863651277892870
 653.000000	2.6516825641688748	121.5357557096921539
 654.000000	4.1802452286096745	99.0891389633574562
 655.000000	2.6882619063280795	127.8296413097835824
 656.000000	2.6181396481091266	5.2422072367120620
 657.000000	2.8424293088444279	39.3691565331404831
 658.000000	5.4511836964761793	73.8793934240697894
 659.000000	4.7362653351261272	128.9675336063149302
 660.000000	4.1807389980159293	37.3172731844493342
 661.000000	4.2471385443386040	119.6430173371815613
 662.000000	3.8332139096956110	38.0047475839407127
 663.000000	6.4919592189737321	62.6061318235982611
 664.000000	6.3446881077397883	101.1128499500418059
 665.000000	4.5202578271734346	48.3871063198514264
 666.000000	4.7606218369907296	16.6294488372579394
 667.000000	5.7052772807020240	74.7360274288357260
 668.000000	4.7984989120410075	115.8436242416029813
 669.000000	4.5035263700538772	28.7162553272221430
 670.000000	4.7771846887467682	26.7175392252211168
 671.000000	2.7706751709539250	129.0481584375032185
 672.000000	2.6441773283031464	129.4738267392558271
 673.000000	3.6993118401281313	132.5683281845074077
 674.000000	2.7984441948104033	115.5975557674469769
 675.000000	6.8668155302469698	155.9149200474313091
 676.000000	3.7081750238035722	40.1008395435597151
 677.000000	6.0938634902565889	123.8628458892503374
 678.000000	5.9212375191569935	88.1430980535751445
 679.000000	4.2551400023692105	38.6556299185961336
 680.000000	4.7820172428413441	110.3890086590443076
 681.000000	4.4472676865607763	32.0576096085681570
 682.000000	2.6354817511721791	134.4841651108061455
 683.000000	2.8049369680639211	129.2077778388057823
 684.000000	3.1170281828930024	30.7818278464412742
 685.000000	2.8544050313683855	13.8355251909892161
 686.000000	2.6847094557746614	26.8149825922007778
 687.000000	4.9697071641387707	111.3040001496638922
 688.000000	7.7166656082432850	35.3281166138731635
 689.000000	2.6657453489127549	14.1636570440577145
 690.000000	4.9653553419701799	111.2891686104010631
 691.000000	2.6071485681839865	126.9477338888625439
 692.000000	2.6726783092427184	116.3194216116850157
 693.000000	4.6728738283260567	21.0242871470250350
 694.000000	2.7942418750875917	132.3222888362153640
 695.000000	4.5142420559111098	113.9313475090817604
 696.000000	4.3699596099978377	106.7819285234428577
 697.000000	2.6518869048555915	19.4766358814794955
 698.000000	2.6935008717968114	118.9059148813475701
 699.000000	8.3494157957029707	12.0720655053954147
 700.000000	4.1177492610796813	99.6449725544260616
 701.000000	2.6318511826907951	135.1031629147682622
 702.000000	4.1049388039174408	17.7315029781453291
 703.000000	5.6852783642949376	114.4005636647068371
 704.000000	4.6308841223865240	90.9795854246576710
 705.000000	4.5493167193155175	26.5443847540282434
 706.000000	4.0166853750729636	99.6857523281631615
 707.000000	5.9708862814541268	97.6189604642995761
 708.000000	4.9026660959259658	4.9017594383393543
 709.000000	2.6760997522461731	17.7063248195373149
 710.000000	4.3032923437487147	23.0542244502167648
 711.000000	4.7811639656879548	106.7757178358007621
 712.000000	5.5383577627218568	22.6174473817301873
 713.000000	3.9596804117292694	99.2360272605086919
 714.000000	2.8315784300236890	118.9186665688078932
 715.000000	2.7938695351549216	127.1618624578431422
 716.000000	2.6705068057511823	130.7196988960722592
 717.000000	4.5621089978663187	116.8055944388514433
 718.000000	4.4459837182390496	19.9864556279409555
 719.000000	2.6049477523985525	8.1023391351365888
 720.000000	4.0564459133107000	110.2436074800261849
 721.000000	2.8510136338026753	124.7112669239211300
 722.000000	2.7121142078690705	131.9320333020669409
 723.000000	6.0543920394093265	46.8470563847616290
 724.000000	4.3824265961730742	24.8746123301601472
 725.000000	2.6346076272092094	11.5594309051085986
 726.000000	2.6702912747152907	133.6222452974618591
 727.000000	2.6401529931214043	8.1790968834205557
 728.000000	2.7885073546775341	27.6714042193658258
 729.000000	7.0110011003571922	137.5482041559848199
 730.000000	2.6484453122525924	128.5810763615331211
 731.000000	3.8512617746538140	135.0097300019426427
 732.000000	2.6347869983176500	0.2692681041923208
 733.000000	4.0908715864909535	111.5601937062582891
 734.000000	2.7130946754394265	9.3390413327985300
 735.000000	2.6396669244150841	118.0849488643658134
 736.000000	4.1800706876149913	34.8054179369542851
 737.000000	4.6809937828178709	113.2961463481488806
 738.000000	4.7170374331356859	118.5406724465462531
 739.000000	5.6958787953309544	94.8603181006271399
 740.000000	2.6995129037583712	124.8204972295607860
 741.000000	2.6200353701925216	23.0544100128973639
 742.000000	4.9432480143271960	12.1492271102046061
 743.000000	6.4927909844875051	40.5291380141317461
 744.000000	4.4586424591567209	24.5157531710841852
 745.000000	4.5933937015953710	114.4522840408178581
 746.000000	5.6633266825799300	46.7045039711731533
 747.000000	4.2465348709739388	100.7509042784901823
 748.000000	2.5651416419615760	129.6349931171687331
 749.000000	2.7274856479357266	109.7902018866867309
 750.000000	4.5287745165394311	106.5480606197750149
 751.000000	4.7142488388230452	121.6509612728207514
 752.000000	2.6763136382393955	124.1931055131038448
 753.000000	4.8612056317048706	122.4254858539829058
 754.000000	4.9842172262241249	100.9160967130521129
 755.000000	2.6929855007013841	126.7237930847947212
 756.000000	2.5174396437249964	126.0039339396617777
 757.000000	4.6681266430672776	104.2857773527223486
 758.000000	7.5832264010251915	33.4592336087147828
 759.000000	4.8353329003616752	7.9456705191916512
 760.000000	4.1214188624186345	109.7791195258687225
 761.000000	2.7511985664201624	124.6500413477640166
 762.000000	2.5548729625879414	8.8065921785299111
 763.000000	2.6002780142828690	122.3667327799219180
 764.000000	4.7700416908501042	18.2817197643922214
 765.000000	5.4063315556916551	72.1870475402120775
 766.000000	4.6544781206133745	50.7527838946329553
 767.000000	6.6719936397923352	29.8661055183724216
 768.000000	2.7276455011875380	11.6578747296724430
 769.000000	2.6587473181391532	24.4750349415070332
 770.000000	2.7774038058034956	126.8696805660074460
 771.000000	4.7811408035810166	110.5707920177273138
 772.000000	2.8422896257302388	115.8666877787133984
 773.000000	5.0133164268658916	124.2036266593304674
 774.000000	2.8268138268505631	130.3443912700781198
 775.000000	3.0276986360698599	48.8694555716827210
 776.000000	4.4902992775322321	43.0310708474928560
 777.000000	2.8634263346318209	138.3741612595381980
 778.000000	2.5895773452481214	137.5542363675502315
 779.000000	2.5753063899410176	9.5690271038540970
 780.000000	4.4132535033060281	17.0656083119562823
 781.000000	3.8323039507432206	70.3261336772542762
 782.000000	3.0312191964045385	129.3971962355802532
 783.000000	4.7142180171482169	92.5717623319307563
 784.000000	4.1350024913343928	125.1993585714461972
 785.000000	2.8002096127969351	115.7717376806343310
 786.000000	2.7763908956494041	110.7574969559273086
 787.000000	4.5902292761451484	145.6136830727443225
 788.000000	3.8605756675086118	92.8272708912488866
 789.000000	2.7114272520180935	126.4666358075298547
 790.000000	2.6518320400728914	131.5089877476652305
 791.000000	3.6258339558665100	46.5939157163926154
 792.000000	4.5396386234878392	32.4223369446043250
 793.000000	4.7869272479554272	26.8124769149422377
 794.000000	2.6446250341160780	10.9375514439165045
 795.000000	2.6746329518518492	1.5724965450978914
 796.000000	4.9864056546676432	103.9164316532017409
 797.000000	4.4764032730288843	114.5845429055179636
 798.000000	4.8307253071989402	119.1391731350827712
 799.000000	2.6236388592858777	141.5970357757695695
 800.000000	3.0431251712378922	40.0445757668329065
 801.000000	4.5176619732399175	21.9919717259593597
 802.000000	2.5751518292596693	127.9664443215056622
 803.000000	7.1208851787408465	4.4633825793232518
 804.000000	4.4289006161734292	128.6098531353790406
 805.000000	5.1655555853598374	161.6021737538861771
 806.000000	5.1647373544457889	125.5749845252859842
 807.000000	3.9133846832477031	92.1806831787104102
 808.000000	6.8043782438590075	108.1442143183852664
 809.000000	4.3390248754727807	105.1934132070001198
 810.000000	4.0210349669622882	102.8095409892132466
 811.000000	4.6832548948897141	13.6973503253157389
 812.000000	4.6637250764105387	120.3079313497607643
 813.000000	2.6202003518614858	133.0373884149933872
 814.000000	3.6900137944207509	44.8842435597777012
 815.000000	5.4210255669437792	22.1319844902556042
 816.000000	4.6033004487113223	115.5217453785782737
 817.000000	2.6603694173377894	18.3839496496630090
 818.000000	2.9442071636578273	135.6888684037471364
 819.000000	3.5143796707187716	107.3194982957836601
 820.000000	3.5915060105153400	56.6842656018072546
 821.000000	2.7042662490450242	139.1568700331232549
 822.000000	4.1472370654214190	115.4765835774580154
 823.000000	3.8516436906769598	66.0151630094278943
 824.000000	2.7069705750290938	116.1357053876310346
 825.000000	2.8559151337676005	22.8711312241472342
 826.000000	3.7180041218212700	23.7435923855438489
 827.000000	2.6826137531056178	136.3974432104605796
 828.000000	4.4138114427548150	29.7971732115117618
 829.000000	4.9041100547611753	38.1117308895939573
 830.000000	4.2870819461462766	133.0481874849078849
 831.000000	2.6941398263483332	117.4022965877404374
 832.000000	2.8806404261535623	97.8895358763440129
 833.000000	5.7084260052345455	81.4747568604886538
 834.000000	6.3458854963144606	45.7982187623823052
 835.000000	7.0741123291571002	29.6137400516356877
 836.000000	6.9833522627246918	31.0676997853607304
 837.000000	2.5157180117928952	20.7394324067262517
 838.000000	4.1608345458523308	97.0182297724073521
 839.000000	6.9219990060386332	30.2836431684065985
 840.000000	2.7586962195667839	139.0504171367227570
 841.000000	2.6837296187590707	130.3591912156342687
 842.000000	4.2535861399259627	26.1227094951005370
 843.000000	2.8310992238703117	140.2261795281402783
 844.000000	5.9240619692342280	79.1605317255230574
 845.000000	2.7228395921530644	127.6178391603198747
 846.000000	4.8914060566232473	96.5293124631443362
 847.000000	2.6440389401058648	11.4855081603077736
 848.000000	2.6373868992959513	11.9936476640384058
 849.000000	6.0436815632227860	104.8025550127164962
 850.000000	2.7175231107354287	123.5504328374838110
 851.000000	4.6032910379331575	36.8939512724734584
 852.000000	4.5681075467172372	109.2959053085217107
 853.000000	2.6573655260537663	10.5909366450327127
 854.000000	4.4573603148028607	136.0876085121371659
 855.000000	2.7294682830065167	114.6521915428757126
 856.000000	2.6761926178767341	134.7689990849834203
 857.000000	3.2252011589087157	115.6213966244616387
 858.000000	4.5386656528325640	52.0163554991238186
 859.000000	2.7141676478164389	142.5069008549950524
 860.000000	4.7574149548577340	27.9063253262235946
 861.000000	4.8118214609638992	117.3943872149416165
 862.000000	2.7491193541149448	41.6607700777446723
 863.000000	4.2484776292735358	129.3584487002059973
 864.000000	2.5802617791874298	125.4667616011922888
 865.000000	4.3054702158444647	107.0863232129803890
 866.000000	2.8777508161980343	115.9728748046137952
 867.000000	2.7576445253242614	15.4306723306986839
 868.000000	5.1065111266381651	168.7349735763693559
 869.000000	2.8006663890143244	136.8978681014554866
 870.000000	2.8902736260559276	11.4930177392239159
 871.000000	2.7112585892830690	123.8424670143692481
 872.000000	3.9457395984872661	134.7383368709167257
 873.000000	2.7387834039707855	144.3039585954633708
 874.000000	4.3148065297681581	160.8057038311215763
 875.000000	3.2270741047257725	126.4010306064365921
 876.000000	6.0747995895435949	136.0594101415323394
 877.000000	3.1543890145669971	55.0244412399319316
 878.000000	4.8312973280106606	120.6126210644991659
 879.000000	2.6582403925326394	122.9473593271530092
 880.000000	5.2130048791121570	29.1974699590457192
 881.000000	2.7713782481608167	19.4698995089504194
 882.000000	3.4182371095403821	119.6309419760456763
 883.000000	4.9184379326262784	96.3225291015625658
 884.000000	2.6913919489158813	136.2384265808379382
 885.000000	4.1589579096400353	108.6588074093642149
 886.000000	2.6527483974551980	124.5718863991561420
 887.000000	4.1495406969484741	39.6013921042186041
 888.000000	3.9803599143867907	28.2250540241649901
 889.000000	2.8128994333079600	124.0172440356398909
 890.000000	2.8415833656028626	131.2076428951245077
 891.000000	4.3196815100323427	89.4534076281916981
 892.000000	7.1718921359801122	107.5078105494831249
 893.000000	2.8873048482392032	92.0443914621416894
 894.000000	2.7508341700734484	115.5490272446202056
 895.000000	4.4764418181015868	101.5073874715960756
 896.000000	2.7192775647002998	17.7480875165376801
 897.000000	5.4490739651931746	112.2892060197685709
 898.000000	2.6623431892088991	23.9075657617073318
 899.000000	2.7577300303329952	125.2595727238219183
 900.000000	2.7535829039553317	34.1680182377428991
 901.000000	2.9206268476966373	121.0464585959456514
 902.000000	6.8339348116678140	133.2675698633885020
 903.000000	4.3307265978030847	15.6421840158538430
 904.000000	2.8871116891055553	127.2302370986167261
 905.000000	2.6246577869378052	132.0777780074904513
 906.000000	4.1624760948086932	99.1751140622497616
 907.000000	3.8068095506057191	37.8167875311638682
 908.000000	4.2403932472318475	99.7050076873685640
 909.000000	5.3038043811288462	126.3970394973567153
 910.000000	4.2051922397329395	91.4188055681154310
 911.000000	2.6628991053106956	140.0100571937284144
 912.000000	2.5341312987104576	121.2596351628113922
 913.000000	3.6122385683906844	146.6402160622943711
 914.000000	5.0904214845174147	58.5481349432546097
 915.000000	4.5897851336991353	96.0276557215772186
 916.000000	3.9351195455075425	110.6915261934303629
 917.000000	2.6921974250145202	24.4418125951115144
 918.000000	2.9605763247800891	132.6035110220204842
 919.000000	4.4784402706828761	116.9172978878431479
 920.000000	4.4199573422062439	101.8147402792957337
 921.000000	4.5194550868948369	107.5734355625526177
 922.000000	2.6974627452072606	128.4450955075988077
 923.000000	2.7837565142324672	17.8327706287511774
 924.000000	2.9373829310146604	131.5330101624219026
 925.000000	3.2670342674902746	58.3241747518064386
 926.000000	2.7178782784149091	34.3259826195865685
 927.000000	4.5316531971814182	114.2934092707661478
 928.000000	4.4201915123218019	98.5695162131594884
 929.000000	2.7223722688285776	8.7653147598688861
 930.000000	5.3293506052085107	57.1288429806966889
 931.000000	4.4550600745943605	112.5752930088382300
 932.000000	6.1444752050893472	87.3810406507284512
 933.000000	2.7229445732208828	138.7316120051189046
 934.000000	4.6164997243432868	10.2019379281732938
 935.000000	5.0832307544588637	4.1947260491493239
 936.000000	2.7133918572139430	125.9622800880100044
 937.000000	4.6520153934681892	95.9225329062752792
 938.000000	2.7484884915823629	137.7335099412754573
 939.000000	3.1275407263731223	103.1726770695871096
 940.000000	4.4548727478883929	31.8486526326561545
 941.000000	6.4404854332723991	41.5456816676009453
 942.000000	4.0471693680354379	117.4872185156350213
 943.000000	4.2924543136448605	100.6500533523463474
 944.000000	2.6680250808678196	134.0880132461712151
 945.000000	2.6318733676043955	130.9986743723356142
 946.000000	3.0480268889529221	38.8467598628295434
 947.000000	2.5803995464386893	11.3756696171670626
 948.000000	3.6119593089039106	169.8304094321370883
 949.000000	4.3254823238472548	31.0160400386444906
 950.000000	4.8445674715455365	120.1858452482063626
 951.000000	3.8495387852851120	116.8285423085651473
 952.000000	3.6581222422144228	97.9253517540301175
 953.000000	2.5730361825599006	119.6691249067630594
 954.000000	5.1082448576472208	114.5273732922330510
 955.000000	4.8850060212046857	172.1628264881750283
 956.000000	4.2059129772702022	35.0457515395875134
 957.000000	4.6676424735032853	9.6797989723969522
 958.000000	5.5730709447225841	130.7435294693312926
 959.000000	2.6215094237593277	130.0434031333828102
 960.000000	4.8187393930732174	127.7930141439645126
 961.000000	5.8199661834779510	109.9881885641097057
 962.000000	4.9085966162239707	119.6936678833390175
 963.000000	3.7752393760389453	135.9909139180197144
 964.000000	2.7041989560554467	125.4137540158421302
 965.000000	4.6229119340061429	112.6370334552290302
 966.000000	6.2539705033141155	63.8738026426237155
 967.000000	2.7082348162471215	9.5021783209251112
 968.000000	2.6151197981975787	115.4824084355047944
 969.000000	5.3385662707025565	18.8380856991006738
 970.000000	7.1184849485672705	46.0026332897711825
 971.000000	5.2702794323986337	102.6907046341937786
 972.000000	2.6807739116828864	22.7618787829549660
 973.000000	3.3801887315504753	50.9639902653094055
 974.000000	4.6436038358515086	36.4041016166574423
 975.000000	4.1222798802231884	31.0379798516261758
 976.000000	3.2258795264554814	98.0959011364750921
 977.000000	4.7082273334606235	24.7752463188663796
 978.000000	4.8007971935127749	125.0234563336396292
 979.000000	2.6863666074260379	114.9579470364325289
 980.000000	4.7460758319713836	16.7940180696462278
 981.000000	2.6713386784104007	124.5790380293024526
 982.000000	2.7302401572073829	30.4772092671657333
 983.000000	6.2599986310845948	68.3320081729887221
 984.000000	5.0737551307313460	118.5258095871187720
 985.000000	4.8323531720476938	108.0823044092226866
 986.000000	4.6928687063914269	15.6447583265874073
 987.000000	4.9139163910114254	14.1228765663067577
 988.000000	4.9949521727838544	104.5202521696132294
 989.000000	2.6203969363909114	130.0438591342521875
 990.000000	2.6015754748048585	113.1020896316112783
 991.000000	4.7021795596288172	110.0988562608971648
 992.000000	2.7112596739378492	134.2193028133420682
 993.000000	2.7480547844504470	89.2805603770677010
 994.000000	2.7064479586879520	125.2488971148500241
 995.000000	2.8675336442313482	108.8707622317508026
 996.000000	4.7863262800360342	40.4760827950796056
 997.000000	5.5463420132329500	59.2973398171379671
 998.000000	2.6452318802999772	128.4550880189318036
 999.000000	6.4674461171192306	114.5261518749265690
 1000.000000	6.3746513414562687	78.9025483841481332
 1001.000000	4.5823178952962813	93.8375381172553915
 1002.000000	5.3660099223923847	68.5070939894132351
 1003.000000	4.4570091604548470	55.6027785994453438
 1004.000000	4.7481821953466303	103.5549328299044447
 1005.000000	6.9140367012318498	109.8223923577900365
 1006.000000	4.4233369161951686	37.6248754192076262
 1007.000000	5.3845164628117343	88.7951332158393285
 1008.000000	4.9605555409262374	16.6385967401009509
 1009.000000	6.0553083981968827	118.9046839004517437
 1010.000000	4.3338797046075035	94.1316839306274744
 1011.000000	6.7127045144876840	122.1343474934757865
 1012.000000	5.7103058718650468	63.4973284926843178
 1013.000000	5.2982381730611232	77.5096540738765896
 1014.000000	4.8969791083371108	21.9749841650686903
 1015.000000	2.6058629396297324	124.9123239093534607
 1016.000000	4.4292431927257505	115.2645507588502483
 1017.000000	3.9302791088828939	130.5532014099118783
 1018.000000	4.6422589203852356	116.3083204956679140
 1019.000000	4.4860784044673014	111.7917633208453907
 1020.000000	3.3462041182128384	81.8097938858089293
 1021.000000	2.5884310179983188	9.1958994081744549
 1022.000000	3.7425905965032236	112.8122437796921957
 1023.000000	2.6757496562987808	121.7886992820488103
 1024.000000	5.6098995654390889	90.7935435979700145
 1025.000000	2.6228062178079705	128.9435039781779437
 1026.000000	2.6598499712693036	14.1609522386902995
 1027.000000	4.4998532178408137	128.8135519905204092
 1028.000000	4.7081802534935360	110.7477026706874597
 1029.000000	2.5208635997964541	25.7085758795302866
 1030.000000	4.5849449585618656	109.7984876825672842
 1031.000000	2.7268504832604252	131.4140856334976490
 1032.000000	6.1648570499155531	130.1476031175331514
 1033.000000	3.2965556598338308	136.1424927764571464
 1034.000000	2.7503332318160068	123.6264073955333913
 1035.000000	4.5676143714656581	26.8895958692511385
 1036.000000	2.5715160244889481	0.4658634444768381
 1037.000000	2.7078036326868720	130.1884043778826765
 1038.000000	2.5622759105581658	121.1571826605764954
 1039.000000	2.6774077854997098	130.7249747645247453
 1040.000000	4.6356529354848801	121.3246164441901840
 1041.000000	2.9588400325814685	137.9236543433849249
 1042.000000	2.7107780023234009	124.0201465861010490
 1043.000000	2.7200810466758307	112.0112352044751560
 1044.000000	2.7059939877403494	126.0923234521377623
 1045.000000	2.6545976675859739	127.9532998544582370
 1046.000000	6.4929091982543161	49.9787047853151023
 1047.000000	2.7163542024631941	119.4203919711965511
 1048.000000	2.7129811394142780	4.8414684894609650
 1049.000000	4.6563966467939348	19.5749402866973128
 1050.000000	4.4937306858662094	108.5812157775403222
 1051.000000	2.7259516074874597	117.0359608221555732
 1052.000000	2.5527214446021991	16.6982819949203929
 1053.000000	3.4536043160399501	30.6192729182800463
 1054.000000	2.9593834500819418	150.1958817155781674
 1055.000000	2.9035673551901580	128.5639413731746572
 1056.000000	4.7151599496043231	101.1526861313787009
 1057.000000	2.4691904672157454	15.4640896881468848
 1058.000000	4.0977806284697138	119.5080510938398248
 1059.000000	2.6083000770748872	118.0493431233850714
 1060.000000	6.6419427799418207	43.7264677607021497
 1061.000000	4.7542826889275167	107.7532768627708748
 1062.000000	2.5604770972961335	118.3047483936869071
 1063.000000	2.8723518935050354	119.9647534112565097
 1064.000000	4.5528228255845766	111.3973701235334204
 1065.000000	4.2412381127310308	81.4802960473280109
 1066.000000	4.5182885243205630	19.5526741343315962
 1067.000000	2.6528278605349884	130.0665923401215309
 1068.000000	2.6823009562136502	24.7714397581495973
 1069.000000	2.5904840439285297	125.6826936232892251
 1070.000000	2.7420563887421365	33.3665531652260938
 1071.000000	4.8096250441661299	107.0043967262523523
 1072.000000	4.4413311367153883	133.7783267316514468
 1073.000000	2.7292249543662264	132.4318793714572848
 1074.000000	2.7205233592239959	130.2091378622730531
 1075.000000	2.7450955262482699	118.9261065793321848
 1076.000000	2.7564327084270910	126.1552706500305163
 1077.000000	4.1876043410132491	95.7319396343204261
 1078.000000	2.7512635750707291	144.2128655872609784
 1079.000000	4.4070365147500956	129.3839306554955328
 1080.000000	2.5556198350979287	124.6714281628166248
 1081.000000	6.0001566548902971	116.6903020135272868
 1082.000000	4.2279278420672268	146.9298470230620524
 1083.000000	4.7946524086400855	7.2782854076455408
 1084.000000	3.4366937447457269	129.7603047368998830
 1085.000000	2.5390354306914085	130.9496597924801335
 1086.000000	2.6405529313641649	18.7017945667819561
 1087.000000	4.3192884903524051	105.4449605162014620
 1088.000000	2.6384723833625672	124.0077084571127557
 1089.000000	5.2638001503415959	168.6622933854589519
 1090.000000	2.5785038969407061	129.1183025751738853
 1091.000000	4.3685145857826972	92.9254650541036398
 1092.000000	2.5902257541574132	16.1288396064271353
 1093.000000	2.6845348697768929	3.1198059056705176
 1094.000000	4.7021733106137917	15.9040636928285721
 1095.000000	2.8411711500141950	14.4497770297491002
 1096.000000	3.8648316505921754	135.8815785125004254
 1097.000000	3.7249217242439814	31.7420531068635228
 1098.000000	2.6639587343576920	124.8766974454459984
 1099.000000	4.8333383324873838	10.0763410932423199
 1100.000000	2.8240512548149779	12.7183400017161716
 1101.000000	4.0987947653360859	26.8700166061722712
 1102.000000	2.6296984726614454	112.4651149753839974
 1103.000000	5.2048471027766512	88.2323040366169806
 1104.000000	2.8673063468283644	109.4076622127563496
 1105.000000	4.5039911769947683	15.6906983187943467
 1106.000000	3.8738375809574159	115.5751205013006597
 1107.000000	2.7278415126733626	128.2945277961377144
 1108.000000	2.7093359483466655	14.7428689915348343
 1109.000000	2.5898148808971841	122.3479363620424749
 1110.000000	2.5955144955147667	17.2908002287070133
 1111.000000	3.0965350026757550	137.8647198341254523
 1112.000000	2.6743033785067216	109.8160149415490139
 1113.000000	4.3836000107860755	106.9370715988789016
 1114.000000	2.5416628718195948	128.4513732076512440
 1115.000000	4.6780824083227524	137.0029918477749789
 1116.000000	2.5087349603674176	132.8468433404315476
 1117.000000	2.7039536589412321	134.1389917763330288
 1118.000000	2.5704813703293468	11.8949974483853964
 1119.000000	2.6087814973012740	117.9742568726976515
 1120.000000	2.8259464310710887	128.2707873223843649
 1121.000000	2.8282603023557580	127.7615236201627908
 1122.000000	2.6727931593888883	112.1795859992348880
 1123.000000	3.4027476886691232	34.1661798100142278
 1124.000000	4.6874471272596354	139.6784953556657456
 1125.000000	4.5068728902497881	25.2036749133097828
 1126.000000	5.2844487105127920	158.3864826379572435
 1127.000000	2.6636657279843132	39.8611232368979529
 1128.000000	3.6301688233175402	132.3235744338376492
 1129.000000	2.7223522269221965	122.2925858949826079
 1130.000000	2.7042271779163571	3.0777292015167461
 1131.000000	4.5172051177752817	116.0884906989360559
 1132.000000	4.8496654248826960	120.7915641948655718
 1133.000000	2.7707808596211385	115.7104773864637366
 1134.000000	4.2498775583825621	41.8232906858800391
 1135.000000	4.0676105522846226	60.4812941616540201
 1136.000000	4.4414223358370402	109.7881337690364774
 1137.000000	2.8886770761031948	50.8645466780226911
 1138.000000	3.0991170691032779	47.8180805718325814
 1139.000000	2.9691748629196701	31.6416216443161886
 1140.000000	3.4544273796918303	144.6924143783135719
 1141.000000	2.7462235066508085	137.5651555793347711
 1142.000000	2.6539834137016745	11.8173255742949834
 1143.000000	2.5846923704945128	17.8932590925504940
 1144.000000	3.7715653991762927	121.1059405929206463
 1145.000000	2.7605026868122535	122.6350195477296836
 1146.000000	2.6701227470899860	122.1069572363845879
 1147.000000	2.7251075080550828	117.4826674266239479
 1148.000000	4.1342694906809996	128.9661764187035828
 1149.000000	3.4274406023336179	111.4252967297383208
 1150.000000	2.9402233707541208	127.9449631782736958
 1151.000000	2.8758825570881892	17.9114054645951057
 1152.000000	4.7502211121850904	10.6311899187442123
 1153.000000	4.4886201354525452	13.6127083172473533
 1154.000000	2.5912255951156751	19.3917770207766864
 1155.000000	2.6964331858114865	11.2183837878402812
 1156.000000	4.9164241461536022	111.2930261520296824
 1157.000000	4.7481474404796939	31.2017474638400927
 1158.000000	2.8699266605810498	128.5563006238295145
 1159.000000	4.0601158886608744	102.4667080438711082
 1160.000000	4.3476375789379782	22.2727170951815197
 1161.000000	4.4158081807108580	154.9356012975989358
 1162.000000	4.1479006609249058	35.4095413781016362
 1163.000000	2.7503147802756684	134.0084708881985023
 1164.000000	2.6313509216602062	132.1476210309108978
 1165.000000	4.9042333865539085	124.4239508620535588
 1166.000000	2.7758513988014597	126.3168878843867589
 1167.000000	4.6528358971423058	34.5397219506265571
 1168.000000	2.6440554028385552	125.4413827720498062
 1169.000000	4.2035997652311803	104.0548441892782989
 1170.000000	4.4556097001383481	83.5664578656856634
 1171.000000	4.7912389775819131	129.4405215832133251
 1172.000000	2.8798785963740379	131.1024418359873494
 1173.000000	4.8717985625459637	109.4006129918792283
 1174.000000	4.6488339007352595	19.0942200264719588
 1175.000000	4.5973039600127725	25.6722207156115019
 1176.000000	2.7467133653903839	7.3575822718021016
 1177.000000	4.4664790644208008	34.3734796323761032
 1178.000000	4.8190718133678470	108.2053901643650988
 1179.000000	5.5351049528162406	176.3667638280049914
 1180.000000	2.6168658520636106	12.2433508007997887
 1181.000000	2.6764976310565185	127.0480021289363037
 1182.000000	5.9373368039038477	70.7799608310751580
 1183.000000	4.6690177765514207	37.1787541064637992
 1184.000000	2.5953490235451406	33.9987650157956125
 1185.000000	2.7487298646307488	20.6423816133712705
 1186.000000	4.2111564914038535	124.0989735208700324
 1187.000000	4.8209474254483995	110.4922952280760740
 1188.000000	6.6817914367158586	99.8185179730166254
 1189.000000	2.6888102903212996	118.3598491897968614
 1190.000000	4.4424730312478227	130.2448455376506899
 1191.000000	4.3423413248080607	114.6451120870745939
 1192.000000	2.7150397195022316	127.6876600297501341
 1193.000000	4.7000803677902088	117.0425443296673080
 1194.000000	2.7572274418191554	41.7034835760426574
 1195.000000	4.2846214064302144	30.1866315003018428
 1196.000000	2.5938308410594746	140.0518261732612757
 1197.000000	4.1731627747223987	111.3856066255073927
 1198.000000	6.5623487093772388	42.1814686357081712
 1199.000000	2.6853500859988704	130.7687222958458335
 1200.000000	2.7108292107398047	118.2497904924794341
 1201.000000	2.5318540165099210	112.5961105805989035
 1202.000000	5.5561293499542028	150.3056108069802690
 1203.000000	5.2881840727355742	81.3305753892460643
 1204.000000	4.9207404596384228	18.6005112297687560
 1205.000000	4.8605403243470748	32.1627564809339503
 1206.000000	3.3417752091753639	137.9742721560673431
 1207.000000	3.9761266023226778	106.2121595579316846
 1208.000000	2.8915273370750194	130.6253803831026232
 1209.000000	3.5810750889911573	34.1828795413341879
 1210.000000	6.2661443128317682	99.3896200722613230
 1211.000000	3.0567444555613754	63.8413892628717008
 1212.000000	4.5137396161815735	112.2069448973361432
 1213.000000	5.6512060190462536	58.1866877553193973
 1214.000000	4.8378206247867972	95.2835761085452901
 1215.000000	3.9055973132490243	126.1492760602292549
 1216.000000	2.7632428527503281	134.8071646516715987
 1217.000000	4.5812773450717277	107.7365468051625044
 1218.000000	2.6874391709563357	8.8049515183496396
 1219.000000	4.2338992874999253	122.2037569264940799
 1220.000000	4.0556839867011201	120.2706476758564520
 1221.000000	4.3942655714347607	106.1741043997555778
 1222.000000	4.1694495270348346	114.2356085156267085
 1223.000000	2.7724135799442502	119.9413629928961029
 1224.000000	6.4855905857133642	110.0795256388078656
 1225.000000	2.6745217037612172	123.4172824674356548
 1226.000000	2.6813998317614578	128.3673619421021783
 1227.000000	4.1306493930610966	45.7927722544909841
 1228.000000	4.4123094395089124	110.9333217742904765
 1229.000000	2.6833214530561378	16.8789374329876125
 1230.000000	4.7403198464078340	35.8766934305411667
 1231.000000	2.5799289655456206	126.4489112438488689
 1232.000000	7.1171408766975421	66.7772249862212846
 1233.000000	2.6858302470177322	133.3964770031716398
 1234.000000	4.0917407692860044	133.7511083423804621
 1235.000000	3.9377283149673459	127.1377852191294267
 1236.000000	5.1555683251609929	81.5359661602824133
 1237.000000	5.0007917314989285	110.0817279454641664
 1238.000000	4.6894840096285284	25.7100505564261539
 1239.000000	5.1909328765985334	60.4931787438089259
 1240.000000	4.9313296012264924	145.3778461079190549
 1241.000000	6.2612035316698886	117.7725790125447816
 1242.000000	4.7804474857241699	104.2636074340675094
 1243.000000	4.4727167466805806	109.6035142045324875
 1244.000000	2.6387054859357053	107.1464755304381811
 1245.000000	2.7081427265909248	135.1242665679057495
 1246.000000	4.9866546332924093	12.8484317873270868
 1247.000000	2.6492103599238552	129.1576489259369396
 1248.000000	5.2868491765709908	118.9148042514113399
 1249.000000	2.8213084863533573	126.5684870790097278
 1250.000000	7.3290519658627131	104.9545126800013577
 1251.000000	4.8339317951140908	123.0173683832071561
 1252.000000	4.3060979807845259	118.0855370560918089
 1253.000000	2.6034024519560268	126.6664511713799470
 1254.000000	2.5799000383491406	126.7292444917965781
 1255.000000	2.6431314619295212	121.6568427626632456
 1256.000000	2.6429525522437278	120.3850490958859041
 1257.000000	4.9783405019609850	95.1870674625795630
 1258.000000	3.7136207834906880	127.4584257598558565
 1259.000000	2.9166188703258409	46.3307397222934298
 1260.000000	4.8012764856065120	32.3489310265831023
 1261.000000	3.0468609578780921	117.0262609693384377
 1262.000000	3.0789718917676847	90.3050775945806805
 1263.000000	2.5220172090777786	130.2347797259344020
 1264.000000	4.9133690626622144	74.3687735225611846
 1265.000000	2.7896251118247104	15.8396856559744776
 1266.000000	4.2110707366331779	31.4283087665544656
 1267.000000	2.9329097406653521	94.1924669113254964
 1268.000000	4.6892913868636859	97.8223641324187696
 1269.000000	2.7955331421805023	142.1661854829161200
 1270.000000	2.6965667423650408	7.1062655107411672
 1271.000000	4.4593056299893341	109.2233097188046713
 1272.000000	4.2667869800352527	31.1619947904147523
 1273.000000	4.8582508907803712	18.9139336961368087
 1274.000000	4.9191117148326837	8.1978436372024248
 1275.000000	4.9254469278759450	22.6294294686099988
 1276.000000	4.8932148527236503	119.1450929637254887
 1277.000000	4.6573235537466013	12.8292254247338917
 1278.000000	2.7161253279764814	121.1067488848514415
 1279.000000	4.6204100158453949	69.2888055745005431
 1280.000000	5.9788145146784410	82.9303724402862485
 1281.000000	2.6427138367930629	119.2657962427550018
 1282.000000	3.2869508344650833	40.1169482834993403
 1283.000000	3.0752256017079027	96.7451041222563219
 1284.000000	2.7119997964969773	41.9631320730156006
 1285.000000	4.9906329848283084	128.5794606113736336
 1286.000000	2.7745101218106201	21.2867365840368166
 1287.000000	4.5065932908204998	111.7169399166573243
 1288.000000	2.6413336347966365	120.0017995917635290
 1289.000000	2.6602333371576434	130.1745938770445434
 1290.000000	2.6915084169540933	26.2206525003826130
 1291.000000	3.9100033533136380	84.2939920804287937
 1292.000000	4.8120696062925763	20.5667564711753812
 1293.000000	4.5097749525654862	118.3584084239569734
 1294.000000	2.5095058453097030	129.8614979515027699
 1295.000000	4.7464880148062596	114.0374745499332079
 1296.000000	4.4940351002442478	21.0954785413392187
 1297.000000	2.5734534217429781	129.5701722995370062
 1298.000000	2.6925297682386296	112.0517805809884919
 1299.000000	2.7158985910462836	126.4836260081517025
 1300.000000	4.1251477051899528	28.6619265396379035
 1301.000000	2.6067746939271652	13.1641788522347269
 1302.000000	4.5708394478956897	127.0920683598835410
 1303.000000	2.8157054580025171	118.9275224963657251
 1304.000000	5.9109180521699649	86.4838979384240361
 1305.000000	4.7052640135156514	101.9094847297670015
 1306.000000	2.8153436438341948	119.7803627158960182
 1307.000000	4.7749620658484986	127.9573753454074847
 1308.000000	2.8802977965498480	129.3785436722309612
 1309.000000	4.7948990173502759	87.3703661716962046
 1310.000000	2.6235134787461161	13.9090670446267950
 1311.000000	4.8284861478540462	117.7542706353330004
 1312.000000	4.7856235972502885	120.0226434668758770
 1313.000000	3.8588731659970654	25.3449062741160844
 1314.000000	4.8422048881084878	128.0078098365682990
 1315.000000	2.8444712960926326	19.5162141363446437
 1316.000000	2.6073889853221091	120.9194286774062306
 1317.000000	2.6413941084891239	117.4566628148356244
 1318.000000	5.9022657363302811	126.0218184988670487
 1319.000000	4.3094777557581834	120.4188986516184627
 1320.000000	4.4500947637863089	115.9336879664361248
 1321.000000	4.4640890677170146	19.6041743814257359
 1322.000000	4.8349736024260519	123.3518000125913261
 1323.000000	2.7437520451976396	120.3355637137145777
 1324.000000	4.2992554660741344	133.4656856946603227
 1325.000000	5.1291557345691468	21.6721690428962575
 1326.000000	2.8545093753954007	30.1655955463412795
 1327.000000	4.5384892257341605	117.8095631436051463
 1328.000000	3.1338171995272961	98.7368235506271930
 1329.000000	2.8761468021180883	47.7895253996519500
 1330.000000	4.0329965109531605	138.8952672555768686
 1331.000000	4.8282217317803910	90.7984446576221416
 1332.000000	2.6401392345654204	50.5943430292579421
 1333.000000	2.6544432157092235	131.3589539797027328
 1334.000000	2.6731716256263369	7.0299438535566310
 1335.000000	2.7107952019530326	113.7708509311054570
 1336.000000	4.7608657240050016	100.4513151959120734
 1337.000000	4.7974774004288507	97.0090465174963015
 1338.000000	5.1623972127601707	12.6179682126803812
 1339.000000	4.4506479574995454	96.1265444426651356
 1340.000000	6.2407224885090447	115.2469961834538452
 1341.000000	4.8859564172154455	128.4693531310952608
 1342.000000	4.4632950961446447	150.5680768898471058
 1343.000000	2.6949327855959906	117.4547983119546473
 1344.000000	4.4723713356251018	101.7496907969331374
 1345.000000	2.6337316452593580	32.9934290102071941
 1346.000000	4.1650075440420302	99.8790455650091218
 1347.000000	4.7196416328239295	123.5982523460979650
 1348.000000	4.2269268673045168	98.3264240301551240
 1349.000000	6.3630176418131406	20.6995863601659096
 1350.000000	4.6764777146665288	116.8449037407892490
 1351.000000	3.7997119179429428	35.0222754498303743
 1352.000000	2.6969515214521498	31.2902511670783952
 1353.000000	4.4494426686448953	27.7819203834226585
 1354.000000	2.8678598504409685	130.9651939104356586
 1355.000000	4.4277147139541917	109.6350774402197317
 1356.000000	5.0364821225535783	125.0211407115637599
 1357.000000	2.6912871003412202	123.6811368632946539
 1358.000000	2.8616801700626668	121.1179820600249144
 1359.000000	2.6733226975616176	115.5582728124237804
 1360.000000	4.3421943710718205	140.6539815770978521
 1361.000000	5.1601869756580419	117.9516308848927508
 1362.000000	4.5194122819847946	120.3793659014644675
 1363.000000	4.4487595308799133	19.7618208591861730
 1364.000000	4.7467297757377818	109.6967193685796929
 1365.000000	4.4128646120717239	118.1092185069995253
 1366.000000	4.4801299358113083	124.0126877410676229
 1367.000000	4.3827696032337329	110.9611929453793664
 1368.000000	2.6810094593526022	114.1586853966113608
 1369.000000	5.5699355248067990	128.3005825494481655
 1370.000000	3.1770356624519542	104.1147738407480574
 1371.000000	4.6309851906298869	112.8854138342990865
 1372.000000	4.8890593368885584	120.8381122892647568
 1373.000000	2.8523024392598546	125.5119682446700153
 1374.000000	2.7650079111808532	11.2144189217277415
 1375.000000	2.6701422429182160	132.5532909176555734
 1376.000000	4.5809497781874171	134.6439372012686135
 1377.000000	4.9941914765409736	126.4559670811920853
 1378.000000	2.6130299570953364	139.0814877072138529
 1379.000000	6.5768993627905212	98.5806309296524574
 1380.000000	2.7493890714165521	128.6477993385123568
 1381.000000	2.6473085452409819	116.5547935532983672
 1382.000000	2.7267021535913254	18.6901264437153145
 1383.000000	2.6608559355581494	146.1879640771232687
 1384.000000	2.6536257258251545	14.5942616531241640
 1385.000000	2.6912098076632298	123.1301315475370757
 1386.000000	3.5748532440324645	53.9977772862980459
 1387.000000	5.2134135767744167	18.7111632506427554
 1388.000000	2.6820133824929897	129.3149876647482301
 1389.000000	3.5528140140023687	127.0694442494777832
 1390.000000	4.1847870629450457	115.1593710706371354
 1391.000000	5.1481112723087037	46.2306986410409593
 1392.000000	4.4869122751204076	101.2918509617641689
 1393.000000	4.6784287364297832	16.9205925513888360
 1394.000000	4.2956046265167371	85.7403479177959440
 1395.000000	2.7434753931941867	26.1611320989202341
 1396.000000	5.6223326499052009	98.4905467782909056
 1397.000000	2.5754950247061008	130.7623184723385634
 1398.000000	4.4319963312101391	112.2444179958825572
 1399.000000	2.6802437772581849	10.5680747051036406
 1400.000000	4.3100925928148053	100.1207418435584344
 1401.000000	3.0827387711799927	143.6718776675029119
 1402.000000	4.2520600137964566	30.1175729472074920
 1403.000000	4.7253244990703802	123.0002136036946467
 1404.000000	5.6482338857753627	114.7043699262156480
 1405.000000	4.6743797633620670	127.6533968665308691
 1406.000000	6.9487656970991605	123.2512405146789689
 1407.000000	2.6519217444901746	126.1562243138178303
 1408.000000	4.4885298245960437	89.0353639268033135
 1409.000000	2.6463864098766630	13.0667817303133802
 1410.000000	4.8174827647221727	128.4150167608283937
 1411.000000	2.7234518573927584	17.3857110397960639
 1412.000000	5.8579354583211067	118.3161527063875411
 1413.000000	5.6480201261857514	134.8587586167712118
 1414.000000	5.4344498948853159	121.9290951059423520
 1415.000000	6.4749616736581865	21.4853876459151536
 1416.000000	4.4988994356844607	42.5813598159924425
 1417.000000	5.8597681974569058	63.1301493262864568
 1418.000000	2.6119413159929961	129.1405792520151294
 1419.000000	2.6840652670809200	135.4522339782540143
 1420.000000	4.3470136744868935	39.4128775498336381
 1421.000000	2.8402300958759055	59.6584509486009438
 1422.000000	2.5934502263611701	126.4112611885551303
 1423.000000	2.6951088578809959	132.0249327287835968
 1424.000000	6.1018369885717227	16.4692586503919358
 1425.000000	3.0151453077145929	132.3610917265631599
 1426.000000	4.1691391556884412	111.1199222196054706
 1427.000000	2.5538132060825554	117.9099070052152456
 1428.000000	2.6351741304246135	120.4631650265039582
 1429.000000	5.2219777282725452	102.1627415900467781
 1430.000000	4.3572757167366758	106.8051653307243498
 1431.000000	4.6185347402174228	117.6217426584275927
 1432.000000	2.5526697005559575	127.8482872593486377
 1433.000000	2.5378284463254910	124.2629610811755327
 1434.000000	4.5723993555256861	124.9272281528242274
 1435.000000	4.9245931438074200	66.0944522404708579
 1436.000000	4.1675202828130997	126.7524967671385241
 1437.000000	4.6900231316744154	105.4199098861438699
 1438.000000	4.5018867942185796	18.9200956373264262
 1439.000000	2.6036324716422916	123.1983658716918058
 1440.000000	4.7354450587846015	120.8286596237502977
 1441.000000	4.8995488188796292	34.8531066199471411
 1442.000000	2.9226048227234611	123.5560960432397053
 1443.000000	4.1699443423681037	39.6442687190920822
 1444.000000	4.0718644069200707	116.7588209589357575
 1445.000000	4.1721879315209671	56.2438357301899430
 1446.000000	2.9173852591673382	33.6825369559389856
 1447.000000	6.4511341463236240	103.2380421228404117
 1448.000000	3.8969995649436808	142.2782842562028236
 1449.000000	4.7977857973367204	104.9285043493288327
 1450.000000	4.7065278324792867	103.7611829487322694
 1451.000000	4.5877279005228839	120.0472456515254152
 1452.000000	6.5803717290105226	8.6819573867558688
 1453.000000	2.6606300789528468	37.7679802937268221
 1454.000000	7.0629418509995725	26.7350527026912630
 1455.000000	2.7411658728462536	139.5635204804271154
 1456.000000	8.0097829627216441	105.4207565021069399
 1457.000000	2.8818924399950858	129.4393961295568829
 1458.000000	4.5712066415220214	44.5081826398755993
 1459.000000	2.7733099223849602	34.3021663701435955
 1460.000000	2.6135282762245722	129.3438913174901472
 1461.000000	4.4892515446886199	119.3149945412455963
 1462.000000	2.5285015583641539	136.1537833561016555
 1463.000000	3.6959212543183164	83.2887988941589015
 1464.000000	2.6532619911889648	121.9635797591606945
 1465.000000	4.4886358761991456	97.1370758600593973
 1466.000000	7.2205402105062779	103.8809889286434185
 1467.000000	2.8762556234996821	114.0594907868125176
 1468.000000	2.6036120288220514	128.7420410042222159
 1469.000000	2.7525708927155144	36.8589731848012150
 1470.000000	4.8713617729916265	121.8413616568740565
 1471.000000	4.5122190857641549	105.7829117760975777
 1472.000000	5.1262610290459794	44.4345142339631138
 1473.000000	3.9888554331424770	112.3180077875981340
 1474.000000	3.9709325175963532	85.0516036483000590
 1475.000000	2.9325047436369367	37.6019741880968184
 1476.000000	2.6301109677959285	126.9572431835834152
 1477.000000	2.7128047868117591	134.1170163803345758
 1478.000000	2.6067087976173093	42.9545551876656759
 1479.000000	2.7719190267572138	126.9531236852090359
 1480.000000	2.7151289309111588	121.2955040399537836
 1481.000000	5.3199541571713640	7.9714824552756909
 1482.000000	5.7716095169676080	154.1357491185233926
 1483.000000	5.3830839431392565	170.2843729906296630
 1484.000000	4.9722151869812832	142.0501399778106020
 1485.000000	4.1581359600955334	62.6773849252183055
 1486.000000	2.8320391222840784	113.8491168690977702
 1487.000000	4.0919859538187735	32.8305715897440393
 1488.000000	2.6228728672602255	128.1739603309736424
 1489.000000	3.9885045985506227	120.2374865941236948
 1490.000000	4.0384453783500511	23.8524576026715067
 1491.000000	7.1782094442901609	42.9685534091846080
 1492.000000	2.6986020892250906	16.1452974559242364
 1493.000000	4.5151964925443417	88.2525986269464369
 1494.000000	4.5527821208928367	126.0811344257490276
 1495.000000	2.7837028642692676	118.2450977615742715
 1496.000000	2.5496898134508306	129.1538092113016205
 1497.000000	2.6784285876659171	131.3338004888343562
 1498.000000	4.6175369814337541	101.9062161107073337
 1499.000000	2.7622070210006773	119.0411824226838462
