 0.000000	21.9980887203580160	50.1638501030132602
 1.000000	25.8417492171303813	104.3362159368521134
 2.000000	26.0218371152488537	84.9433609615619645
 3.000000	23.6388811631893638	96.0726876703275536
 4.000000	24.9298381211244973	88.8713424792392459
 5.000000	25.0853334044856950	75.6723534914136025
 6.000000	22.8257165922811680	75.8680224230895135
 7.000000	23.8973852610990818	93.7728165364857347
 8.000000	16.9899687848711594	73.2640298123771601
 9.000000	18.1656852192640592	76.5762135234080716
 10.000000	19.9867854483621450	70.5817742628197351
 11.000000	22.3352270828473678	73.6834188183950545
 12.000000	21.5439303983890156	60.3529339108217329
 13.000000	19.7970349935628356	61.0995870349079695
 14.000000	25.3982037782681793	65.4427865794704928
 15.000000	22.1567158771575272	43.2276990722765788
 16.000000	19.2377480583217242	78.4217478098119329
 17.000000	18.8459932056461810	94.9665495482433357
 18.000000	18.8745512730401828	75.8185942729436562
 19.000000	17.9167349501159414	72.3462262612837179
 20.000000	17.4808318581680844	67.4540809382167907
 21.000000	18.1504488165846176	71.4606650559875192
 22.000000	18.1500101820461062	71.4795961038424679
 23.000000	16.7678307354949752	79.1932365492494483
 24.000000	18.1642266754968311	74.2191288963439746
 25.000000	18.6460654653867870	91.4628897790836106
 26.000000	17.6536728529354328	74.8624556399969379
 27.000000	23.9714929291128840	83.5062177746039964
 28.000000	28.0009436096005224	79.0518891205808671
 29.000000	24.9941908063011482	70.1611756374960862
 30.000000	24.8752003294602986	48.1309163505927415
 31.000000	27.6185979234125796	65.8988116497740606
 32.000000	26.8983991211558262	83.8863666836643631
 33.000000	23.7116589218967952	61.2657261111325226
 34.000000	24.6423561582841515	87.9010138385993827
 35.000000	22.9448311562913503	67.6447731411413002
 36.000000	20.9939056433615008	58.3217534338746191
 37.000000	25.9302198448160119	75.7934519994661287
 38.000000	25.4565066826460615	40.1913812013692677
 39.000000	25.7890559676709117	79.0741028098640300
 40.000000	22.4478969763261240	74.2788359888898384
 41.000000	24.2540236527090940	62.9408854450702222
 42.000000	24.9825375652426054	79.2549826300576257
 43.000000	23.9164088698396426	89.4724804737992514
 44.000000	22.4569453967825510	78.9989244322090798
 45.000000	25.5461842733888780	115.9679225656013983
 46.000000	25.1182453538751425	66.4549038229412474
 47.000000	22.8073236958709948	30.5102785345254404
 48.000000	24.1129804047780212	75.0133205764893631
 49.000000	24.4927742615912152	81.7517802465038130
 50.000000	25.6415070662683249	76.3444717148113057
 51.000000	21.8162807545566437	59.5103474988923864
 52.000000	25.8506231198821865	83.2460618550872908
 53.000000	22.9253661392609125	44.1491631642007860
 54.000000	22.9982404906081932	36.5046399195400966
 55.000000	21.0300242515147069	62.9728058195946119
 56.000000	20.0083337775978265	35.6318470250371604
 57.000000	23.7030118859121934	77.6157398148601629
 58.000000	19.6157428122615975	72.9528118036186157
 59.000000	23.7179130819281312	82.8053195354056299
 60.000000	22.9837245802475181	54.4176809081858437
 61.000000	26.0078691903244241	85.1354807843668482
 62.000000	19.0885637640251282	60.6973241186796173
 63.000000	17.5459619899815955	71.6608223697243005
 64.000000	18.0230027598692182	82.1580501341762357
 65.000000	17.7603885270362696	77.7499147735951510
 66.000000	18.9290534341377494	96.7676689178747580
 67.000000	19.0513698959883975	79.9358075334617979
 68.000000	19.1857152568287077	84.1525709163159803
 69.000000	18.2389176959862240	82.4405644924975292
 70.000000	18.1542125907486920	68.9921187044738957
 71.000000	18.0613162146877073	82.3206895412551773
 72.000000	18.9463142041037713	101.8801200497087081
 73.000000	19.8721479323228785	93.8681499926225200
 74.000000	20.4637421376708843	102.0828564402862355
 75.000000	29.8938447934193867	76.6760162875125815
 76.000000	31.7390027004897100	112.5654162643900520
 77.000000	27.7628932423748189	58.1554244241043108
 78.000000	29.2600172061059389	45.6820879283382055
 79.000000	23.6685596899678714	92.2612823019993584
 80.000000	29.4929979729165161	81.3723582226394342
 81.000000	20.0205139738901643	66.5867063604576970
 82.000000	24.0630699092553897	86.3274726020372185
 83.000000	29.8909645139161810	109.8329981305342216
 84.000000	26.9836014451294446	82.5795769199995817
 85.000000	18.4257274592510747	37.7686203791044477
 86.000000	20.7941067420749803	60.9232790892515510
 87.000000	23.6009186416778682	82.8450121805072399
 88.000000	27.3389722049142136	99.9654523448235750
 89.000000	27.7767741741452170	87.1332496734554667
 90.000000	26.7667833579834884	96.9169536048671034
 91.000000	26.0678509948771477	81.0498482970004517
 92.000000	29.0833093576453301	90.6532035168769283
 93.000000	26.2654394967883071	103.8382520461526184
 94.000000	26.5632655535295896	72.7538766035921753
 95.000000	22.7540763056163975	65.5619765890764512
 96.000000	21.7984402245755895	82.8006901850101968
 97.000000	24.4344616619370854	53.1758456598157494
 98.000000	20.9463139242918253	71.3420114562496792
 99.000000	24.4613535701410321	73.3523082364353343
 100.000000	21.2834091718940464	69.4659020199438118
 101.000000	30.3285752537452815	113.7579545359428153
 102.000000	29.9977005301991220	103.4289006831444908
 103.000000	20.1944416464907839	71.5065842978355732
 104.000000	21.3211491488008029	57.8959575139202940
 105.000000	19.7853058503360728	66.3422064939856000
 106.000000	22.1558756064178795	66.3278974134141777
 107.000000	22.3056032505000275	72.4703955746449822
 108.000000	23.7642450719683964	66.2987009411447588
 109.000000	24.1027924502310640	55.6280130024195927
 110.000000	22.9711706012662411	102.1555298170004562
 111.000000	27.0909317909554872	101.6543999606278561
 112.000000	28.9332859872818950	102.9379225569128948
 113.000000	29.1487983153170767	81.5485339631904509
 114.000000	28.9551342930198956	76.5916913368206878
 115.000000	24.8286961455205670	58.0879179380207660
 116.000000	27.5733172995161340	49.3430540890071541
 117.000000	25.6621981940937651	76.6004053227780872
 118.000000	25.9031426877450102	109.8320057804198058
 119.000000	19.5873334408680257	102.3929729128797419
 120.000000	20.2255417466931924	96.2357404777612970
 121.000000	26.9352532573275276	89.8826125223094294
 122.000000	20.7274440466798104	68.8036563797211187
 123.000000	27.7731937151510273	88.1278991457031822
 124.000000	20.3340906292725236	77.8843094210654812
 125.000000	22.1898663283758104	39.7964080832332456
 126.000000	27.9972845102598455	87.4340033919444437
 127.000000	27.6905858260169637	72.3707140778298310
 128.000000	26.6601141000426622	82.5912964176420132
 129.000000	28.6327687307258643	76.9568820514417524
 130.000000	26.8787050469939146	39.8703583783911597
 131.000000	29.0837957774971905	103.4234361047507207
 132.000000	26.1532079711403895	67.2930376114547641
 133.000000	26.3971569256187983	69.9334548210296987
 134.000000	22.9317955624549015	104.1628278681051114
 135.000000	25.9540146093053856	78.6223990637067658
 136.000000	26.8714224154732797	69.1092790678132616
 137.000000	27.0921705697827093	77.3249077637913160
 138.000000	30.7133367032353242	74.6365616503037899
 139.000000	29.4353890237166951	98.0830302192955656
 140.000000	26.9709457382396813	88.6119851902437432
 141.000000	27.0786567127846922	101.5808149462916816
 142.000000	25.8409544394849959	83.9489647883429626
 143.000000	27.3124515843888211	97.4339148501496624
 144.000000	28.1789821850618480	68.6308256684573337
 145.000000	30.7433415941155310	96.1903498259888323
 146.000000	27.2483809731826234	81.8158437343184630
 147.000000	28.6232992481241659	85.2611500121502957
 148.000000	22.6518544009999161	110.8963828924563160
 149.000000	25.5239616925549235	104.9001713109505971
 150.000000	29.2408816379931515	122.3467495148697139
 151.000000	22.4000824901216724	89.6543535254464103
 152.000000	26.0299927558644768	75.0829185784964039
 153.000000	23.1188910108851573	26.7104981144084945
 154.000000	16.7221737327316688	61.9212466891388829
 155.000000	29.2207955824528760	73.1394521195853144
 156.000000	25.0714063191617953	60.9426105059871048
 157.000000	24.9694697485501074	84.4513565042596497
 158.000000	25.3759216713913354	71.9249987399982729
 159.000000	27.5099201792960848	75.2614829933940399
 160.000000	23.9043720216384656	86.4554686582620491
 161.000000	25.3037674693812882	104.1455040706887445
 162.000000	25.6026676777342743	72.7955731329153082
 163.000000	26.7931022445504823	92.0103269407741067
 164.000000	29.3320163328595882	77.6907664098815900
 165.000000	26.2844056218893662	56.3010607874281703
 166.000000	23.4109288407322893	85.1923427847928849
 167.000000	24.6208130755700410	81.4761994015747035
 168.000000	14.9101423736567096	43.3632401692177325
 169.000000	27.2773900858077170	103.6388268048370662
 170.000000	26.2169237206591319	86.7401282098292512
 171.000000	26.5767163076951043	78.9287176545395255
 172.000000	30.2615891067584428	111.8938406545419753
 173.000000	29.7840925901783180	105.5721818641997913
 174.000000	29.9793945572057083	73.4082868248053728
 175.000000	28.9685169000813225	98.3682275824416053
 176.000000	19.8038059344983175	83.9339781068823072
 177.000000	29.5447954063167515	114.9736328139970141
 178.000000	26.7415817963995650	96.8317152332036386
 179.000000	25.7754601578488511	68.2057689159597942
 180.000000	25.0603510778728840	105.3488528131249069
 181.000000	27.8686469710706248	88.7432636915537785
 182.000000	20.9671717324202334	59.1612440188746547
 183.000000	25.5088752767088920	64.2339201395873687
 184.000000	27.5603067941669408	75.0028959387578595
 185.000000	26.5695219166452148	104.8276792168654623
 186.000000	27.9525812387773911	114.8484854803689217
 187.000000	28.7058366508410394	103.8648699494216316
 188.000000	28.1473051449571443	90.5758233678728431
 189.000000	23.9179957745596639	64.4433472247718271
 190.000000	19.1793193170253495	74.7531277034407253
 191.000000	24.3361032266381621	63.0241467904308763
 192.000000	25.8569973251748166	72.0718569558268882
 193.000000	31.3667355822910743	64.5389140076833741
 194.000000	23.8403814089459836	78.2631697108547968
 195.000000	26.1588960470568210	80.7662282511989673
 196.000000	25.0605157617129350	64.5304212637680195
 197.000000	28.5476243929374078	89.1726365014933009
 198.000000	25.9551130006561515	67.3675845478936424
 199.000000	28.1017196073594846	45.3280661221226921
 200.000000	26.7352083638539746	46.0407508301226471
 201.000000	27.2745723307528358	81.8292038808484250
 202.000000	23.5134072005548660	45.8938293616984652
 203.000000	27.3352486756888560	38.7520306185285506
 204.000000	26.8850672141815750	77.9148221224540407
 205.000000	28.5192119684520478	50.3084013568023067
 206.000000	31.3823454953255059	100.3818750108759872
 207.000000	24.4441052269808203	81.9826171654474791
 208.000000	28.5610630403381442	73.4583016681380059
 209.000000	20.2319712815970192	48.2435220207002544
 210.000000	21.4548308946952488	48.0051928954446794
 211.000000	33.9506665197488289	63.3494293017876089
 212.000000	30.0895179893361906	47.9158065591738591
 213.000000	27.6629056476280510	89.0895560024834907
 214.000000	24.7917066605858771	47.2180380717300068
 215.000000	30.2781113949450997	93.3431953669210515
 216.000000	30.3879152532030297	73.7791851126776663
 217.000000	25.5491657545551298	56.7838378083449555
 218.000000	24.4696385272117141	69.1383956325177138
 219.000000	30.4573626736485572	90.6103583505155257
 220.000000	25.4598195013896635	34.0699554395989992
 221.000000	24.8599464103409815	74.9004672782546237
 222.000000	27.3968785296409685	69.1748825221126395
 223.000000	25.5961390211055360	52.6939620105962092
 224.000000	28.0437171940247119	105.7759972643781197
 225.000000	23.5830185321921704	99.4701226426709297
 226.000000	23.0349553706368724	87.4578770203129920
 227.000000	19.6633617609458717	110.7434820056100051
 228.000000	23.6044925726844710	113.5289334678497539
 229.000000	20.9184902959428172	122.6860888352423729
 230.000000	20.1734635037718313	128.5696993639754737
 231.000000	18.3901226940679159	123.0266700360009224
 232.000000	24.7518528883698963	112.9207805259644459
 233.000000	26.0187713298667767	86.9234765324577410
 234.000000	27.9007796990450530	109.6427132349192846
 235.000000	25.9682466426531988	98.4020223390296422
 236.000000	25.3341445367518894	75.8042935733913055
 237.000000	23.5968393299462171	71.7548247255720923
 238.000000	23.6233452482226447	62.2055506662944850
 239.000000	21.7899761195128008	53.0056837387660238
 240.000000	22.7515406165051779	92.1083036632164180
 241.000000	23.7807932267216060	77.6932357712087622
 242.000000	28.8134271457846864	76.6587298352895488
 243.000000	18.4250537501331380	87.0348229918453029
 244.000000	19.9462670230668024	54.7635209022159728
 245.000000	26.8159687739181471	85.0819232741670106
 246.000000	27.8405942213498783	70.2411681962962575
 247.000000	21.0568773503156343	52.8346821371303577
 248.000000	19.4155386884357313	87.5039439623188571
 249.000000	22.6005466676875635	98.3036373731040811
 250.000000	26.6314047216467813	74.9484628162197453
 251.000000	20.9374628141895016	87.2852099667226327
 252.000000	25.2252075276783110	88.3689269146207153
 253.000000	26.1542986778878017	85.6141400323784012
 254.000000	26.5343061685382615	91.2785461708515555
 255.000000	26.5830777135014777	73.7441076549071539
 256.000000	20.4850324221254532	72.5155810199974269
 257.000000	26.1584168214819073	81.5768297307305090
 258.000000	23.3864857675702424	63.4164192052127618
 259.000000	26.4927196611806330	45.4495261378792748
 260.000000	25.8510847949849953	72.2113939870226886
 261.000000	17.2479067543865874	80.0694265415253454
 262.000000	29.2077385830061260	91.6180934199263675
 263.000000	28.3769479770563429	82.2946895051445324
 264.000000	25.4370666812551427	53.8351091994475013
 265.000000	27.4075453578045369	70.0634848921502709
 266.000000	25.5979846556275845	59.8292818046021182
 267.000000	24.2845925307936845	57.0717636251936540
 268.000000	23.9891836493444686	99.1732809411899865
 269.000000	28.0886206928544730	96.1814706424603258
 270.000000	25.6965019403701298	90.3274969892425048
 271.000000	28.9913992941349221	87.8297156829299297
 272.000000	26.2678158912158821	97.9026177235231927
 273.000000	27.7871276678332464	97.8074222884201987
 274.000000	26.2550504059691612	104.7308832872469821
 275.000000	24.6855668930869818	115.3887274287837670
 276.000000	26.6359410259256855	108.9779189984190140
 277.000000	27.5892164637156512	106.4681163984346739
 278.000000	22.3462275411334197	111.5005911375527319
 279.000000	24.1738464640548827	104.1441721892295504
 280.000000	24.5209575317839246	111.1622205667738257
 281.000000	28.7636785692708870	99.6388844851899194
 282.000000	27.9374852452659184	95.8647856122525468
 283.000000	27.4930308745592455	90.2888198515884994
 284.000000	24.4418229035771581	58.6525392003507591
 285.000000	20.9094189908343999	58.6819130347935527
 286.000000	22.0555741271495158	71.4048353218527723
 287.000000	26.1201918610971155	71.1521837040181424
 288.000000	19.0870075958134322	80.2381165790041706
 289.000000	18.3772831944580091	76.5916839127305309
 290.000000	19.6671558514660596	74.3588066087311290
 291.000000	20.0466360684495939	70.3692735099250797
 292.000000	25.1711448458521083	75.9669482904911888
 293.000000	21.7967672072135770	64.3621751760606458
 294.000000	21.0212020393322838	73.9831481034741927
 295.000000	18.7064094849491944	76.0783591184486596
 296.000000	19.4041628506339734	84.0505337140239703
 297.000000	21.0722076797394422	84.2264524032783868
 298.000000	20.0890254695268560	87.2385872136757001
 299.000000	18.8359349464169483	79.2207178014311211
 300.000000	17.4652739095813772	73.3873430359757606
 301.000000	23.4460257962446512	69.2155670525306874
 302.000000	20.2235281258366904	71.2536992138319079
 303.000000	20.2424577987937866	75.1129458962435308
 304.000000	21.1640492715741786	87.5638985974820230
 305.000000	18.4268876402290509	82.5153124947552499
 306.000000	21.4721198199733223	81.7382985657139045
 307.000000	18.9070417583495001	79.3850182313054944
 308.000000	23.2473302914198250	78.8885126054069161
 309.000000	19.7106337604198920	61.9611543200290384
 310.000000	22.8566433593397278	97.8722214377706337
 311.000000	21.9294950153952435	76.0267134936296003
 312.000000	26.3103624249437829	86.0659313575781368
 313.000000	27.2630113185470186	72.7580337953355070
 314.000000	25.5384125823456536	102.3675105088647257
 315.000000	24.1971417225801240	75.3510704901575110
 316.000000	23.7391946209025981	64.1941859295494766
 317.000000	20.1403270684941447	87.9304117633130886
 318.000000	20.9967610549970267	84.3023570771417923
 319.000000	18.1598166277362161	73.5294382587494937
 320.000000	18.8242707520339003	77.6650529785682551
 321.000000	19.6704928816729634	90.6126215870619234
 322.000000	18.5277001327496826	83.4463187209377679
 323.000000	19.8863949815913976	76.3939881687434479
 324.000000	28.0180266346146389	101.4799666465192871
 325.000000	18.8254464127183070	67.0565814971634637
 326.000000	19.3070452675979602	85.7288673293572998
 327.000000	18.2067886068666098	68.0782336934449575
 328.000000	20.1563388282169029	73.4622330155614804
 329.000000	21.3995701330257475	75.7943317209133625
 330.000000	21.4509966947634965	110.5430985218568338
 331.000000	25.1025075152721762	76.4597204583582055
 332.000000	21.2771921898725793	78.3939385121084200
 333.000000	20.6596347448473558	73.7839013547181111
 334.000000	26.3726561117277711	82.4995621617238157
 335.000000	28.5747205746975901	115.2384683770168579
 336.000000	27.4136187684000170	52.8838482123935734
 337.000000	25.6112043243459837	70.8325369406943537
 338.000000	24.7445519953459261	77.6327178850095123
 339.000000	26.7419984787311371	64.2215349477620805
 340.000000	28.4808126845441230	73.2171246211468940
 341.000000	29.2654957879676090	73.8406469098207054
 342.000000	26.7608588393681650	61.6244944152757625
 343.000000	30.4174939804500823	51.3985293570866304
 344.000000	29.7271041963843459	61.6962144676099342
 345.000000	23.0836633590485931	23.2333848478384368
 346.000000	21.8040291118809222	47.0117151446349908
 347.000000	24.0182038914524441	50.2089631561637191
 348.000000	30.2816688588696330	69.4596383965697441
 349.000000	26.4401674909010147	73.8986272515252267
 350.000000	23.4768080619015009	86.5192132822830047
 351.000000	24.9972582550248816	58.9473288961008421
 352.000000	24.9037746095160841	22.1429917264889582
 353.000000	26.2313445587640039	63.0162710213556068
 354.000000	25.5886970773049462	32.0502615456564683
 355.000000	27.2132057875366122	66.8097282381212381
 356.000000	22.5097148275775325	26.6609198159810887
 357.000000	28.8788326333758256	49.7615943031453867
 358.000000	22.7594901052940592	77.9056637914665515
 359.000000	25.1419923827463272	63.7233759368759110
 360.000000	24.1286097906836687	50.8507964458704578
 361.000000	20.6090403099174786	79.4518782698818740
 362.000000	17.4413886405277054	78.3574620794419872
 363.000000	16.4041461875643400	59.7806572145227193
 364.000000	17.2454844980097342	73.8124805559316144
 365.000000	18.3221555630450439	67.0292566746869483
 366.000000	14.5795806481656207	66.0238179647367929
 367.000000	19.1226714699347298	38.0702505327434721
 368.000000	22.7142319517401496	36.7741075250361291
 369.000000	22.8461615080924929	39.1347610796285608
 370.000000	25.9595089904679739	85.8333356278326960
 371.000000	28.4151021545661955	49.2658246713273229
 372.000000	27.1829307967192690	114.6842618374508618
 373.000000	25.6000949798951964	125.0779702407743059
 374.000000	27.0231211631177928	104.8263288710925423
 375.000000	24.7773000403411814	88.8998385707337206
 376.000000	31.6149955693421028	100.0432416076016153
 377.000000	22.5417968402517630	125.4803639851978687
 378.000000	24.7176838951935807	81.1725346292036818
 379.000000	28.2252647342578946	73.4547496547595387
 380.000000	24.5073900249230157	113.9617217032613041
 381.000000	29.3164033622517515	72.6829060874168675
 382.000000	24.4196634890110609	58.0506564942932926
 383.000000	22.1963019003135251	98.1822874721535044
 384.000000	21.9545442823834556	85.0832183587799875
 385.000000	24.0846898312924367	80.0732646955285219
 386.000000	20.4998467086412077	98.8384643048801337
 387.000000	23.2272471831292080	104.0157840778152689
 388.000000	21.2638146373861296	82.6182201053314884
 389.000000	27.9741060996509994	100.5317091761792199
 390.000000	25.4933102502334989	73.9937499672182497
 391.000000	26.5203511916479329	94.3144738885113298
 392.000000	25.2536461430388535	92.8240413782477276
 393.000000	28.8964762604006289	93.3930617351224583
 394.000000	26.6880825556856784	67.7284760368855530
 395.000000	26.6559183643190032	119.0847526924298307
 396.000000	25.1989732439164626	96.5085845437080110
 397.000000	25.0693132056286920	99.5666968653557376
 398.000000	23.1973799061087576	121.2570220139942165
 399.000000	23.8416916004915933	118.8741828967812069
 400.000000	24.5496550574486001	121.4876298368428991
 401.000000	23.3486010276659073	127.5689703033344813
 402.000000	24.8550622299058617	104.9793401973861506
 403.000000	26.0351804958568671	77.0122431484974186
 404.000000	24.8069362511820302	71.2541792724812808
 405.000000	24.4262213969719255	54.7667596061970414
 406.000000	23.2314239214327500	58.2072767848104320
 407.000000	22.4149635945092669	64.4574028374527330
 408.000000	24.4421331952307348	47.9322166643002561
 409.000000	25.9979861478088701	68.9513948241971804
 410.000000	22.3438039495577314	74.4032376563681908
 411.000000	20.5219404071977465	66.3998000915463820
 412.000000	24.0381606322734278	92.3194721307828274
 413.000000	22.2803752207108126	70.7864598084623111
 414.000000	25.6492286958355820	84.1166252458443751
 415.000000	24.7224209308294363	61.2831719324027659
 416.000000	12.0697062846520602	45.9240221120579974
 417.000000	12.1017954696579846	22.1929176007271280
 418.000000	24.8844400259285443	79.6226293199165269
 419.000000	24.9125782656686532	56.8027178584907233
 420.000000	22.1470177582237433	23.1037554433345633
 421.000000	22.7544915163115071	61.8147988390496437
 422.000000	18.5142949423960346	47.4367360211225844
 423.000000	22.7164088521440455	43.3640376781158068
 424.000000	22.8343191585100307	69.0878906320955366
 425.000000	23.6155233615930058	66.1361415932269523
 426.000000	21.9224850626230676	63.2732348453103413
 427.000000	22.2995815047201127	79.2046693303339566
 428.000000	26.7635653675693277	60.4665783038002047
 429.000000	24.2165463176467881	77.7953807228114442
 430.000000	26.1814397280719682	63.6869123511797568
 431.000000	24.0690327031260978	75.6630441977800103
 432.000000	21.9164408476139094	48.1663584097927071
 433.000000	25.4565645520534858	54.9413006888270417
 434.000000	25.2600679925375644	79.1493272270785440
 435.000000	24.7802226927144034	67.4878453292142240
 436.000000	26.9562478693371297	97.1736336561420728
 437.000000	22.2684785347568734	117.2382355013591280
 438.000000	21.1682694569790755	119.2654794709824557
 439.000000	28.6019431662072350	88.9148572782307411
 440.000000	25.0717449609956127	79.6522597282372828
 441.000000	23.1214800936689109	47.4211273654460399
 442.000000	22.9252905116316867	83.9272882020171807
 443.000000	19.2305380026073678	41.8178132798316540
 444.000000	14.5126896122577502	70.9608492426427802
 445.000000	14.0370814270016719	37.4418854586842258
 446.000000	20.5514388857110646	66.8052386172564923
 447.000000	19.9047152763718032	56.3476395722635459
 448.000000	18.7578746006549189	20.0862703534562854
 449.000000	22.5419745262509430	61.3118720358297651
 450.000000	24.2457103161655958	58.5742431960215555
 451.000000	21.0482060158251052	52.5415569290664735
 452.000000	17.0181182978767396	39.9849919693796494
 453.000000	18.3015555303927613	49.0303839953316469
 454.000000	12.5369820182779357	34.6339356335995490
 455.000000	16.5891525816125913	42.6051968564682682
 456.000000	16.5570112417724218	16.2552685444760527
 457.000000	22.7823357365540318	70.4615427623945010
 458.000000	21.9305428502641995	67.9286157382637441
 459.000000	23.6033531617339918	64.0403483643738696
 460.000000	20.8726827667387766	67.9589358175012421
 461.000000	24.2149780479691863	70.9804366016325474
 462.000000	19.8057486528299265	70.4302765517371228
 463.000000	25.3305976826653918	73.3243867991761675
 464.000000	20.2908989869340743	77.9520636794076154
 465.000000	27.2237041040942387	66.1810918430244044
 466.000000	26.4007924304590489	75.1020296165125387
 467.000000	22.2936062011501406	89.4235099610898061
 468.000000	24.5925117496118517	82.2210760767656552
 469.000000	25.7825002649552175	83.6419867142467126
 470.000000	26.1440624585980750	109.7714625014531151
 471.000000	26.6060178374016836	97.3528002590772701
 472.000000	19.5338620335343514	62.2636583052932764
 473.000000	22.9730893319916483	96.5563395153714339
 474.000000	23.6041490874022770	69.9568197830296441
 475.000000	21.1002848891034880	72.4362324559487547
 476.000000	18.9331457252532935	85.6328773243543537
 477.000000	18.6327594639557539	77.5610777858118752
 478.000000	19.0418723823942742	81.8429700009309897
 479.000000	24.6907988298532644	78.6836061536899649
 480.000000	18.3440789131199828	54.6683217053886921
 481.000000	22.1102945041485732	87.0614228748388683
 482.000000	18.8831660666100625	72.8374030583485705
 483.000000	19.6828944069461578	90.4895523818541250
 484.000000	23.4895300133675953	89.2717994247744286
 485.000000	20.5037750959898943	71.4457928214128941
 486.000000	24.8493799557906101	87.0515898843243292
 487.000000	24.1236531633815012	84.1081134203434146
 488.000000	25.1728327999067751	87.0258368566540952
 489.000000	18.7431962078768386	68.2698090606098162
 490.000000	25.3200720513146287	77.2723194586753408
 491.000000	27.2838256844229967	99.9993109350037059
 492.000000	24.2812287217522496	102.7153010830137987
 493.000000	25.6092089192136996	91.4096455669073009
 494.000000	27.0420761257235363	103.6299305782642364
 495.000000	24.9799035401538738	82.9217641867302433
 496.000000	26.0630967859910392	127.7587809385158266
 497.000000	22.7099368151197254	93.1840485138957462
 498.000000	22.4370294600095335	101.4385598477397679
 499.000000	21.9831297166734245	80.1093303158514374
 500.000000	19.0627392429346756	77.5230934471842232
 501.000000	20.9906177605067086	84.8530836999928368
 502.000000	23.4600391767613878	68.0643933984164704
 503.000000	23.3396063990354676	67.5284874833741924
 504.000000	22.5101354921423500	67.3860295489952392
 505.000000	21.6885871173182423	73.0757874677872934
 506.000000	24.4849762408464606	102.7512990767319394
 507.000000	21.9335221525253630	79.4040312321168500
 508.000000	24.5683853410640793	88.5007978367722785
 509.000000	25.4083785867654974	83.3196199287286561
 510.000000	24.0403807895116870	102.7826164522756756
 511.000000	24.4417411715813664	90.9756477464768381
 512.000000	24.6239992667527652	82.7743432846860827
 513.000000	27.3175953766551167	84.9133029124935774
 514.000000	26.3185650141692093	83.9955084607180709
 515.000000	22.2361701388740194	72.3372397264571845
 516.000000	28.4322150999209313	75.6091863877731498
 517.000000	24.5487707419163499	70.4696851336005494
 518.000000	21.1396184910262193	80.9991257813692584
 519.000000	18.4745281556796606	81.9534763662334313
 520.000000	24.2480521854876834	90.1990051983849810
 521.000000	21.3483961539277551	75.2481679823108465
 522.000000	22.7647880819737551	80.5701671161492783
 523.000000	23.4195153817976269	84.8713930422471066
 524.000000	24.6701414089507907	82.3416489360675001
 525.000000	24.3436342710894742	81.2304700061056195
 526.000000	21.4969840138976913	84.3004464019754067
 527.000000	22.6522123128564452	93.5726252195677120
 528.000000	19.0235128431457277	82.6993511730281483
 529.000000	18.9992314404186722	98.2934505722262628
 530.000000	17.4258393051025671	86.5517872715029171
 531.000000	19.9594415563632737	79.4004000237145107
 532.000000	20.3451218420850779	60.8462388116769830
 533.000000	22.7632421233196851	94.9237189149599061
 534.000000	23.6891521211531391	99.2438693275096142
 535.000000	24.7208402940159964	95.8578819713470978
 536.000000	28.7737549228198368	72.5273851458140655
 537.000000	27.2517942716213604	59.8691535926999592
 538.000000	24.5436001972547579	100.9786359842109249
 539.000000	24.8018738475892810	142.9209616091800399
 540.000000	23.9344870215838590	115.6506145030286916
 541.000000	23.5684522428913823	120.2086837244044659
 542.000000	24.6642011953757745	102.4173308032507634
 543.000000	26.4635011924976737	105.8513263704083300
 544.000000	24.4514099356345334	109.4813295097412720
 545.000000	26.7634964590906641	77.1924867401415469
 546.000000	28.4045231288599567	109.9910868103188051
 547.000000	20.5384640658913575	74.0834605781827520
 548.000000	26.1118327618928205	92.9531541578277682
 549.000000	29.1791015390551607	89.6651448003052707
 550.000000	25.5645674578873816	94.2029956797950945
 551.000000	22.2556590030943191	49.7761352637071752
 552.000000	22.5245908933434933	83.7550378472950996
 553.000000	23.4030671357230062	93.4752131835098226
 554.000000	23.0648928183150552	98.4557092732099051
 555.000000	23.7693568688831327	89.7624354989008992
 556.000000	26.1198669479343195	83.5241455072367387
 557.000000	27.6901900708403979	83.2936958623753299
 558.000000	26.8820591400598801	106.4897521221794534
 559.000000	27.4643725312734013	125.0644617239240830
 560.000000	30.2692503911927169	90.3877479727211721
 561.000000	26.4617788286494502	84.8802094525185993
 562.000000	29.3928258915048879	115.1700295007125305
 563.000000	27.0058941799900651	84.7947525254893577
 564.000000	25.2502753089491137	58.3122575430868864
 565.000000	28.2563273025247383	89.2954698096706778
 566.000000	25.9742936622134089	125.8181171470028232
 567.000000	27.4187896437455336	102.5313168844680547
 568.000000	23.3109604203421554	90.1993649116214584
 569.000000	17.5035426201365354	76.8917665441991147
 570.000000	25.5265967171416470	91.2363638486238244
 571.000000	20.0292819069143029	79.6193429631404683
 572.000000	19.0372768025637598	69.1838612151859564
 573.000000	19.8943187938442314	66.4537880944067325
 574.000000	20.1006911847744547	92.8213368976955024
 575.000000	20.3377925864980078	61.0144498200133398
 576.000000	19.0826858431785240	69.8517290639516943
 577.000000	20.6366956958852512	74.7207901933021503
 578.000000	27.0430468514042701	99.5626708401496643
 579.000000	24.3827259468134017	121.1942873609028481
 580.000000	27.4408093513631428	116.2304803153220405
 581.000000	23.9572644586473089	120.8913534178162195
 582.000000	25.3329239011907390	141.3645789782050883
 583.000000	20.5793596501076657	109.4036771008195075
 584.000000	21.0406870353003299	98.6600651829668323
 585.000000	20.0589106303444424	106.4302044673447654
 586.000000	20.2295246412248346	85.8296689500064645
 587.000000	22.5948236998275220	91.2462869630860212
 588.000000	22.0339531938778599	98.0480487660254880
 589.000000	24.9808495185493733	114.8476412624904128
 590.000000	19.6606414882307732	111.5202855260681076
 591.000000	21.2204021912235063	108.7105061756737427
 592.000000	21.5407472701911331	84.5590911130783951
 593.000000	20.9591469626100846	95.4929232752759418
 594.000000	24.3490002826725060	108.8616863469637366
 595.000000	24.6954603768120364	113.7179836392119228
 596.000000	25.4506999271335914	100.4619057902082631
 597.000000	27.8366793831260644	96.9396647980596811
 598.000000	24.7044883652520433	88.2967751298977959
 599.000000	26.2857575872328688	84.9730675247256642
 600.000000	23.8966499494772719	80.6386932172318041
 601.000000	22.8949253027038822	108.8207235544699643
 602.000000	22.0582053351643523	96.9018299772570373
 603.000000	19.8612364062113897	59.2739523744338896
 604.000000	20.6755635556207409	96.2139994930887923
 605.000000	21.9640365769826325	77.6775915531534338
 606.000000	24.2282824555588689	87.5115440660816546
 607.000000	23.1572318736838696	81.8550743303063086
 608.000000	22.6991895443384131	71.8859056074705194
 609.000000	21.1802016690503443	46.1401635095828908
 610.000000	19.8693930228591142	54.1337947545363249
 611.000000	21.8285644038066984	39.1298025884181300
 612.000000	19.5456832151344884	86.3468764078993019
 613.000000	18.6948234815207073	72.1998224290452697
 614.000000	18.9879756671154141	62.3552677113016642
 615.000000	23.1606214539519542	85.9862176566649481
 616.000000	24.2577864437036652	84.6952121981362183
 617.000000	20.7546233468495949	91.5034883984952359
 618.000000	25.5159261644039397	72.6348802331514776
 619.000000	18.3787028755663790	102.1793218059649746
 620.000000	18.1457881226696003	98.2761696920454710
 621.000000	23.2467499264612414	77.0863828601144121
 622.000000	17.4718882961990012	67.2324134979195378
 623.000000	21.8068535264140699	95.5296336850114756
 624.000000	19.9803662841316587	90.5285132111755075
 625.000000	21.4825583692148498	83.6618694795901803
 626.000000	18.8141986137654094	118.3436538386870609
 627.000000	23.8501019900721190	87.2287395575228715
 628.000000	15.5393017162433402	87.6045073121919273
 629.000000	29.5798984929385682	60.4920809901715160
 630.000000	26.2449072995665347	84.5601073787529884
 631.000000	18.7684933851541409	93.9881565844308682
 632.000000	22.1234827781777064	104.6775584713389406
 633.000000	27.2122464062917153	122.3497624044401988
 634.000000	20.6476318699096275	47.1139944970321096
 635.000000	20.6704222187586417	48.2223273812872435
 636.000000	24.1476039431101555	67.5021113628447011
 637.000000	20.8725923505310718	66.1034016028951754
 638.000000	20.1265428762209808	83.0379047770091319
 639.000000	20.6994271662124412	73.4742683903601801
 640.000000	27.4702513156473103	94.2360504181489205
 641.000000	25.1711229567974577	96.5308823051336589
 642.000000	23.0501276224754221	102.7847579034967396
 643.000000	26.4113544621463099	81.7523839447157741
 644.000000	24.4716779423414152	85.5577524095070459
 645.000000	22.4730476824722096	84.9467513218828429
 646.000000	19.7684520260382861	74.5355875852620500
 647.000000	20.4475421362866037	77.7661079318852160
 648.000000	17.9600662175122849	70.0277879145717463
 649.000000	19.7876344897261198	86.7557117625494527
 650.000000	26.2910799549797005	73.4177450844136814
 651.000000	23.2119632111519643	74.8795308609069394
 652.000000	22.1474205846252836	92.8971268226222264
 653.000000	19.2331413988234061	113.5613918590484985
 654.000000	22.5874155168321664	90.4511576361395413
 655.000000	22.4517603997569637	110.0189244575272767
 656.000000	23.5801281618334109	89.1183892537922731
 657.000000	21.5987223855520440	79.6988988019149076
 658.000000	21.0546882307879919	74.7317192144059561
 659.000000	22.1656934021338579	114.9793980296234253
 660.000000	27.8062724145987801	115.3187897954998391
 661.000000	24.7277068997316150	85.1862390752025505
 662.000000	27.2354111418606664	98.8528824111370739
 663.000000	25.5160517145984933	80.0702141798517033
 664.000000	22.7730446177862902	61.6672290740073237
 665.000000	22.0477191477706960	81.2583382785967530
 666.000000	17.7608481704965548	33.9484105595647918
 667.000000	12.0873037757738189	24.5960347350482778
 668.000000	13.4205722044819016	28.5592858793321227
 669.000000	15.7627892298743877	34.9152505688826125
 670.000000	16.3515166012000677	41.5290621659368924
 671.000000	21.8932130945512142	43.8834560098113400
 672.000000	14.4558830951542276	9.3806912360216472
 673.000000	17.2564787874937622	20.6200601374573864
 674.000000	12.2866661208314714	10.9591607120688082
 675.000000	16.4332309959633953	27.9092465912542309
 676.000000	13.0278425068655679	9.1320382613259881
 677.000000	15.8457547933337306	32.9419238100294081
 678.000000	18.8199461905787544	28.2667906213312961
 679.000000	19.9673339749064560	39.4330229621658361
 680.000000	25.2816433718603442	39.4925724647374068
 681.000000	23.7898407892265986	60.1124986886593007
 682.000000	27.7512675378316658	82.9546773352192162
 683.000000	26.5377603939942475	66.9461142901079711
 684.000000	25.3883404446297298	64.4961476469477901
 685.000000	26.6706004000065455	53.0127031047173318
 686.000000	27.6693153093073931	78.0256930623159377
 687.000000	26.3747596553274342	60.9211761295369598
 688.000000	26.9759140314190766	56.5341357231920654
 689.000000	27.2744257231578828	92.4683917211115585
 690.000000	24.6576233794928328	72.0747286554424278
 691.000000	22.9020846198546266	51.8533976673210475
 692.000000	25.2740517021256075	63.0679123829013122
 693.000000	21.8847207767043912	48.5067081447130874
 694.000000	24.8979253429621892	61.8405864649586192
 695.000000	25.1778686752654366	65.5730753173092040
 696.000000	28.9948592794928821	82.7820164259510705
 697.000000	27.0438325697015323	66.0925370522429318
 698.000000	13.7815553886030138	37.2607548276611453
 699.000000	17.9241561314252422	82.0843405042550955
 700.000000	16.9359715354594265	49.3594329018905285
 701.000000	16.3663313415591105	58.6584295745256128
 702.000000	20.3030287567715071	60.9891128932087128
 703.000000	14.5227153296817786	63.2449655363709269
 704.000000	16.8211115214108169	44.3060159256729946
 705.000000	18.6902507117816263	47.8876152271257354
 706.000000	20.2484853373336584	50.2758974668127792
 707.000000	25.7175704619966794	41.0500219847894527
 708.000000	27.1387463414836958	37.6474175448659025
 709.000000	25.5717287266795950	60.5174855954389272
 710.000000	21.1125439497087726	51.9972645875168666
 711.000000	20.1523268159157176	24.5687037895488061
 712.000000	21.5209090129801695	31.6239778146541255
 713.000000	15.9848928559538823	36.6841414930763392
 714.000000	14.7131861924844518	32.9931437312773426
 715.000000	15.3920913745658119	49.5384182853863138
 716.000000	22.3788918095384055	54.4377790587026027
 717.000000	20.0674663364907389	52.7061083419139607
 718.000000	17.5964025093428447	35.7077313016367839
 719.000000	15.9920285326857368	34.1633820232297580
 720.000000	17.2065728585807598	55.3749113359130831
 721.000000	24.6982274420248338	82.2708281163948385
 722.000000	19.8499119548062808	24.3543561601740350
 723.000000	14.8379726013156414	41.3944672356683441
 724.000000	19.4145436668300846	59.0066892395317808
 725.000000	15.8832101736795241	35.5668580481300296
 726.000000	21.6333954881196497	39.3256734183107994
 727.000000	26.8462857765786680	71.3311825572109797
 728.000000	21.0920155517533452	39.9818080010730625
 729.000000	25.5012217320071990	47.3526421070774290
 730.000000	20.6839313463018648	63.0984024331713584
 731.000000	22.8338044842564898	53.8683529930549980
 732.000000	12.9961312022573043	7.5857083141003727
 733.000000	17.9942969998708477	39.1002544288989498
 734.000000	27.3170399223930147	67.6137039157689799
 735.000000	26.2537707363240500	58.6248996704946421
 736.000000	23.5439959253892539	64.1775952657947357
 737.000000	21.3035036242472096	57.2015529103802294
 738.000000	15.5052230549713066	53.4454879952806436
 739.000000	8.7748938093905995	59.3632658334501855
 740.000000	10.8523291312843337	63.0802974502156104
 741.000000	13.6367152105929321	39.6395788556856701
 742.000000	18.6376072825024259	52.3547062565142625
 743.000000	26.9681986182325026	60.2092748108626949
 744.000000	20.9746430891054203	66.3288941526553941
 745.000000	12.8010715194620843	51.6167920683213879
 746.000000	14.0664281679252117	65.7720135708013203
 747.000000	19.2018211161887997	39.5530425039727902
 748.000000	17.4923735070144062	38.5859993986461518
 749.000000	11.8435600575277302	60.3308581620523086
 750.000000	12.3496368613749148	81.6890281975954764
 751.000000	14.2916135322935212	80.4806843951457722
 752.000000	13.2594715907636544	42.8930622456914250
 753.000000	11.5662268212869979	38.0850680528436953
 754.000000	11.7361002691310823	24.1375557943318313
 755.000000	22.6376247742856549	50.2480537384352886
 756.000000	22.8397798441307458	69.7240621267393976
 757.000000	22.9516935459657248	66.8200322934032016
 758.000000	18.5278731393538116	59.6579368308287314
 759.000000	23.3069694879942446	63.9405567307128990
 760.000000	24.2192153916487385	50.5076461066859110
 761.000000	24.0053129183698104	78.2925154718976017
 762.000000	20.6715213860922660	57.1921063202207733
 763.000000	24.4235293295325491	91.7745944104154603
 764.000000	23.4413464343481586	69.1452794222783922
 765.000000	24.2173780841986463	69.5557686045530659
 766.000000	21.3342525119514939	78.4159016447104591
 767.000000	25.0094911614804154	88.7654134749530499
 768.000000	25.9525376872186904	75.1416355899986996
 769.000000	26.7654348639080659	85.5964604944373235
 770.000000	23.6565363708746794	85.2022270088613709
 771.000000	24.8260288592983187	97.2785665615375166
 772.000000	24.3464975079708985	64.4257929101467823
 773.000000	20.2908129610508716	75.1456272069779772
 774.000000	22.7254729328737639	84.6331161918626123
 775.000000	20.5930024838155603	54.2084544242766384
 776.000000	20.9359428555017288	98.3267760921119702
 777.000000	25.8708794456154187	63.2693208001334000
 778.000000	25.6465886984631126	75.3439351391600525
 779.000000	23.3227589321489965	103.0402797775406896
 780.000000	18.2509519173749020	45.5649078313343807
 781.000000	13.2720800168313779	15.0533994896229615
 782.000000	16.5616152839116957	49.8482876477694674
 783.000000	14.8454871110386346	47.9557898468810038
 784.000000	23.2079273610853249	67.2522194057462883
 785.000000	24.8691858411791280	91.4770557390639141
 786.000000	22.8693005154666551	73.7686487830039113
 787.000000	16.1879402891824284	58.8918608915202668
 788.000000	19.6601435389427088	99.5103257191775441
 789.000000	24.6858929104139762	101.3039638947090424
 790.000000	25.4783530917253209	86.1610130660585583
 791.000000	24.1305322072693258	71.4699656498666371
 792.000000	19.0872311239610006	37.6457555283717511
 793.000000	21.9963715008660934	37.0750867957584092
 794.000000	22.4476648729943733	45.5673448189367889
 795.000000	19.6231010738440048	22.6952567654263078
 796.000000	18.6168630579069898	47.9351435293693271
 797.000000	14.4449342442086071	42.8977292672255430
 798.000000	16.8273540709206806	45.2657939255120709
 799.000000	18.9468577218367891	14.0184618504268030
 800.000000	10.8202727132545569	47.1998601147507770
 801.000000	13.2882537653118664	40.4133341771099310
 802.000000	15.1067567651958914	53.1332606514243366
 803.000000	22.4089581020849380	59.5250072683022893
 804.000000	14.7180600336510103	36.0034770970085845
 805.000000	16.6649466721385942	40.4129931970536234
 806.000000	15.5387100144025450	34.4018992430678736
 807.000000	19.4113881413172784	53.0931639091520395
 808.000000	23.8688192641972350	87.8620737959357712
 809.000000	24.0452744819193001	81.4860093402251380
 810.000000	19.0810332560153988	58.4599907831014036
 811.000000	24.2254412057810313	56.7164217834367577
 812.000000	25.0147858649874628	69.5845856846251820
 813.000000	20.2556741463691097	56.8173608903467624
 814.000000	23.8601015970012895	72.3041201702077103
 815.000000	22.3664124681293188	60.7082004347759465
 816.000000	24.7504303728132022	50.4323093069601214
 817.000000	24.2519388437874888	83.7028640983721033
 818.000000	27.8908588276892289	82.8629795075183608
 819.000000	24.3422442459981099	95.5225990505312410
 820.000000	27.8217122800344328	63.2780457605032609
 821.000000	25.5391463084898298	80.7138018768533954
 822.000000	27.0507279205283595	79.1231730926725163
 823.000000	21.1718800756337089	73.6154359951938488
 824.000000	24.1155347934603981	84.3353350925734162
 825.000000	20.7783411120549566	97.4408758968006055
 826.000000	22.9663978708369285	78.7168899235050787
 827.000000	21.0852047748039375	103.6913298128354342
 828.000000	21.7152262984941729	106.0822309218963824
 829.000000	19.8093649452539644	65.0245660055991976
 830.000000	22.0647534752769978	73.6236916961798471
 831.000000	21.1572355043346825	113.1367266471443287
 832.000000	20.5298993344125549	123.4200338840764744
 833.000000	21.9092154238671881	100.1213047919602843
 834.000000	20.8826778906353709	65.8069781053577998
 835.000000	23.0225388550819545	73.4782815768739397
 836.000000	21.5584072258662651	77.0804767520005782
 837.000000	17.2403885034827091	92.3409597990473259
 838.000000	18.4831449751139729	86.7797626342439230
 839.000000	19.2577211628900216	105.7789866656197688
 840.000000	16.9236805383304798	88.8508978739912862
 841.000000	21.8754174548855183	98.5944371618381581
 842.000000	20.1434173568996044	97.7208261011921167
 843.000000	20.1239430405259974	127.3711990764679740
 844.000000	17.6984978071489820	91.9872168613929944
 845.000000	18.0935389112624918	78.5077336864278692
 846.000000	20.7714811595368865	86.5646754942761305
 847.000000	18.5468962631696499	89.3180240076830927
 848.000000	22.3459104852463817	85.1470666689780842
 849.000000	27.2573317381302971	101.5743264963152797
 850.000000	27.8474135989080516	112.8590047363021398
 851.000000	21.8928449426678178	124.8142959825259481
 852.000000	25.2983901530989357	117.3929770252595972
 853.000000	20.4388430937640919	116.8822306887123972
 854.000000	21.6363283562049737	122.8516702912256306
 855.000000	20.5028189222687054	142.9038401491530408
 856.000000	18.8614206057740361	127.2140087810040399
 857.000000	18.8144692973052408	112.0129724095653643
 858.000000	18.0739391540660570	130.4903564655268156
 859.000000	22.7123833800599968	122.5353712427426842
 860.000000	23.4117345461823412	112.4472018935793187
 861.000000	20.1205006704048373	114.2748691372133010
 862.000000	19.7140193577786995	100.9779567988047830
 863.000000	19.8971552411494805	120.0656233782433162
 864.000000	19.8890316227583703	117.8472425606772163
 865.000000	28.2239202367630284	104.0548619671514530
 866.000000	23.2785692615557025	100.9536948981728983
 867.000000	19.8757986725453648	47.8340606894655593
 868.000000	26.2091657911318627	80.3444043077928995
 869.000000	24.9170546878415600	89.8142734338041890
 870.000000	27.6138345507234995	70.6083786857123528
 871.000000	23.6222794899069335	62.9095823649073651
 872.000000	22.9621546250920154	48.8110841716923005
 873.000000	22.3688987816717919	80.5928166533056185
 874.000000	20.2029453540464452	80.7184172486666967
 875.000000	19.1290240212677247	86.0810705073846094
 876.000000	18.1595259312990365	72.6962264363380797
 877.000000	18.7964645303919085	48.0688112981362963
 878.000000	18.7715122062377127	78.4053368385507241
 879.000000	18.4276908210773946	69.3681358426818804
 880.000000	20.1782362297156901	89.5844018078271489
 881.000000	21.0837849599195266	70.6832024143256348
 882.000000	21.4925620140542364	82.6596242535594570
 883.000000	22.1229091394361355	114.4581422094657057
 884.000000	28.2506803851878843	90.3130137890504585
 885.000000	24.5746522257389586	115.8586915952065368
 886.000000	23.7278477229244231	109.1025020444310343
 887.000000	26.4929608883259142	97.1240313995780866
 888.000000	25.2840998843042790	98.9607765647146920
 889.000000	28.1886119095095786	60.1283670961884553
 890.000000	24.8363805457642428	85.6040694999882419
 891.000000	24.7370070248824874	92.8598611485173819
 892.000000	28.9259813777438843	81.8827795534199225
 893.000000	27.2473231357934509	106.9368282592409969
 894.000000	26.7960966968583847	87.7296825493985324
 895.000000	24.3384990472597629	84.2454840683197119
 896.000000	27.3217031689211538	81.0640750830440311
 897.000000	24.0369895728728018	111.4510186571207271
 898.000000	24.5230974699852524	83.5291206579133672
 899.000000	18.7242063050730074	80.4813241128407952
 900.000000	19.2104504008247545	79.3575108847976196
 901.000000	19.8532849829992735	60.6470463491549481
 902.000000	18.7261710254351499	46.1789936058559078
 903.000000	18.4558722329383968	43.8035910014167200
 904.000000	23.8942863714314093	78.4413793279631193
 905.000000	28.2851633845032069	74.4132241201283477
 906.000000	26.2673234924166401	118.0069029168267036
 907.000000	24.1125584589533659	123.2765051861321979
 908.000000	22.8398696225304896	76.4631405308663830
 909.000000	23.2768061624301303	75.7668739380958129
 910.000000	22.5119305668499443	85.4729935331679656
 911.000000	23.0175829979338182	87.7627623053991357
 912.000000	22.8391046763524912	73.9413786056723410
 913.000000	23.2063536878657821	89.7540521211388125
 914.000000	23.4412364593898843	104.3021610620022699
 915.000000	24.9713967819988980	84.4473835419579473
 916.000000	23.2179936138924070	87.8849631271120586
 917.000000	23.3021489795584884	74.2517267801918024
 918.000000	18.4935948244721367	55.8888814373536889
 919.000000	18.9229102280220047	102.9386449456954296
 920.000000	20.3418952475306796	75.0534637351571092
 921.000000	21.9033237908755574	75.9248271617081514
 922.000000	26.1386423464436035	88.9783756379190436
 923.000000	21.7566733920954896	92.7535235119930093
 924.000000	26.4633495774633616	82.7155961109148166
 925.000000	27.5701389758976205	92.1196762006765795
 926.000000	25.3635036548798283	73.1472955814091961
 927.000000	27.3486814606771489	117.4333990546952862
 928.000000	26.1490292111985170	97.9497651717467335
 929.000000	25.4201831741576285	95.8981384753453625
 930.000000	24.5839385914752206	40.0713494230125491
 931.000000	21.4671844847131901	78.8905063400978150
 932.000000	19.3992035623641783	63.9049894569692469
 933.000000	18.6559245883975287	87.4610354848434497
 934.000000	22.4572027375982515	72.4338807089947068
 935.000000	26.6361408342368193	93.6656536403928186
 936.000000	26.9900273007606266	118.2016651380441203
 937.000000	24.3496898643594477	97.9757099662386395
 938.000000	26.8875156890921581	118.2670011302811304
 939.000000	24.7892946640111482	91.0033184499693277
 940.000000	28.1345121750307250	104.9029992087528456
 941.000000	24.6595745651820337	72.7187459317508456
 942.000000	23.9759949927454485	98.4050113511555224
 943.000000	25.1692849011218236	67.5051859744608009
 944.000000	27.1839775020182621	87.3242557974656535
 945.000000	25.0423122457510736	74.4972124781055243
 946.000000	21.7527186580123555	61.4848134687410521
 947.000000	25.8061048268499711	65.9903600817902856
 948.000000	23.8188348042499172	65.7707665698908528
 949.000000	27.2603927017813348	106.2702915295435986
 950.000000	19.0077633245857385	53.1152480719799343
 951.000000	19.2428489373609359	76.0132315581998199
 952.000000	22.1175825810863067	60.0201624733346932
 953.000000	25.8700344928083332	64.0791513413143434
 954.000000	24.9288623994392609	74.9475235102666204
 955.000000	19.8778280492451458	67.6773658722749900
 956.000000	19.8165916631601711	50.8062315215742046
 957.000000	19.5017552060638479	59.1698343668038689
 958.000000	21.4205865904302257	60.8884666726053467
 959.000000	19.9777576986826446	92.7991907013797288
 960.000000	17.6522486027159431	86.7562189665233916
 961.000000	15.4830264215554134	66.8672867220254403
 962.000000	16.2341287570941901	93.1047744159026394
 963.000000	23.8247669267602085	66.5511580953703543
 964.000000	16.4627490496534783	100.7664700263312483
 965.000000	20.1162860135186179	59.9984894273472236
 966.000000	22.0862872918197120	79.6627351106221511
 967.000000	25.3669699390123142	83.7126160085754094
 968.000000	23.6928873925889363	61.0452665637399576
 969.000000	22.8623619600023247	67.5616405810342258
 970.000000	21.6816103201207788	47.1794098696152275
 971.000000	22.9133852916491634	33.6602971885597810
 972.000000	26.5943564141259294	75.2165134494427008
 973.000000	23.1570518825826426	58.6201081477869792
 974.000000	19.7833924511825288	49.7739973305986325
 975.000000	18.5912001374896825	62.1808360528039969
 976.000000	19.4754310118991540	63.9814135087806477
 977.000000	22.8778352327804519	77.0736846002293134
 978.000000	20.2658895216109727	73.6089242692104619
 979.000000	19.1903168358511671	67.4869348147948642
 980.000000	20.6409651315722158	61.0988962506148567
 981.000000	20.8345840961943232	75.4233824020834192
 982.000000	19.3088477855786991	80.1364272249094682
 983.000000	23.4209152043626823	80.7236998633253506
 984.000000	17.6191887447225746	75.5617890074671408
 985.000000	17.7858397877929448	61.4407842898649790
 986.000000	17.5642644167074167	59.4517553383960120
 987.000000	19.0775272027236973	66.9823278849227677
 988.000000	20.4940068366908434	52.8420181479153257
 989.000000	21.5811717980657036	87.6571013877442340
 990.000000	21.1627507987747627	61.5898218246753544
 991.000000	23.2532086031471898	91.7307273059109036
 992.000000	25.0012852748305576	81.4337026616231014
 993.000000	23.0249059302980790	83.3607208121437253
 994.000000	23.4450981154251785	79.3280152710003250
 995.000000	23.5594655387053180	81.1516756477112153
 996.000000	22.7134006077738348	92.3834125731003581
 997.000000	17.0067542584392264	92.7055746931692823
 998.000000	18.1841256891909211	73.4536517015447856
 999.000000	17.3889404659527820	97.6637316510508953
 1000.000000	19.2327545825362307	102.0736450462560754
 1001.000000	20.0902847849162534	90.9657788610124101
 1002.000000	22.3145790803311925	75.8878479403978332
 1003.000000	16.3846821248990828	74.7457059977374740
 1004.000000	20.4777803057932672	83.0744914837930963
 1005.000000	18.0862511392068654	83.0843438281598026
 1006.000000	22.0610361745864161	82.1421049862535142
 1007.000000	20.4501002129574907	86.3435461626880283
 1008.000000	16.9941798288249615	115.8295957554574613
 1009.000000	19.0480318821937331	93.6853762760496949
 1010.000000	18.0827179188464235	77.9031370909998628
 1011.000000	15.7042079123019622	112.5889216666141550
 1012.000000	17.1799896792342714	91.7260776465875409
 1013.000000	19.4094991900581562	103.4779679738452245
 1014.000000	14.9720398739153211	102.7617308415579487
 1015.000000	17.0141556221732877	114.3060357782496368
 1016.000000	17.0638235211483362	101.7204093705937282
 1017.000000	16.7697042196257193	92.0013635399383531
 1018.000000	16.7248199587784221	96.8792635191484237
 1019.000000	19.2073351626356086	102.5701469027116133
 1020.000000	18.3197705512006550	104.5765803891984547
 1021.000000	18.4161144687932534	69.5684927062918348
 1022.000000	22.7343506008890976	67.7850671851534798
 1023.000000	25.1192008454729141	71.7222935100602825
 1024.000000	19.9732056846011865	64.9743735810188952
 1025.000000	22.9914334006233574	75.5146130642646085
 1026.000000	24.3055061816303848	56.6574231478897588
 1027.000000	22.3569480796121773	89.2828221269689095
 1028.000000	21.8155918602885492	89.3516358499480390
 1029.000000	20.5955186647415651	96.2916238366698565
 1030.000000	24.5699414227992001	77.4678144887510030
 1031.000000	22.2528735234664410	68.5971072176589587
 1032.000000	20.0816164836940985	75.7662412157640972
 1033.000000	23.7884024038377575	76.4175428569332240
 1034.000000	21.4996212609259985	87.1171199419266458
 1035.000000	18.6527154857623678	67.9401725556576963
 1036.000000	18.4511540096245135	79.8824652775803230
 1037.000000	19.2360708556594346	85.0065989036325647
 1038.000000	20.3969277153703565	73.6719095509705681
 1039.000000	20.7780094060720302	68.8757542650674282
 1040.000000	18.7390840138206869	67.1831939927061370
 1041.000000	21.4927834440805192	63.2107809268256631
 1042.000000	20.5212036387694852	76.7911487426512878
 1043.000000	18.6828701016030223	91.2402610265774854
 1044.000000	18.8556923988248748	105.6413112185338008
 1045.000000	21.6330917684922035	83.1737721354880648
 1046.000000	21.5132800764000969	58.0587869643767078
 1047.000000	28.4501227379458221	57.6035394981548592
 1048.000000	27.4342778313063818	59.2350547255337716
 1049.000000	25.6231012157745539	46.3159771567963787
 1050.000000	27.8133884803492144	55.6938904787848799
 1051.000000	25.7668262430867543	77.9660950164797839
 1052.000000	27.1407950135511662	78.2372618011251149
 1053.000000	24.5819051680779914	53.4905690492411310
 1054.000000	25.0042347507895713	44.3627783066166899
 1055.000000	17.4537273995748450	86.6735159673060167
 1056.000000	19.0805087986368846	53.6795662004359144
 1057.000000	9.0425996001477831	20.3118493484257669
 1058.000000	9.0906411368102003	17.7613366962355599
 1059.000000	8.6716198511822729	47.1957545096838942
 1060.000000	13.9976191965536678	24.2334989938633498
 1061.000000	21.3507927453075794	24.6724090785676538
 1062.000000	19.5167780383652705	28.3149336760177448
 1063.000000	19.3526657477856325	65.2004837222233817
 1064.000000	19.2656423375891741	64.2002870434799320
 1065.000000	17.8899466964545191	32.5751763178469105
 1066.000000	16.2398741661120667	27.1214154494354318
 1067.000000	11.9416070154434486	24.0111503443009440
 1068.000000	9.9513938452930653	36.0879088651764164
 1069.000000	9.8526617638178458	36.8810107691116968
 1070.000000	9.8351825806314466	33.2332830858200623
 1071.000000	8.8940367132656917	15.2782720923800071
 1072.000000	9.9937465933832801	47.1322289009126223
 1073.000000	11.0962016033351585	20.5730682789742048
 1074.000000	10.2016315199612322	49.5380159835210634
 1075.000000	15.2228375906108937	67.0468534214759870
 1076.000000	18.8455841334012391	63.3320682188620196
 1077.000000	14.9377257815758142	31.0020779169572620
 1078.000000	11.5749969717452661	45.1154170420969081
 1079.000000	12.7385345769979335	24.7166063167129835
 1080.000000	11.9841431975266257	23.8568898859884087
 1081.000000	8.4688183169451747	49.7793628558629564
 1082.000000	9.5359672728365936	48.4573184313240404
 1083.000000	11.7750043787749927	49.9405496719464281
 1084.000000	9.6701081407363336	40.5633179382296589
 1085.000000	17.5525614692875003	71.8455862343358831
 1086.000000	20.5916736149119792	55.9766210595196014
 1087.000000	18.5146555048163570	59.5714272124955642
 1088.000000	15.8177260238702129	49.0103974230337940
 1089.000000	23.1220223147459016	50.3966841669083863
 1090.000000	18.7582701264067708	68.7430577035828776
 1091.000000	20.3526913635571276	65.2868808786011670
 1092.000000	18.7391059251325487	45.7426360551066580
 1093.000000	17.5829096591743870	43.0359869860032802
 1094.000000	19.1139399901867115	44.1767326339408726
 1095.000000	19.8590062556836671	50.3927724086308331
 1096.000000	21.2673398253217556	64.4733072324647623
 1097.000000	24.1795598444833253	84.9377721880086369
 1098.000000	25.5639657361940102	71.3114720781275224
 1099.000000	26.2552847086631260	83.0999073884468231
 1100.000000	16.7418059603188922	35.6357266811435522
 1101.000000	15.7991454587443609	21.7175406451366655
 1102.000000	22.0466022009181941	39.4913996014315103
 1103.000000	22.7734725302683501	53.9338116107991965
 1104.000000	23.5391896238967391	44.7718897679133079
 1105.000000	23.5737058764387868	55.5125332783657512
 1106.000000	22.7714777867844127	50.3414222578180670
 1107.000000	25.6894601969936325	79.5559695275866545
 1108.000000	23.3089711383844289	56.5787153491207420
 1109.000000	20.5454758207425989	56.0089874993865919
 1110.000000	21.2693034667512428	39.8308851104128792
 1111.000000	19.8955987969519299	59.0861559387823974
 1112.000000	24.3978946666691812	60.8367091516981304
 1113.000000	22.5304806118231191	58.8352455485582908
 1114.000000	21.6010839207690282	86.3637629326286458
 1115.000000	22.6631155625956175	23.1217263605720689
 1116.000000	25.8002878535297775	59.4309040272457310
 1117.000000	17.1350105030862849	36.8550588600942604
 1118.000000	13.6096996615199579	24.1574521386651497
 1119.000000	18.3469078847122979	14.6247710938150988
 1120.000000	22.6333055108295440	59.4718478761572840
 1121.000000	22.0600136026167313	53.5026247071768921
 1122.000000	15.1445975469943743	43.7658695845567820
 1123.000000	21.3135794928481985	12.1051203645392320
 1124.000000	22.7523677885887743	41.7774027078410768
 1125.000000	16.7000117589140551	32.0065823436146957
 1126.000000	19.8519125332982291	28.4769158270993330
 1127.000000	17.6600102504207896	38.0888555664283217
 1128.000000	13.8061777864978996	21.4919502175483217
 1129.000000	19.6927171511943442	27.8371930949836042
 1130.000000	14.4966039897821819	7.6641838388661370
 1131.000000	18.3090541935438011	16.7693428649670579
 1132.000000	21.6645636025773811	21.4663913025968043
 1133.000000	20.5017707551874402	1.6557550855135332
 1134.000000	11.4301150852971709	20.0582574658162684
 1135.000000	23.3967964008454423	46.3604445417769000
 1136.000000	24.6162510575918354	36.9209537902567604
 1137.000000	20.2543625430095986	53.7959968916799625
 1138.000000	22.8269861737079012	35.3375110751642012
 1139.000000	19.9481615367495415	68.7131251011560522
 1140.000000	15.9023813075567944	33.2239639400922329
 1141.000000	19.5202151957226810	16.8363851520797425
 1142.000000	19.5308172750929252	13.5657255428533006
 1143.000000	24.6725434933629835	46.3082809511130620
 1144.000000	22.4478704253817938	49.7321982161778635
 1145.000000	19.8820030025265346	16.6302260838759537
 1146.000000	22.0017388377418115	12.0939586005364674
 1147.000000	21.9670478091167816	42.1014660107936436
 1148.000000	20.3338551056973458	60.7217325512570341
 1149.000000	22.9835018106616076	55.5177085474713721
 1150.000000	22.0921273007784329	57.0110529435252147
 1151.000000	18.3896069510497142	48.3093665593833350
 1152.000000	18.9024641979390857	55.2578984217785774
 1153.000000	18.7152451401793627	10.4421289265728205
 1154.000000	14.4657118056790921	26.8273275897137182
 1155.000000	20.8600628788217612	50.4945731143567969
 1156.000000	19.1101922315423032	32.4321212346488892
 1157.000000	14.4225625852386532	36.0317567164397872
 1158.000000	19.2905474130540604	36.9137505268037955
 1159.000000	19.0825665734426053	31.9697783830916933
 1160.000000	15.5639077406202677	4.1456879836166252
 1161.000000	20.5172489524309398	10.1562975342505126
 1162.000000	23.1397954583945271	41.0261257325818747
 1163.000000	25.4198712813977714	80.8419170107893734
 1164.000000	23.9743090078072782	85.7053590836851527
 1165.000000	24.3891815843797737	36.7867258335722624
 1166.000000	27.2609103441983294	74.1542836253199908
 1167.000000	27.8491691879264636	68.2338223745397698
 1168.000000	23.4112560239503651	62.1631227304892207
 1169.000000	26.9212856486319652	75.8177435319493185
 1170.000000	28.1535422303822216	53.1186449699292922
 1171.000000	30.8548647203746249	84.1705565929425035
 1172.000000	26.8069429909693859	61.0198134177169038
 1173.000000	28.2730126126780839	74.1802454083373703
 1174.000000	22.7283959466623209	82.7680291211606374
 1175.000000	26.2526043180699276	57.0093704667381047
 1176.000000	25.6753087504269466	74.3415824710777713
 1177.000000	24.1601783905195830	55.2636966676331411
 1178.000000	21.1685001600956326	7.6346665761110728
 1179.000000	16.6543666491089724	12.7121021647939756
 1180.000000	18.7065473512650904	31.6952071131186131
 1181.000000	15.7834844921464494	39.1901573910499792
 1182.000000	23.4931143365435027	43.3891105487815025
 1183.000000	25.6641898162646953	61.9022080853327026
 1184.000000	29.3999096548914380	60.6793603156769024
 1185.000000	29.6406055721260557	85.1213579052148077
 1186.000000	23.3808357870553571	72.3021788645009877
 1187.000000	25.1177494047079186	70.9033099042747637
 1188.000000	27.2283088538087483	91.9628963379461482
 1189.000000	25.5770030923476277	108.4605380971112965
 1190.000000	27.4858275304571720	75.5175775704988581
 1191.000000	25.0571592776249048	85.6333559514972222
 1192.000000	22.4065970398023318	67.2334800996702029
 1193.000000	24.5592691561944712	88.4362488328240630
 1194.000000	25.6685780263543037	105.4451587510366295
 1195.000000	23.9908858512840659	69.8326773907222531
 1196.000000	24.9448024483686623	91.7277626767792214
 1197.000000	25.4607987563867404	91.1698588794930771
 1198.000000	26.3993939343729274	70.3139434570418302
 1199.000000	24.7359900856088757	74.9719732956684908
 1200.000000	21.1273526004546000	37.0434610598194638
 1201.000000	23.2944839137011108	49.8056794908278846
 1202.000000	30.3187918581974465	55.2153727672583869
 1203.000000	26.2955586544314244	17.0542164801881597
 1204.000000	21.3651710352013886	44.1128345515205922
 1205.000000	16.5388513496983371	52.8041208989277067
 1206.000000	22.9162934725055649	69.1813998182433778
 1207.000000	24.3333139481933145	31.0825791409004069
 1208.000000	20.4558750095419519	42.2640922567019004
 1209.000000	20.0695960788864483	27.0006080871709457
 1210.000000	20.0353805052855485	63.2600615750170761
 1211.000000	24.9701308041751737	50.7502072414068266
 1212.000000	21.4240386251186017	53.8572915262709273
 1213.000000	20.1603339878109793	69.6922411135163742
 1214.000000	14.8209240988109823	36.4652428769067285
 1215.000000	14.6686662245678452	12.8412129393515215
 1216.000000	18.1599616270311550	34.8738945910540394
 1217.000000	17.4704954801582559	48.1733292892992608
 1218.000000	22.3812055906148508	40.9662128278656894
 1219.000000	16.4396890047208473	55.7637800109045685
 1220.000000	15.8796275089364904	55.7712457362326575
 1221.000000	20.5028421646442602	44.0319706166767446
 1222.000000	22.1198724114342866	30.6818459887101653
 1223.000000	23.7952700752253747	44.5794913998123263
 1224.000000	20.7877595297805478	13.5808681917990839
 1225.000000	19.6404821409613533	26.9775087818034081
 1226.000000	18.6123899424042030	49.9837016002849452
 1227.000000	22.1852050109572154	59.2028237753504101
 1228.000000	23.8085124411869060	60.4242910496855075
 1229.000000	22.6001934253326375	29.3737643901641263
 1230.000000	15.7854677636609910	40.7588899146034009
 1231.000000	17.2580456855940625	58.1945832867215387
 1232.000000	8.9240035126645196	31.8589961003884525
 1233.000000	2.9898636447339499	10.4139740636046554
 1234.000000	3.3006755619131414	25.4337126814414773
 1235.000000	2.9148463034322942	14.3024226552157643
 1236.000000	3.2815471143326627	17.8966990116852003
 1237.000000	3.4694089992763737	5.5909914022951170
 1238.000000	3.1304041295662635	15.8079178949135724
 1239.000000	3.0991761994539457	14.1809081965324140
 1240.000000	2.8887200986900781	19.8031232359713840
 1241.000000	7.0626127177501186	11.7486271160894375
 1242.000000	3.1822123685462773	16.4916145046830138
 1243.000000	5.8194888862604444	3.1832257094392844
 1244.000000	10.3553415019599768	44.9401362508137368
 1245.000000	9.0009246624142847	29.4805626445897531
 1246.000000	9.4821930648642034	52.9753502535442777
 1247.000000	9.7710592487767531	48.5551850633961806
 1248.000000	9.9841144193905667	35.4983215597030153
 1249.000000	11.1404915038799857	35.9109283798441936
 1250.000000	9.5068761671963866	48.4626399623587076
 1251.000000	24.6447702794024046	56.8546979420619749
 1252.000000	14.7699086624689482	19.2185310800823856
 1253.000000	14.6114610667013167	59.1848342495116242
 1254.000000	18.5885685920493557	27.4190494699812461
 1255.000000	11.3008660703677268	32.2947047009301969
 1256.000000	13.3450374364734419	46.8252254829116907
 1257.000000	16.2452891971502886	22.5385898213451412
 1258.000000	11.6524455733083805	27.1627303456338893
 1259.000000	12.3336794123957230	36.3177056436024372
 1260.000000	21.7295479528001039	62.0883294867632003
 1261.000000	22.5610372733807978	57.3014411028387514
 1262.000000	14.7079708629938146	19.0002865327754193
 1263.000000	13.3258713273441582	33.3032730065740736
 1264.000000	19.9765543534561694	45.4586504702432705
 1265.000000	21.8815905975975866	28.0304659248190262
 1266.000000	18.9176715175553660	33.1640280554371145
 1267.000000	21.1005527018226395	32.7873937958017336
 1268.000000	22.8376523063833687	68.1123233232868159
 1269.000000	20.8104139590196944	36.9913516236776161
 1270.000000	21.9644112058969085	22.5880607221284606
 1271.000000	20.6512311680951228	48.6243139081320237
 1272.000000	26.2524588179360947	65.4438768364518637
 1273.000000	25.4356357433524458	48.8793330160578421
 1274.000000	27.4362431625330565	73.6873829195678809
 1275.000000	26.5816962593075310	97.7515903734577449
 1276.000000	29.3743232914772925	77.7364487136129867
 1277.000000	26.7023730015189038	91.5988764784674032
 1278.000000	23.8458978308357175	111.4954922247157896
 1279.000000	23.5308466106067513	51.7036073802785268
 1280.000000	24.0618089654562972	107.6259411498234897
 1281.000000	24.5577209042403446	76.6751471129821311
 1282.000000	26.5874190234584020	85.8230811152598392
 1283.000000	21.8405672764528731	55.5436667061983229
 1284.000000	19.8863101253386887	54.6931069914902110
 1285.000000	18.6858797774194407	73.3078176268831925
 1286.000000	18.8135483326403552	75.8240123945035549
 1287.000000	20.1896258387046679	65.4687377597033020
 1288.000000	20.5343174999276137	47.0382925229521902
 1289.000000	18.8313749259521721	72.8173331114725784
 1290.000000	18.4011387787416751	70.9526969960729730
 1291.000000	20.9131460829829834	77.7820420300961786
 1292.000000	17.6800280565679309	57.9703831176653779
 1293.000000	18.9457628082229519	85.6067145915672256
 1294.000000	18.1842913333688898	78.0463950738821381
 1295.000000	18.0354974146488445	71.2919800062792035
 1296.000000	18.1124244882537404	80.0856044892640710
 1297.000000	19.1232133701342271	79.6660895422643591
 1298.000000	20.2064732782053156	84.8188678495773019
 1299.000000	18.2699775646269096	72.0197879856750660
 1300.000000	18.9145660951770296	78.1025518308844937
 1301.000000	16.9532321138610271	51.7856919150889041
 1302.000000	18.9728251006064106	73.7926767805063406
 1303.000000	22.6740190691267109	79.9190015165457481
 1304.000000	21.8532624097988446	93.1301161080967290
 1305.000000	28.5668285171617384	96.3914836264454209
 1306.000000	23.5761580711027285	99.1788099571431871
 1307.000000	19.6687479242124041	77.9622910223531846
 1308.000000	17.8361925879543115	75.8373153779225646
 1309.000000	20.3846613089529320	68.3138318581353872
 1310.000000	22.8805078409892531	83.1012494466322522
 1311.000000	24.1996793237380743	88.1512150412484630
 1312.000000	17.7975546659960706	56.6249086509601369
 1313.000000	18.3015994960859558	66.1642856029044282
 1314.000000	18.3478624903816474	91.4235665836186655
 1315.000000	18.5917621210829154	72.9297318585740157
 1316.000000	20.5289499252633405	70.2777162537590243
 1317.000000	24.9567334822208764	94.4739985230605015
 1318.000000	26.7871882792200751	101.2599912747038928
 1319.000000	20.4261317924443588	98.8537925521932124
 1320.000000	20.2168887567536437	94.5927858383404612
 1321.000000	27.7603412800157017	89.4496361785694347
 1322.000000	32.5994705994563603	106.9758531705586080
 1323.000000	25.2822639773349351	109.8073512541040770
 1324.000000	22.9258159405633251	127.0117329614078017
 1325.000000	23.9595533461987600	86.7807277703695945
 1326.000000	26.2307872421228936	107.0578063455633639
 1327.000000	26.7096881515142215	109.2624931645230504
 1328.000000	25.1258151502484068	88.3667406054183431
 1329.000000	25.9589521464501836	110.6054520834789514
 1330.000000	25.9731119613871151	82.9195941925819113
 1331.000000	26.0325510365296644	72.3230730155586201
 1332.000000	26.6465685851457437	100.6017478539422711
 1333.000000	28.0101604484392723	107.0353806932376131
 1334.000000	22.8445995713383603	132.8409077534427070
 1335.000000	20.8940615949042439	129.7024669370918559
 1336.000000	22.2203952591587530	140.5931652603527482
 1337.000000	28.1881584142898802	93.2501671027465449
 1338.000000	22.9117912166960487	84.0042684986922126
 1339.000000	26.1841576364709354	97.9357216125204246
 1340.000000	20.1270609875009434	78.8918010706456698
 1341.000000	27.1146257923529248	84.4952071533703446
 1342.000000	25.5764292805181626	103.9457833940843443
 1343.000000	23.6336146873240196	128.5431758135548250
 1344.000000	24.4615891147946520	119.0057086018045140
 1345.000000	25.5745878407444387	86.4923446486716614
 1346.000000	27.5624753310728501	110.9294051336151483
 1347.000000	26.5733813627845521	100.4911128273618885
 1348.000000	24.0115150433027011	107.4292142668279411
 1349.000000	27.3086784317943660	106.4625634097433107
 1350.000000	24.8173396111238880	119.3990497609194392
 1351.000000	26.7640593261821103	93.6503240565102573
 1352.000000	26.2082285301173137	91.9025255352997448
 1353.000000	26.0577512101419693	91.0565104332619057
 1354.000000	25.7424891234501665	93.0038667173945015
 1355.000000	23.7170024036289071	74.7944309384732264
 1356.000000	25.1473210276033896	76.9117798522110263
 1357.000000	25.2896384753799310	108.3698332558768698
 1358.000000	26.5619311685645805	85.6568040298092654
 1359.000000	24.6857719589099140	99.8323593380031724
 1360.000000	26.6196353753715798	91.0492598090636704
 1361.000000	25.9956243113751384	98.4424771423170881
 1362.000000	25.1338627345362298	75.5570785430590774
 1363.000000	28.1233334452991883	112.5135746030569095
 1364.000000	23.6840202388111969	120.1219175536696184
 1365.000000	23.3885754870350517	82.1006380863236558
 1366.000000	22.7600086490073963	99.2578260318382917
 1367.000000	24.6620283073898641	110.8459501919167138
 1368.000000	20.5622516802962991	114.8980251828774186
 1369.000000	22.1029475476026107	105.3142609477521887
 1370.000000	24.8661089613309869	102.7354096175635050
 1371.000000	28.7440302248228541	85.6369428525154888
 1372.000000	27.4206691581703836	93.6858601422235893
 1373.000000	26.6998499942511245	100.8485726582008510
 1374.000000	26.6866612550348279	124.3917271113629113
 1375.000000	25.3708906209249143	96.1185171796261102
 1376.000000	26.5216604469720032	107.8271238865541761
 1377.000000	27.8739727238819732	97.3196809065076138
 1378.000000	25.3804892855305440	117.3895898671623286
 1379.000000	25.2667013226304817	96.4007292704862664
 1380.000000	23.8475601895171181	106.1188198424979277
 1381.000000	25.9353840381254628	90.7186326655935034
 1382.000000	25.3296660402850975	86.6715888518390329
 1383.000000	26.2653210166238864	91.9632758262360284
 1384.000000	25.2924928088498184	84.6112706386191604
 1385.000000	26.2741996562286566	95.1016272027070357
 1386.000000	25.2328604645697112	104.8164619604118855
 1387.000000	25.4061850040050032	91.0528521187697066
 1388.000000	26.9984298199439472	90.6433882698297992
 1389.000000	25.7752716205859009	89.8483636474486644
 1390.000000	26.6558239299695785	111.0389376975992803
 1391.000000	25.7476809081919491	102.2912733547711923
 1392.000000	25.6416329563453793	89.4240959538943088
 1393.000000	26.5675632943664191	101.9507555494247271
 1394.000000	26.5492045698373005	102.2933745406065640
 1395.000000	26.8086767114683902	117.3144027466140074
 1396.000000	27.0514340662170518	107.2607485615321110
 1397.000000	25.8832524677099620	113.6466997705657462
 1398.000000	24.7130992282044062	125.1699502485692221
 1399.000000	26.0007147759725257	109.5249283209754765
 1400.000000	27.9770728917601517	108.1832558597782281
 1401.000000	24.6432108873123745	130.3663879232718728
 1402.000000	25.0483947693543278	98.4639931663586907
 1403.000000	25.5177433252428898	108.5456704069731160
 1404.000000	27.1143208207582163	91.5909665862788813
 1405.000000	24.8045622575430720	117.8149153356185366
 1406.000000	23.6056180240333795	106.2480765385822110
 1407.000000	23.4901591230979747	111.2277267647207708
 1408.000000	25.1624072978662525	108.3657486014508464
 1409.000000	25.1732751200462452	109.2370377367475527
 1410.000000	23.7344342700129864	112.5598089948715881
 1411.000000	26.5471122631387431	99.4963578443905305
 1412.000000	24.7818341511920970	113.4282242902331177
 1413.000000	24.2416144409761714	110.9983208399647054
 1414.000000	26.4019691242106695	110.9034061356380931
 1415.000000	26.2181153553057484	75.8079960721553192
 1416.000000	27.0568166830367431	119.8530952165263841
 1417.000000	25.4637520113898539	116.8058224016567692
 1418.000000	28.6064440171890766	145.5308392250591112
 1419.000000	24.6271069548499675	88.3919287293960281
 1420.000000	29.6694895478592819	66.4081041795600839
 1421.000000	22.9323286218586446	93.0319624988614748
 1422.000000	25.5176331348151351	105.1403742034748063
 1423.000000	25.1250971272491839	40.8803088679828193
 1424.000000	25.9989806073203589	57.2665106751362885
 1425.000000	24.7571843990792253	60.5083924035967016
 1426.000000	21.8286910951005559	69.9239760036059579
 1427.000000	21.4280422428870487	68.8743826225489784
 1428.000000	25.0061150493865405	70.0581758637940908
 1429.000000	26.1850699280800931	66.5839469918448543
 1430.000000	24.7805285290733792	66.3864667507304915
 1431.000000	25.2816497056326739	62.9143801250566099
 1432.000000	25.1964106081360306	129.7392344299679507
 1433.000000	21.1716561377673251	117.6821876424634752
 1434.000000	21.4047690671070825	141.6820079924020206
 1435.000000	25.9106674182104051	118.5466815947007149
 1436.000000	26.0255828683946504	117.0007467553718072
 1437.000000	26.0419440079943030	96.1852996934477602
 1438.000000	25.8460793353615763	90.8755244742688575
 1439.000000	21.9400140191322492	86.7964724415742097
 1440.000000	29.9655045579614701	75.7684602090585599
 1441.000000	26.0330828067648881	94.4661123541273469
 1442.000000	21.0902094798075979	88.5730615839348303
 1443.000000	27.0376561027705726	113.5788228821182173
 1444.000000	25.4081075530973628	108.9620457346957494
 1445.000000	25.1846229077493042	93.1132837964339046
 1446.000000	24.9039222890192136	100.7953638045037508
 1447.000000	25.0519969165564795	122.2742606757080353
 1448.000000	25.6341488871241552	90.5965692656953365
 1449.000000	27.4797025701462658	106.0745387801753736
 1450.000000	23.9495571121359525	101.4781885236735519
 1451.000000	25.4692034474486952	125.1781943821918901
 1452.000000	24.6474179111469454	102.7928187722321525
 1453.000000	25.9672492299312339	85.9706674174470891
 1454.000000	24.0150906095870269	64.3671834149321569
 1455.000000	24.0054961811364933	84.6387492268334540
 1456.000000	25.2713298405654179	99.9495966784709537
 1457.000000	25.1075254888450168	79.4777407234076492
 1458.000000	25.0962493088402034	99.8933393355854378
 1459.000000	22.0681408165224084	112.7610108381534673
 1460.000000	27.0934808117609514	98.6123983915599922
 1461.000000	26.7466139202251405	107.1390982415079236
 1462.000000	24.0675604265623448	99.8571085173470010
 1463.000000	20.2988129999186881	77.6831813108495766
 1464.000000	26.6947020478600798	91.1580794053744654
 1465.000000	23.4843496181328959	79.9373211846770033
 1466.000000	22.2956386034476495	72.6201502242778645
 1467.000000	20.4570071177375823	61.1700502954867744
 1468.000000	21.7892925674682978	70.0060268135139410
 1469.000000	26.7407011990623218	95.8813403280031622
 1470.000000	27.3993690485999721	100.3080463611072304
 1471.000000	22.2212789678258247	88.4779423346213036
 1472.000000	26.7368400308881711	95.0614770133685312
 1473.000000	19.0704951540509917	70.7986887795673567
 1474.000000	21.5800758070466365	73.8002537948650570
 1475.000000	23.0838898947271858	78.3996139836061019
 1476.000000	20.6931885509986060	66.8491359809117540
 1477.000000	18.9490446746159833	77.1126279017837817
 1478.000000	21.4826868336711172	71.8711179262003697
 1479.000000	19.0405382952888758	76.6489274089847470
 1480.000000	24.5170086301301247	81.1964473764354722
 1481.000000	28.5397915187668190	93.4626228154761236
 1482.000000	19.4389636478939742	79.4999180759012205
 1483.000000	21.1189374043411924	80.8566709479616890
 1484.000000	23.3153254235340661	86.0418214477496974
 1485.000000	22.6914953074438266	104.0464412087256534
 1486.000000	18.8491697942861443	128.0677293790094495
 1487.000000	20.8607855045119877	103.4706245885743101
 1488.000000	18.8219752501616284	104.8238212650378927
 1489.000000	22.0377810196131207	99.8768723328676060
 1490.000000	21.3110557832825940	114.7004947668526711
 1491.000000	21.4704588024278458	122.1714477321621928
 1492.000000	24.3001775784518266	85.4028242033574543
 1493.000000	21.3795059798133096	109.3122877372498465
 1494.000000	29.4999974384710164	78.2811604866945174
 1495.000000	23.8241052033357121	94.6054010773415115
 1496.000000	25.7962710245759155	99.3256974400009369
 1497.000000	24.3718193063441433	93.4209974957863096
 1498.000000	24.9417458364480105	100.6738021498074147
 1499.000000	23.9893801003999059	96.4702350709817580
