 0.000000	20.2492365602658708	66.4172654319371105
 1.000000	26.1313586537660889	90.9735392877534679
 2.000000	25.2190279476590078	106.0059832671536526
 3.000000	22.3394088428927091	78.3906119233597707
 4.000000	22.3091310630168671	80.6768247772997427
 5.000000	22.3554174333992215	86.8365864726158065
 6.000000	18.9506508185272899	69.3867931947458771
 7.000000	23.5941770554111407	106.0665925296067371
 8.000000	17.4575148565780189	94.6114855904024239
 9.000000	19.1520487021413786	96.1238739704988063
 10.000000	20.2960973386059109	94.7908316859006561
 11.000000	20.3529385707874901	106.5758775114110506
 12.000000	20.9554251843450636	67.1442540051601213
 13.000000	19.9369954454353362	86.0649325222492791
 14.000000	22.5952626952652587	65.5357961623417111
 15.000000	18.9194427195533805	73.8290492090658148
 16.000000	19.2488308155092014	120.7534880154311168
 17.000000	23.2488057233380481	119.1719067073650677
 18.000000	18.1320429601607280	92.7563267910914817
 19.000000	17.5071127845194141	76.1327582736749093
 20.000000	17.8429479437977534	66.3736850338973881
 21.000000	16.9172429049703368	86.4323718745205127
 22.000000	17.8744389401648540	94.8389388345817537
 23.000000	19.5945619147719619	120.3702293392342852
 24.000000	18.2376070197742308	68.4282491504247616
 25.000000	21.9175629670643630	138.8258756105886391
 26.000000	16.9022475381236887	79.5698128061911945
 27.000000	23.4693445667278660	91.1478447087438184
 28.000000	25.9009330720883284	95.2768106316280097
 29.000000	23.3351691194699384	77.9293457357119763
 30.000000	22.5958728217886176	84.8365590240176175
 31.000000	28.8516164275631759	89.8962116321408331
 32.000000	26.0525117783506772	63.0868458644829673
 33.000000	23.9852732879936461	75.3432196324533692
 34.000000	20.6573461995583578	67.6665568914183524
 35.000000	24.1688436102256112	69.0720297882196519
 36.000000	20.9117120469588116	168.3601228056805894
 37.000000	20.5050719632225196	79.0552854251940005
 38.000000	23.0587455936560133	68.1585961149948645
 39.000000	26.7720888399927759	122.1520572050129232
 40.000000	23.1800095907246977	108.2650202395131487
 41.000000	21.6152745227325092	113.2588154973195458
 42.000000	21.9695006367116825	96.0084978193453225
 43.000000	21.9626075254254474	115.7658350637836975
 44.000000	23.2207239077969803	142.1029376565255120
 45.000000	29.8371141306418259	125.1314612133631670
 46.000000	27.5725520812316276	161.3057695088057528
 47.000000	20.0344081762014739	89.5455452838269963
 48.000000	21.6885158307907524	79.8909304882059956
 49.000000	22.4502371543828367	107.0757822086739850
 50.000000	24.3129322549674072	99.0720212654634906
 51.000000	17.5813912384308573	69.3481785013040479
 52.000000	21.7599583485778219	71.1441126252520775
 53.000000	18.9127939129778539	89.2048743719224007
 54.000000	20.6193986460162755	131.6791861754942943
 55.000000	12.9796787186474312	43.2208373646032840
 56.000000	14.7108142824260213	40.2422546430802015
 57.000000	21.4654925276513850	97.0637909018398233
 58.000000	13.4256405570738764	88.1365776558191385
 59.000000	22.8266382129665928	91.3388117660726664
 60.000000	18.3907145841514819	47.7288426343165497
 61.000000	21.5612272035555641	78.5797212721737992
 62.000000	21.1001833780441359	91.1228311528377191
 63.000000	25.1307121019164406	158.7676622562824491
 64.000000	21.8307685068548878	134.6266216095910977
 65.000000	23.5878408161526636	149.5533521979377554
 66.000000	19.8261470906001698	121.9434267955363964
 67.000000	19.9631145338393594	127.1733069391676310
 68.000000	22.7352432623696963	115.6149478360876230
 69.000000	20.6564268961788002	110.7425000872211740
 70.000000	20.8108635501946893	129.1376652863559684
 71.000000	21.3288179397997588	121.1789325355848632
 72.000000	21.0961318124133328	104.6672416334199625
 73.000000	21.4673952664831553	128.1459420546945580
 74.000000	21.8762846790454866	99.7648194855170232
 75.000000	31.6713425347617274	107.0751819044255200
 76.000000	31.2729037240623455	97.0865377636209956
 77.000000	27.6078125016508054	68.6643838412717571
 78.000000	24.3923468635395260	42.5438213449678528
 79.000000	20.5959790442915427	49.4320325311233262
 80.000000	24.2642109211362254	33.5826458680343194
 81.000000	21.9553164437193544	101.2840359149844573
 82.000000	24.1285916632378132	76.1709286453056222
 83.000000	25.4183080999796616	79.4525837559024950
 84.000000	25.9685751395077880	71.9348129727339796
 85.000000	13.9481832052759049	33.6765713059526774
 86.000000	18.7856477396476436	65.9818723906884088
 87.000000	23.5284074728394934	85.9149673432305860
 88.000000	28.9372531369293782	100.4775225005657830
 89.000000	26.7754632898466340	103.3981909767178280
 90.000000	28.3732334805059594	112.5498481631015011
 91.000000	28.3938525631021932	78.9646535564837393
 92.000000	25.5899950163119314	112.4408181084750566
 93.000000	25.6782990160854148	69.7621142516681374
 94.000000	23.7980605641603731	83.9729753513733073
 95.000000	23.6060579824913539	98.8628510761007391
 96.000000	23.1646195007436440	77.6266527683472702
 97.000000	24.7251050733290931	101.7676112524116974
 98.000000	23.2408437402865466	92.9509411060235493
 99.000000	22.8605138587420527	91.8764911803867932
 100.000000	20.8866593963378548	62.9855680299294534
 101.000000	30.1604017715358346	83.0134087807307424
 102.000000	28.9928548729752080	101.5126688964404451
 103.000000	24.8292858114397959	125.2306690868663566
 104.000000	21.5365543639803256	73.8535460192658775
 105.000000	13.7328868563031854	98.4093839067136287
 106.000000	12.3199152306334376	77.8862443212150595
 107.000000	21.5207615641302574	63.0960106482009877
 108.000000	22.7581552336915500	74.6227363241602291
 109.000000	19.0343762574398845	27.1557370056076479
 110.000000	22.0465290990653955	107.5785035861091501
 111.000000	26.1287261385839251	96.4709073040093443
 112.000000	29.9275357985102310	91.0438907061043778
 113.000000	28.1885248596702596	71.9991397868980130
 114.000000	19.8626831194557028	58.5661564772508711
 115.000000	24.2619061461221648	97.3971350470056336
 116.000000	25.1172588900790892	61.8683234790162970
 117.000000	23.1315436237229193	52.0161104624001922
 118.000000	26.8676099626690288	97.2883798244295832
 119.000000	20.4557577066902638	108.9197995136933912
 120.000000	21.2443674981654240	82.9187839505968469
 121.000000	25.9723047315271209	83.6121079282693813
 122.000000	21.6888068793609712	107.5719293811537227
 123.000000	30.6643072676499067	100.4461122845272598
 124.000000	21.5509679825266751	63.2748216099928413
 125.000000	19.5347256868031671	43.9030769346378804
 126.000000	24.5159211714495484	82.4324536112357009
 127.000000	22.6272599821949747	66.5802759312463763
 128.000000	23.6067794142367831	75.2725893505531758
 129.000000	25.0117602570768653	86.9577436005909874
 130.000000	21.4492157536294314	43.9452653366830930
 131.000000	29.9658853304566932	96.2222681952624583
 132.000000	22.9486906579556127	68.3381233786867739
 133.000000	21.5469989062177589	58.9454240621723784
 134.000000	22.4038427093427259	122.0267699437352320
 135.000000	25.5422843893133127	102.0064675162770129
 136.000000	23.9555799198451069	60.4136532195431357
 137.000000	25.7015372753643589	76.8599511458400286
 138.000000	28.0918248833021309	83.3343878425214228
 139.000000	30.5394350219671828	109.2287307370899754
 140.000000	26.1025047055384150	87.2260424887275860
 141.000000	25.8623973950820698	100.4431819191308506
 142.000000	23.7865236083343810	85.5463938546345162
 143.000000	27.9038319278933749	115.4086515027570385
 144.000000	29.2483291566563430	114.8734137850721169
 145.000000	28.7328218769287993	89.8559637759707499
 146.000000	25.4180004004757620	53.1940371283462525
 147.000000	27.3683100365737033	91.2190091804090031
 148.000000	22.9298571968161866	85.5365933772097549
 149.000000	22.2440373996247871	75.0881061992787835
 150.000000	27.3132212073806926	110.8139913521771405
 151.000000	20.7194179878373781	86.6095389175232526
 152.000000	23.5128953382532266	73.8924971793185534
 153.000000	18.3165594650464314	32.6809469835309869
 154.000000	14.1223822937880055	91.4501256333452659
 155.000000	23.1456616230055872	60.9021897011281226
 156.000000	19.5049731432211004	43.4560899216418477
 157.000000	26.2101910764429427	98.2196539954568806
 158.000000	25.2755815259716776	96.3529402081105388
 159.000000	24.4474250177253545	85.5046785219845162
 160.000000	24.9204749685797644	114.8015340632849330
 161.000000	24.7996225113578035	108.3579989064263032
 162.000000	25.1319313118634824	96.7860330019830712
 163.000000	27.2993534831371250	124.0892801241835599
 164.000000	28.3236144725029710	73.6724688897514284
 165.000000	29.3656205308556082	114.3892898243410770
 166.000000	21.5934794420007385	87.0044223638720524
 167.000000	17.9601367072833753	70.1930054170046560
 168.000000	13.0357627942465371	62.6868744158366837
 169.000000	23.9792007491892889	78.3740086477735218
 170.000000	27.2745539776629116	71.7018674433369227
 171.000000	22.3554561088498325	49.9670222227866816
 172.000000	29.6299551845317808	88.0592065156827317
 173.000000	29.7293152738557218	77.5775731302785232
 174.000000	31.3400417693201341	65.5951174699917914
 175.000000	27.9267478154726803	73.3505302169082540
 176.000000	18.8538773241970468	92.1788180922929570
 177.000000	28.0057358999089629	92.0937170429542391
 178.000000	28.0227466771626901	93.7594978007988402
 179.000000	29.9924140957085541	94.0592281161034265
 180.000000	29.3435816657806292	77.6308017756712729
 181.000000	30.7439937583912659	102.3608148747904352
 182.000000	19.3607831242811415	100.7059793917440658
 183.000000	24.7790922474713504	104.9769800892776317
 184.000000	24.3541972341229851	92.8291312186330941
 185.000000	26.5018307224178145	87.9052168211027549
 186.000000	31.7514228916606669	100.6572498605127919
 187.000000	33.1384853530400676	122.2674475911450998
 188.000000	33.9402650644235990	121.2392332204419318
 189.000000	24.7615548943128623	93.0843985826482339
 190.000000	24.4166489582184951	115.4579117460056921
 191.000000	24.2665348056937837	80.8266894384839958
 192.000000	28.1824571652439317	93.2934041440661304
 193.000000	30.2637357045602187	93.6282367643323283
 194.000000	21.8889409504083083	80.3553742561988571
 195.000000	20.8311146418422304	83.9712619840485388
 196.000000	26.3537678561792745	98.1486714954614712
 197.000000	30.3776613606755141	83.2765407755300515
 198.000000	21.3967587853877852	33.4979890057755938
 199.000000	25.2965919579401515	88.7000073085461480
 200.000000	24.2943342784808252	96.0691498606356333
 201.000000	23.5471871149140988	81.0856990856505888
 202.000000	19.2467531629690498	68.3581540596140513
 203.000000	22.6521346862689441	59.6200300021210268
 204.000000	27.8129392312780404	140.5953471354804947
 205.000000	26.9541559244345841	78.2329375853871483
 206.000000	30.6441993361696667	118.7392816310324406
 207.000000	25.1958435865685040	64.2113688038224382
 208.000000	24.8697019740790637	49.9444240019062988
 209.000000	19.3619099995262651	77.9830026368970550
 210.000000	21.2277778307423688	60.0113815666357056
 211.000000	30.2039852046225263	53.5932417398528287
 212.000000	28.0739668341194459	21.2158144249131055
 213.000000	22.8870843904299193	48.1544200477034394
 214.000000	25.3408588618430421	80.3306017983550902
 215.000000	28.4387758241832174	51.2998116724464808
 216.000000	26.7159774087474631	42.4730804334660661
 217.000000	23.9605567451434389	67.6124112650503832
 218.000000	21.3209546209295233	50.7335730753397627
 219.000000	25.2975645171208328	55.9586930763485526
 220.000000	21.6185509071682667	49.5279735286002563
 221.000000	17.9464759732659225	60.4789547917187065
 222.000000	21.3540595540596030	51.9753091312062168
 223.000000	16.7389285347995305	60.6962769699339333
 224.000000	26.4399998399272924	94.4019456252743367
 225.000000	27.7600859414148182	122.4381332109820448
 226.000000	24.8147342494838199	74.5764831409782261
 227.000000	21.3250694134673857	120.7373970019365714
 228.000000	23.6357556997920568	100.6558801686551732
 229.000000	24.1837495635847901	118.4798552769206310
 230.000000	23.6630306937110966	92.8163024259122835
 231.000000	24.0613628587792938	110.7788635518247133
 232.000000	26.9515115285377327	90.7139245836560093
 233.000000	27.5530929230314534	70.4370047781937672
 234.000000	28.0413296272442487	88.8623255093245206
 235.000000	26.1614767905513297	122.9762048302830237
 236.000000	20.7493816232269062	71.8212183429643147
 237.000000	19.8226494561608142	83.7415236342442597
 238.000000	19.7785409007270623	44.6410017213226524
 239.000000	17.8947868649002082	54.5705800660728073
 240.000000	22.6113004214127571	98.2734851345145159
 241.000000	21.2610312270832793	70.9805863787238138
 242.000000	26.9173839429260831	61.0526177097782892
 243.000000	21.9204919579016888	134.2791301031361968
 244.000000	22.1974452707217473	112.5157120622475162
 245.000000	25.4483065362038552	68.6698288841514994
 246.000000	25.7199181285494696	88.6645213564105035
 247.000000	20.4581611984704637	101.9209825241923397
 248.000000	20.8508989225836991	143.9364308412842206
 249.000000	21.2606746191652149	98.5531238394881512
 250.000000	23.9797917158103928	33.2481045004465159
 251.000000	19.9978332492084263	49.9834419095439557
 252.000000	24.4669371939638722	50.8447668097023779
 253.000000	22.4794901380115384	51.9277065303053575
 254.000000	25.2037777755951886	26.3744900013647054
 255.000000	25.3792404415767479	62.3310514426602111
 256.000000	21.1750322351760722	74.9158953707379140
 257.000000	17.4178055095898863	53.4315969315742194
 258.000000	22.4813591975327256	33.2626253859559995
 259.000000	24.8363769810058770	28.7553167262366856
 260.000000	25.0138303028316002	53.9239761555834747
 261.000000	15.6111646233271930	42.0545282534160094
 262.000000	25.3586679031226581	105.0394913788666713
 263.000000	28.6088207542823376	149.7801547430146627
 264.000000	18.5956889397957923	118.0217801074844175
 265.000000	26.9054707174771188	54.4257804062193316
 266.000000	23.7317421854033377	169.0647771862845445
 267.000000	19.6088876022428487	142.1077130654016116
 268.000000	22.8179001059737097	45.3406203753956163
 269.000000	26.5186253168980635	58.4555880449442498
 270.000000	25.7241533538310314	79.9241083412919266
 271.000000	24.9546593079722712	74.1549439543174884
 272.000000	25.8150437927454952	49.8295173797996540
 273.000000	24.4901061485088753	30.8936367187894234
 274.000000	23.9446668274615035	75.6600420922036250
 275.000000	24.0796068047862661	24.6942333206672515
 276.000000	24.7431694165209848	40.5881104467304681
 277.000000	26.0378505800185849	35.8747045729033118
 278.000000	20.9467709252642038	23.7922528922542256
 279.000000	24.0283590926026314	62.5870388759689718
 280.000000	22.5225661157884574	38.8911524471154451
 281.000000	25.0244827221598882	69.7624567461992626
 282.000000	26.4072813435832181	63.2033763166464126
 283.000000	23.8983303889750935	36.6912349235670092
 284.000000	18.9935564270348074	59.8101943480243818
 285.000000	17.8306780968755376	42.5183502563679667
 286.000000	23.1684032245344262	160.5934217517456375
 287.000000	24.8844777219564328	61.6702731022952264
 288.000000	18.1894280059707896	59.2087011737671958
 289.000000	18.4578313883384446	57.1878076291620943
 290.000000	18.5547016121528721	88.4334082895013296
 291.000000	19.8700347094039245	71.9485355152968538
 292.000000	26.4507832143652664	148.9553149969132448
 293.000000	23.4343891248349792	131.6434774726963326
 294.000000	24.1360317760382728	139.2772974802117290
 295.000000	19.0068101001197505	24.4156505395764043
 296.000000	19.8320683143813739	78.8695179423363157
 297.000000	18.3150666475876669	85.5414451750588256
 298.000000	19.9338100844432198	69.6488834429358548
 299.000000	19.5428361405056314	92.3908853408757551
 300.000000	18.9219514292881996	73.1206215262274242
 301.000000	21.9406857118946874	55.2032169533081856
 302.000000	21.0869323826118595	76.5435899555590566
 303.000000	20.7140230475306097	86.6833342111458762
 304.000000	21.5165314438373230	83.2347146520329204
 305.000000	19.5035282635134237	76.2127221102760615
 306.000000	22.1653676902151773	60.3507664491322942
 307.000000	20.8788133319404388	90.6791432217264628
 308.000000	21.4485196699939458	22.8951847947656120
 309.000000	20.3616092462821285	78.0006825901855478
 310.000000	18.7859852523073876	53.0249792113487075
 311.000000	19.7561081534463909	39.3965918057567990
 312.000000	27.9332290681520270	128.3929541367230058
 313.000000	24.1030652944791335	67.7854352190739320
 314.000000	25.6314171914910283	59.4142183855738182
 315.000000	21.6513499460999874	82.3527417593652729
 316.000000	24.9610873084666203	29.4854796681210587
 317.000000	23.9112935850372210	146.1710339248245134
 318.000000	20.1766702212526958	75.5696354112888002
 319.000000	19.5222667783935862	87.7327096195117520
 320.000000	18.7791559371161547	58.4492273551425114
 321.000000	19.8519316760524802	84.4377427464093557
 322.000000	18.2726009956400013	73.9380830870912149
 323.000000	20.1115371343872624	80.7889400683205423
 324.000000	27.1619516780687569	53.6859212196336273
 325.000000	19.0571939901291039	56.9200779893742776
 326.000000	19.2327207734078875	102.9927178231702527
 327.000000	19.6239911305521488	94.1710544167447665
 328.000000	21.6932079190092146	48.8958258372004479
 329.000000	21.8861804990051212	55.3852991224527784
 330.000000	24.5825836421079735	70.4236144756588516
 331.000000	22.8506332589857841	26.3234600605462106
 332.000000	18.7309364176663742	55.0612423434927933
 333.000000	18.5607410532197719	95.1353191394992166
 334.000000	26.0868002433404165	30.8046389045505009
 335.000000	26.8942752186099696	80.2859475054192870
 336.000000	24.4189027074163221	141.0351915880037836
 337.000000	21.2875275860928213	162.0355470928428474
 338.000000	23.3989529099295517	119.3884222157112589
 339.000000	22.7520476452812481	36.1091523201355642
 340.000000	21.6437761188857927	98.6162391498262139
 341.000000	23.6776216833038156	167.2963119813074968
 342.000000	19.5472615512783889	133.9423155689447640
 343.000000	20.8700435588038644	88.9465726169850655
 344.000000	23.5627675949182240	33.3141237449102618
 345.000000	16.6515223689243150	70.2872912243902022
 346.000000	18.1415044307721054	16.5985282101142104
 347.000000	17.1532009385584701	155.1224088484203492
 348.000000	24.4854753203935367	90.4431089051272039
 349.000000	22.4187107759360202	148.9939078828403467
 350.000000	23.9585962145635989	120.6755310270619930
 351.000000	26.7167796910203741	121.0196094291435998
 352.000000	20.7183296160885533	133.0428267886881315
 353.000000	22.1716131915856423	157.6136323205157339
 354.000000	21.7906915344640808	104.3028476148718511
 355.000000	22.7168345623202903	101.3604355500626468
 356.000000	20.3737752245602302	159.0781953420498382
 357.000000	25.1064090840809904	123.1333408357514116
 358.000000	21.3154561922628254	103.2636746992243815
 359.000000	25.6954392122857875	27.9764542834743111
 360.000000	17.0955540922705396	14.9183440790192208
 361.000000	19.5819156525640494	37.2419429612414490
 362.000000	17.5681597479107197	64.6890828502298518
 363.000000	16.5860629913583146	66.6787862132354974
 364.000000	18.2156383215442297	55.2261388130818602
 365.000000	21.3504054624771555	102.2761100048255543
 366.000000	16.7924905537125682	49.8681286538846109
 367.000000	18.1209254824368280	137.1552156736400434
 368.000000	20.5104686379349737	102.9986827803142830
 369.000000	22.2973883146720766	146.6670779371621620
 370.000000	24.7651148156655410	168.3810013562437007
 371.000000	26.6379243515168582	136.4108840160758405
 372.000000	29.5563708683350619	106.3030440262977976
 373.000000	28.3423947280212545	131.3749738480708231
 374.000000	31.4529542767127062	143.0728230514883421
 375.000000	27.4707649349745076	96.8574770770253366
 376.000000	33.3019347020054681	99.5882520720433604
 377.000000	23.5864268062959361	130.5273870123580195
 378.000000	18.1271736348073524	49.6345165251037201
 379.000000	22.2335548273133945	55.4956257912139534
 380.000000	22.6357539376945773	106.5356289927906630
 381.000000	25.5005953562232222	120.1310048983058891
 382.000000	18.6271426422610418	83.0311444428472356
 383.000000	16.1533484509067975	50.9102393674406812
 384.000000	19.3834191870617296	88.5346669236915176
 385.000000	21.7373162032464009	64.4719548440028376
 386.000000	24.4075015674292786	136.6339622991239651
 387.000000	26.2632809809779815	78.4832759014746557
 388.000000	22.2480209299066019	96.2564376309999687
 389.000000	28.5731961262965477	98.7057477635822522
 390.000000	27.0870689192142500	99.7506279620364609
 391.000000	26.7553201993874836	116.5309024513285010
 392.000000	25.3929372770779018	84.3462277790042094
 393.000000	24.9227561940965643	107.7800090717591104
 394.000000	24.3170393147956077	92.0876302720795366
 395.000000	26.5395020866374374	128.5432112650631780
 396.000000	27.0095169736542893	103.1139230815676058
 397.000000	25.2238099022295152	78.8180209322185590
 398.000000	25.1782123669873528	119.9339033905106504
 399.000000	25.5366080331845247	129.5141827063584117
 400.000000	27.3506929753609249	120.7825850614753733
 401.000000	22.2357709376253503	117.9368566715183135
 402.000000	24.7068269141301080	126.8507828405571587
 403.000000	21.1615058396650575	61.1516324825379627
 404.000000	16.7772772477603986	58.1846475444258289
 405.000000	18.4890967663049715	57.5975623657618598
 406.000000	15.9701684072231771	63.1079831289660262
 407.000000	20.3029903641700891	94.4092673955186683
 408.000000	21.0089809625436210	61.3539738762179212
 409.000000	22.4564034464028559	55.5794938249100454
 410.000000	21.8431759943970576	128.7372129864559440
 411.000000	23.8201344545020639	110.8686219823858892
 412.000000	24.9871255017525691	102.5242390266085408
 413.000000	25.8528838170295572	179.4247529616458223
 414.000000	28.3692756737265164	108.5476260911491977
 415.000000	23.1732196776797643	53.0357394804127438
 416.000000	11.9423439722110842	73.9747714974099324
 417.000000	10.6145552676232633	121.4831145542775346
 418.000000	20.3102457897210016	52.9897009413895574
 419.000000	24.3076571434439153	69.4105742812578939
 420.000000	20.4979352415110299	54.5829471492153289
 421.000000	20.5587532793184025	65.6352625559080707
 422.000000	16.8782203734503966	22.4529177944992000
 423.000000	13.0391091942110684	57.8727496218439228
 424.000000	21.3401113722732170	59.4762362362322818
 425.000000	18.8693153311364519	34.2248141227125871
 426.000000	17.3147434821542312	37.3170472538681679
 427.000000	20.7814451285799393	75.2699816692151558
 428.000000	23.0810163992701227	39.7745393300773458
 429.000000	20.9719759797726155	70.7695433400617873
 430.000000	21.8134270392134866	48.6697851039272962
 431.000000	23.5869319674100417	132.3435826738396486
 432.000000	19.8114928756930979	123.4691445031978105
 433.000000	21.7021653876062288	55.9716768816853261
 434.000000	22.7799459084580178	115.0342894938119969
 435.000000	21.8473162514733410	67.2669668533505103
 436.000000	23.3454126439422005	100.2075286618375856
 437.000000	21.2363473016671485	97.6339486688971760
 438.000000	21.3404003926272239	93.5075091870360353
 439.000000	24.3412084939389146	65.7387865679564385
 440.000000	19.5004864675174012	44.6219621893213230
 441.000000	19.2420147600770299	47.7189799777910366
 442.000000	20.8498403570761326	110.6003477352918480
 443.000000	14.3379023509731365	103.0453239193402482
 444.000000	12.3653408585468476	49.6096760703146629
 445.000000	13.0238399787925196	118.5135329763453740
 446.000000	17.0017363283877927	74.6545840277294275
 447.000000	17.2374906247240531	19.3307796776438749
 448.000000	16.9906141798515868	102.6980399201470391
 449.000000	19.9952104043516385	99.8788139391865855
 450.000000	17.4951716560486226	111.1385222202160037
 451.000000	12.1832624769379922	46.6979464941351239
 452.000000	10.1492948513061574	25.4032588012094038
 453.000000	9.8456376909609737	16.6001184281616929
 454.000000	10.8566990440652305	66.2250255824782670
 455.000000	13.9208775508754332	106.6226335217544658
 456.000000	12.2828347184295676	42.2806961007316886
 457.000000	16.1655957086890218	40.3483679868528213
 458.000000	14.6313212320366528	51.7695448819654587
 459.000000	17.4078394306758106	42.5887259834665315
 460.000000	15.5097033701200537	27.5051355038396821
 461.000000	13.0987215632283611	20.8454448695909207
 462.000000	10.2865635415652115	27.9602049029103057
 463.000000	18.2177834286547480	75.1654578474947357
 464.000000	19.3038116727208369	64.2912567189775359
 465.000000	22.6111266861622440	97.6248076431043472
 466.000000	26.0155856798638609	173.1743469632835684
 467.000000	19.6448770529868675	106.7469303138685461
 468.000000	21.7860616164514553	99.9526479788680717
 469.000000	22.9502594014101433	104.3938948549576367
 470.000000	27.9922654653160521	119.1437905815243710
 471.000000	23.0109692041190463	98.5162748313873919
 472.000000	15.3019050337476532	69.7161250577068614
 473.000000	19.1191459464573370	67.9409148952471327
 474.000000	23.7748951819775165	95.2969556799368149
 475.000000	20.3470245471131008	114.1059634694041023
 476.000000	21.8740619979308413	111.6400413876019826
 477.000000	19.4480416176850603	132.0301090270972679
 478.000000	20.2610014466057180	114.0387816795627032
 479.000000	22.2070184277679203	80.8078825770827791
 480.000000	20.4609583386968659	121.4562971526677018
 481.000000	21.1656222749640293	100.9552294701773292
 482.000000	20.6590258537511531	108.6496062521610781
 483.000000	19.7705532834952926	132.4961458268734873
 484.000000	22.7597031081019949	87.8258595962662696
 485.000000	21.2757260936767523	88.1836724980277467
 486.000000	23.9816661595591647	109.0288168239511464
 487.000000	23.4747148102848122	84.0311810141781876
 488.000000	24.0139751565650457	109.2720696613919671
 489.000000	18.1299281409399278	61.4017038750049267
 490.000000	24.3557519330700671	93.8269109232300451
 491.000000	24.0420570905738664	69.5894025737518689
 492.000000	25.7460543567825439	133.3446577577828123
 493.000000	28.6884347918477651	92.3128054484818108
 494.000000	27.5277885272858285	71.2740811499751743
 495.000000	24.6123410387604764	94.3783065173453934
 496.000000	25.8427394895153881	95.9440441410342260
 497.000000	23.8158963136667730	90.0517205527404343
 498.000000	22.3237502427126806	136.9852080637406004
 499.000000	22.7382535868702611	90.5211622182572029
 500.000000	19.8608325602273936	99.4642390742532001
 501.000000	20.2571581059154511	127.2910128850757019
 502.000000	23.9421666369715993	85.0973224718772343
 503.000000	23.1548306871553642	79.4807321206105541
 504.000000	21.6216691615233572	80.5227687920471453
 505.000000	20.7750900451562046	74.8481071908734634
 506.000000	24.5760958974840413	67.0799958239507674
 507.000000	21.8700482548891628	85.3335573756816075
 508.000000	24.5197130654326330	91.1141987761917420
 509.000000	25.3006305550787864	74.6634502516010201
 510.000000	26.6878563994683446	90.1212561808022343
 511.000000	24.5967511544950348	98.2086646001980483
 512.000000	23.1121898449538001	81.4072326469668752
 513.000000	25.2583264470701394	93.1797860705109713
 514.000000	22.0831085596224881	76.5889180655126438
 515.000000	19.6129236875467754	71.0203526620111489
 516.000000	24.3039040346019952	103.3732790359743205
 517.000000	22.4106685770284564	95.6364250750847305
 518.000000	23.0832532903865086	86.4522062820762471
 519.000000	20.1683533227437159	79.8168406018740484
 520.000000	23.0388795813928660	102.7644005694158409
 521.000000	21.4829378179763744	107.6815862750271577
 522.000000	20.9934501786971168	100.8804820214892288
 523.000000	21.8979389157680941	67.7739212959214115
 524.000000	26.2279520072274508	97.4137834586293110
 525.000000	23.8927327037588562	79.8093309357321914
 526.000000	20.3126641857898420	116.8703680144294310
 527.000000	22.5313691755646275	102.8264454531951628
 528.000000	21.4672619064181553	108.1193866376149373
 529.000000	19.5748647584737334	120.0885789969613313
 530.000000	20.2620054682616555	100.7687190083892830
 531.000000	19.8008371438284918	93.3455152297097044
 532.000000	23.6118106779773349	139.0348223706968724
 533.000000	18.6452599017134268	99.4896289469072883
 534.000000	22.2822463820982861	88.1203910159310908
 535.000000	24.3924626753749152	111.8561247937831240
 536.000000	24.1981012927169843	93.1589510609715745
 537.000000	23.5335886879622613	70.9215231448375079
 538.000000	21.6476723774248399	103.6910623177748647
 539.000000	24.4358202464957799	124.0690985796973109
 540.000000	21.3628089120994602	130.2024764515421680
 541.000000	20.8523183701467367	127.9641026324008521
 542.000000	22.3708851842129270	110.6767386963915385
 543.000000	22.6825589581949671	104.6997512986721404
 544.000000	19.5460584357380185	83.2236282070474545
 545.000000	23.0125783690158592	85.0357383985128195
 546.000000	27.7098684698249862	107.7031179747700946
 547.000000	17.2080504685078033	47.4824774353928092
 548.000000	25.6262060560091207	75.9175343730090901
 549.000000	30.5726314300588555	108.9507033536509795
 550.000000	23.4130216277969652	82.5156774934249029
 551.000000	23.6389718480469675	94.0348711857540991
 552.000000	18.8552164972345260	72.4349699478312061
 553.000000	19.7403358639878093	71.3165913454150484
 554.000000	23.2289009658208059	105.8506114424559001
 555.000000	20.4375499008543038	103.1021105315615927
 556.000000	22.2935938057043117	106.4036629746521783
 557.000000	25.8062470802867985	78.3860051138003087
 558.000000	27.6099833040412470	83.8378914678400520
 559.000000	30.6525050408899595	113.5588446078954519
 560.000000	31.2878560507091592	98.5373045901208684
 561.000000	23.9265446236022647	90.4285918015620069
 562.000000	27.8690447329699111	108.4480234263696872
 563.000000	25.3908573920422249	111.0694561717520656
 564.000000	21.8420414029929155	57.4068202618582148
 565.000000	26.2298377049513860	83.4431319696180509
 566.000000	25.0037414826859923	115.1914932338214612
 567.000000	26.3349200044177501	90.5179206589321126
 568.000000	21.6362867443618754	67.6886782991663978
 569.000000	20.1418226474777633	54.4424024390512784
 570.000000	27.0282012128755369	80.6357975976486188
 571.000000	18.8525973527598936	73.1956919728103657
 572.000000	20.8053238420401989	69.5676576677237648
 573.000000	20.4480963099233826	71.1962374546740193
 574.000000	20.5832915882325729	70.2867822332690935
 575.000000	19.8725944248511333	69.9224431741561858
 576.000000	22.3638206115754663	114.0526659069530950
 577.000000	24.5341466593546969	113.5573813040292066
 578.000000	27.4150549660575820	80.4068807302919879
 579.000000	25.6530385764652955	101.6543981996674546
 580.000000	27.8159419302209692	98.0726046117340928
 581.000000	27.7259807149852513	103.7526601092330480
 582.000000	25.9404576401258034	126.4096177786051953
 583.000000	20.9827779743023086	115.7906043581552069
 584.000000	23.7819641662039452	138.4528061999007207
 585.000000	22.3476350232793699	111.1586968523307917
 586.000000	24.1045872756053967	123.1618280234559251
 587.000000	24.4330638596794572	100.6035279075064892
 588.000000	19.9629397113203915	102.6166590389509992
 589.000000	22.7927275115696872	121.2373390303024223
 590.000000	21.3161694649229254	123.0804860329607635
 591.000000	20.6923093151504673	101.7086362884908510
 592.000000	21.0298320723620051	102.7113063020925239
 593.000000	20.4850806989586971	108.2693982111445337
 594.000000	23.3887698665306019	123.0265643863947673
 595.000000	23.9394393023981458	93.1018489000819756
 596.000000	26.0726361298899469	82.4042845196210152
 597.000000	25.5082079901689376	94.0239508834253144
 598.000000	24.8134985041262155	104.9842817423439811
 599.000000	27.7976203101480799	92.1989825591165300
 600.000000	25.0500836907698243	83.1977831829016452
 601.000000	24.7331964252512222	164.0085686948331727
 602.000000	25.1470275446216220	99.6078206074178070
 603.000000	19.8681970520249287	101.0267992763884308
 604.000000	26.1506127062407998	127.3805517739117192
 605.000000	25.7383743921126253	125.0408789973803323
 606.000000	26.3515477378558245	107.7054833759103900
 607.000000	23.5031708330833524	84.7128221172452527
 608.000000	24.0829041804651496	76.1657909110927136
 609.000000	20.6793925064441950	71.3446276109552571
 610.000000	23.0886865514503619	109.5972810682969651
 611.000000	22.8921206419396910	76.7476012234847502
 612.000000	23.3270600388372351	174.1791641196943772
 613.000000	21.6408359142323015	134.8881853092894403
 614.000000	22.6713932280344075	109.7469528988455494
 615.000000	23.8917939655016305	84.0462782576056497
 616.000000	24.1839806611421473	96.0243279957849865
 617.000000	23.7610696671127926	109.9599327436713025
 618.000000	26.3690140041076369	92.8273655085962019
 619.000000	22.5939985250895425	131.0515775761353154
 620.000000	23.0388457175758425	139.8620846849347572
 621.000000	22.8235476150562455	76.9689109407879926
 622.000000	18.4584100422760464	87.1101225629329434
 623.000000	19.5336579772998959	73.7485926460419847
 624.000000	26.0779897515068910	117.0271551485754458
 625.000000	25.4182103415023199	115.2532342675132924
 626.000000	22.3272808680358850	127.5476489456587785
 627.000000	17.9453536512916152	98.8748747264258441
 628.000000	19.4073548271334460	117.5104509688373184
 629.000000	24.9186994230938801	92.0094028280546752
 630.000000	31.0255946142383152	120.1339591845607799
 631.000000	20.0147620409343112	107.7555068282700290
 632.000000	23.3790787612927211	95.7184422996753739
 633.000000	24.3651198502718636	134.6620079068805467
 634.000000	18.8184624733975809	75.1269947722375093
 635.000000	14.4397172270291190	49.5151228237527334
 636.000000	21.7381521259144108	97.9082261980579602
 637.000000	18.1364034531195948	99.2019598425090692
 638.000000	17.9097160352564266	76.0799672732002392
 639.000000	19.5350341568994708	106.3416456425518817
 640.000000	24.1194128682001292	114.1847590852992909
 641.000000	23.3526378861480772	91.1732146572673656
 642.000000	22.7718654300246470	106.6854980864820277
 643.000000	24.0500637646928759	91.3847435207058680
 644.000000	22.8587823638752248	101.4075423717173265
 645.000000	18.0599714597201881	66.6658717974154058
 646.000000	19.2584823367339304	58.8345812893557962
 647.000000	21.2799723951373103	43.2728160108531767
 648.000000	19.2890033423172866	75.9055697172298238
 649.000000	18.1837957883949564	50.9157904407665853
 650.000000	23.4516855903034092	76.9613725056359783
 651.000000	22.9642476660525681	54.6447192412369702
 652.000000	18.3477957491794150	77.4712852949054707
 653.000000	18.2289714469051809	84.4612198638208724
 654.000000	18.9143108170877738	67.4110628497525539
 655.000000	18.6878102809643885	94.2076346500149526
 656.000000	28.9288975657454479	125.4091792320955676
 657.000000	24.4409662048674967	112.5173342863091079
 658.000000	22.7656185104358286	110.8674236107680144
 659.000000	21.4919103273464955	108.6181080246907129
 660.000000	25.3904341437104719	102.8028052038602453
 661.000000	22.9348303753638589	99.3084484478225278
 662.000000	25.5215798122374515	101.7986369293840170
 663.000000	23.8188706647880721	104.4790167366275284
 664.000000	21.4157308978749086	107.6873704590709622
 665.000000	23.0052094452303209	83.8872558273716749
 666.000000	15.7102245872103445	58.3370180275019834
 667.000000	13.2190997600823206	96.2310987410620271
 668.000000	12.0834824652381041	70.6850161369050340
 669.000000	13.8839935781393926	108.0731070822244249
 670.000000	17.7131904987560631	106.0255194282400737
 671.000000	16.5641450924276263	97.2954290290720536
 672.000000	12.5335297382278448	102.4738061052887588
 673.000000	15.1711749916638716	130.6442341093800223
 674.000000	10.1190778485293382	88.6777852512463340
 675.000000	13.6815786650033377	80.2166268992890110
 676.000000	7.1166248660401417	136.9447037185815361
 677.000000	9.2941487975721842	113.7136255152317830
 678.000000	15.7360132686805265	99.7863019589753009
 679.000000	18.8004454367770961	109.9992338248042358
 680.000000	24.9742064729012938	98.2652118201794451
 681.000000	24.0196833279903004	71.3261548968725663
 682.000000	25.2760943140573531	45.4918019023780573
 683.000000	25.4642244566685214	45.4560530491928318
 684.000000	24.3469787899034493	72.7942420810190924
 685.000000	22.7900614826786807	49.4115662147753767
 686.000000	27.2019860588685880	148.8859214517727878
 687.000000	23.6795503763010409	68.7362137498213315
 688.000000	28.0846448470022025	130.5373127020903894
 689.000000	26.6041973490344930	54.1283048287691031
 690.000000	23.3822618456582987	43.0214422587421552
 691.000000	22.5018409070220251	25.9428680827953997
 692.000000	22.7083634614006407	49.2851427037889493
 693.000000	15.9428171711106419	58.9706166649020673
 694.000000	29.0868523383943511	100.9819360959020713
 695.000000	27.4550067314674919	68.5156100991925854
 696.000000	25.3580113267573175	33.6776212419717638
 697.000000	23.4146729461309171	111.2194275866902444
 698.000000	9.4701509492439282	40.2174179159314349
 699.000000	17.6870850621944697	126.2532232576679405
 700.000000	17.4086612982218547	31.4411962341858384
 701.000000	13.5420107573753032	47.0528769671823568
 702.000000	17.6014379703944037	128.8636200974897861
 703.000000	10.1246871249947858	47.8928773161908907
 704.000000	16.1157597478952432	23.6399465477293234
 705.000000	18.5400307319584385	24.6197397807087839
 706.000000	21.0090183919537843	149.0220417292459558
 707.000000	22.8557785074689406	52.1257640104442430
 708.000000	25.7926111172438475	79.9341294319274169
 709.000000	23.7975603845120709	44.9721424318428546
 710.000000	10.7759471272224516	104.8298227196910943
 711.000000	15.0867152160682174	94.9928433552667286
 712.000000	15.5469770918520727	96.5785344218009385
 713.000000	9.9963708962684343	128.8528277916458649
 714.000000	11.1101809955457203	73.8799258171207072
 715.000000	12.4765468362223064	164.9080404228547252
 716.000000	12.5262706146491940	148.4295758481402743
 717.000000	11.8887133916895138	103.1967161153506680
 718.000000	8.4725640870097845	148.3552996585395363
 719.000000	8.5246296843821678	158.0261438200230373
 720.000000	8.5733073342355564	118.6496765372407083
 721.000000	19.6381847483283849	112.9293303493660687
 722.000000	14.4186681124724760	151.9769699634519498
 723.000000	8.4934484307256000	135.1353164787970798
 724.000000	12.5450061744217045	98.0940210929770871
 725.000000	7.7901074083757686	154.3632282836403533
 726.000000	18.2694783874408948	99.2388066996982872
 727.000000	21.1002839926385626	80.8096913940036785
 728.000000	15.5110863655451450	128.9896757508466294
 729.000000	19.1062894270437091	142.5325402821130183
 730.000000	13.3462368812195677	64.2032778073658221
 731.000000	14.4735102050803519	41.2800539865561689
 732.000000	10.3897721189836432	127.6293687446581657
 733.000000	14.5353051128957489	64.0955730592575890
 734.000000	23.3457931653317878	33.1022780392861762
 735.000000	20.1989140619598011	75.0910244984674478
 736.000000	18.0591482827988088	31.2264737845076183
 737.000000	19.5390312013226115	38.5733863548209399
 738.000000	12.4233685863726038	95.5502337243204636
 739.000000	7.7528898411726548	98.3068496917096439
 740.000000	8.4495348564973636	48.2516712582369678
 741.000000	11.2002753555152168	71.3671243507542243
 742.000000	14.5905797391858556	53.5730880164696543
 743.000000	24.6925891255093788	81.1369682003216894
 744.000000	19.1807386974294332	49.4998954790006565
 745.000000	9.8628345252493332	36.6765391475572358
 746.000000	12.5797288047343425	51.2416652227116174
 747.000000	16.6441904534436382	32.8780234049621640
 748.000000	16.1443949619241067	35.5900703301189480
 749.000000	11.1552083042400234	59.9537856235444480
 750.000000	11.0141447258350862	11.1498954977561198
 751.000000	14.0285229909652127	30.1106263006869028
 752.000000	12.8164346059107270	74.2509833675516830
 753.000000	9.0134286658617988	45.4877969162356237
 754.000000	7.5998864147425911	72.3736201531234400
 755.000000	18.0723858415423884	23.0087824268925942
 756.000000	20.5077968016700112	20.4751987566126274
 757.000000	22.4533125753677751	150.9397194494560779
 758.000000	15.8362826551746299	67.6481881023841822
 759.000000	17.6567889918776793	53.9570005886603212
 760.000000	20.8535926012783115	31.2267387374797067
 761.000000	22.6295404709573198	170.5562745458815357
 762.000000	16.4669790026960534	126.0961437430792245
 763.000000	26.3839714189649364	105.4209555894078960
 764.000000	22.4710488278677971	40.3936321469728625
 765.000000	23.4398954741695640	57.7202782886013495
 766.000000	17.2870025030686989	65.0152498523658267
 767.000000	21.3687610901383493	62.6197981385399913
 768.000000	25.4478146125918769	32.4059800930084805
 769.000000	22.8512932960122832	11.9254390166571511
 770.000000	20.7217194928872637	8.9048201210466118
 771.000000	23.2237475013992700	22.1432187359004615
 772.000000	24.0524889695737585	28.4638106624703653
 773.000000	21.0990425475004422	48.8136447885132156
 774.000000	20.8867640876952017	75.2632477717558999
 775.000000	16.5904781435108255	96.2174788782458847
 776.000000	20.1326087229010469	50.7058049153476418
 777.000000	21.6265226660151590	52.6974368305036336
 778.000000	24.6876897627825898	167.9940032051025298
 779.000000	26.2844338210824766	20.0900003597800207
 780.000000	18.7427154778420828	136.0252365052459709
 781.000000	8.8014940434327613	93.5058818154733871
 782.000000	8.1127684993716844	96.3371751702941452
 783.000000	14.3592915560555774	134.3225501068578183
 784.000000	18.9053150958657135	79.0810518843103694
 785.000000	21.7712966744814693	71.2073921855297414
 786.000000	18.5690081967554192	89.6266322705520651
 787.000000	11.2468889038341882	129.9262983702387260
 788.000000	21.9155433363735028	4.7707141693877873
 789.000000	24.7561042735044587	55.3075850329667986
 790.000000	23.5711973401752211	25.2679543399454758
 791.000000	24.2283136714530656	169.7801530533998005
 792.000000	17.8926136024856106	111.2806728739972613
 793.000000	21.2854840718059890	148.6973978291800051
 794.000000	20.2038296212350943	155.8626313159082883
 795.000000	15.3687722467158459	117.5758851648161851
 796.000000	15.1303975020004309	108.2043282364425067
 797.000000	10.3323980263960866	116.3693417426812289
 798.000000	13.0538837762571553	114.2308288620722152
 799.000000	15.9715701092318660	103.2781727355909993
 800.000000	6.7065936550649381	133.6994590984485285
 801.000000	10.9232792801589103	135.1569339410716566
 802.000000	10.5301179359274890	111.8257616618649308
 803.000000	20.7574298365044143	130.7716985580624680
 804.000000	11.5840412590308421	127.1359567345555774
 805.000000	14.4041562533225100	136.7153025090885876
 806.000000	11.6382748421761075	133.2604780177792918
 807.000000	17.2999734724501621	122.1738020078725810
 808.000000	25.8975869445024927	39.9548733059893948
 809.000000	23.5474952078632569	116.9084499629170324
 810.000000	14.6553670241232883	66.0831895629830086
 811.000000	23.4382253659059963	22.1297331518191527
 812.000000	21.6252226938802856	90.4439872368465387
 813.000000	18.5071427197926681	80.7770031553672965
 814.000000	20.0548464267868205	48.4754748884505773
 815.000000	15.9144818863861772	76.4969775600105208
 816.000000	18.6867182336199242	78.8281768056497043
 817.000000	21.6803702317722937	54.5111116899775539
 818.000000	25.5954970742970254	15.9176215493165500
 819.000000	24.6195766003398973	32.4612202896982183
 820.000000	25.5789527886776646	24.8766096961884671
 821.000000	27.3402394281300509	37.2349428458481100
 822.000000	26.0264772179530581	54.4481754158764630
 823.000000	22.2189034615582663	83.5671554848668876
 824.000000	24.6130725011795377	57.9019689474634873
 825.000000	20.5598606413497507	74.3806281526253770
 826.000000	27.5492504882038496	89.2787811231409592
 827.000000	25.1662047304101826	54.5563445400353260
 828.000000	27.3493099630779177	108.6107949767738035
 829.000000	23.6850297517115855	87.3507525542119083
 830.000000	20.5360605962762861	70.0240004618779750
 831.000000	21.8421684877221480	77.4078644203224968
 832.000000	24.9999851277189897	51.4449387959858200
 833.000000	25.3187297739566013	114.6994721867835523
 834.000000	21.4388437814713733	54.9994746429024559
 835.000000	22.0355466166089080	69.7860793320895851
 836.000000	19.8557261082945757	78.9143235618717682
 837.000000	17.9343232848707856	116.4882680850599854
 838.000000	20.2165907489727168	17.4429690936405279
 839.000000	22.6801465492297929	105.9259666362976446
 840.000000	22.3688131318072401	97.5547939099626689
 841.000000	19.6335721356992039	94.8177382303077962
 842.000000	18.7179470506498475	93.9380313648314313
 843.000000	18.3155328876327204	85.8485014881939463
 844.000000	16.6415381698399187	81.9703158218148360
 845.000000	19.0544082972302533	76.8145263108979890
 846.000000	20.5683313213825656	30.1459138952309331
 847.000000	19.1537171877310541	71.0453535849574394
 848.000000	22.6678750828798243	58.1865069422662344
 849.000000	26.8600379330815144	74.0121518895663826
 850.000000	26.2525178162117321	31.8471962778588988
 851.000000	23.7524762561918052	70.0528412342927567
 852.000000	24.1164152594503491	33.3242659579853182
 853.000000	19.9127510717314244	54.2790713857434213
 854.000000	24.5535386036013534	73.6983037107013530
 855.000000	23.6135560615499571	38.7158236632017463
 856.000000	23.5722489646358007	66.8371302064151394
 857.000000	19.2795981834371055	50.7397084808656018
 858.000000	22.8934574170030416	69.2153862927634833
 859.000000	26.4184476023813133	79.7225206291564632
 860.000000	27.5220508692345938	18.3189488542197978
 861.000000	25.6070403059194938	21.1964182267813612
 862.000000	23.4709651641605674	40.0857967203918690
 863.000000	27.9676982731604227	112.8481370290952128
 864.000000	24.6031905896897172	34.8577278713968042
 865.000000	27.4983295692565974	36.3317240489898268
 866.000000	24.7274325876233370	44.1497747063502572
 867.000000	19.9125873581763670	86.9683316003375495
 868.000000	25.6784631966283108	63.8963302709088481
 869.000000	23.9705517217683841	79.1102441975132535
 870.000000	25.4780131042459743	12.6916775674197879
 871.000000	22.3381214860956590	47.8883422865878288
 872.000000	22.6682604375879180	174.1005769365654317
 873.000000	27.3818795429984974	34.8689115658444564
 874.000000	24.1368617030618680	31.7422988789485601
 875.000000	22.9960801174408651	15.9516392718035718
 876.000000	22.5774369654671148	12.4181374472021844
 877.000000	19.7169117321321394	30.4055179517557974
 878.000000	19.5102760980150727	120.1388359555445504
 879.000000	19.5415167864777786	113.2102990557937261
 880.000000	21.9263394643828491	37.6368797921297187
 881.000000	20.4193381810942505	59.1747588742637447
 882.000000	18.8921964416616071	75.2327423800756350
 883.000000	21.5412319035208952	48.3409082477185166
 884.000000	28.5066496946559589	121.0705661113000815
 885.000000	22.3214123122906720	55.7552106640262934
 886.000000	25.5654338123013609	46.4172339165115204
 887.000000	23.3477027293014174	22.9948704533884154
 888.000000	22.2690477288274700	56.0327490886622712
 889.000000	23.6867505395597284	132.8598319741461751
 890.000000	23.5169280937544585	63.0756449400720953
 891.000000	20.9741938510863832	25.7235059298127737
 892.000000	27.8052112337477908	126.8020943665586913
 893.000000	28.2893933675681595	99.7849564738323522
 894.000000	26.8448860946603389	82.8897101779509171
 895.000000	26.1159291666286570	132.4585344761864008
 896.000000	25.8454930030361396	58.0821845677129858
 897.000000	28.1464285763430730	131.1553433078590274
 898.000000	21.5543376872507615	94.3190234652061008
 899.000000	17.7365390415729998	77.8812710474460488
 900.000000	21.3590108485282713	126.0435017250429723
 901.000000	22.9175394975702389	94.5671444478506231
 902.000000	18.4554137501880042	112.3873119993990457
 903.000000	20.6648682977297398	86.4668874241191787
 904.000000	25.3620405606638393	51.3983265507201850
 905.000000	30.3284623345777611	145.7927494638922497
 906.000000	28.5123523491798814	122.6929378354200821
 907.000000	27.1920379887326682	63.0111938370590963
 908.000000	23.0992147654579654	75.9832909856832970
 909.000000	21.3554339046490256	59.5082026763334540
 910.000000	24.8274331870515219	65.9363120103752891
 911.000000	24.7213452670846436	132.3472828465482678
 912.000000	20.7282043149203652	30.3935777927400466
 913.000000	24.8212741861666615	139.3246610907148693
 914.000000	23.2377788641356773	6.7387582924745573
 915.000000	27.8421085917165065	90.2087967496523220
 916.000000	22.3980639987349761	46.3419168220574136
 917.000000	22.3344641863240909	36.5663069739431137
 918.000000	16.9795342843898887	71.4388723557834595
 919.000000	23.8027765982682418	28.0385787581845705
 920.000000	23.6630181913495399	28.7903912068081809
 921.000000	23.1691948973773840	153.9391035243828298
 922.000000	28.1964605139730935	95.2869869352192183
 923.000000	20.6747862956079800	177.2698369351585370
 924.000000	24.3468757505079942	32.8256615805012757
 925.000000	28.1186817609273731	42.9067427807245565
 926.000000	27.7413733049391489	118.6879760400495769
 927.000000	30.4587563529135856	127.2166785280033281
 928.000000	27.2537358533678393	49.1444404783351843
 929.000000	25.6259665030065271	57.2512313377482798
 930.000000	26.6627537761119484	139.4010583939571575
 931.000000	22.3127233892885641	36.0551550868401591
 932.000000	24.4813537191403583	131.1885607042283368
 933.000000	23.8305480052149363	34.1886579358591689
 934.000000	23.4829753934011052	21.7849569422344587
 935.000000	22.7654997509707258	43.6698955069165891
 936.000000	28.1507543746127595	24.2139327282505121
 937.000000	25.1541828317463541	62.2468931341667826
 938.000000	24.2207975217840357	63.8900534250004313
 939.000000	25.0912615452379519	58.5427689983541342
 940.000000	30.3957748959600664	123.3513246243794441
 941.000000	22.8631470545102502	86.1198550148370288
 942.000000	24.7226384358662443	53.2032041575123174
 943.000000	24.2866573286542042	54.9109948136252086
 944.000000	24.9723199001466156	53.7689674558894666
 945.000000	21.8453416306253558	52.8703650476635971
 946.000000	20.0669590931000812	43.0254529878069718
 947.000000	24.9619498563278306	74.3320868125509406
 948.000000	24.0641098173687915	31.3213842946160526
 949.000000	25.9347181769032069	70.1440148323200816
 950.000000	19.6945085418764343	46.6596258796718644
 951.000000	19.7563398668063996	71.9560359138627490
 952.000000	22.5054586476232394	73.8773665831051574
 953.000000	22.0685587747588414	67.3064148711700909
 954.000000	26.4616061262162745	145.4081235823718998
 955.000000	19.7565778886755972	27.3181902064324333
 956.000000	18.7380815298690848	66.5669917680408787
 957.000000	18.8337750717813073	65.5033491075823662
 958.000000	17.8179969764681125	38.1784382405037945
 959.000000	20.4702983283340494	118.4453703241543678
 960.000000	15.5526698736767237	80.4122881582074314
 961.000000	16.5539979144630429	69.9669342571877166
 962.000000	17.5959149966897428	40.3363505108246443
 963.000000	22.6907330598787098	59.3677771466582698
 964.000000	23.3585452021365825	130.9416401532442364
 965.000000	22.2421781235499658	156.4623787477536041
 966.000000	21.3998736852607543	75.7619690008489926
 967.000000	25.3228478004246575	39.8573888366894096
 968.000000	19.9336596139004172	37.4094419983547368
 969.000000	23.5079896232547156	113.4120196829980074
 970.000000	25.7519785810994364	17.5298950094290262
 971.000000	23.7028325594258433	4.3905318151228983
 972.000000	31.2622435055557517	114.7052811233447613
 973.000000	22.2273952933832888	114.5614016573888847
 974.000000	19.1501561088638113	99.1490180500273510
 975.000000	18.8064189628584266	54.7035823160257593
 976.000000	20.7004276954486350	111.0866108055206638
 977.000000	23.3823138263486108	149.3171706334015880
 978.000000	20.4355538426678685	105.3559222255281895
 979.000000	19.4740147034398952	64.4200111874312853
 980.000000	20.5151470893831451	87.4033475214769737
 981.000000	20.8581066590187056	80.2916155125321467
 982.000000	19.4509996350628427	75.6050005553264128
 983.000000	20.5166640459113125	64.0488852032205074
 984.000000	18.4686529656167586	63.1448855435675824
 985.000000	18.4475367716557308	64.2040556679068715
 986.000000	17.8257178682188595	87.4884443926173674
 987.000000	17.6768359384655582	74.3208219594138626
 988.000000	21.4914009413490561	35.8865057707967594
 989.000000	21.8554856824932635	68.8743850351377631
 990.000000	19.4450922700707380	48.1712091166529888
 991.000000	23.4220564655669108	56.2267767591299901
 992.000000	25.8749403919086944	145.0422625517761333
 993.000000	22.5462164937606779	63.0444391879943566
 994.000000	19.9261682454797295	79.0676475393916860
 995.000000	18.9606077191155862	79.0731499021358673
 996.000000	20.0625910399722756	63.1907516463326857
 997.000000	19.0209998091260069	67.7441828844368246
 998.000000	18.7255333804514734	82.8844927106401599
 999.000000	17.5001371206337062	90.4861321375479974
 1000.000000	20.0349884685338679	90.3459730501006533
 1001.000000	19.4011182022184379	110.7687362855492523
 1002.000000	22.5241465209078733	126.5695737388296038
 1003.000000	24.0676015223278021	105.9981035363486939
 1004.000000	14.3522564200188114	18.6534414118297889
 1005.000000	15.0226554082011940	131.2261893291906460
 1006.000000	16.1681184974287824	60.4229099551913862
 1007.000000	18.8311090862212609	27.9081595769544606
 1008.000000	22.0724084223362205	126.4983727673513840
 1009.000000	21.0823176754366024	6.4048166439698377
 1010.000000	22.5478096931710290	105.3689655512275607
 1011.000000	23.4545955535387769	96.1090727487385124
 1012.000000	21.7080503723599811	42.0285725658886520
 1013.000000	22.0957844022228223	28.4668882265061143
 1014.000000	20.0703311335084216	86.4589383222811136
 1015.000000	22.2579910236582137	127.5064162764790012
 1016.000000	20.7592400207303385	143.6711027178458835
 1017.000000	20.7667467283450229	117.2096449771058673
 1018.000000	18.6623722934437275	94.6130019917218021
 1019.000000	21.7170228494252271	136.4553200563893540
 1020.000000	19.3271240970383218	129.4335578353802987
 1021.000000	18.8720897918994233	48.5148487784838665
 1022.000000	20.9526873585630717	68.0804047522525906
 1023.000000	21.6886671349891067	92.7896505305338195
 1024.000000	19.2195843494591649	98.1734273035795866
 1025.000000	18.7301847163429684	83.3795620450496102
 1026.000000	22.4926489700683163	47.5559881381137473
 1027.000000	23.6120060513803161	41.8065288831471662
 1028.000000	25.2795917512147987	85.8457753864666842
 1029.000000	22.0095727984512131	87.4995041368781017
 1030.000000	23.6087179810085956	86.0217642587599727
 1031.000000	22.7534353373670086	65.3663972313215993
 1032.000000	24.0331434671751296	125.3502800746311152
 1033.000000	21.5819547430250616	73.2985470904105085
 1034.000000	21.4136204581281113	56.0762757745054472
 1035.000000	20.0268889063578612	28.0502123775256109
 1036.000000	20.5555377173890150	81.6846152203449805
 1037.000000	21.3688549547577082	83.0199515160143164
 1038.000000	21.6646472525749196	83.0797810750387526
 1039.000000	20.0284306186650127	74.5390135972095322
 1040.000000	20.0889551610077106	67.7948299321042072
 1041.000000	23.6519428280777859	76.2420204463983424
 1042.000000	14.3731144322336100	19.2372300626550441
 1043.000000	20.4453741381605418	70.6894827527659118
 1044.000000	25.6442144961071996	52.5639183297786730
 1045.000000	26.9628172630773797	69.1089177486329191
 1046.000000	20.1648296623002459	71.2953275469072594
 1047.000000	27.9552257976270759	141.0680889476192306
 1048.000000	24.8579451111812340	155.1911017427833883
 1049.000000	21.9471603125609960	45.1995040845810934
 1050.000000	27.0973468161602433	141.7086109401210194
 1051.000000	23.9779869541885304	42.4483703321895121
 1052.000000	23.1792938018912196	47.2661356598231066
 1053.000000	17.3628456193752925	57.3310941083767318
 1054.000000	23.9242494487122528	163.8658839697948224
 1055.000000	14.2113834519780156	141.8561737608848716
 1056.000000	13.1387027252940332	104.5300735025901417
 1057.000000	7.0140904394925885	98.5699997824930279
 1058.000000	6.8257610750645883	119.1705302741252694
 1059.000000	3.9537436496382194	121.2762463481386845
 1060.000000	11.5752259343787891	72.7334179158158918
 1061.000000	12.0269881328007084	64.6821399351043596
 1062.000000	12.7046934122707889	91.9185387100131095
 1063.000000	13.3166726555011401	90.8440420372565427
 1064.000000	11.0946063178321648	90.1392249631427092
 1065.000000	11.2838529230530948	22.7599627099705799
 1066.000000	13.6765150033728169	19.0544583298116947
 1067.000000	3.1471300674667386	25.4240388443890595
 1068.000000	3.0803368325982001	14.8208031937929547
 1069.000000	2.6992427709612108	11.7484569852164213
 1070.000000	3.6045613697467256	2.4204288018183320
 1071.000000	5.5843300687920339	25.9247626841346630
 1072.000000	2.7448463125692566	141.1526813390472057
 1073.000000	5.8109567485078326	74.7451575600373133
 1074.000000	6.0379246519999299	77.6848958250585326
 1075.000000	12.6756597026396225	29.6828303610769808
 1076.000000	16.7450339334256029	67.2253941583969237
 1077.000000	10.5853268889392265	79.1038499994392765
 1078.000000	10.5723533850132494	75.0258119415270954
 1079.000000	10.2954087466807973	64.4354901568657397
 1080.000000	6.8239253503482589	61.6778703006517901
 1081.000000	5.8054724797656272	60.2601723786445831
 1082.000000	6.8529480531296363	118.5343860276253736
 1083.000000	5.0894622372092275	111.1732812955628873
 1084.000000	7.3131911237122207	166.6839615633554104
 1085.000000	8.4025365990915368	105.3316540409306867
 1086.000000	11.3802447208731632	83.8019151826617446
 1087.000000	11.0256554053409506	113.5662393999004820
 1088.000000	13.7113649797201784	63.5158520952123240
 1089.000000	16.8812125875801442	117.4517399324746236
 1090.000000	12.0986297769620492	128.5222102196344167
 1091.000000	13.6883022467164146	106.9806619940550263
 1092.000000	12.8897563030431996	155.2438231413698020
 1093.000000	9.8493177366889402	95.2039354925886698
 1094.000000	11.8191173947783028	109.9912146292830499
 1095.000000	15.0700739395872851	169.5791026176911203
 1096.000000	17.3642432901964163	107.2350495069507019
 1097.000000	16.7015273989174204	81.2854582170617164
 1098.000000	22.4658447338118030	78.8206572004500572
 1099.000000	19.7899757861326719	68.6908249778936835
 1100.000000	11.9781952326554304	113.6639797929167486
 1101.000000	15.4685996416394875	139.7244743688711992
 1102.000000	16.8315890374471202	169.6503368378513699
 1103.000000	16.0353254348466194	86.9967257797328415
 1104.000000	16.9557791258140327	130.7973413139512502
 1105.000000	16.9503916011165465	87.8239844291387755
 1106.000000	19.5694489588316785	152.8477283584732049
 1107.000000	18.2283992227401939	79.2428614090833037
 1108.000000	19.5132444352903853	68.4757737230910948
 1109.000000	16.6175266363598233	72.6799149433789609
 1110.000000	16.7365477991187781	100.3871897778450233
 1111.000000	16.7759750526825933	107.6116651911317490
 1112.000000	17.9944235704398068	174.5012333574454146
 1113.000000	18.9975306640267441	171.9958684036297143
 1114.000000	16.9525070602486281	99.9264395205662481
 1115.000000	18.4542149974957752	78.0186790142086153
 1116.000000	20.6985824665015521	74.1153234946756214
 1117.000000	14.6087182726506768	119.8177130555666281
 1118.000000	11.0690107016253325	148.1323662973109663
 1119.000000	14.5431946536820149	77.6322489746420814
 1120.000000	21.0632163494760576	156.5201194126984205
 1121.000000	17.8017865712442926	91.3637440693897815
 1122.000000	11.2606524947670597	124.0285399895968084
 1123.000000	21.0692743707549326	17.3424948134558861
 1124.000000	21.6944274114404152	36.6327254358666323
 1125.000000	13.7083541670939670	41.5752760272779369
 1126.000000	9.5012115400649471	126.8329972082054553
 1127.000000	11.0536860788585347	101.9595826676805785
 1128.000000	12.1055690941265102	63.0248017996056262
 1129.000000	12.2539270107997638	26.6156868717306452
 1130.000000	8.8727807695591618	40.7122220872552134
 1131.000000	14.2111056920146801	34.2096956411319582
 1132.000000	17.2520390368842875	19.3217871003717221
 1133.000000	18.0942218659244176	68.9263715285273975
 1134.000000	9.4069003746558941	32.6270060036782183
 1135.000000	19.8268709263300948	146.0686504721752783
 1136.000000	23.1418004710971736	176.8433129299154700
 1137.000000	20.0719133665987002	162.9105832674661372
 1138.000000	20.5782752286183666	141.5734858238997163
 1139.000000	14.4095498563166799	140.6714495355798249
 1140.000000	11.6966008955837442	59.4359250413799174
 1141.000000	17.6622541936327337	11.8792236953570409
 1142.000000	17.3403673440745472	6.0582144867129841
 1143.000000	19.8377397071437365	42.5287357110610174
 1144.000000	20.4691733376329239	162.8192383961709027
 1145.000000	18.4639355337273408	173.3814489543682953
 1146.000000	19.6086329833853306	169.4938500170619307
 1147.000000	19.6379403466576967	171.8126173859887444
 1148.000000	16.1670461791634672	179.5248150716391535
 1149.000000	17.4695341849305095	84.3848561802895176
 1150.000000	17.6611892401836101	179.0091714298582986
 1151.000000	17.4631168955130534	158.4211074640744243
 1152.000000	15.7640663656401330	88.3379615387192132
 1153.000000	15.4555206187558980	131.9432599802363484
 1154.000000	6.9180572207122895	138.6078436768742677
 1155.000000	20.2170018277933181	11.0772422966160775
 1156.000000	14.6094290282751107	118.2514683819200911
 1157.000000	11.0834076679258473	125.5118151327220062
 1158.000000	14.1988090745974258	116.5244858059784292
 1159.000000	14.3917560560021389	115.0518463507397513
 1160.000000	13.4661869099538816	132.4337807969865821
 1161.000000	17.3518097525163810	103.8299802243203089
 1162.000000	17.1737546503226604	131.9931188733771705
 1163.000000	17.3441140917840286	91.4667004312976673
 1164.000000	16.4131191170317052	90.2761674053387253
 1165.000000	18.2698551451360132	103.9814419203719211
 1166.000000	20.7155664299488791	27.1294854185543386
 1167.000000	22.1635354407708682	27.9512331627606159
 1168.000000	15.5854295160697731	23.8020150432462287
 1169.000000	21.0188410743954002	91.8932435213733072
 1170.000000	23.1738364476946792	166.7130802308602995
 1171.000000	24.8868239655072934	69.1311753905231541
 1172.000000	19.3192700040145660	73.8417751984350730
 1173.000000	19.8990645220353102	79.3163311589446636
 1174.000000	20.9443081851571264	59.6187679011202931
 1175.000000	20.2424210453386095	76.1305313139299784
 1176.000000	20.2752006168326311	79.4397024683679547
 1177.000000	17.7719917371397180	142.0487369787510090
 1178.000000	10.9098995432577421	119.8274088754438083
 1179.000000	15.0987496208525442	58.8624901804032561
 1180.000000	13.5575233460807301	125.0875881846302491
 1181.000000	14.1715302920848725	18.1085046412653128
 1182.000000	20.1374946690588743	16.1546269529340520
 1183.000000	24.2214678437697870	29.9994919007419583
 1184.000000	25.5542216531780682	65.1441168655052962
 1185.000000	26.6098742006856490	44.3420800077689137
 1186.000000	19.8677716763826204	50.3219997601188140
 1187.000000	21.8991894391454736	34.9156874613602781
 1188.000000	24.6034893376955779	70.4811007698916683
 1189.000000	28.2329255219824944	55.1337632991897948
 1190.000000	24.2907357764072067	51.8837547307643092
 1191.000000	23.8091184487935124	36.0953584054996952
 1192.000000	20.9386217980690041	119.1068508482738650
 1193.000000	23.5079927381463456	108.3356188898883374
 1194.000000	22.7810880065773524	58.1843382227532686
 1195.000000	20.4407624717470178	94.0377541776916956
 1196.000000	23.0898706942259473	109.9555513830584061
 1197.000000	25.0974349340597342	99.9911002363526364
 1198.000000	28.7043775698262031	115.7742717008924416
 1199.000000	24.8154230933369782	107.4815871772330524
 1200.000000	17.9839721076286203	42.6290999051107065
 1201.000000	19.7103362702938050	36.5843140491688530
 1202.000000	28.3042663182891907	50.3250319069007048
 1203.000000	22.4183204133689813	96.8297510408170439
 1204.000000	21.8030278907997221	158.4275333683094118
 1205.000000	15.5476666937519372	88.9375394752973989
 1206.000000	21.3892844879037796	90.4226948231064114
 1207.000000	23.2907797951798763	47.9832394984934183
 1208.000000	16.1395640384589321	74.6398199990760816
 1209.000000	15.2515115741535663	69.3756900504058223
 1210.000000	18.3239096696653085	85.9672346150635889
 1211.000000	22.1849529841704864	51.6906215438896766
 1212.000000	18.0136264335742950	69.8722704601106699
 1213.000000	20.4876580421820798	147.4678722474147605
 1214.000000	10.2412613440083398	45.8619822188679791
 1215.000000	12.0396537770930738	79.5423273415499352
 1216.000000	12.5886419376442884	41.2898221246520336
 1217.000000	11.6361037207705582	100.2654371145281971
 1218.000000	18.3080575991062950	59.6663715488460582
 1219.000000	15.2773796043770744	69.6193057867345004
 1220.000000	14.1925125402789760	66.4042755435956309
 1221.000000	16.3040026580409894	14.7218423983013054
 1222.000000	17.5945615897470624	49.8538883900251335
 1223.000000	21.1811859669920359	78.4055265391969982
 1224.000000	14.6925556327183546	76.1683094413439932
 1225.000000	14.4596415910692411	72.9964452194512035
 1226.000000	12.8724219834021536	28.3082523357911384
 1227.000000	17.3503216669784557	74.6387661669849933
 1228.000000	19.8629668460415623	86.6095040894264372
 1229.000000	18.5262294141567736	109.2374377951588116
 1230.000000	12.8152241458430822	167.1537151610749277
 1231.000000	13.2048584179269728	36.7553424412722904
 1232.000000	5.6029535465095055	137.4016233918907801
 1233.000000	6.7197792173812729	122.6464065337815583
 1234.000000	7.9387363088189460	136.3566546126926369
 1235.000000	7.7714224107441758	125.0084057350176892
 1236.000000	6.9667017501815982	124.2237707715010515
 1237.000000	8.3101785428582833	139.4404535329822465
 1238.000000	7.8375710473345874	144.4023744104525804
 1239.000000	6.8228778377546835	116.6610197321489011
 1240.000000	8.2688710213213419	128.4299367936700378
 1241.000000	7.5602589045268962	140.5644963911326784
 1242.000000	8.4801562631511569	125.2098066430747565
 1243.000000	6.1938033408712379	99.7287781740968171
 1244.000000	6.3885358983162224	80.9146434543601174
 1245.000000	6.3436422557051015	115.1316933050283922
 1246.000000	3.6453935249319853	23.9951539403620586
 1247.000000	5.3992232271483642	57.0809799340366624
 1248.000000	5.9701483405282252	82.5445411445352306
 1249.000000	6.0035046703079367	89.6116636589364504
 1250.000000	5.3110361204106624	88.9361433678233908
 1251.000000	19.7474410360607600	46.6583552285427743
 1252.000000	10.3144823467869813	75.4588972341157245
 1253.000000	12.0655051707912477	98.8640400858956383
 1254.000000	14.3324431674035946	112.7623183788725356
 1255.000000	9.3400942122660986	119.2664257764687932
 1256.000000	10.5902704429772587	148.0456876230091439
 1257.000000	12.3509762009560280	99.9637342825113819
 1258.000000	7.2791927639166021	125.3083530648711417
 1259.000000	11.2157579062094577	86.4337001797593416
 1260.000000	16.9309480322777901	44.4653529060792891
 1261.000000	16.6063019155456786	80.0941213330502535
 1262.000000	13.2323381099064044	35.6633838412979003
 1263.000000	7.7092556352548733	18.0176395104622316
 1264.000000	16.3044734665617277	83.9815097001673934
 1265.000000	19.6330603956280640	145.6037616342337628
 1266.000000	15.8265484068955438	44.1516629693775826
 1267.000000	13.2673193033064987	16.4101701999174168
 1268.000000	20.1025405040398937	86.3684960047143733
 1269.000000	16.1454960739499640	47.8087129125005390
 1270.000000	17.1240975109008957	120.7859586172719162
 1271.000000	17.0093084033080899	25.5074542413891265
 1272.000000	21.2580456588153908	49.3998061327258711
 1273.000000	19.2505692676681228	38.6527509253011772
 1274.000000	22.8878698360978738	42.3056289447487757
 1275.000000	28.8472411227960066	99.5777189917651810
 1276.000000	26.3738937299129645	61.8015980755627794
 1277.000000	30.3734246633727771	130.4619036476387066
 1278.000000	25.9125444609501017	123.6351643209428630
 1279.000000	19.3545382637410661	71.9332316175334654
 1280.000000	29.1827901227237589	135.7907948070254065
 1281.000000	24.5612055368609816	105.0194455058503138
 1282.000000	26.8688517653628445	129.8088943229409153
 1283.000000	22.4684237407120797	78.4093638366269801
 1284.000000	20.4776874994902585	111.5813948501058093
 1285.000000	19.3823855185530611	91.2709917789253353
 1286.000000	17.1797369116772707	88.3568292313879482
 1287.000000	19.3890208836297333	103.7397692138293479
 1288.000000	19.8658895472779449	152.3831070151964013
 1289.000000	25.2744308065368664	156.7133159845073465
 1290.000000	20.7057730701447475	134.2672546746285036
 1291.000000	24.8714655279403267	165.8712303302116879
 1292.000000	23.8235170302619110	120.8095156550057823
 1293.000000	19.2513209742087348	97.7994253171249994
 1294.000000	19.6959820786878979	92.2392466666169213
 1295.000000	19.9564812922679806	99.6488010203864434
 1296.000000	19.8071640719928190	87.9306488889712909
 1297.000000	19.4058405128132883	112.0166894583013857
 1298.000000	19.0049858773099096	101.1682443909185452
 1299.000000	20.0071100826978459	92.5812669063504927
 1300.000000	19.8944563245102479	91.4268784927159714
 1301.000000	18.8623572115043743	90.4362573015978768
 1302.000000	20.0683854276561320	112.8608163546141867
 1303.000000	21.5569441999021159	100.5945067084969651
 1304.000000	21.1469335863413299	125.3003660000705679
 1305.000000	26.8157397893402276	127.3412228343082404
 1306.000000	19.9125506215412003	101.9728743598368510
 1307.000000	20.8371362854587012	87.4212849219411652
 1308.000000	18.3987021931281625	90.6798633996333763
 1309.000000	19.1011053068582868	57.9257959062023389
 1310.000000	22.4848991429699829	119.3310538029535905
 1311.000000	23.0574446303166560	104.7824861950674205
 1312.000000	18.1138991831602425	96.9229189181938864
 1313.000000	17.6772819723874122	93.0738802801537020
 1314.000000	21.5906795145618986	112.3348649760584266
 1315.000000	21.9255781858853993	127.8904360070547312
 1316.000000	23.3752448978123901	103.4108828385306680
 1317.000000	27.6464060842202102	90.7103702200960669
 1318.000000	26.1472928735365429	69.9242222811882215
 1319.000000	21.5667665537524584	90.6813883173664408
 1320.000000	21.4452600199821610	79.3378252876789389
 1321.000000	24.8222924206626061	77.8745420599524039
 1322.000000	27.8856850181803360	69.2232755130746540
 1323.000000	27.5306748778938726	106.8462796064391824
 1324.000000	25.0738965510256193	96.8145478140388889
 1325.000000	24.3225477785492643	116.4511334836255401
 1326.000000	25.5795032904077395	108.8454633429986416
 1327.000000	26.9129473946764435	119.6096527274249581
 1328.000000	22.8616737929224811	102.9609700878989003
 1329.000000	23.2340627635520320	120.3603629956759562
 1330.000000	22.0715081027857600	90.8170014208319998
 1331.000000	24.3240861563211830	123.9094972671958033
 1332.000000	26.7663194937638593	118.8104977090710577
 1333.000000	25.3640835444863342	118.3070687776154273
 1334.000000	24.5667919437946125	136.4451487729656378
 1335.000000	23.1470464522746582	135.7582663928379247
 1336.000000	22.0965319233948136	105.6260200292803404
 1337.000000	30.1339219879643778	94.4262499712966985
 1338.000000	23.4639895858707668	75.4048240584354090
 1339.000000	25.7733670239879054	65.1949085439730567
 1340.000000	19.4003708823199936	66.0827035306298569
 1341.000000	27.2569921152827703	72.7420518098292774
 1342.000000	24.9543842215417655	96.2773752309160500
 1343.000000	27.6570981094216535	110.0739695244337639
 1344.000000	24.7398503367377245	113.9320102656832461
 1345.000000	26.7757485731407492	105.4356849388413764
 1346.000000	27.0920227643216727	117.4056978368708997
 1347.000000	25.3223491340795235	110.2484610573682886
 1348.000000	29.1980251438838891	119.8479929704687663
 1349.000000	25.3173317445743571	110.9672900919107974
 1350.000000	30.4467527572743286	102.1369332046456151
 1351.000000	28.8735106176334355	104.3175662692631818
 1352.000000	26.1573587397719258	80.4336541549208448
 1353.000000	24.7876716444137450	98.0149943394379761
 1354.000000	22.8791027230061985	87.5897806208753025
 1355.000000	24.0088062072966544	62.0471608180130403
 1356.000000	24.1136913981386307	72.2236302564332533
 1357.000000	25.5993587787219745	87.1043933739683354
 1358.000000	28.5879519335761181	155.7120621507814349
 1359.000000	27.6740263623439517	98.2363655499729731
 1360.000000	24.7506860525108543	75.0244223905453111
 1361.000000	26.4227896138290390	74.3418035186140713
 1362.000000	25.0161426480982136	83.6936300302277942
 1363.000000	28.6300118810987918	121.9151193055861171
 1364.000000	25.8815078736611710	109.0600607611853121
 1365.000000	26.1436513048709749	170.1871060957656425
 1366.000000	27.5793601226847827	92.9435497457858020
 1367.000000	29.1738910702041956	130.3768441905619682
 1368.000000	23.9143406355337795	110.6050833275755707
 1369.000000	23.6704564165228284	80.4790194000554635
 1370.000000	27.6579155219838349	110.0320301209626876
 1371.000000	28.6145357322699567	118.0199953502343391
 1372.000000	27.5096490457474943	78.2343021581710474
 1373.000000	31.5744043400809211	121.3074648475663366
 1374.000000	29.3544166192487275	124.4494415824832600
 1375.000000	29.9143536982803404	128.9755668874298067
 1376.000000	25.6374842607920179	124.3814166500000340
 1377.000000	25.6315449243150582	134.3292449126905694
 1378.000000	25.3133598987703081	119.5862564952201836
 1379.000000	27.2673841799388192	110.2517863272687748
 1380.000000	28.4726527067270183	119.7108738903622367
 1381.000000	28.7970545755523482	104.0872110472856349
 1382.000000	29.0281659689049896	126.2333163941544285
 1383.000000	31.2080099390782877	116.6551806096083084
 1384.000000	24.8124483446126227	85.3624813373564137
 1385.000000	23.9760565956746916	77.6224887320750554
 1386.000000	26.8520662616718617	93.3138827063921354
 1387.000000	26.2149731940680191	83.5438769623923605
 1388.000000	29.2976434667609169	113.2208676679976520
 1389.000000	24.6222549698936248	105.3534159665421441
 1390.000000	28.4382146232316160	127.1304714330422598
 1391.000000	29.2312721660444161	101.6839756173428952
 1392.000000	30.1218950086255361	140.6624665680712667
 1393.000000	27.5492770683063490	119.8703804462656990
 1394.000000	26.4969601246311441	109.1931181536125735
 1395.000000	27.3636701821922372	104.3060449810548391
 1396.000000	26.9233486895082947	141.9148105270840574
 1397.000000	30.1174942749721701	129.3892968075442127
 1398.000000	27.8600812190565748	127.0411849168984872
 1399.000000	24.5290352295178522	116.7588862202698010
 1400.000000	29.4820232817357955	109.2080756115583000
 1401.000000	25.7184695890104358	92.6892950488655032
 1402.000000	25.3014882553167979	90.3805827272758648
 1403.000000	27.3578044116804051	125.5512046415798295
 1404.000000	28.0504210591139227	66.7391394353802099
 1405.000000	28.6301249669241251	84.5427391789303329
 1406.000000	25.2284952912981986	86.7299674408741907
 1407.000000	25.2117697387427881	106.9866030164696724
 1408.000000	24.9474996431295502	118.6828325885838211
 1409.000000	28.9329066527691445	108.8668609832754299
 1410.000000	26.9557321558491161	76.4981504641378507
 1411.000000	29.0432491138929763	100.8357807757030713
 1412.000000	25.3057905038932525	77.7322233716564170
 1413.000000	24.7812327763040621	115.9421346861518884
 1414.000000	24.9386912140601034	103.2863411685875832
 1415.000000	30.7450387283821911	120.8804694748274926
 1416.000000	29.4243709722410394	107.5501828732911349
 1417.000000	28.2852291068597310	81.5921326281969357
 1418.000000	28.7690877560884850	126.4954476283834595
 1419.000000	30.9846974450947812	107.7932740371783069
 1420.000000	26.5169147059764541	77.0871876739222586
 1421.000000	20.0454515534865081	117.0870454349980889
 1422.000000	24.4498631595898921	107.0829234044077793
 1423.000000	23.4299487796077237	99.9083314284436028
 1424.000000	22.8554912738438318	105.0794152438836733
 1425.000000	24.3459455355619774	88.5406478995760722
 1426.000000	18.1057329496357831	61.1108441859100822
 1427.000000	17.7133963682463325	59.9008053527357163
 1428.000000	28.5858029473037369	109.3332655826950202
 1429.000000	27.6610430040468387	103.3770344038073148
 1430.000000	25.0264715221939440	102.3461299722325322
 1431.000000	28.4398510481387845	112.7165401547815833
 1432.000000	25.6186440250743779	121.9194595864435371
 1433.000000	26.2116555299911766	112.7622740599540663
 1434.000000	27.0199250675425446	151.9407322213659768
 1435.000000	29.0485101179322811	134.9476357031706470
 1436.000000	27.0577220158867462	111.6415056099253178
 1437.000000	25.8870155910535118	68.7107628445335195
 1438.000000	28.9211464691542126	109.1645884889699261
 1439.000000	21.9668531237546958	36.3973411850357991
 1440.000000	29.9831544116558995	102.3415423584236947
 1441.000000	27.8158728301084714	140.3442759065388827
 1442.000000	25.3188685606454129	124.0761734348102152
 1443.000000	32.3464463781850284	143.4391581496430206
 1444.000000	31.3489038649160605	110.3936292194160131
 1445.000000	27.6647624427927852	112.4416373128412943
 1446.000000	27.2985205310875401	92.1561169189197784
 1447.000000	26.5327666581409112	62.1451691099389905
 1448.000000	29.1791906394849114	95.4701653998253619
 1449.000000	31.4021411521252425	118.6659957544215445
 1450.000000	24.9944124938697456	69.4803010950890041
 1451.000000	27.2704324538333402	106.5625201364205168
 1452.000000	25.0145633907042111	120.6609971064966942
 1453.000000	25.2886575533413485	131.2831897092664803
 1454.000000	27.5861377188851620	96.0151343293908326
 1455.000000	28.6376378559707057	101.3190193891747413
 1456.000000	27.9745608939000654	102.6819061298227922
 1457.000000	27.7387179508426698	98.8601686994139754
 1458.000000	27.1969355968246624	90.8269354719553661
 1459.000000	26.3926309849854057	130.9176519572875463
 1460.000000	28.2455488819920291	115.1399745247252753
 1461.000000	29.7035019797531490	64.9421359335106132
 1462.000000	25.1517843234413050	80.4646910528353203
 1463.000000	19.2998580185779893	112.7775042586579559
 1464.000000	27.2198515456307355	137.6272709066803088
 1465.000000	23.4118289727461111	95.4185191731804565
 1466.000000	21.3911887723644689	107.1678921109097757
 1467.000000	19.0598769088789233	104.7503897531396007
 1468.000000	22.6072517566341809	106.4726544420072400
 1469.000000	25.5638125024152920	118.6570130092927400
 1470.000000	29.9713194680139345	87.2040966410574612
 1471.000000	22.3994719841308125	137.2419514412039234
 1472.000000	31.6107993816602857	125.3421196016084167
 1473.000000	18.1816924729523919	95.7371054893661579
 1474.000000	19.7177699889038571	78.2974937102150648
 1475.000000	19.3315814274943563	124.0555662715006804
 1476.000000	19.1557642282488985	116.6613304534627105
 1477.000000	18.7346560120432777	90.6051717313333000
 1478.000000	20.6609025333855918	113.4716591672037396
 1479.000000	19.1317539789378515	116.4179891099472712
 1480.000000	23.5349605847163481	61.7419090517027627
 1481.000000	25.2652319050373038	40.6749434964947341
 1482.000000	20.4787420838861003	67.9998175748454088
 1483.000000	19.6484389944501388	92.1389980501006676
 1484.000000	22.1085011014808721	13.7814450882502229
 1485.000000	26.1287418378788026	37.0358054440146418
 1486.000000	24.0369944298258496	30.6169507783660038
 1487.000000	23.2584223485204937	7.4130168053194723
 1488.000000	21.8991866036406080	29.7502879864211423
 1489.000000	28.7338528827955741	101.0231976089925467
 1490.000000	24.0828941840408604	13.3258697465199134
 1491.000000	27.4931019052338605	56.8908007777361320
 1492.000000	27.5256423298087789	24.7822254696957884
 1493.000000	19.9821463782025859	25.0615448691976610
 1494.000000	25.5417319169029469	157.5747499612293439
 1495.000000	26.1769147783855871	19.1712378027468162
 1496.000000	27.0066319687088345	114.6827716072941570
 1497.000000	24.3732413952322347	31.2459993323315928
 1498.000000	22.7226526621558875	64.1327473206949179
 1499.000000	18.6817168911089588	58.3259574760596280
