 0.000000	5.5809451501992182	155.5708745005139235
 1.000000	5.0595814995333201	165.4289263404301664
 2.000000	5.8058210112680708	157.1854887439023116
 3.000000	5.1980427978232751	164.8634206615402036
 4.000000	5.5694470756991752	166.0456066028697251
 5.000000	5.7353929264142334	152.8245977044926462
 6.000000	5.8664779249049959	146.0688431494304780
 7.000000	5.6852517076013243	150.1713988002896372
 8.000000	5.4607540002781123	152.1190145164438263
 9.000000	5.3281414933739688	166.2299477474184641
 10.000000	5.3558659967320708	162.0619915332929395
 11.000000	5.1750244873611910	164.5606296680882394
 12.000000	5.4368415375434891	156.0030511039237240
 13.000000	5.1834945694460206	151.6873977658022170
 14.000000	5.9921250504759058	153.7034570314908990
 15.000000	5.6456512748582321	147.6202675788780994
 16.000000	4.9835703194159544	170.4012087310325683
 17.000000	5.4615385626357886	153.6208843822622612
 18.000000	5.7396978775895651	151.0550390890957146
 19.000000	5.1584129312726432	167.3420689821660687
 20.000000	5.1360745372409671	158.5439973097131201
 21.000000	5.6497021714701203	148.8292113267763455
 22.000000	5.4076139750784922	159.6364941698614075
 23.000000	5.1593391450532602	163.5501574517531651
 24.000000	5.7803892325632900	149.5248215178716293
 25.000000	5.6602543844982893	150.3912709843023094
 26.000000	5.8069645263645535	149.2405471631368528
 27.000000	5.0354554204777662	172.9038112567479004
 28.000000	5.4194859728788565	168.7837951074338605
 29.000000	5.5811141754047568	143.5575740432488203
 30.000000	5.6030002236661138	151.0625528910872788
 31.000000	5.7971322547424657	146.0326435865613064
 32.000000	5.7222232529541071	150.0754107375575188
 33.000000	5.7941159667151689	147.4407827829008113
 34.000000	5.4351259062725941	157.4520780331076253
 35.000000	4.7652944336648986	157.9421253389564868
 36.000000	5.3135068141174715	169.2123718465053628
 37.000000	5.8022515694789885	145.2199757886624525
 38.000000	5.8840322056408390	160.2566761405149123
 39.000000	5.7009344733492169	154.3925357508458376
 40.000000	5.9089622693021937	147.9143244389302367
 41.000000	5.0405764857696234	161.2020691127168561
 42.000000	5.7931941273132361	150.1837660818369784
 43.000000	5.2121393147148529	75.4087879194558042
 44.000000	6.0791916118053697	109.1311292372055419
 45.000000	5.4433737935469129	93.3366522635535887
 46.000000	4.9895399439673138	75.4948431320617743
 47.000000	5.1337773411604468	79.5815316248813929
 48.000000	6.0535096391300716	101.4580372240841797
 49.000000	5.2918896884486841	92.0348933308914781
 50.000000	5.5435149889055300	94.9596147649355800
 51.000000	6.1727044510752362	100.8815994261997986
 52.000000	5.1820970979515897	84.3077401584244797
 53.000000	4.9330668092717866	86.3850137528687441
 54.000000	5.3329164592620595	82.4472072496893276
 55.000000	5.7672435436813734	92.8267790721815089
 56.000000	5.8299044937787805	103.4940724268295611
 57.000000	6.0443733075207149	100.3050272248907078
 58.000000	5.0762712445815898	69.6284508047128696
 59.000000	5.4232039991551462	88.2463549896777124
 60.000000	5.3861515778296196	80.8117827613111501
 61.000000	4.7558221298591929	76.5530285766488419
 62.000000	5.7855365444619586	97.9536865407995805
 63.000000	5.8497693636388171	100.7207704892572906
 64.000000	5.1776945469623321	83.8261514097505369
 65.000000	5.1892043012740849	97.1544211546090111
 66.000000	5.0101476121542854	71.2106544606388212
 67.000000	5.2974857281899626	89.1071680291332626
 68.000000	5.8075285750810099	97.0700065052714507
 69.000000	5.1309846221931386	77.9071466370042174
 70.000000	5.4422550815317896	87.8919048029216867
 71.000000	5.9412897747994817	106.5330399837062743
 72.000000	5.7058525149762644	101.0324251404725260
 73.000000	5.3438065032056086	96.8287325746031371
 74.000000	5.1272212795815255	83.0156604561461506
 75.000000	4.9938995412786236	77.4591450738136871
 76.000000	5.0321338561241049	91.2085616108259387
 77.000000	5.1115792546402510	74.5937145121478835
 78.000000	5.2250825673905075	80.0709580716491161
 79.000000	5.1377388358391967	79.0064513474083725
 80.000000	5.8797058160373297	109.1179501158379423
 81.000000	5.7794547607047297	97.1917644215628798
 82.000000	5.3616727703849367	89.7329579777169215
 83.000000	5.8400332772276489	94.1003800657103824
 84.000000	4.3532485000106771	114.5750332932366291
 85.000000	3.9102012098202885	98.1570624427383791
 86.000000	3.8075465484700683	58.2613705465270897
 87.000000	3.2545948698863056	22.0474130204179346
 88.000000	3.8040755075100670	92.4826641940696419
 89.000000	4.8990120967516324	132.6592516284251815
 90.000000	3.6781396872218117	47.8193922268885103
 91.000000	5.9597823630031561	100.6478551540252653
 92.000000	5.7029074151108494	82.1375734832080013
 93.000000	5.8030540546112181	102.2522624515845990
 94.000000	5.7522346593979501	103.6149789240259338
 95.000000	6.0242209045752109	99.3124450698459640
 96.000000	5.8650119939213505	101.3075133302662607
 97.000000	5.1976963740393938	82.9703786158036820
 98.000000	5.3256574470983526	82.9550118448066627
 99.000000	5.0271042165628419	64.4957885734720406
 100.000000	5.2126343103685722	80.6080170174700186
 101.000000	4.6935261703376963	72.3168689495585255
 102.000000	3.2040471991289823	32.4712291099979211
 103.000000	5.4309542516824214	66.5999377253211975
 104.000000	5.7092966889136099	89.5195608128298090
 105.000000	5.9684421087793771	104.6140122592388906
 106.000000	5.2765523670470609	88.6087742093689457
 107.000000	5.1984108157203677	85.0733098161551453
 108.000000	6.0210191404685469	104.9463455585439959
 109.000000	5.9958033900351033	97.0439837683806843
 110.000000	6.0331029546452370	108.0888737763710736
 111.000000	4.6371937996252441	103.8761700324117498
 112.000000	6.0784850538185662	95.6085313624769526
 113.000000	5.8142923210342508	94.6414058151669195
 114.000000	5.6027918895478894	101.4526459353695884
 115.000000	5.9373005668415546	94.9200583847367767
 116.000000	5.9280177624982011	105.7711954185666343
 117.000000	5.8313862001464862	87.0066634554578400
 118.000000	6.0821427133770829	94.8173331634785796
 119.000000	5.8893160872258186	110.4328296955938526
 120.000000	5.1641815017456327	85.7866941661295641
 121.000000	5.1006779351360851	76.4331116780521711
 122.000000	5.7214407893462269	100.5776909470122291
 123.000000	5.8318076449605201	97.3072606976474503
 124.000000	6.0601844107469400	104.3414933083440133
 125.000000	5.1585634699151717	80.5145378706143759
 126.000000	5.1998205862452123	85.3951691505402977
 127.000000	4.8062100673200190	63.9037018319777559
 128.000000	3.7958086408013121	59.8492207700240755
 129.000000	6.0614146832274338	97.7949070719155458
 130.000000	5.4004326965940974	91.6506388399275380
 131.000000	4.9000781680289318	83.2995642419753324
 132.000000	5.4742934347901455	96.2119773932446947
 133.000000	6.0993894917966269	83.8316110051013226
 134.000000	5.8527519830388561	100.1017135920205874
 135.000000	5.9663307628376749	111.0452177281775619
 136.000000	5.9012684097016379	89.6100632113986109
 137.000000	5.9473108912207246	97.3759020639152482
 138.000000	5.9575702363555667	99.3185409717176952
 139.000000	5.9259648411206420	110.6863494655069218
 140.000000	5.1977456959857626	73.4443352216647583
 141.000000	4.7361857906169140	99.4961540271232678
 142.000000	4.2500114747864117	97.2583378709248478
 143.000000	5.1934369230893571	81.6472820196473208
 144.000000	5.9433027644006273	102.1458052642824441
 145.000000	5.7125715289093923	99.3354641067497255
 146.000000	5.7123908683127151	99.4457254517868989
 147.000000	5.7073741588170641	94.8401991965453846
 148.000000	5.1307583386074755	82.5726409728400768
 149.000000	6.0427212646450350	93.3089898800749040
 150.000000	5.7875791090348452	94.5360888284252070
 151.000000	5.9536595275103634	101.0117223664351513
 152.000000	3.1655979766461626	42.1996419794710960
 153.000000	4.6293241363821727	103.6048560703319765
 154.000000	3.2641720416965652	47.7932702885408673
 155.000000	3.7892458300190874	106.6479846766695374
 156.000000	3.2728981855386459	65.5303553948021431
 157.000000	5.3538356636158388	83.9444465037411760
 158.000000	5.9933559482151315	101.8998327999295554
 159.000000	5.9076979424723106	103.9083292773186287
 160.000000	5.8919565284978042	110.2277238501584691
 161.000000	6.1850492338567857	101.5303470308966922
 162.000000	5.5360674825199849	83.6185490302727317
 163.000000	3.5903420106535200	47.0305173777434788
 164.000000	5.8079806787254915	104.1605468237637382
 165.000000	5.4778736248348157	103.7934917094663092
 166.000000	5.8068224653536209	100.4658492745915623
 167.000000	5.3866016506145833	86.8975193292770882
 168.000000	5.1768329446264127	72.4667364489724122
 169.000000	5.2930154205905708	86.5386406682836480
 170.000000	6.0476807025352066	100.0057403511495693
 171.000000	6.0748953582572955	96.0454215105104225
 172.000000	5.5006551138039113	97.7263343812521015
 173.000000	5.9718263646385861	102.2520617511368357
 174.000000	5.2907368943266135	81.7408717042944772
 175.000000	5.5321873596250608	102.8949455102588502
 176.000000	3.7814257396378124	96.4300978737230281
 177.000000	4.5363014011802747	110.5937138569985194
 178.000000	5.7300242068501248	88.8631576098247677
 179.000000	5.0073609138275863	82.7215032415167713
 180.000000	5.2891140859352319	77.2113847738020525
 181.000000	5.7021135446269025	97.1110254609028800
 182.000000	5.1291714716755159	71.3751792115617292
 183.000000	5.0095217457807504	88.4617850264850745
 184.000000	5.8811624560818867	101.5284127219920975
 185.000000	5.8107119111692231	98.8614533278561112
 186.000000	6.0357248791837712	109.6210850271782959
 187.000000	5.5623515676281405	96.0804546226300857
 188.000000	5.9209180349405841	98.2329219824934086
 189.000000	5.4212010545133262	82.4118350012883525
 190.000000	5.8359262060260528	99.0068811386633030
 191.000000	5.1719797967713621	88.0219042009993302
 192.000000	5.9415989483662877	106.5595983605113730
 193.000000	5.7863735291593139	107.8912001163001975
 194.000000	6.0459082299889584	95.0984972839583520
 195.000000	5.8759278247060500	93.6892700091703858
 196.000000	6.0308745729875151	97.2874751127509398
 197.000000	5.2016873061389024	77.5686985133274902
 198.000000	5.3056207127653314	81.5783306186366985
 199.000000	5.8472133190830098	115.1090715875144355
 200.000000	5.4069271172367550	65.2701606962579035
 201.000000	5.3606513939759104	168.8242475231102731
 202.000000	5.0217698428663473	163.2469368247944033
 203.000000	5.9066536786400343	142.2666383920506519
 204.000000	5.9600919442194824	142.8597661781146826
 205.000000	5.9358722568038704	150.5556054292598560
 206.000000	5.1879793737770674	157.1235443805650505
 207.000000	5.8664824054508751	139.2278739222720105
 208.000000	4.8586119585648904	129.9612794059424346
 209.000000	5.8470179353668366	146.4686442457209239
 210.000000	4.4146037365961313	118.7210101967379074
 211.000000	3.5152148863908175	127.7828767047071210
 212.000000	3.6092450192220014	151.6561649653390589
 213.000000	3.8141215570732947	131.8608792789074187
 214.000000	4.2017507018376019	150.6151209176723285
 215.000000	4.1143378300723654	136.4473791583926641
 216.000000	4.5666486401795634	158.4567474779963732
 217.000000	4.1494547721959663	115.3746604969568779
 218.000000	5.0627359227914086	154.6393780903236177
 219.000000	4.4532145396166873	155.4570062841766571
 220.000000	4.8998084411148328	169.3663381143755942
 221.000000	3.5076799540492307	148.4189256643761325
 222.000000	4.8448071690309886	131.1208724157464189
 223.000000	5.9322981125128607	145.1816451260357610
 224.000000	5.9073686912754688	159.7756635858539767
 225.000000	5.4358557600944630	164.5526103224020744
 226.000000	5.7449194088139910	154.4725655053271680
 227.000000	5.8067793692581526	150.7696701662873409
 228.000000	5.6705993523213678	140.5144874959654828
 229.000000	5.3046071936483834	162.3037547104567295
 230.000000	5.9697228598507524	144.6150655248830788
 231.000000	5.2597315547533832	165.1248950438883298
 232.000000	5.9627145375980541	146.0641196602177843
 233.000000	5.0037296204719990	166.9260066158916516
 234.000000	5.3187147551523255	171.6904709144566255
 235.000000	5.8264118926670498	151.0261417883885429
 236.000000	5.1361620907143068	166.3767694352577848
 237.000000	5.6714485711244160	152.8764567642828922
 238.000000	4.8603355504682142	171.1023860359783271
 239.000000	5.1296811946504723	160.5936732222403123
 240.000000	4.8825845949678301	164.0834490980319345
 241.000000	5.8881856571335334	145.5660599354108342
 242.000000	5.1931961689995827	168.9465635892097168
 243.000000	5.4806984609216265	161.0234563223266662
 244.000000	5.2915717560228925	168.0124419468406529
 245.000000	5.9383238990029072	147.8565034397989280
 246.000000	6.1163933089175595	148.4299780712524921
 247.000000	4.9876537010338451	146.8178096279931992
 248.000000	4.7739075787351428	163.3393529149527694
 249.000000	6.0151724804547069	149.7435807009794075
 250.000000	5.0394214620030260	172.6206870809871532
 251.000000	5.1529955164497787	172.3306384059040681
 252.000000	5.3347294455167740	163.1456125274726503
 253.000000	5.1186498135352601	158.3981267727666022
 254.000000	5.3303417859063513	158.3715327626370311
 255.000000	5.4912969897678989	160.1526894612148055
 256.000000	5.1843045305924749	164.9202261834842886
 257.000000	5.7797613396329472	150.6286525935464340
 258.000000	5.2121452909509554	170.3111537902015300
 259.000000	5.2889630398894711	165.3114302390171133
 260.000000	5.4409305739118885	167.7093821685338639
 261.000000	5.3054256652690803	157.5516828940302787
 262.000000	5.5195181092086987	154.4580166753598860
 263.000000	4.8559865668938418	138.5383627851645088
 264.000000	4.4055097522565179	138.5209667957638828
 265.000000	3.9658062811013859	166.3546236660837678
 266.000000	4.4534686842345037	129.8705769339519236
 267.000000	3.7849170681572590	160.2006211220851242
 268.000000	3.9433934794160845	137.0223618904759064
 269.000000	5.2540574217219493	163.3545245487654256
 270.000000	5.7318767767323218	139.8522168825504934
 271.000000	5.7653120025187015	141.3024628130671090
 272.000000	5.9920546347556272	144.5972448424762149
 273.000000	5.7560716511078347	151.2645276291001437
 274.000000	5.8914013236476448	141.9642287542575616
 275.000000	5.5016068296550351	162.3265545014656652
 276.000000	5.0183249615989629	168.8991088564846166
 277.000000	6.0722594936636414	150.1793906629062576
 278.000000	6.0068915159462613	157.9829137234284531
 279.000000	5.5536822788359164	161.7230354907206902
 280.000000	5.9227498967722259	153.7072623702269141
 281.000000	3.8109097888206351	141.9469219163439675
 282.000000	3.3794848329002019	124.8037325503730415
 283.000000	6.0721975147095195	148.0235843010964345
 284.000000	5.7850967526821178	145.8925016208378906
 285.000000	5.8908370602384554	137.6632115289461922
 286.000000	5.3057267886073687	162.6338829452222114
 287.000000	5.2824349097041639	165.0833428897570911
 288.000000	5.4781546307663884	157.5360423899685713
 289.000000	5.4866289808269455	157.9069096946599302
 290.000000	4.9735460859646068	162.5624336819271605
 291.000000	4.1552956528424714	139.0361400992904919
 292.000000	4.4391893224250465	123.4733015704413219
 293.000000	4.9403106524758922	175.9067169123775045
 294.000000	5.0288802026830135	168.5254272246210689
 295.000000	4.9547121384767943	153.6748766522592859
 296.000000	5.9535074215618033	146.5322935919994620
 297.000000	5.4288805237805713	166.5297066853173646
 298.000000	5.0980442571822167	161.3487867773623066
 299.000000	5.8353309721151074	147.5487591098903124
 300.000000	5.0049479869198503	164.9825411671426707
 301.000000	5.7076371374466826	153.5705913221814569
 302.000000	5.3573030546580540	161.3658582440980638
 303.000000	5.2751114410674109	164.7134537820544438
 304.000000	5.0654326742364315	170.6334883173337573
 305.000000	6.0465610862636865	155.0011892804400304
 306.000000	5.9086029311848778	141.2292938116792982
 307.000000	5.9518835909628107	147.0312516544748576
 308.000000	5.9332213722597986	153.5273604991552929
 309.000000	5.2352818489159132	163.5438422051676639
 310.000000	6.0573307607889095	141.0993462638704443
 311.000000	5.2262345423928833	165.9353455446386931
 312.000000	5.0513414685421347	167.0317759759666103
 313.000000	5.7416842034794247	157.4781404919535532
 314.000000	5.8593551043986638	155.2980500827821686
 315.000000	5.9655122432659136	155.6080420340985029
 316.000000	5.1847632939357826	178.8792864649005594
 317.000000	5.8810773432381325	160.8402929745199970
 318.000000	5.2225712542137233	152.9457599157245227
 319.000000	5.9333114905392499	154.6594502959161161
 320.000000	5.9190495926087419	158.0698561359175187
 321.000000	5.0782328439246305	170.9514697192669246
 322.000000	5.3165220558702915	162.9496702711860223
 323.000000	5.0897464649342403	168.1414284116751219
 324.000000	4.9278008083620781	165.0800261592066249
 325.000000	5.6262111789054279	156.7333021685351753
 326.000000	5.5151260400213724	149.3099663427758514
 327.000000	5.0365295675698611	167.1402675286587396
 328.000000	4.8745350874258468	171.5249117074394292
 329.000000	5.9317982031925238	151.6852334285602808
 330.000000	5.8076507885948212	141.0572620083811444
 331.000000	5.4557019946269287	162.3992257409917670
 332.000000	5.8833112677689803	149.4687164499996754
 333.000000	6.0232604181252594	154.5649401658295119
 334.000000	5.4553910430847488	165.6203320033465332
 335.000000	5.3072158500877560	159.4198259656035930
 336.000000	5.8145144993699560	143.1608595063419784
 337.000000	4.3130624888810472	125.8273403935298802
 338.000000	5.0106525254717651	123.5127994424554458
 339.000000	4.1804259256602947	115.7546432289739755
 340.000000	3.8059124495712204	142.7999296533689062
 341.000000	4.5134041626580750	143.6547853363171612
 342.000000	4.4932248829691668	140.5114996179375453
 343.000000	4.1878128869305868	150.8380971305344644
 344.000000	4.0231253436904311	164.6594104834268819
 345.000000	3.3750869702758362	142.6475254185008055
 346.000000	3.5812913268523840	150.1598757643291435
 347.000000	3.5382492608514724	151.1320130222901525
 348.000000	5.3043249808346173	159.0842294862013944
 349.000000	3.8694068318910220	159.5648030153307673
 350.000000	5.7155170700738731	139.5470715310652281
 351.000000	5.8447441186087641	145.1303397227262053
 352.000000	4.7033292145008092	125.7420592016713243
 353.000000	3.3317659148347212	144.7883171295200384
 354.000000	4.7550352026405935	128.6851547046231872
 355.000000	5.0660960050638950	117.3742012320452943
 356.000000	3.4526100739938124	146.1406060370831028
 357.000000	3.0286293447555277	143.7752755400452145
 358.000000	2.8250151977913944	140.2349322561972542
 359.000000	4.3120631958193805	109.6207183156466130
 360.000000	5.3932340596570478	127.1667698005237952
 361.000000	5.1301977503477438	130.1128354481450060
 362.000000	5.1164562644331326	118.8395068151765486
 363.000000	3.6211485024054175	128.5633837825326964
 364.000000	5.1663905712571214	128.9466380710846352
 365.000000	4.8929098593496141	129.6882925948069101
 366.000000	3.8971833933935200	132.3841133441588909
 367.000000	4.6319484505638506	127.2358868282933599
 368.000000	3.5914711137592659	135.5564303427289872
 369.000000	3.9647683817083932	155.9693915472394110
 370.000000	5.1858110309238121	146.5952590855012545
 371.000000	5.5256356925021013	153.4399351491190657
 372.000000	5.6761795558992603	147.4156915771015406
 373.000000	5.8779040529500719	157.0132899391940668
 374.000000	5.0600185218039906	165.3104366210160947
 375.000000	5.8081026715818300	139.7809319915879769
 376.000000	5.7209132771870701	142.3804607103614330
 377.000000	4.9044920627389121	122.0096866010020733
 378.000000	3.6205623298574272	137.0217231767793180
 379.000000	4.9282000971875224	148.3209395825957699
 380.000000	5.2986887297010625	159.8281029081057625
 381.000000	5.9172632638707228	142.3094557137460185
 382.000000	5.6719415730423295	153.9804986503875170
 383.000000	5.2819014656082519	162.2659328987698757
 384.000000	5.4298311629583127	165.2084496896190444
 385.000000	5.6268619216313764	153.2591105680719465
 386.000000	5.7223137256786396	152.6730511479360928
 387.000000	5.0621120826443997	126.7404595562009888
 388.000000	4.3358511172314156	150.9576220132947810
 389.000000	4.7822821483875195	150.8524532623965229
 390.000000	3.6940474988715057	156.3409065718986994
 391.000000	4.4932558312502495	130.7503329996865773
 392.000000	4.5116307935892976	129.9407387385978154
 393.000000	3.8756078835949670	151.9033232469375037
 394.000000	4.4463701404814628	124.7051697766466702
 395.000000	4.0092932932676240	145.6650616680066435
 396.000000	3.2044803750064670	150.7017535743106578
 397.000000	3.7385822065790455	154.8782872915949440
 398.000000	3.3160693736658593	144.2812978184472286
 399.000000	3.4538898126364237	149.1529257902234917
 400.000000	3.9158994917568481	150.8204877811427878
 401.000000	4.1980696330379903	128.8368273480182040
 402.000000	4.6825944100831514	138.2160203165564667
 403.000000	4.6246311641245672	128.5167455784102799
 404.000000	4.1163307150264288	148.7314472821421418
 405.000000	3.0486597869176451	154.2311523028097042
 406.000000	4.9982105700948951	139.9277094481363406
 407.000000	4.3719566511424528	134.4845894331096190
 408.000000	4.8500767395718434	126.2690325749605336
 409.000000	5.3317288708324000	163.0537688875496940
 410.000000	5.7121971065005139	146.0311852206353080
 411.000000	4.8770392638381770	169.3633582651134759
 412.000000	3.4504202695689523	131.0549579881384261
 413.000000	4.0290783355098156	121.3190333217916645
 414.000000	5.0301257797804508	137.9805720998829486
 415.000000	4.8681576036666101	130.1555397475592315
 416.000000	3.7159443975026956	122.2451264773661990
 417.000000	4.8685267565581904	134.7851845456730757
 418.000000	5.5029342931157874	125.7517204930411623
 419.000000	4.7086639080281953	122.9478559689274988
 420.000000	3.2416036884949802	138.0761276684058316
 421.000000	4.6884304161875292	126.2578725719206147
 422.000000	3.6689327202282276	122.3145208742808592
 423.000000	5.0975424666804274	118.1278779750001320
 424.000000	3.6572315278803629	107.2642869455556394
 425.000000	4.5777590226579941	119.2264541667911431
 426.000000	5.0145106743067824	125.0314151690768512
 427.000000	4.9843011803718840	115.5766570308895496
 428.000000	3.3594435506464007	126.9795883181371892
 429.000000	3.7711158391319000	141.9345422529186465
 430.000000	3.6508419644074470	122.1025604375118974
 431.000000	3.0236257271071256	141.8121262409290466
 432.000000	4.2725398374297070	126.9770554906649096
 433.000000	3.1182409193767540	152.7223857155857161
 434.000000	3.0659997417684743	133.6732588355441465
 435.000000	5.0643338122151054	118.4146951521728539
 436.000000	4.7971612787415827	129.2468310253365189
 437.000000	5.2992062277771232	163.6288652268884221
 438.000000	5.3640972148949393	163.3251726357449911
 439.000000	5.7881937463453603	156.5794136766416500
 440.000000	5.9468082133556885	146.5013344381892466
 441.000000	5.1647436009502110	160.1167174868958796
 442.000000	5.1448753719948472	163.8287921970806735
 443.000000	5.1606906451570653	168.0023515252834727
 444.000000	5.9101615616869658	153.2081374008148202
 445.000000	4.8711226539894525	168.7092466451600501
 446.000000	5.2648300353159669	168.6991187750624306
 447.000000	5.2340880814395643	168.7509468210544412
 448.000000	5.1564168968888433	167.3307008042625057
 449.000000	5.1987913028321531	157.8373300220389410
 450.000000	5.3436048723219818	161.7413988381658783
 451.000000	5.3799041814320665	151.5962422763040252
 452.000000	5.9487917159224111	159.3033219891476904
 453.000000	5.2940578784589505	160.8333823078545493
 454.000000	5.0384067225715405	158.6260472653383715
 455.000000	5.6972813500719859	137.8942774345890427
 456.000000	5.9397419255828323	144.9823154256723967
 457.000000	5.8499250775011715	160.8447830240520773
 458.000000	6.0274650248363333	155.7002365061152886
 459.000000	5.8213646406267765	154.9537746063353438
 460.000000	5.1463338385033648	165.0424092889447252
 461.000000	5.5294808820501977	159.6757213340461590
 462.000000	5.2447081685091463	162.1111660958863467
 463.000000	5.0096176967107979	158.9718059029417248
 464.000000	5.2523745976390925	174.2276846448176002
 465.000000	5.2484086480301730	167.0465583530337312
 466.000000	5.3221367802835804	160.4823003297936452
 467.000000	5.5417426414004831	155.5554921466635676
 468.000000	5.3200220044078295	160.2743096321073608
 469.000000	5.5449022357274922	158.6891676628999335
 470.000000	5.2381809387352165	163.8346517982646446
 471.000000	5.2187902813485891	155.6396203064412020
 472.000000	5.3168541014330968	142.1675830649736270
 473.000000	5.0986445488687329	163.0320526658843505
 474.000000	5.4807037406595285	159.5442384704285814
 475.000000	5.1339298430901623	157.3322152327621097
 476.000000	6.0651724859043785	145.1580974468423619
 477.000000	5.8552369172372005	145.9061700612337233
 478.000000	5.2120031623330689	170.2202458017209779
 479.000000	5.8247809350650082	146.4087850365414738
 480.000000	5.8534880084321417	152.4497496607364155
 481.000000	5.2402215056453452	160.3885658339573297
 482.000000	5.3872530191560273	122.1901703690595724
 483.000000	5.9964749204743368	153.2140637698263674
 484.000000	5.4038391733243873	160.0885565500721839
 485.000000	5.9602268720820302	140.8445854240048618
 486.000000	5.6945087687711879	153.3309274348508211
 487.000000	5.8010418228564493	154.4303700307336271
 488.000000	5.8650801516709823	150.3122398415998191
 489.000000	5.8473806229306931	156.1193254188735011
 490.000000	5.6553213386973438	148.1363676996490710
 491.000000	5.8887126541750217	149.1740538435507233
 492.000000	5.0177550307886909	169.4208753103305867
 493.000000	5.2306229462876210	154.5880140685746085
 494.000000	5.3164152200104136	154.8107301556935056
 495.000000	5.0828485579939509	157.9092692799742963
 496.000000	5.3241872323891313	170.4018044784654080
 497.000000	5.2387456292249395	167.7615687090786878
 498.000000	5.1963050527687216	160.3546145790836590
 499.000000	3.9132396458698406	163.5172468681758460
 500.000000	5.1805038872582045	170.0620009097285674
 501.000000	5.3123890986115656	166.8874549516960712
 502.000000	5.2616105418102110	171.1142856565196553
 503.000000	6.0470757473653496	149.8722733932735025
 504.000000	5.7312710984271567	146.9428042829937056
 505.000000	4.9437692730471570	161.7371658804986794
 506.000000	5.8178879858009287	143.1381317055561340
 507.000000	5.0817327752678985	164.4813672741368862
 508.000000	5.3965408959901824	161.9094560933074547
 509.000000	5.5909968118587559	169.8900175117821050
 510.000000	5.1642114405441024	162.0244634888950372
 511.000000	4.9785569204948645	172.8499373432796347
 512.000000	5.8042230498165370	139.4279392586584834
 513.000000	5.4110552785290400	146.8069809238535868
 514.000000	5.7540286944755650	148.9540146237489751
 515.000000	4.8239978263286440	148.9763721763082742
 516.000000	5.8430113573351763	145.1510022530237052
 517.000000	5.8871984630096490	152.5560615117330485
 518.000000	5.7704380928724452	148.0138068361143269
 519.000000	5.3388952041644950	147.0843951257827769
 520.000000	4.9385754321479949	166.9711923129946172
 521.000000	5.2649492500091792	169.4238832939302029
 522.000000	5.3933105617771728	169.4500967980115718
 523.000000	5.0441504883059469	162.7872908740973799
 524.000000	5.4528359030281708	156.4393870962534265
 525.000000	5.2859188327533353	168.1546013199894674
 526.000000	5.8324960499257905	151.9652373024806025
 527.000000	5.7987200592595016	143.9243886434563251
 528.000000	5.2082532894047766	174.3042194039360595
 529.000000	5.0788033759657907	168.1017377759241640
 530.000000	5.2154116157967962	166.0801679871848933
 531.000000	5.8631846231343685	148.0181763834650894
 532.000000	5.3602702378097487	161.9293714024627207
 533.000000	4.6586892184689965	168.1857080592786531
 534.000000	5.9452041201327832	149.6940316901131212
 535.000000	5.2895149130320069	169.8374291135922931
 536.000000	5.7430953585744371	150.7193526889782618
 537.000000	5.6649162106912678	158.8090097352566090
 538.000000	5.0050823815127776	173.1157616319611634
 539.000000	5.9783588437074462	146.5608867898072276
 540.000000	5.2111578183668836	161.9758786232016519
 541.000000	5.7190293331002353	155.6401338063034814
 542.000000	5.2722521583639281	167.8811721330686169
 543.000000	5.0722534650415136	162.3650216320764343
 544.000000	5.5425596850367436	158.0336393427614610
 545.000000	5.7865441921411591	162.9092473530024279
 546.000000	5.8704346912739123	144.7564949658835474
 547.000000	5.7730977988791672	153.2335208265306790
 548.000000	5.7648327392659864	154.1236425130765610
 549.000000	5.8769448689251202	147.5350331083931223
 550.000000	5.8408821334422596	146.3695630635646125
 551.000000	5.2167857519393808	163.1477916663382928
 552.000000	5.4056870000749973	153.5669861090505037
 553.000000	5.2644488646372931	164.2716519482183344
 554.000000	5.2699554285570684	156.0759816362836432
 555.000000	5.0866947070787374	171.5893668903818252
 556.000000	5.4375895956494542	162.0700319661789308
 557.000000	5.2262165796864606	169.0700168749676777
 558.000000	5.1644793749963060	161.2850055098373616
 559.000000	5.1518990476330089	166.7793175291550085
 560.000000	4.9128900802746909	143.0058318403418696
 561.000000	4.3876430491844838	138.6479615897058295
 562.000000	4.8279494797470095	141.7213375005416367
 563.000000	4.8733861352390706	132.5765776186393623
 564.000000	3.9841799460278335	140.4575114878414581
 565.000000	4.3429097709249112	118.9296905892522318
 566.000000	5.1935336898812157	123.7205544468098424
 567.000000	3.2696110800009057	143.9406780537386226
 568.000000	4.6809212141009304	126.1388011134478973
 569.000000	5.0756007445019238	117.2133152632602844
 570.000000	2.8344097410067617	136.6436405826866576
 571.000000	5.3046284402290667	124.6520477023005640
 572.000000	2.7358765699723602	145.3262228879420945
 573.000000	5.1652800647695480	124.7475373837343113
 574.000000	3.1960156231051133	152.7400865354089774
 575.000000	3.0077625048449255	139.6672382838365536
 576.000000	4.8309106336556269	120.8304527424958081
 577.000000	3.1595094394858725	147.7856045869935429
 578.000000	4.6556065309208838	134.4621854851617968
 579.000000	4.1948860261158369	148.5882549912182640
 580.000000	4.0820542934239441	154.6812951926440007
 581.000000	4.4451998684658154	129.3977820272755821
 582.000000	4.4113545528025178	120.3140042370578726
 583.000000	4.1505114790180224	140.7508961099410953
 584.000000	5.2886670902058928	119.2142789818428525
 585.000000	4.9171160858928751	127.3189581631303611
 586.000000	4.9387326706754706	122.9897448854885624
 587.000000	4.3693207630378419	131.0593785403584377
 588.000000	4.3371907297836101	153.1958872155656763
 589.000000	4.8261139407218012	152.4934696658829978
 590.000000	4.9116016268505112	129.5350455728731731
 591.000000	3.8583738983949760	158.6386930558621202
 592.000000	4.6161814309318059	115.9508100020614449
 593.000000	4.7599721551018552	166.7264068190401645
 594.000000	5.2061669315217900	171.9488634053249427
 595.000000	5.3352747795998647	175.7465947887287143
 596.000000	4.9689581179186684	158.6932115779033836
 597.000000	5.0121597216773575	171.9071448617108047
 598.000000	4.7157839879458017	149.7855429411845591
 599.000000	4.4459973453892019	154.6846357863314552
 600.000000	4.9775483538323639	131.4678137124322461
 601.000000	3.8506160720234193	133.1292547392399115
 602.000000	3.5389277708300524	135.1604595495156786
 603.000000	4.7399797370210575	144.3396084665263857
 604.000000	3.4832439599929494	142.7982194196430612
 605.000000	3.1264340962157076	155.0027706404533490
 606.000000	4.3661709119631125	135.8759245831907947
 607.000000	4.5093751637287323	137.9099792833228832
 608.000000	4.2306775804654331	155.1752460050983586
 609.000000	4.6155396183684125	126.5027197610319263
 610.000000	3.7433473168229190	128.4764030592122594
 611.000000	5.0760967529357597	125.5656584181415951
 612.000000	2.8712822414654946	143.7011824348433890
 613.000000	4.4875508715620898	134.3763476513792057
 614.000000	3.9741576931196172	158.0841025364786390
 615.000000	5.1234292408842865	164.4791603862612419
 616.000000	5.0437454413904090	157.7793261266625393
 617.000000	5.0800576412093781	156.0573759889207111
 618.000000	5.2480866454776773	163.2633163220974097
 619.000000	4.4564605457215798	140.2041694645950543
 620.000000	3.6842126582109902	142.2560095355504188
 621.000000	4.5404745660962353	115.2204149115929397
 622.000000	5.0477257299407325	125.4691157444528500
 623.000000	5.1284870930875757	171.3384534603873988
 624.000000	5.0279813056987459	170.7952872618510298
 625.000000	5.2873444420072593	156.8718591985424666
 626.000000	4.9542702540417638	170.5558630751145870
 627.000000	5.2353710650143608	88.0815627415224043
 628.000000	5.0671815184769509	65.4161376761956461
 629.000000	5.2021947711725360	79.3911072937034987
 630.000000	3.8890216364374841	96.3782445433440955
 631.000000	3.7039796304530657	77.2850446999677416
 632.000000	3.7063301449360075	114.3968854955564467
 633.000000	5.0455916761200914	84.0557785788636664
 634.000000	5.7580228388574630	99.5479681974281334
 635.000000	5.2979702758624887	71.6862520907136656
 636.000000	4.8913338426163726	55.0217749505513467
 637.000000	5.9019006614226015	101.2686284339684732
 638.000000	5.6762447844457444	107.9333439561026893
 639.000000	5.3952739023263296	77.1662282402116801
 640.000000	5.2377986732440425	92.5832690992064187
 641.000000	5.3690949393228573	88.0176230853546144
 642.000000	5.8114774732667742	92.9579942002994670
 643.000000	5.1801749361950931	95.3885247783801304
 644.000000	5.8753121794163361	101.5249104285975505
 645.000000	5.0737704390516161	70.0074516246217513
 646.000000	5.7367383258427216	102.8325457238137091
 647.000000	5.8517459943452925	96.1388309563409678
 648.000000	5.7817221579876898	99.4656246614752035
 649.000000	5.8889554023774116	108.6735264024387533
 650.000000	6.0249946233592713	103.5264128440452964
 651.000000	5.6826470738848469	86.6420115394009969
 652.000000	5.9328118561058822	106.3684855445790447
 653.000000	4.9106362329119655	73.4766729986957898
 654.000000	5.0538809144364407	63.1795515657671416
 655.000000	5.2006010338028865	64.9919350478874946
 656.000000	5.0210322624016506	60.9766975877736996
 657.000000	5.2529142862276901	75.4846052814420716
 658.000000	3.8459847732038490	51.7582847811302429
 659.000000	3.3112259630460801	71.8099302114210900
 660.000000	4.4106090397885485	109.6524434462828594
 661.000000	3.7006475034649311	47.1672817377810247
 662.000000	4.4045876471509544	95.6124596684358892
 663.000000	2.8420478320545133	38.1402052202113282
 664.000000	4.3670582447490229	109.1373847290334709
 665.000000	5.4390090234112396	124.7901497046588304
 666.000000	5.9255443448068013	102.5961719444356106
 667.000000	4.8525831642537502	70.9923359471772244
 668.000000	4.3836512314440075	121.3674202327182599
 669.000000	5.1927793265409043	121.9576438248897432
 670.000000	3.2700117451431447	103.3811959936165863
 671.000000	4.8381353317694602	60.5138188974010660
 672.000000	5.3787482794444923	91.8593284680839730
 673.000000	3.8488247784972804	71.0092165716624919
 674.000000	4.6979898521139116	102.4336595690349299
 675.000000	5.0875264057535245	79.6016867841837268
 676.000000	5.2882419903591638	82.1246202426565333
 677.000000	5.8831791361917976	97.0961293246965624
 678.000000	5.9848379359152633	103.5791097511121848
 679.000000	5.3655791266474306	83.9684953781210481
 680.000000	5.6346899110072464	104.6945317798020483
 681.000000	5.1571923602254781	87.0846595750598880
 682.000000	4.7784595127334040	59.8146086706465923
 683.000000	5.4437187214996667	85.6838981610438850
 684.000000	5.0862866863754377	82.7628641920451997
 685.000000	5.0992875516132905	55.3173347489470757
 686.000000	5.9781382922615238	98.8473665650323028
 687.000000	4.9679333300476296	78.6969493295061966
 688.000000	5.2379501240823769	84.9642272766452180
 689.000000	5.1384349792642681	83.4040701874591548
 690.000000	5.5401104446088105	93.9305278864858906
 691.000000	5.1087327591594267	97.6203100396379000
 692.000000	5.2869880958692237	87.0023730231142878
 693.000000	5.5544201686142491	91.6446874904773807
 694.000000	5.2485039398592415	85.2419239768840100
 695.000000	5.8031709055304903	104.6710848615310141
 696.000000	5.9251938441502396	98.1376890917742344
 697.000000	5.7913718660708762	98.9384087585952017
 698.000000	5.1923450928605686	73.5200538843636338
 699.000000	5.3963593410595330	86.4206714681292851
 700.000000	5.7351791462870070	104.8702970681593882
 701.000000	5.6507025008544636	78.5277459945488374
 702.000000	5.8522552559276990	103.5167773149040329
 703.000000	4.8749337203101675	61.0503015242787797
 704.000000	5.5491419951425058	80.3469164686409698
 705.000000	4.7599512600557414	132.6154922030229386
 706.000000	4.6408240421900704	117.2675403836904877
 707.000000	5.3229712229611517	114.2592430710692497
 708.000000	3.9188638338441550	89.8626364923299832
 709.000000	5.2201496226245707	128.3395981725619208
 710.000000	3.9689195102063919	125.9624857826631938
 711.000000	5.0745363632873106	128.0294477860584834
 712.000000	3.4177267564800768	29.1068272546274329
 713.000000	4.1153652785109731	79.0790315781018904
 714.000000	4.6533406772114274	93.1133993195070815
 715.000000	4.4651291859579354	92.4183541526866321
 716.000000	5.4858931031657674	124.1833570199797663
 717.000000	3.2806109506876644	145.4427627414881670
 718.000000	4.7668054510397866	112.8331564283490565
 719.000000	5.0821826919521600	121.8213633904568951
 720.000000	4.4263075203604716	110.5322673331860983
 721.000000	4.5169522085008760	122.9354013816294184
 722.000000	3.2534918479818646	141.3375527952551352
 723.000000	3.3173226200495320	137.4163021242479772
 724.000000	3.2429036416329016	143.8379521822731704
 725.000000	4.8088855504758978	122.4753449942541579
 726.000000	5.1466207309112537	127.0924230248116942
 727.000000	3.0780816099864632	29.9223519154236044
 728.000000	5.1604556543982110	125.7920923031782365
 729.000000	3.7562663702538379	26.5084397578910398
 730.000000	3.4303402885455654	23.2467917395917993
 731.000000	4.1032437353475739	84.5372644680899299
 732.000000	4.9204454463574034	135.1901007756410706
 733.000000	4.9927313348660665	132.2026752629541591
 734.000000	3.0942539825792323	37.6674381058100778
 735.000000	4.5271102805534174	115.8809748877977199
 736.000000	3.8079180879465637	66.0310912450134282
 737.000000	3.4173399231385400	68.7952650484175479
 738.000000	5.0382994704411290	91.5356826466165785
 739.000000	5.3453536112893039	81.6899292158252734
 740.000000	5.0998387918947019	93.5326711868822258
 741.000000	5.1752156455640010	81.2119399960431849
 742.000000	5.0056776089887158	76.5663826615147656
 743.000000	5.0063097825688656	81.2474828706390326
 744.000000	5.5443682888949146	89.9077357890205633
 745.000000	5.5400829496897899	96.4091612079561742
 746.000000	5.1374200796384999	96.6430900057552265
 747.000000	5.3563809073927633	83.1161416257928209
 748.000000	5.8675343016037615	99.3059022025698823
 749.000000	5.8148726505572519	105.7577243305432404
 750.000000	5.5025778872021798	90.1640872957705000
 751.000000	5.2578008777076102	88.3368957466326492
 752.000000	5.3314363528060005	84.8370672539983559
 753.000000	5.5047609360189069	92.3233082776361726
 754.000000	5.3428161148373920	92.9287027455479233
 755.000000	5.3758982898073402	87.7921609466488349
 756.000000	5.2282508907209237	93.0591530568238738
 757.000000	5.5242669900061383	95.1466695980247863
 758.000000	5.3758248215176989	92.3123143000428712
 759.000000	5.6356451334339104	95.0845088053413292
 760.000000	5.8616033084770054	101.5825695948439886
 761.000000	5.2448908395654881	81.7856603201450554
 762.000000	5.1591301607106432	86.9363403292931878
 763.000000	5.8843184699119258	108.6731665163824943
 764.000000	5.4235762412035866	101.8996933575807020
 765.000000	5.7374894204445486	100.3460770230779247
 766.000000	5.8363506351621472	104.2397846392385787
 767.000000	5.1136603819897761	74.5486610247512829
 768.000000	5.6251329656474329	99.8437899760480008
 769.000000	5.7965758165074330	95.0469132968766104
 770.000000	5.7884524269539881	110.2898116941170485
 771.000000	5.7617694682422460	100.9651887372638583
 772.000000	5.8943391684372681	97.1124402490175953
 773.000000	5.9888406101063749	94.0698714465690102
 774.000000	6.0007176967478753	102.9183177305928183
 775.000000	5.8667876785753723	106.6936396078131253
 776.000000	5.3655036592777723	87.8326767712650707
 777.000000	5.2916348412709597	87.7745392167173577
 778.000000	5.2387094104049350	91.6650052855733293
 779.000000	5.1822098582240503	69.9021052829532863
 780.000000	5.9885805354325736	97.4664653927450928
 781.000000	5.2682695920920386	71.7058750864761834
 782.000000	5.3266017322233585	88.8155896755744010
 783.000000	5.2548610318337881	85.5420811123693312
 784.000000	5.2009914053141726	94.0988501487389470
 785.000000	5.2249665017451106	83.3064266721886355
 786.000000	5.0651206943973897	82.9977975451548815
 787.000000	5.1454838624189518	84.7805984258883001
 788.000000	5.8907310181083723	97.1845604197706052
 789.000000	5.7719924693156788	106.3896870588395984
 790.000000	5.6976581050687241	100.0180986757084014
 791.000000	5.6819061581621497	97.1091025784561594
 792.000000	5.9660393401739062	112.2081449379588207
 793.000000	5.9861721707488202	91.9509217627018245
 794.000000	5.8245267709128257	89.3413783288308423
 795.000000	5.4056123237504838	80.1612149968282353
 796.000000	5.1571118657273463	88.7105697227916323
 797.000000	5.7936348865586300	105.1538022824498171
 798.000000	5.6611783911726326	90.0528021557543212
 799.000000	5.8928194262196874	103.8177593609320866
 800.000000	4.9365793661083339	126.0906049192014393
 801.000000	6.0999624454546248	99.3815349046771246
 802.000000	5.7417654332641987	107.4187116739653476
 803.000000	5.2459190505273661	77.8609454564302865
 804.000000	5.3146020961395548	87.0540155751174893
 805.000000	6.0181595636597534	103.4530656421693493
 806.000000	4.9388473964569721	55.2250664965368117
 807.000000	5.7287049017573857	94.0507760535217585
 808.000000	6.0043702853365097	103.6378374112121463
 809.000000	5.6027007476989201	109.6986001523759455
 810.000000	6.0375352559457340	109.7206082058802252
 811.000000	5.8285880187262711	104.8346806341451014
 812.000000	5.0261015791821517	67.0949306663627851
 813.000000	5.8360303028624587	94.1927883567155391
 814.000000	5.3163135139501732	89.8688064385746230
 815.000000	5.4223366281309442	85.9759528775254438
 816.000000	5.0917412413254262	76.0546832864667266
 817.000000	5.2830609066406007	98.8245153524368050
 818.000000	5.2833704319432142	82.0913427388259294
 819.000000	5.1379332657690044	93.0892683032168264
 820.000000	5.1296468057643017	87.9667712059750784
 821.000000	5.0595269553156506	85.8232353803374508
 822.000000	5.4105388013806852	88.9149189224904148
 823.000000	4.7591681246051261	105.2318431649873531
 824.000000	5.3051349855282321	95.4043548927991907
 825.000000	5.2999464246530250	91.4487717750240847
 826.000000	5.4388339761761157	98.5888734244094422
 827.000000	5.3418539624791208	83.1382476903540493
 828.000000	3.8744208172450354	91.2104440693064191
 829.000000	3.8705697250289011	55.9536311969500133
 830.000000	4.4827627848200038	90.1355212223680837
 831.000000	5.2595480301892295	81.6901174281978797
 832.000000	5.2227786168283599	91.6666728405094204
 833.000000	5.1694241188108068	80.0108843497688014
 834.000000	4.9932100304872780	57.0161881906972923
 835.000000	4.4890343741680550	50.3979932111471101
 836.000000	5.7541967853193565	101.8671818015786101
 837.000000	5.3650251882780671	128.2926119200189135
 838.000000	3.1743706416096598	70.9549336308565586
 839.000000	4.6836813962491819	124.9563037329007784
 840.000000	5.8987376632178332	99.8896090200676241
 841.000000	5.8602529113161763	103.6744958739087679
 842.000000	5.8204251674384286	104.5210366249189349
 843.000000	4.8932830532557734	57.9623585651431625
 844.000000	4.9916241270739077	60.0641266637583158
 845.000000	5.4785430045423036	101.5595054396299730
 846.000000	5.7651179971392708	95.4514926190351787
 847.000000	6.0117232071923041	98.4230536666264726
 848.000000	5.6235549584868911	93.7405391487803143
 849.000000	5.9711528914128467	97.5722343945306676
 850.000000	5.5869058395719851	102.7363290960971227
 851.000000	5.8891183605399915	100.2851041641767154
 852.000000	6.0153996563113674	92.1849845207436118
 853.000000	6.0432029212216207	102.7975367732322951
 854.000000	5.8945887041344331	99.7698561351109419
 855.000000	5.8989186123964084	110.0425369083435072
 856.000000	5.4882155743183541	88.4993174035379724
 857.000000	5.3258734003226840	92.0485643620897065
 858.000000	5.3578286001339350	90.2146668410482704
 859.000000	5.6532155485187898	104.7267309994962545
 860.000000	6.0456023313742406	102.0732898883815665
 861.000000	5.7555871075639979	102.9541076253867828
 862.000000	5.7795385739317178	101.4116942147216349
 863.000000	5.9518168777475422	105.6575079976626341
 864.000000	5.8555537015691321	96.8520605280313163
 865.000000	5.9649142839666123	102.1586829204909037
 866.000000	5.7738274469811088	103.3219826198149889
 867.000000	5.7373211208073913	100.7736772172632413
 868.000000	5.7341430976792207	102.5664380214262366
 869.000000	5.2579191013677749	74.3584859588184059
 870.000000	5.1685450974396581	83.5493298895039800
 871.000000	5.3883612729923405	86.6917240817981423
 872.000000	5.6830071824878372	99.5634973782447901
 873.000000	5.9214355589361665	98.0987606586741379
 874.000000	5.8889512603472598	107.2356050494947084
 875.000000	5.1240875093889269	51.1974827079305896
 876.000000	5.7140639639769644	105.9629417150856483
 877.000000	5.6257677062839502	98.2526803558432817
 878.000000	4.8628631314700321	117.0877675217568310
 879.000000	3.8259920051792200	116.3183689083392096
 880.000000	3.1205792509438224	20.1516869481526157
 881.000000	3.4455421286525683	103.9543042361454468
 882.000000	3.5279816151193861	72.7342044294750707
 883.000000	3.6363448775485430	39.1470269037116338
 884.000000	3.2768998186698033	21.3178404501855709
 885.000000	4.6439783873725871	128.6272234873353000
 886.000000	3.1831365471157516	36.7800270159956142
 887.000000	5.0024932791143435	134.2369259169274187
 888.000000	3.1725424822147810	43.6311039873348534
 889.000000	5.1633830751732654	129.4659147160952557
 890.000000	3.0164083395693599	12.0730804533343417
 891.000000	4.8932176200072988	110.0535852258210952
 892.000000	4.2168203802886000	89.3501897513027643
 893.000000	4.6382797184999944	114.3140940281548268
 894.000000	3.5364944003830363	70.6253242149672076
 895.000000	4.6009738368329751	110.9687796523725893
 896.000000	3.9025471450803018	65.3847687133568201
 897.000000	2.8658139026666145	30.5563176898730546
 898.000000	3.5926317198932516	33.2064332244119953
 899.000000	4.4274181900881420	94.6277919372089258
 900.000000	4.3813558563872013	113.0948748891113098
 901.000000	4.3815793659619704	97.4706391849468048
 902.000000	3.8358891882078354	72.5997431794725401
 903.000000	4.7849115834549893	111.6740756520145794
 904.000000	3.8091984828416603	80.3630214708043695
 905.000000	4.2263122259532668	115.0795605878450090
 906.000000	4.8456718135681083	110.0487416912598775
 907.000000	3.7770084021144568	67.8293131123210884
 908.000000	3.8288377053000207	52.0331560924041270
 909.000000	4.6038779131691907	111.3283756322178562
 910.000000	4.2423013793768689	103.1978505413335370
 911.000000	3.7113209413832373	54.2865527991405799
 912.000000	4.1240449272803890	102.2837775187555280
 913.000000	3.6384890893114101	52.0319805739423771
 914.000000	4.8970902623000505	108.7096717038072597
 915.000000	4.4356813362298473	105.6316490342249637
 916.000000	3.3973123943643584	37.9041608386309292
 917.000000	4.8599197671478214	115.9870654600156570
 918.000000	4.1300046662345347	109.5184147502483114
 919.000000	3.3131612229434659	79.9739399528107953
 920.000000	3.5682168249113921	38.5759834147233676
 921.000000	4.6712722226448271	106.5830544686994159
 922.000000	3.5571406786561588	27.3774469995309460
 923.000000	4.1169685125629698	68.0319225299706574
 924.000000	3.2555941714646730	36.3254684632502745
 925.000000	4.3162936890149313	101.0729324775496138
 926.000000	3.3926707957763402	26.6101592619642418
 927.000000	3.3753653266800283	30.5391696338504914
 928.000000	3.1060594996593762	24.0889715139848022
 929.000000	5.1278174361128679	101.8317556728364650
 930.000000	3.2697311369197690	14.9614666796111351
 931.000000	4.3617894940806030	106.8117237104645767
 932.000000	3.0857587560102462	50.7013537560182215
 933.000000	4.0447744227033615	77.1427904372149982
 934.000000	4.7047781638014703	112.8767644918230388
 935.000000	4.8615922410354147	109.2846105467568378
 936.000000	3.5340303280139649	63.1699095069235881
 937.000000	4.6530396230469222	108.7561312342631084
 938.000000	3.4797653297406588	48.2001250103977839
 939.000000	4.3118756934882176	49.6749653357869363
 940.000000	4.4880380381951728	91.6524562384565797
 941.000000	3.5553881619002725	53.3270162511198293
 942.000000	3.2031249393373948	70.4977401263899282
 943.000000	4.3126924848478865	91.0736693887567270
 944.000000	4.4781802025433839	100.1204329344858195
 945.000000	3.5261293033200158	51.3706415247566781
 946.000000	3.6772843391299435	67.4342252578718302
 947.000000	3.1910807963510330	35.9207952389485285
 948.000000	5.1695616979507939	130.9299557590359200
 949.000000	3.1711299801301256	19.5830051681168982
 950.000000	4.4248146453361104	82.1738069604413965
 951.000000	4.5740349015179858	90.1388097855278261
 952.000000	3.6961271543652625	96.7843113328380440
 953.000000	3.9189618491679910	99.2864826534429028
 954.000000	3.7831575283937027	36.9092803399146021
 955.000000	3.3975793984182641	41.5211673645298447
 956.000000	5.8496255321867388	107.9699626597726763
 957.000000	5.8212414502524057	95.9992960180511545
 958.000000	5.8243950681008778	111.2490709248606748
 959.000000	5.7900593555809019	98.8164053766751067
 960.000000	5.0747279282001427	59.5790214634226487
 961.000000	5.8489947600842003	105.4053042566972067
 962.000000	5.7215045570770586	97.8561397168961520
 963.000000	5.9087397772949188	99.4773132438410101
 964.000000	5.0390923874335263	56.5358865107424151
 965.000000	5.9377280104287875	105.6973721753924309
 966.000000	5.8784781465376241	91.2802599471497018
 967.000000	5.8813025580566611	108.3172805560519265
 968.000000	5.8579322735272106	97.7640439929495955
 969.000000	5.9077017859184631	99.6224971851942911
 970.000000	5.3991506945163703	87.7800967267310455
 971.000000	5.1993640927475910	81.4284648920694849
 972.000000	5.8326867648983063	96.9232747520461686
 973.000000	5.5743464826862672	103.1812338762642298
 974.000000	5.6622012482599580	94.3064934048981911
 975.000000	5.8407071186411867	98.9457018682955862
 976.000000	5.5372043745409094	89.6834755765754039
 977.000000	5.2152703280580859	92.2974942775180835
 978.000000	5.2916443480759607	88.0677106630589179
 979.000000	5.9356227703731674	105.1168911608937009
 980.000000	5.6837247030944571	90.2891804350162346
 981.000000	5.4922759200371383	97.6154700270460722
 982.000000	5.5353137639278573	91.9151263199808568
 983.000000	5.8508080153896289	93.8984717374448365
 984.000000	4.7934957408974981	75.2377313851222596
 985.000000	4.6883305246915041	118.0098166339965076
 986.000000	4.0741741072573907	106.8591096809825274
 987.000000	5.1483154151301163	88.8955786819608562
 988.000000	5.4456055771616185	83.3485550056760331
 989.000000	5.2428592847758848	87.0521137329665748
 990.000000	5.2286590025936954	93.2492198354578363
 991.000000	5.5291918619426044	88.5395459369568840
 992.000000	5.3996081040170134	90.5805947302416712
 993.000000	5.7508118636149383	107.9899913628145498
 994.000000	5.5469653714215621	95.8290853028780987
 995.000000	5.8353991616237808	105.4865267129369215
 996.000000	5.2078888859239578	83.8061194260124154
 997.000000	5.2141843718196492	84.7440228062711753
 998.000000	5.3418531467748531	92.0920311252614283
 999.000000	5.7428657268447871	88.9054160344762749
 1000.000000	5.3383601029515910	92.1996542094516514
 1001.000000	5.3740133617145371	84.4621812640607317
 1002.000000	5.7323482835622013	94.5510990817210057
 1003.000000	5.5718316675252408	104.9494781365148413
 1004.000000	5.3420576625656873	90.1339615414463537
 1005.000000	5.4563230703721768	87.9026297361367739
 1006.000000	6.0698680493669661	115.5602554650872662
 1007.000000	5.9232570717127206	100.7153392633109945
 1008.000000	5.9142837129314936	103.8264563003367726
 1009.000000	5.8899481645543554	115.1188741380371994
 1010.000000	5.1497905031241267	56.6414377964883471
 1011.000000	4.9664875632061829	76.2781982800052845
 1012.000000	5.5555631721424872	88.4426792713851881
 1013.000000	5.4746185192234318	91.0766419976009161
 1014.000000	5.3392088153197719	80.1777455568192750
 1015.000000	5.3962095545891673	90.3689476851593696
 1016.000000	5.6697631704648979	104.6313272481524734
 1017.000000	5.9259886004364200	96.6691989386890214
 1018.000000	5.2129689310502858	85.6198932049768473
 1019.000000	5.7575593308631605	100.8612079703776487
 1020.000000	5.1694798408321221	91.9910707222744151
 1021.000000	5.9054214479927571	98.9334645186371802
 1022.000000	5.8450978523832609	95.0071388860846042
 1023.000000	5.7463872731750207	101.5980968813533565
 1024.000000	5.8467550576179681	99.2405673170211458
 1025.000000	5.9239213871360166	105.8604614926462375
 1026.000000	5.8335797358817052	100.8138368428707281
 1027.000000	5.2612443129539619	81.5055109969434284
 1028.000000	5.5541335719042468	92.6080696834879973
 1029.000000	5.2764169829846441	93.1287338678624081
 1030.000000	5.0978739773317088	86.8405922690817249
 1031.000000	5.7424452096572871	92.8872497847386711
 1032.000000	5.0631443051633429	55.2194624092550583
 1033.000000	5.2242406685016229	96.2922886187244700
 1034.000000	5.1708728882129966	66.1612749605977797
 1035.000000	5.5925739410590705	93.9288328713494138
 1036.000000	5.9748944275445313	109.7181105703531330
 1037.000000	5.4747463681836201	96.3379373234487701
 1038.000000	4.5484881183114387	121.4936881536841753
 1039.000000	3.8876788537424067	67.8061831775667514
 1040.000000	4.6563212976046762	106.5070278017508372
 1041.000000	3.1869751260281176	23.1589013991100217
 1042.000000	3.3179078924037371	64.0884466477366033
 1043.000000	4.0630793964335483	52.6466052151959616
 1044.000000	3.4945944684942956	63.1166408022926220
 1045.000000	5.2186596394744535	122.4730793126554005
 1046.000000	5.0580635949162396	125.1222813270703398
 1047.000000	5.3786945355060318	130.9251680614513020
 1048.000000	5.1067869106581156	115.3010877147797402
 1049.000000	3.9039313054367355	64.8092266274605464
 1050.000000	3.6703165302503171	62.0480139793995420
 1051.000000	4.4697333362939098	106.6467473175589618
 1052.000000	4.0360857700608150	46.5697209702287864
 1053.000000	3.1004173977995246	19.6016195829348590
 1054.000000	4.7295598232212699	107.4687517108336863
 1055.000000	5.3475283900884873	128.8643518744109997
 1056.000000	3.0117859476904152	18.4091970995008865
 1057.000000	4.8439108194899214	132.9726234058033754
 1058.000000	4.2531534093961207	112.4875250304150995
 1059.000000	3.2070968009204064	21.7328533995282385
 1060.000000	3.0996358997004867	10.0514732576147310
 1061.000000	3.2027554266489524	10.5152717259083488
 1062.000000	3.1428022770543316	30.4752116968473956
 1063.000000	3.1437432440788249	24.8191678620568439
 1064.000000	3.8035041989643803	106.6479096612967226
 1065.000000	5.0561616221189496	116.8323100533364709
 1066.000000	3.0490508131421565	18.9494645928995453
 1067.000000	5.1552004601336012	135.3098256031082940
 1068.000000	3.3560677564843857	15.7197959045335551
 1069.000000	5.0514147247506065	107.5994396129841277
 1070.000000	3.9949869711500630	107.2127211396191626
 1071.000000	5.1784290376395683	120.3560034867646777
 1072.000000	3.5294671735814940	78.3281792432514123
 1073.000000	2.9959216244001072	43.6830122964372833
 1074.000000	4.8169883022684310	123.9736057463242105
 1075.000000	3.4964130202926027	50.3630052688837964
 1076.000000	3.1831545562914716	89.5337243730931647
 1077.000000	5.7758891104986025	96.4756401434701871
 1078.000000	2.9921104140867913	10.3279409081629865
 1079.000000	4.6968154770353561	122.7694558685125656
 1080.000000	4.3596296489463411	116.7765065851374402
 1081.000000	5.2459863312463533	132.3275307072311193
 1082.000000	3.4446056901654969	16.3402559402001941
 1083.000000	4.9743869956142444	136.5936413744930746
 1084.000000	4.0253153271742255	59.5056507491924975
 1085.000000	2.8277325592800859	28.2521534073737541
 1086.000000	3.2365090454413399	65.0046721396118272
 1087.000000	3.1901771714723237	23.9425126026444843
 1088.000000	4.1351392965394629	93.3397681677042783
 1089.000000	3.2408989017752172	30.9089807643840686
 1090.000000	5.0373551673945789	55.2631946213518148
 1091.000000	5.2092463472173920	63.9455566719048250
 1092.000000	5.4947678764461729	77.9268104883127108
 1093.000000	5.2716128768081276	95.5855637664946443
 1094.000000	5.1686504218762845	57.7817215863224618
 1095.000000	5.2842594259836844	54.0737270034816362
 1096.000000	4.9338653868521094	48.4441681411305751
 1097.000000	5.1354495831885485	82.3478958554732117
 1098.000000	5.3356259692565677	91.3893332747730227
 1099.000000	5.3576796539825082	94.1404877879587332
 1100.000000	5.1392328421462725	88.3428224827863033
 1101.000000	5.4169768553483006	94.8792300327936573
 1102.000000	5.3133231287318710	78.1607484004656641
 1103.000000	5.3695797468716302	83.4499211546924613
 1104.000000	5.0342419361845154	91.0337439678769442
 1105.000000	5.2559330352144098	86.2040847926496241
 1106.000000	3.9104366812959817	65.3137943644966299
 1107.000000	3.1832097466651668	36.0030140926318722
 1108.000000	5.0536280825064583	119.0691160078823145
 1109.000000	4.6280325198118648	97.6425106873867890
 1110.000000	4.2627845674276115	46.0416450064390688
 1111.000000	4.6158728314395132	109.9297188284513567
 1112.000000	4.7508336957480886	111.3803223747038373
 1113.000000	5.1678760560372332	67.2884748370295824
 1114.000000	5.1228236261722824	79.4675700095966135
 1115.000000	5.0989704713293191	85.7386689345185005
 1116.000000	5.0992320935856927	65.7190293088357578
 1117.000000	5.2084309108610833	75.2625927379644963
 1118.000000	4.9831088559147689	73.8468767624723341
 1119.000000	5.1857672005044702	71.8180736413766709
 1120.000000	5.3555961918015829	96.1006476518190880
 1121.000000	5.0811599674269630	69.4966394524288518
 1122.000000	4.5251102013378821	54.9867762028778770
 1123.000000	5.6313887486642580	97.2646768148817245
 1124.000000	5.1015706580715232	73.1958281971596989
 1125.000000	5.5568600371859418	95.5268895805802316
 1126.000000	5.4596068471199102	82.2041400634439867
 1127.000000	5.4539926800910932	100.0679601826208369
 1128.000000	5.9357198053313285	95.4795873278421396
 1129.000000	5.9322668280670978	92.0982851821778468
 1130.000000	5.9785086162592469	105.2284802032857556
 1131.000000	5.3942282167355025	90.6005650435064211
 1132.000000	6.0007190032118682	104.7202915126989211
 1133.000000	6.0646548004523684	105.6372678673377408
 1134.000000	5.7365557018886681	98.0781169284836949
 1135.000000	5.8234161349319331	98.3489046633577857
 1136.000000	5.6791782178158208	104.3123852578415978
 1137.000000	4.9183897342810470	125.6258602483602544
 1138.000000	3.2060991903538363	64.4708016275641000
 1139.000000	3.0540667411007245	45.3215250913602290
 1140.000000	5.0290351409828826	130.7208860799991044
 1141.000000	5.3226350707290351	134.7320460674941671
 1142.000000	5.0440887814415971	139.6456979530572085
 1143.000000	4.4033404433002223	93.3442589114653885
 1144.000000	4.5155372375985836	121.9645973731271908
 1145.000000	4.7860295043986296	117.8951136095671473
 1146.000000	3.9392835014364529	73.6784492801218107
 1147.000000	4.9201753453809287	127.1566308983826303
 1148.000000	5.2814817523755080	129.6321662912455679
 1149.000000	5.1507917621753805	128.2204458146686648
 1150.000000	3.1025032025199497	18.6054946561730787
 1151.000000	5.1148244241053193	124.4625594383963829
 1152.000000	3.3842471344541032	68.6901547972142623
 1153.000000	3.2268217363188749	32.6869362634162997
 1154.000000	3.5745146835106376	48.2971046012531247
 1155.000000	3.1965918188506355	33.4802027577452463
 1156.000000	2.9022164514397510	5.5269075514647170
 1157.000000	4.9555173427399337	128.5432765445854955
 1158.000000	5.3055884794877990	131.2162485411009243
 1159.000000	5.1293029451668550	134.6775284149879326
 1160.000000	3.3842881372677502	25.1721205905202225
 1161.000000	3.5061649882961246	68.9164987332093943
 1162.000000	5.7188554841045569	91.5278941876229339
 1163.000000	5.7186026827384815	101.3088330210671302
 1164.000000	4.0809023074195201	45.2515872414174680
 1165.000000	4.3740329435942140	51.3281255853671894
 1166.000000	4.7849178627502500	68.7024942727300925
 1167.000000	5.7257601948105714	92.6456645238880299
 1168.000000	5.8554094786790314	102.5643402333800083
 1169.000000	4.3593362665973050	92.0158153261619276
 1170.000000	4.4506742751482822	112.7924682666309195
 1171.000000	3.1263455153065398	39.1085996877000923
 1172.000000	2.9687475620838608	21.2184971811592504
 1173.000000	4.7939898040468458	125.1841967017904267
 1174.000000	5.0263429963927369	133.1243798935156235
 1175.000000	5.1690844555512436	140.1208383462943061
 1176.000000	5.1390145954768984	132.8380468103219698
 1177.000000	2.9783953101633518	29.7023028884176199
 1178.000000	3.2354347703581601	58.0115269892268657
 1179.000000	4.9934832266361600	121.8941875375673760
 1180.000000	5.2806439794698159	125.6922738745642221
 1181.000000	5.2040053968142770	123.6936506007468637
 1182.000000	3.3092776900884413	33.8522459577758354
 1183.000000	4.9755413383473028	61.7692853994477247
 1184.000000	5.7084332374907918	107.0811979018126152
 1185.000000	5.4521571811133072	89.8479034262124969
 1186.000000	5.2913444182926330	89.9102368892107222
 1187.000000	5.4771487096159444	92.3952620342112567
 1188.000000	5.3673384760011986	88.3028770801760885
 1189.000000	5.0010559903633638	63.4778911783141950
 1190.000000	5.1823141285087582	70.7447952451752400
 1191.000000	5.2631544890878956	86.9350791349391301
 1192.000000	5.1484219067566652	87.4586172285526402
 1193.000000	5.7185428257563142	106.3829170065549334
 1194.000000	5.7399370583766665	95.9034506551891042
 1195.000000	5.0629855762915250	78.5233026442089965
 1196.000000	4.9826714936043315	52.8617954189398773
 1197.000000	5.8504620908144167	98.0183135276464981
 1198.000000	5.2397395601321195	66.2492085436119709
 1199.000000	5.9597570194267080	97.3753670035266339
 1200.000000	3.9448710161326246	87.5819410174366482
 1201.000000	3.3497005257723949	91.8680358723363213
 1202.000000	3.3366747143682587	57.2416689631002384
 1203.000000	3.4996872536748245	47.8066768822802146
 1204.000000	3.4744692123428904	90.6624514041753287
 1205.000000	3.4755276627365119	26.8194760832702741
 1206.000000	3.0968185039604856	31.0669037456648027
 1207.000000	3.2922384083894314	60.6870604199578452
 1208.000000	3.7756089391278511	103.9675437944153771
 1209.000000	4.0231005823758021	102.2577649110567677
 1210.000000	3.0852131619265548	18.6418602634870467
 1211.000000	3.4629336252106775	77.3678598928111967
 1212.000000	4.2502548162353184	101.6315218689727544
 1213.000000	3.5928154865537407	98.5198470603951364
 1214.000000	3.9141028816596859	76.0655439070974637
 1215.000000	4.7608915264448450	127.0177623452714784
 1216.000000	3.5703358450060767	20.7193594112986545
 1217.000000	5.1308859939484632	127.5267403643439650
 1218.000000	5.6169456895244112	122.5171844540214323
 1219.000000	5.8511958114130067	105.9336893140125397
 1220.000000	5.1126917386731456	79.4956069672261947
 1221.000000	5.0769391569348885	90.0429125513490760
 1222.000000	5.9227098714693724	102.7401596089587912
 1223.000000	5.6026892672426012	86.4671561258332702
 1224.000000	4.9168611041046617	52.6290509050794242
 1225.000000	5.4067066586006991	78.9123242678850119
 1226.000000	4.5612202880265764	121.9494371047857015
 1227.000000	4.3478580011338961	141.3590180790851321
 1228.000000	3.5690963572017882	146.4945208780189603
 1229.000000	4.1796806073818038	144.5877289309383400
 1230.000000	3.4466716802746165	148.8330108461424857
 1231.000000	4.2590535378395202	142.2450364364114535
 1232.000000	4.6067149461117101	140.0218604105295981
 1233.000000	3.7887531372875642	120.2145979176739132
 1234.000000	4.5196769472337088	131.1781321844085539
 1235.000000	3.8310487610143604	158.3764341342016451
 1236.000000	4.6020556414738047	129.8586958994716838
 1237.000000	4.4160236878216486	130.6963498573663855
 1238.000000	4.4745831143658314	152.9653564071431617
 1239.000000	3.4823756572391060	158.1017875186124115
 1240.000000	5.6077547158526881	154.0945743992033101
 1241.000000	4.8204651437332116	165.3175200695607430
 1242.000000	5.2544336349038216	172.6183167738024338
 1243.000000	4.8525232269315914	145.8319211979043644
 1244.000000	4.9607196630998924	163.8328785948275481
 1245.000000	5.8415849146396450	144.8386412552799243
 1246.000000	5.0431735350814826	162.4811868290787515
 1247.000000	5.1290566765973571	165.3252571367782480
 1248.000000	5.1917516834470456	157.8922773429916617
 1249.000000	5.1446921423226852	167.1913449457073000
 1250.000000	5.8869322524187133	156.7446452351083792
 1251.000000	4.8937858244322960	124.9734798888720775
 1252.000000	3.4074156286655697	143.1753034537123881
 1253.000000	4.8250049789981242	141.0620209459286514
 1254.000000	3.5598698867243015	153.2176253711604659
 1255.000000	4.3412128650900721	149.0580780685023683
 1256.000000	3.8730766618821173	144.1637944598762431
 1257.000000	3.2581238328025868	156.5975836674824961
 1258.000000	4.4358051446118285	141.7319262878708059
 1259.000000	3.8609567769995397	147.5057954013496726
 1260.000000	3.2517739462266477	148.8238282120790927
 1261.000000	4.0756688520391142	124.0854475712889098
 1262.000000	5.3649258398918764	160.3892914765802118
 1263.000000	5.0986293709845443	168.7243738441154051
 1264.000000	5.2308022091352813	168.1371627826866586
 1265.000000	5.2503467518914357	162.8091249575393533
 1266.000000	5.4776792691736187	164.6983634762157749
 1267.000000	5.1678146026179990	165.1264545534148453
 1268.000000	5.3874747012011328	161.4921388852603457
 1269.000000	5.0625759307960507	165.8552307922402917
 1270.000000	5.1238903945833201	154.3530293360836367
 1271.000000	5.2655177841072378	164.4180842988465372
 1272.000000	5.3460685910137862	155.3010117713020293
 1273.000000	5.2181886445504686	161.4452941256090241
 1274.000000	5.8354730129343011	144.1640213116669997
 1275.000000	5.6872492605728047	153.6961531547926825
 1276.000000	5.4632924192864687	145.4142870681900774
 1277.000000	5.4688044062055923	161.7179248033411056
 1278.000000	3.7379569055866959	153.9630784502178074
 1279.000000	3.4819826876736455	140.8708244434490666
 1280.000000	4.5863101951198058	119.6001650395764528
 1281.000000	5.8984703195059049	153.0353519129059521
 1282.000000	5.9072863038026853	147.3025859800879971
 1283.000000	4.9757432938860440	163.8198281257510587
 1284.000000	5.7959982276476731	144.6439346640868848
 1285.000000	4.8498390109210217	164.3432489830038037
 1286.000000	5.2970185091641158	161.3011361980064464
 1287.000000	5.6975732945961592	149.1419972200197890
 1288.000000	5.3913396532771483	155.8724723991550434
 1289.000000	5.0160714938665905	139.1209951373092508
 1290.000000	5.8614199679800372	147.7877623454277511
 1291.000000	5.3128158847369322	155.9031206865419392
 1292.000000	5.1769356089742251	168.6015304796591465
 1293.000000	5.4221425821700997	163.6307671894468285
 1294.000000	4.6980459597553077	139.5554769268736663
 1295.000000	5.4293465081757963	163.2906704326241254
 1296.000000	5.4415860752989067	163.6598785307018602
 1297.000000	5.4367144034061461	159.1562602711218801
 1298.000000	6.0548391244021422	143.1885714802790233
 1299.000000	5.8822041676865888	150.5609533135534548
 1300.000000	5.2991611405928367	160.6097553656794048
 1301.000000	5.3334330939514336	159.6661666736559084
 1302.000000	5.6860285270944484	149.3264518738065476
 1303.000000	5.3028277976252909	158.3766339448960707
 1304.000000	5.0983869558118773	171.8679235993129453
 1305.000000	5.1966749604366251	157.6872287487639426
 1306.000000	5.9609149718532919	149.1100743734706668
 1307.000000	5.3505776851984743	164.0219532634251607
 1308.000000	5.8726574660017414	145.6551466935397912
 1309.000000	5.8346038393990609	152.1565164886973491
 1310.000000	5.8296295186453131	144.0200027156889746
 1311.000000	5.6998445415830608	140.0633429769754059
 1312.000000	5.7865980827891406	152.2195421896967105
 1313.000000	6.1711665361533177	146.6643312502690435
 1314.000000	5.8974816660206892	149.0646653885690114
 1315.000000	5.3122532238161222	161.4312872481276315
 1316.000000	5.8564694227754845	155.2097262560247941
 1317.000000	5.7609049535154604	143.6708614602573846
 1318.000000	5.9303481834416285	149.6774440631177754
 1319.000000	5.8486938826757280	150.8982639549793134
 1320.000000	5.9014222500436153	152.4363113745704368
 1321.000000	5.9730852697557282	150.3210233073077120
 1322.000000	5.6578919819338109	153.2520020808842958
 1323.000000	5.1405726689039382	150.2970775954091209
 1324.000000	5.6056837317335608	151.3769642175715830
 1325.000000	5.2251497968270009	167.5298951826316056
 1326.000000	5.4261987938983438	157.4980715086625196
 1327.000000	5.8132661791814613	162.3450959857351563
 1328.000000	5.0325312833238547	155.5232181118542201
 1329.000000	3.4342705851459074	137.2056496458549759
 1330.000000	3.6120168138439057	133.5310002162664773
 1331.000000	3.8681502214220007	148.3183441169399828
 1332.000000	4.8712231250885045	134.6788634323232543
 1333.000000	4.9739828248845557	171.0050946677429522
 1334.000000	5.1140560265785711	160.3753648086480439
 1335.000000	5.1925250062247210	174.8601731249030706
 1336.000000	5.1727228721654361	167.2377823010971269
 1337.000000	5.2415606776548556	164.2053011355338015
 1338.000000	5.1377988388849110	164.6568284770799835
 1339.000000	5.0822552850777072	176.8515188914689702
 1340.000000	5.2952953509615552	163.0199925582845424
 1341.000000	5.0974862648271992	163.4815230347444412
 1342.000000	5.1544844680844166	165.7126890141845763
 1343.000000	5.2543498720312067	161.5515995103532418
 1344.000000	4.9246549349570135	169.4096728102251461
 1345.000000	5.2093381601853332	163.2210598200571781
 1346.000000	5.1072170585756949	161.2040739828519804
 1347.000000	5.2859834568156474	170.1426003806219285
 1348.000000	5.6796253248419521	154.1615520012786362
 1349.000000	5.2875213970220454	171.1387692425285536
 1350.000000	5.4880242190258191	168.5735436397102660
 1351.000000	5.8212235721087371	157.6277152181138490
 1352.000000	5.8254167577080178	146.9133572350580721
 1353.000000	5.7171233046509151	98.6358926246992382
 1354.000000	5.0171073279937577	65.4829567942369835
 1355.000000	5.4088798924236681	89.2215803156576044
 1356.000000	5.4654023477687961	87.1764163576058593
 1357.000000	5.4959395479906270	87.8228354392697952
 1358.000000	5.5470860277315497	114.6183910458267263
 1359.000000	5.4135411901690098	92.7124679981890267
 1360.000000	4.7744715140419327	61.7994199490256335
 1361.000000	5.0874661246567952	71.3561925280915545
 1362.000000	5.1887279404645330	85.9542420163525946
 1363.000000	5.6707799406686270	96.5977334152499338
 1364.000000	5.4657472179675057	82.6028561983487748
 1365.000000	5.8962967100012156	98.4233746036221788
 1366.000000	5.7522453102594868	109.2634125891019607
 1367.000000	5.8661875419074780	94.7755589836442311
 1368.000000	4.9191991726372155	64.4096370187983496
 1369.000000	5.6811701275664621	91.4180375031955208
 1370.000000	5.0106366569753771	33.7888217200384133
 1371.000000	5.0874996722068220	63.0851713966381311
 1372.000000	5.1009945579726361	59.1756241291876250
 1373.000000	5.3775814945504496	82.1343096598021987
 1374.000000	5.2377742635162141	75.1451754023081406
 1375.000000	5.7182975662743427	100.0929053285274364
 1376.000000	5.9824084236600257	100.0083368756412199
 1377.000000	5.2807042857952569	79.7244577024753767
 1378.000000	5.2071826215287169	78.5271923397838520
 1379.000000	5.8634814196620590	94.7112069115883628
 1380.000000	5.6951506713946802	91.8946147837780813
 1381.000000	5.1688157509928807	85.0261391183230018
 1382.000000	4.3360878303185482	95.0568782047190410
 1383.000000	3.7773755714584576	101.5913183629193099
 1384.000000	3.6182543646426146	59.7682668875158356
 1385.000000	5.1717319040602412	76.0462190452202265
 1386.000000	5.2520446383323929	86.8389398415646951
 1387.000000	5.8541130280067861	96.7393860019118534
 1388.000000	5.5476362990318071	91.5455416938325470
 1389.000000	5.6903765890501159	98.0084548830736537
 1390.000000	5.8315606415843035	111.7846339614483497
 1391.000000	5.4222984266899150	95.6748168215894736
 1392.000000	5.1208449427355509	80.1054880058667038
 1393.000000	5.4255561367173755	83.3757453472023826
 1394.000000	5.3679969403620706	93.1093507775024563
 1395.000000	5.1211221767894477	70.1504755019241060
 1396.000000	5.3768848748219984	93.3883112440356342
 1397.000000	5.8619875053042287	91.1158759894893251
 1398.000000	5.2791270271703876	84.7563068781565079
 1399.000000	5.1961909687320587	89.2335814601548805
 1400.000000	5.7098881947966085	93.6396485651367811
 1401.000000	5.2653961573707848	79.3037841805374342
 1402.000000	5.8099261636970505	96.7315318366445638
 1403.000000	5.0804468090792447	54.5931061960055359
 1404.000000	5.8627151664443904	97.5384451295134625
 1405.000000	5.6606694421828134	103.2562846204227611
 1406.000000	5.7964489091657709	99.7628894047697230
 1407.000000	5.4797641855264132	102.4752860683068860
 1408.000000	5.8557441395048953	107.4476593950929839
 1409.000000	5.0440952674120476	64.4500635051075079
 1410.000000	5.0710791168857323	73.3145038345235633
 1411.000000	5.3064801879825758	82.1623514413123530
 1412.000000	5.7750153510040407	99.4016851723740444
 1413.000000	5.1347801941823015	89.3045088061972763
 1414.000000	5.3451524836321873	91.3489354125478172
 1415.000000	5.7934707560233001	102.0033512549900223
 1416.000000	5.8311991064672215	108.6946522795634280
 1417.000000	5.2815527599390011	79.2329960429288462
 1418.000000	5.1912007511991343	76.6749286679104785
 1419.000000	5.2055692180795585	74.9636027745521005
 1420.000000	5.1562093172910473	84.3660756308385658
 1421.000000	5.0435159599309367	80.1724115057418913
 1422.000000	5.4117498170280784	81.9941492143563408
 1423.000000	5.8988953151814263	101.3876809098217251
 1424.000000	5.7683376401058721	98.0795891373008573
 1425.000000	5.1034129246212387	82.7338218315849190
 1426.000000	5.6199581402789045	101.8792677641100539
 1427.000000	5.8149454975954749	110.4987862032689065
 1428.000000	5.8321037670182285	90.8936085032026995
 1429.000000	5.8089721785121879	103.5150553355002216
 1430.000000	5.3251480754756084	93.5915769846241972
 1431.000000	5.6087236267126155	99.0339294440730384
 1432.000000	5.8763126951327909	102.9432174258389949
 1433.000000	5.7937376498297679	105.6816358922636994
 1434.000000	5.9331000172335218	100.9259088446726906
 1435.000000	5.6849116984989410	98.1310425440665597
 1436.000000	5.6128484138373835	100.2847322731565072
 1437.000000	5.8155969917561414	94.9104632289088386
 1438.000000	5.4310661980144657	85.7067464013356357
 1439.000000	5.2972092649203875	80.3217568179732524
 1440.000000	5.7767004785184666	97.8427025951565668
 1441.000000	5.3726990903684637	100.9736033750634192
 1442.000000	5.6042441095372952	96.8860844284685641
 1443.000000	5.2617240256348312	91.2129607616790423
 1444.000000	5.8434013290402040	109.9262695485464434
 1445.000000	5.7385115671114324	103.3813976237124876
 1446.000000	5.5809248568399408	91.6745809045837063
 1447.000000	5.5147173395302929	89.3698017513165723
 1448.000000	5.0613634773610858	89.1063804106603783
 1449.000000	5.5682477814696192	89.4402391584558245
 1450.000000	5.9262958045681646	106.0923576467847340
 1451.000000	5.2501721650912891	87.5875677470879310
 1452.000000	5.4553967149294049	94.1261703289202529
 1453.000000	5.1384042186568992	82.7517767068362531
 1454.000000	5.7636723786570805	100.5833449074011412
 1455.000000	5.8440322248646561	103.3254765549582999
 1456.000000	5.1147134410595001	89.0320270810967003
 1457.000000	5.6786461321883959	87.8361351754161745
 1458.000000	5.5548006279771700	87.5441750920783193
 1459.000000	4.9109070950627647	87.8431614810001236
 1460.000000	5.2072238755213869	78.1908807671445487
 1461.000000	4.8787042503830236	65.4039426018095185
 1462.000000	5.7987793271069581	98.0288484568844893
 1463.000000	5.0875760345067684	90.7129427786062479
 1464.000000	5.2232598619456692	79.9317015259545798
 1465.000000	5.5568094921010429	95.3817710632291096
 1466.000000	5.1515063223877551	54.8904970984338121
 1467.000000	4.8868284768740855	49.9916797943677977
 1468.000000	5.8343103402455743	106.9131680000153182
 1469.000000	5.2570101971842149	85.7744856860440308
 1470.000000	5.8469915318962116	101.5965899784450528
 1471.000000	5.8869522268387664	103.7426950779392314
 1472.000000	5.3888751565694815	90.0531235360538460
 1473.000000	5.5607662225840526	88.5495727818502019
 1474.000000	5.4687060442253896	88.7247502699498085
 1475.000000	5.0366177701341037	83.7508005159651390
 1476.000000	5.1203611522564101	77.2721740572043387
 1477.000000	5.1152296800261459	85.6096530402917040
 1478.000000	5.8879744760305748	102.5691667017433701
 1479.000000	5.7357770649709945	104.0676204619092573
 1480.000000	6.0120694254579963	105.9343187478899608
 1481.000000	5.9421130145516194	99.3101699997163934
 1482.000000	5.7496681638578773	97.1817737058333790
 1483.000000	5.8216902423618464	99.9248090315134618
 1484.000000	5.2149137117392677	80.9378293745920416
 1485.000000	5.3472249519529464	86.0560544555401066
 1486.000000	5.4408947836481794	101.7643764122230294
 1487.000000	5.0743646558265398	62.8288121798218384
 1488.000000	6.0704828959897430	105.9638079047735602
 1489.000000	5.7276464498799848	92.2365536885683923
 1490.000000	5.4948196142999342	99.9392028737525493
 1491.000000	5.7735955420165999	105.4790636997634010
 1492.000000	5.5879490225971988	100.2550934281152024
 1493.000000	5.8324567208812939	93.9787050715291912
 1494.000000	5.8044642203298462	101.6147855053727938
 1495.000000	5.2952965122037297	83.8934932928590626
 1496.000000	5.8215767233158946	99.4736349206219046
 1497.000000	5.0345795827496147	74.6046485330274720
 1498.000000	5.2975930744285051	72.0299677414087256
 1499.000000	5.2086942061497776	91.7759406488719236
