 0.000000	5.0042736939810846	64.0202526230144002
 1.000000	5.1445617168506921	67.8333493430616130
 2.000000	5.4233913331435888	76.1641457465394325
 3.000000	4.9666387234332783	59.7793121503143396
 4.000000	5.5451615969391943	92.1787172941544810
 5.000000	5.4200760999949305	94.7243226937636393
 6.000000	5.4038578099073176	87.9671493518900149
 7.000000	5.4538979547682356	89.8857791479321548
 8.000000	5.8613038002246016	91.0701623223032044
 9.000000	5.8497008802802677	97.6242741099452331
 10.000000	5.8855222939983181	104.5573384227851932
 11.000000	5.9338077535608988	104.9745868976051639
 12.000000	5.8182544429997511	95.3435143274659538
 13.000000	5.7752194263097731	108.0382952598805986
 14.000000	5.3847894194865846	80.9686596749301373
 15.000000	5.6108696438902177	90.4215557720277303
 16.000000	5.9229525887042715	104.0192203392102215
 17.000000	5.6620287355602708	90.4139449144136620
 18.000000	5.2064397915942671	78.5584160944048051
 19.000000	5.8644871132115632	98.5327671789916195
 20.000000	6.1085020478898677	101.6819122638840014
 21.000000	5.2091962280052959	80.8987147929647250
 22.000000	6.0561470126620067	111.6844851770379279
 23.000000	6.0512841382558484	107.3501437127942637
 24.000000	5.2991001687152659	88.9826873817925730
 25.000000	5.4438001740230568	86.4226682354650535
 26.000000	5.2739143175394245	90.9768489048820044
 27.000000	5.0457967469726093	86.5103491912139617
 28.000000	5.7637044141190117	103.6074060327448052
 29.000000	5.4159580104584206	80.9738988295323310
 30.000000	5.3760852139121829	99.1986690260036426
 31.000000	5.4721596117852993	83.8760393986378006
 32.000000	5.2682396748867264	80.4778329814373876
 33.000000	5.5710594289945963	87.5806556665270506
 34.000000	5.8733056880545229	102.7417193976916963
 35.000000	5.2362803507717226	66.1373390939115779
 36.000000	5.7956828098114803	95.9430629305815046
 37.000000	5.3537799092437215	85.4215708620952938
 38.000000	4.8927337671759181	76.3279488610750434
 39.000000	5.2780171620128513	80.3021528953126165
 40.000000	5.1612608643069828	90.2808149139376326
 41.000000	5.9172225148870750	109.6566179222223667
 42.000000	5.3900456742855773	79.5600250930938842
 43.000000	6.0488594118027370	151.8125160146655617
 44.000000	5.7084398583499611	166.2377089780754318
 45.000000	5.8258003301887067	148.5331144316233463
 46.000000	5.9959316090585242	158.3778370653777756
 47.000000	5.8368976947064004	153.1725555301383679
 48.000000	5.3630321580038567	160.6882020916424949
 49.000000	5.9622817584042460	144.6880034709183747
 50.000000	5.7685981068575973	141.5407996563060919
 51.000000	5.3307491953191413	160.8606361653044701
 52.000000	5.9132624799232838	150.8233195679887615
 53.000000	6.0869922653852271	141.3974878899729219
 54.000000	6.1391154911507533	150.3839603524791642
 55.000000	5.3478062539214894	171.5870364348363637
 56.000000	5.4016639163052362	156.2107702724630087
 57.000000	5.1298230138519632	159.6519283875086614
 58.000000	5.3893769300612195	150.3504086523462320
 59.000000	5.7787527800109038	151.6201267432790587
 60.000000	5.7521522961648071	150.3328019675888356
 61.000000	5.7533389692130994	160.2290778877555510
 62.000000	4.9825028177250275	173.2438234449969343
 63.000000	5.1586610636102828	165.0288436684372755
 64.000000	5.8177268807422600	154.0865313424338012
 65.000000	5.8461246664971451	140.1081677103103971
 66.000000	5.8079977923569688	156.0311046089075830
 67.000000	6.0431002023547329	138.2279710670511008
 68.000000	5.4115461313125675	150.7394226211653461
 69.000000	5.1366259072456177	166.3985453390386624
 70.000000	5.6936191524904665	156.1676229287626825
 71.000000	5.1106651867793982	168.8250902429811049
 72.000000	5.6091579607949900	140.6693855582678339
 73.000000	5.8616570689694258	149.9687629637689952
 74.000000	5.8906964153241228	155.2673961703771113
 75.000000	5.7902994739531648	133.8060688385552055
 76.000000	5.8332652985386835	145.4874665373133098
 77.000000	6.0070775674371824	144.0563575778467680
 78.000000	6.1079626410617669	150.0212796993226618
 79.000000	5.8953611633347078	153.7851539486218257
 80.000000	5.3641636904990531	150.0294611645751672
 81.000000	5.2118774177260105	156.4661057861239897
 82.000000	5.6291218892969415	142.1147028060649689
 83.000000	5.1964883239622086	164.2223956774131750
 84.000000	4.9936578484117762	122.2319884725585979
 85.000000	3.3603610268059056	143.6870720333282918
 86.000000	2.9993673787201258	141.2229724013288319
 87.000000	3.8496532661937963	164.0218916952619281
 88.000000	4.6113578286280212	149.1618163252830414
 89.000000	4.3163203011298155	115.5302478566873674
 90.000000	3.3816157926458037	150.9297731242585314
 91.000000	5.1725075527775290	164.5107273235621790
 92.000000	5.0372891110307254	167.9685442780179869
 93.000000	5.2844066175573294	174.2118431563602599
 94.000000	5.2757001899225999	157.2425464149773973
 95.000000	5.1598894281478396	155.4738590667788287
 96.000000	5.0482484050067455	167.3626999314278123
 97.000000	5.9443909904422130	153.5909870569468012
 98.000000	5.9520007474995129	151.2488349892055908
 99.000000	5.1144003548707371	168.6592343194849661
 100.000000	5.8736991814738833	141.0900224580391011
 101.000000	5.7452651485788842	153.5496316128488559
 102.000000	3.3991290094274325	134.6759529067537358
 103.000000	5.2408990169588181	167.1383377475548286
 104.000000	5.1605268931581314	165.9402055153760784
 105.000000	5.3537521173659890	161.2082075170065707
 106.000000	5.9305797313777040	155.9488014661451984
 107.000000	5.8408282494311301	148.1527662798165466
 108.000000	5.1283984007597585	160.0644677964055802
 109.000000	5.0218884804804782	172.0175071137286409
 110.000000	5.1742041175444600	165.7089577693021170
 111.000000	3.8175955540365072	122.1734737983540242
 112.000000	5.3288993404966272	164.7846058654480430
 113.000000	5.1828127597855183	165.6880210203817114
 114.000000	5.3327642721595439	169.1274057931724428
 115.000000	4.9590890032850323	174.9335702282069462
 116.000000	5.1356292071934506	162.7546080237085278
 117.000000	5.2287843357397001	149.3332873526926221
 118.000000	5.0303729052133077	165.5723918114008484
 119.000000	5.3759074874881083	161.8568601109510325
 120.000000	5.9150579051623735	145.2907296780068123
 121.000000	5.7114553563123440	151.9043181018317910
 122.000000	5.2832681741330942	158.8248303138656752
 123.000000	5.3232522000738047	143.0615943871282525
 124.000000	5.3227606106535639	156.0687689551946278
 125.000000	5.9636617961716825	151.5828956456434753
 126.000000	5.8498635885836325	150.3270379781900488
 127.000000	5.1926660928698860	167.2614671616682926
 128.000000	3.1852620665691171	145.3708600703957927
 129.000000	5.0749113711686382	163.9530818822811398
 130.000000	5.7946853206849225	144.8710038253708490
 131.000000	5.7589952637415651	156.1583555014556453
 132.000000	5.4729848216285033	165.5517462553352459
 133.000000	5.0751227797140288	169.1402181733877796
 134.000000	5.1763320613673285	167.0087619457064818
 135.000000	5.1606521235421887	156.9421337794501028
 136.000000	5.0703396855039315	163.9174003367292300
 137.000000	4.9620841122832209	167.5478918930047882
 138.000000	5.1186530939938448	157.1034040949279245
 139.000000	5.3752101060569677	157.9476030243983189
 140.000000	6.0291375534066134	157.4628066292785320
 141.000000	3.3255421216440317	133.9849348073193482
 142.000000	4.4337551994864839	123.6756263806668414
 143.000000	6.0820089222034177	159.3218814747912120
 144.000000	5.3976690780349204	160.3965741989121625
 145.000000	4.9455992200147527	161.8995452702725117
 146.000000	5.2572061371121892	151.1973109170693874
 147.000000	5.4913261877390758	145.6564646368495346
 148.000000	4.8642353072835141	160.5379317526586078
 149.000000	4.7907189908594976	150.2956263918620436
 150.000000	5.1656397277926294	169.6890072426444647
 151.000000	5.0587907971710546	154.6185485196043885
 152.000000	3.7765332676330350	132.1204146341099772
 153.000000	4.9925699109786397	117.8504315912825433
 154.000000	3.6495201578395742	135.2860984060403098
 155.000000	4.6324555931299569	124.2928336220195717
 156.000000	3.8754425277431386	133.6636983881172966
 157.000000	5.4713028702358306	152.6171136930721275
 158.000000	5.1405380262697129	169.9485449479302588
 159.000000	5.4293988456198505	162.9343517482909931
 160.000000	5.1025125016799953	161.2004626453548042
 161.000000	5.0719670797066421	170.0479045773470261
 162.000000	5.8808561192200282	146.1969323956228948
 163.000000	4.0357611107898315	126.8414813226219593
 164.000000	5.2523183603773260	168.8631356158500694
 165.000000	5.7727164155582988	143.6941452701482831
 166.000000	5.2822415970646270	166.6476839522783564
 167.000000	6.0653376877747078	146.3468323511915514
 168.000000	4.8091585788223146	165.1194807060455787
 169.000000	5.9787343715648502	153.5081125507835509
 170.000000	5.4049546283386611	151.9058026788848679
 171.000000	5.1388826831325014	164.3955033152658416
 172.000000	5.7312330362165529	140.9846198369502872
 173.000000	5.2381328955018365	158.2230643490238720
 174.000000	5.7667944101846151	150.0497842617483570
 175.000000	5.2954352090225303	163.2536410228009913
 176.000000	4.7937094197091952	133.6144010181041892
 177.000000	3.6355793446750924	120.8648603067266976
 178.000000	4.9995310382089633	176.1886805458239564
 179.000000	5.9602503137135807	154.1987289647188106
 180.000000	5.8089623725252455	148.4662260692311690
 181.000000	5.2574350727231032	162.0860904150188730
 182.000000	4.4783256027291012	156.2740360058338922
 183.000000	5.8830277947476768	150.6284871898277515
 184.000000	5.3563370683546490	154.9059357863389721
 185.000000	5.1836071160874919	174.5311626205295283
 186.000000	5.1335896934863783	163.1597188815009360
 187.000000	5.6475288210221590	140.6700874812848951
 188.000000	5.3373781470667305	167.1582969505627148
 189.000000	5.8640885251883610	146.9369041259872120
 190.000000	5.2529889124055158	155.7019574698139195
 191.000000	4.9763944107771598	168.3433195612289524
 192.000000	5.3175319051399423	165.6662650097187282
 193.000000	5.2104919458274130	164.4402002808896555
 194.000000	5.0509549429646441	166.9777588794281939
 195.000000	5.0069233194261660	173.3748502968865921
 196.000000	5.1042438250732287	169.2208648481343687
 197.000000	5.8601843811969134	162.3291149712486572
 198.000000	5.8157647797938967	136.9652641249818714
 199.000000	5.0939753304839304	167.9551192821688232
 200.000000	5.1693917765772612	166.9981722090757330
 201.000000	5.9058313873787283	102.3606003967105238
 202.000000	5.9994749765534561	92.5011852918880777
 203.000000	5.3737818489943452	95.3423194310244355
 204.000000	5.4021785263389619	96.6213477824209832
 205.000000	5.0303433266455366	74.6757427115257570
 206.000000	5.9979467027238655	111.6950609730435531
 207.000000	5.0949098674591911	79.2212219754688647
 208.000000	4.6557977979975167	103.7540521632595443
 209.000000	5.0135999863162004	82.9238994202016926
 210.000000	3.7582525146990950	88.8890063737375158
 211.000000	4.0745646096285650	93.4199050353051916
 212.000000	3.9494758677225561	91.3449277228245080
 213.000000	4.9900133969668152	113.0661490045940525
 214.000000	3.6091167821284360	73.4004057942853194
 215.000000	3.4322246312258873	42.8504573231724919
 216.000000	4.9588663843562015	93.7655724214158681
 217.000000	4.3628292333826675	94.2056249295791162
 218.000000	5.1567473550876137	124.8377288939092438
 219.000000	4.7762257959986956	125.4091193992536830
 220.000000	5.9143951574357052	99.7892224244108945
 221.000000	4.3061983494834735	109.1855640359113266
 222.000000	4.4616507563905268	103.3767173513998330
 223.000000	5.2131846525095380	87.3415385861576965
 224.000000	5.2122944976602126	89.8418052526881326
 225.000000	5.8996555885345501	106.4228012949468649
 226.000000	5.2646413089642303	90.5792043614636526
 227.000000	5.1440010573720842	88.1756806980386330
 228.000000	5.4516745442654999	95.3607272583732737
 229.000000	5.8948382891681463	108.9170858422062196
 230.000000	5.1909618795482384	88.4902764779095037
 231.000000	5.8010429334841955	114.2127615814619759
 232.000000	5.0391396415843124	90.7477393859062147
 233.000000	6.0623296529044906	96.0380222771100023
 234.000000	5.6678587803847593	92.3754885060606910
 235.000000	5.2278167476265613	84.3406318568209770
 236.000000	5.9942446852913944	103.9097495585648971
 237.000000	5.5083348783464778	84.1009800559549063
 238.000000	5.1500294732806191	76.0638647962549470
 239.000000	5.1443919441194890	71.5391243201689235
 240.000000	5.0290645678539487	71.7226914030008658
 241.000000	5.3566566413704759	89.3190098880301662
 242.000000	5.6645576255883698	107.5792209278153280
 243.000000	5.4284079443900195	86.7977644457531454
 244.000000	4.7915711391073277	38.9079031516954501
 245.000000	5.1084685886258008	84.4873393070146790
 246.000000	5.1887007234629978	72.0354642550066444
 247.000000	5.4241421926334885	78.6247124065790501
 248.000000	5.1397124898215454	99.1919015595430125
 249.000000	5.0950666821150454	82.0539436623786145
 250.000000	5.8350662439702301	103.6442760117523108
 251.000000	5.7602413664839256	92.7909853694241491
 252.000000	6.0533281224831237	112.0490142794737665
 253.000000	6.1433488216221130	108.9135124236855745
 254.000000	5.6517535608270935	101.1024714637990058
 255.000000	6.0185894927875259	109.1524347280784042
 256.000000	5.7447008133292243	114.0496490750117573
 257.000000	5.2392554091983703	91.0926922989158783
 258.000000	5.3138580027378817	73.0816073999667424
 259.000000	5.8596535622875869	93.9599115000158207
 260.000000	5.9424813008720108	95.0708343782221590
 261.000000	5.9729058341528329	101.2943636472677014
 262.000000	5.6134102222610540	106.7678654100135134
 263.000000	5.3280564340280643	120.9714611324882867
 264.000000	5.0704334142277121	119.9842701299879053
 265.000000	2.9945382258498991	22.2751520768775890
 266.000000	5.1420303187931484	128.9864771558615644
 267.000000	3.7466933559295650	32.2487455339742723
 268.000000	4.5433562655636299	125.6672667773734133
 269.000000	5.9014503203417190	101.4024451952431463
 270.000000	5.3770685360390109	96.0804096367234877
 271.000000	5.1597371164694508	88.4934638476768640
 272.000000	5.3151245180807862	89.0749212319365427
 273.000000	5.2382489892832327	85.2965174419317265
 274.000000	5.3812768471687393	74.0000861859395087
 275.000000	5.5529382831318364	93.1013809783454036
 276.000000	5.8524483119571933	97.7623042655191625
 277.000000	5.0867804750318957	84.4241376513700743
 278.000000	5.3574337538083254	75.3637528766255969
 279.000000	5.8848991952125278	109.2847078475429896
 280.000000	5.1490531385660336	81.8052050791066705
 281.000000	3.4199329877808671	40.3467568594397221
 282.000000	3.6452278096624697	48.0823403112682684
 283.000000	5.3538547067101883	91.7813442459751201
 284.000000	5.2993284444870401	89.7535811209296384
 285.000000	5.2163846249254782	94.5746358838466818
 286.000000	5.9143543376235064	103.8894640058244505
 287.000000	5.6850785620884281	108.2209436698058198
 288.000000	5.7286797559995293	104.5064266548468623
 289.000000	5.6001829293227807	104.5618679636170327
 290.000000	6.0657573007950534	87.5569591132167915
 291.000000	4.0603539633914734	92.8700799584449754
 292.000000	3.8279921394325576	100.0189345770539546
 293.000000	4.8431280703945561	52.7765202049361193
 294.000000	5.1591223164513753	91.3016290769194399
 295.000000	5.1849855780294698	82.6887663062360474
 296.000000	5.3353213882868360	78.9833085102121260
 297.000000	5.6675868743239262	96.4996546128685111
 298.000000	5.4562749024060189	93.4616335673827052
 299.000000	5.1582709924493564	87.6295953971002319
 300.000000	5.8788687439806591	95.7596804357380478
 301.000000	5.2573930943708165	91.2244944863501388
 302.000000	5.8315865280705221	110.2922037454236062
 303.000000	5.8380410001994480	99.6983073491753373
 304.000000	5.1593335131579021	88.9152527168538995
 305.000000	5.3354072601859315	89.1170992523913696
 306.000000	5.2588854055832970	80.6352827424641134
 307.000000	5.0714246019945675	80.4643016981916475
 308.000000	5.1608698467044398	110.1393769799191062
 309.000000	5.6459409449470801	96.8157558837385608
 310.000000	5.4651914271725479	98.7627709855238436
 311.000000	5.9229578582268108	103.1818609672608318
 312.000000	5.2421302914158554	79.9872503751362842
 313.000000	5.1773691313734336	72.4006370186198325
 314.000000	5.3446199732000448	85.9964874428247441
 315.000000	5.6136375135220664	89.3305788176957805
 316.000000	5.4188456055866201	92.6588847165431133
 317.000000	5.1721620612177484	94.9535609423121656
 318.000000	5.1914611646630391	83.9170846013009566
 319.000000	5.3049694791861519	90.8710171890221687
 320.000000	5.1893215839552935	87.2217181872722591
 321.000000	5.9427935861052577	88.9389469504413199
 322.000000	5.9613323724379086	110.3296597265123609
 323.000000	5.8894018937066175	101.2030018128095179
 324.000000	4.8808528339750570	63.5976855145073046
 325.000000	5.4103842596054585	86.8083001637861997
 326.000000	5.3827730100488163	89.8576814142438565
 327.000000	5.1069702280888478	81.8682324713395246
 328.000000	5.1180597312742577	84.0854776915633977
 329.000000	5.2835608293650811	79.1347957177411132
 330.000000	5.1614529741972213	91.3278598494274831
 331.000000	5.8020334397383611	101.9612100635723948
 332.000000	5.3945058059297475	96.5082641016906138
 333.000000	5.2125651613502875	91.3899425848336620
 334.000000	5.2368985616694337	79.2647872012541228
 335.000000	5.8115869158974940	100.5347645475120117
 336.000000	5.1641348349894711	87.1572841857516210
 337.000000	4.2179064401122428	115.3428147861923208
 338.000000	4.8602078945128735	115.1786193797532860
 339.000000	3.7808879790187704	98.6920840026630515
 340.000000	3.1399364338524980	33.1896263979441244
 341.000000	3.5072784809571589	84.3885020820035692
 342.000000	4.1773248276681523	75.5830683504995307
 343.000000	4.7966008489973921	110.4826247276999709
 344.000000	3.1313935886948645	27.8769142050360585
 345.000000	3.1365959759513049	83.4848225102505808
 346.000000	3.0427723025618705	39.3653871861222910
 347.000000	3.3531142616814966	82.1361768928478995
 348.000000	5.8312005965315841	97.9600150698255021
 349.000000	3.0765296462187459	6.9377096062158046
 350.000000	5.4998585953391537	86.0371909020933714
 351.000000	5.3814259341947093	86.5042250578079717
 352.000000	4.2664057291839708	102.5221142772034000
 353.000000	4.0702882869487516	53.0479492356580806
 354.000000	4.0702997246402930	99.0466729813681610
 355.000000	4.4030559516501739	105.0347820031903865
 356.000000	3.3839036352549177	40.7694466877992738
 357.000000	3.6545516980765451	50.7640701550873814
 358.000000	3.6132465117033528	66.7474612307916004
 359.000000	3.7563434578420978	109.9321688466567082
 360.000000	4.8863880213651045	116.2658395155086595
 361.000000	4.6913847369439585	96.0103374233589477
 362.000000	4.6465295096738117	106.5467695168921836
 363.000000	4.6323155677979475	102.9646989913609758
 364.000000	4.8824105002342471	108.8032524892435902
 365.000000	4.1936348263611825	107.4764056795967377
 366.000000	4.5877355271616205	111.2327734660647849
 367.000000	4.3460209137528487	93.7138900453646357
 368.000000	3.5198725383111911	43.8102667262905356
 369.000000	3.0873487890324163	20.4776582523793707
 370.000000	5.9419599335183069	86.2820530327092285
 371.000000	5.0840414320840139	82.6055370865168896
 372.000000	5.3985308340709093	93.0211501149636604
 373.000000	5.2246958896763545	80.8401785664192687
 374.000000	4.9990790608765066	58.9105365461403068
 375.000000	5.5202146679067789	93.9920404658834485
 376.000000	5.4059755057896428	91.5405098183730246
 377.000000	5.0347500067938045	106.9225842748216024
 378.000000	3.0386947643200886	37.0525240751429124
 379.000000	4.9484156744514571	132.6128597417698245
 380.000000	5.0717744592174858	64.7013471859897038
 381.000000	5.1938181922763498	80.5151167143641402
 382.000000	5.3424617827244587	85.4761981368480264
 383.000000	5.8610382638579646	105.2781319947180236
 384.000000	5.8820290995949058	93.5733817317567826
 385.000000	5.3280978928596028	90.1696968540235559
 386.000000	5.5981378929152212	99.8464644188650254
 387.000000	4.2355530754346331	112.5121834325931189
 388.000000	3.7144282447818662	83.4261179381411324
 389.000000	4.6724079747906213	129.7645515836540255
 390.000000	3.3134939667871364	51.4472689512767545
 391.000000	4.5840947664160145	119.8785901585494571
 392.000000	3.6291255436059773	102.6053704057831055
 393.000000	3.2554409077840250	49.4749578601440305
 394.000000	4.8989557845062057	112.3624690347990054
 395.000000	2.9601512966444381	28.2274556425323908
 396.000000	3.4988309647409355	28.4313147315507138
 397.000000	3.0982699607283726	29.0145975056979921
 398.000000	3.8365143883085659	95.7090701395543135
 399.000000	3.1823854132034723	25.2912420092432342
 400.000000	3.1421070516686092	16.8702986350650974
 401.000000	4.9206012062095255	144.1327150945859330
 402.000000	5.1149024690934262	125.2080445934223434
 403.000000	3.8150302285556075	102.0369544437049854
 404.000000	3.0936332493116274	30.3443719400994496
 405.000000	3.8800505120427089	43.6749315899373300
 406.000000	5.1801201251620617	127.8278341561904767
 407.000000	3.9938598186580432	107.2404335535824771
 408.000000	5.4245950588517955	129.0799849072120935
 409.000000	5.7998541081613189	108.4363792335613965
 410.000000	5.5769279870597064	91.2527367783262235
 411.000000	5.1690748256642607	72.9242581981064006
 412.000000	4.9880011952231058	88.7836636730530415
 413.000000	4.7045164703198274	104.7939706068100207
 414.000000	4.7387264451123192	110.2449158886148268
 415.000000	4.5870774906175260	98.8402361829823661
 416.000000	3.2524467817510940	62.8760526452433481
 417.000000	4.4091535514929072	87.9091346262689513
 418.000000	4.4176373956039798	129.5118921110957331
 419.000000	3.9899320266047527	91.5697957039376433
 420.000000	3.9300163491767992	52.3935653233803720
 421.000000	4.6573408375368723	107.9077580117474042
 422.000000	3.7558149755809525	60.9918103110125287
 423.000000	4.6263104362870164	115.5711360551833309
 424.000000	4.0797898179403793	111.3948325914855388
 425.000000	4.3484652932355932	96.4774242653194136
 426.000000	4.7584841609403989	97.0407235693322434
 427.000000	4.6882380756303945	91.1268588819288254
 428.000000	3.6139991123582500	47.9535905779221423
 429.000000	3.3673975528340931	43.4353943906782831
 430.000000	3.4731853204986689	45.3409783062591885
 431.000000	4.0543594994419996	46.9140258798785226
 432.000000	5.3405450778536245	118.5379608585329265
 433.000000	3.2033211715768126	49.1793755825374035
 434.000000	3.8640282274683906	79.7465513947956595
 435.000000	5.1715420869740338	120.4014881967646033
 436.000000	5.1967870882451797	132.3313256579330641
 437.000000	5.9439427281701400	96.9000103672199060
 438.000000	5.6873526219027735	100.7808389048658171
 439.000000	5.5379375198107592	71.2324457551899712
 440.000000	5.1645508806994362	83.0554875075406187
 441.000000	5.8164095995582183	94.1677800484338832
 442.000000	5.8515056477956442	91.2563281764611247
 443.000000	5.8316797723571776	104.2045150244243672
 444.000000	5.3778920183544940	71.7511011505573180
 445.000000	5.5844131716611871	95.8189020417738533
 446.000000	5.0777156821909371	58.4644948763036183
 447.000000	5.8295177076816120	93.9267449150896283
 448.000000	5.7643447589391661	107.3098470261876969
 449.000000	5.9253629792706359	113.4222577500274838
 450.000000	5.8462814307439332	103.8639813756747401
 451.000000	5.9318947510054079	101.7809601855781807
 452.000000	5.2496630545032312	79.9229340290758330
 453.000000	5.8285790639103370	107.7278109707343390
 454.000000	5.1615308969517786	86.6040227421645312
 455.000000	5.3655978372961632	95.2510804657672878
 456.000000	5.4367378918494476	87.6278444254003404
 457.000000	5.1969384184369094	83.0873036563067728
 458.000000	5.4205629574315637	85.8800342141344402
 459.000000	5.2494329865767533	81.6317513742358045
 460.000000	5.7230880604205661	103.2143086185882765
 461.000000	5.9070293769517388	98.4098821461406175
 462.000000	5.8975947206527026	103.5921319382953385
 463.000000	5.0252269270587320	79.7016540890091392
 464.000000	5.0933561957420705	62.3413518855216040
 465.000000	4.9404133562929697	62.1494496756530310
 466.000000	6.0195854052711617	109.1514339694996210
 467.000000	5.5632838359557617	97.7223170637206238
 468.000000	5.7235696765931525	118.1635802465575438
 469.000000	5.8875584880541751	101.5598474741793211
 470.000000	5.0566619779768098	84.8063100739704794
 471.000000	5.5932874813801279	104.2671599522803376
 472.000000	5.9456794107239146	94.5667593659542547
 473.000000	5.9186982497595189	108.7855227611998430
 474.000000	5.6584292979467454	98.8734136301905693
 475.000000	5.7173304316082874	98.1929641449444119
 476.000000	5.4866482509999459	84.0545661545960598
 477.000000	5.3164655533579142	88.8790166102009351
 478.000000	5.8805075524750539	99.2667864220202318
 479.000000	5.2270909493541096	87.9200115558379167
 480.000000	5.3608322669262805	85.6000552875763816
 481.000000	5.8008207520438910	101.7358344833648118
 482.000000	4.2909503708314789	128.5837505329591295
 483.000000	5.5326058129836895	93.4653140311521611
 484.000000	5.9042896642495100	95.4457406092691656
 485.000000	5.2595568871689151	91.9421588217571610
 486.000000	5.4833265777241333	80.6359258360956943
 487.000000	5.4073478198425313	85.2253616565955241
 488.000000	5.5046649175246474	86.8178848966838075
 489.000000	5.2721967426053693	89.8182583189954755
 490.000000	5.2891701879300763	80.3934914417334312
 491.000000	5.0061816941006496	79.6208611494288903
 492.000000	5.1388434430541849	74.3254298416376287
 493.000000	5.1443247464111312	69.7335283885101092
 494.000000	5.0959881152649142	79.4369909243903152
 495.000000	4.9123623873544551	61.8180607716344355
 496.000000	5.9559737120667275	98.3623484767666270
 497.000000	5.7932756823644098	97.5099182309309924
 498.000000	5.8692881713411902	104.9667588455827172
 499.000000	2.9641270759791274	10.3300400462460402
 500.000000	5.0733442944443752	54.2591016609339079
 501.000000	5.8437876298336251	96.0394212682039665
 502.000000	5.8822784856437664	93.8094714877366584
 503.000000	5.0638296289823312	83.1387611662082975
 504.000000	5.0495207808354259	85.1606617226626810
 505.000000	5.1501014923932722	77.4420882128756318
 506.000000	5.4484693210233290	98.0045061782128641
 507.000000	5.1162024244917390	66.1133072204640513
 508.000000	5.8010930317312024	95.0698010607651440
 509.000000	5.8913969979547467	103.9531287545509315
 510.000000	5.8776250935657464	96.2216792200861448
 511.000000	5.6926067380541339	92.8511179303034737
 512.000000	5.2381042699958407	88.7288964012716548
 513.000000	5.5214115512120951	86.7362512935569470
 514.000000	5.3060848164938292	90.8529916538832794
 515.000000	5.2798969680485648	74.8471508857797829
 516.000000	5.1391326092000993	82.2983518068054707
 517.000000	5.1337327564660420	87.8588065600224439
 518.000000	5.3234008354956996	88.2743014176192418
 519.000000	5.0854747807840051	76.2093779428511482
 520.000000	5.0391464271639785	62.5145982828091462
 521.000000	4.8686191281978077	64.6003190061366297
 522.000000	5.6577510305872520	90.4930798814239523
 523.000000	5.2415634392381412	78.6243174534798897
 524.000000	5.5449716369588105	97.7939341206320734
 525.000000	5.9144124727024163	104.3921161662219674
 526.000000	5.0501991537666315	84.2666442418082795
 527.000000	5.2791099160075179	89.3155796280287007
 528.000000	5.4175265872137883	84.9089301644892487
 529.000000	5.7545585817979683	97.3364595492121794
 530.000000	5.9170515220317990	99.9757215718744163
 531.000000	5.5044175462383382	90.6814036193617312
 532.000000	5.6919548738049270	98.7294242000000537
 533.000000	5.2523774201816238	76.1091728263491945
 534.000000	5.2584854040453761	83.2225532095167608
 535.000000	5.0777523767592569	57.3604694908294732
 536.000000	5.3970682427280705	77.2795878584590668
 537.000000	5.3323084046127205	80.9899089670366976
 538.000000	5.4455168928175981	89.6789606757032942
 539.000000	5.5297804514093096	90.5961659953293008
 540.000000	5.9873699734365085	102.2704674287672049
 541.000000	5.2641691812194837	91.8974337695548087
 542.000000	5.8699586648316364	100.3956287954016631
 543.000000	5.3881354902619698	86.4989605763056062
 544.000000	5.4908654756619466	87.2004106017003409
 545.000000	5.2265341832041461	81.9485841228016056
 546.000000	5.4740873314020462	86.5409753958028602
 547.000000	5.3669924947018348	91.5238720360573836
 548.000000	5.0919794592168994	78.4049573349231679
 549.000000	5.2294964958194123	89.2271840184208287
 550.000000	5.2340065757765073	84.7383312917870910
 551.000000	5.7272172320413608	89.0090386704640224
 552.000000	5.3392313637170918	70.8495385995683904
 553.000000	5.8794918139367551	100.1738428017999922
 554.000000	5.7872100010918137	99.9864420352439254
 555.000000	4.9328063209354793	62.9343660233406013
 556.000000	6.0405589808839695	109.2649078653075776
 557.000000	5.0076098581421835	53.9776781423599061
 558.000000	5.6425092761824329	99.4138261493863524
 559.000000	5.9204987878558804	106.5355576724555817
 560.000000	5.0866351403238648	129.5705715487779912
 561.000000	4.9736405387076763	120.6784861775804529
 562.000000	4.7288712730641684	121.6822004153294472
 563.000000	5.1464368229079627	126.9567526223836467
 564.000000	4.7182731458299489	116.9868269735553952
 565.000000	5.1132393209447784	105.0665327555406634
 566.000000	5.1093859713501484	111.8076948279132807
 567.000000	3.4529474144133947	43.5899440010270212
 568.000000	4.0237016067255222	102.3651165105874838
 569.000000	4.7813367324500149	110.8833910865739227
 570.000000	3.8192888248113070	57.8955090923490303
 571.000000	4.6719645226703825	111.9903781503502387
 572.000000	4.0014814545581281	49.6431722396337989
 573.000000	4.7706375075938210	122.4713694278487139
 574.000000	3.5735696238033641	47.1053910279854335
 575.000000	3.7861943966078493	47.1381050136387216
 576.000000	5.1479236897726182	114.5223412114219173
 577.000000	3.7198561447632548	55.2012979564751447
 578.000000	4.6940548105832054	107.0478399149123447
 579.000000	3.0759065002510857	43.5260586021891811
 580.000000	3.0837770916295573	26.9612131649241746
 581.000000	5.0311282777972695	105.3805829319240956
 582.000000	4.7675154749640178	117.1982807085687597
 583.000000	3.2397915112984581	60.3199440477806235
 584.000000	4.8319905142705135	113.4740058704534107
 585.000000	4.0432058273667497	89.8431731471002024
 586.000000	4.7109883479878629	103.9629155808617469
 587.000000	5.0594193188671808	132.1241998470977421
 588.000000	3.2837325989084269	55.8583938643317026
 589.000000	4.6393854548375142	126.3295163287047558
 590.000000	4.5947743229567948	96.9027642876517490
 591.000000	2.8254418760382216	23.2717439965630604
 592.000000	3.6775229473596345	82.0365498646797846
 593.000000	5.0563229984836209	75.7916469756436157
 594.000000	4.8543249045572789	52.3451892766368729
 595.000000	5.0538929613994776	78.9530735779648722
 596.000000	5.0993234484798684	63.9145812417013843
 597.000000	5.3171783128832262	77.7584279477273697
 598.000000	5.1767008818909117	79.9883232892158134
 599.000000	3.4606854530742233	85.9876169286413585
 600.000000	4.4011942011262564	97.8636662028704194
 601.000000	4.4611185471586126	116.7965032141544555
 602.000000	3.4512612726819722	28.9505058518030012
 603.000000	4.8367808674693658	124.2054598910238781
 604.000000	4.1409625678187485	106.2545787469971970
 605.000000	3.7358962409430592	30.7242740452087162
 606.000000	5.3064564653630732	128.4233224829347364
 607.000000	4.4827160795357557	93.0258616224951851
 608.000000	3.3559785868242873	86.1368544807310741
 609.000000	5.0458747057649695	127.0168558271046635
 610.000000	4.2891389443648009	98.4080685476870940
 611.000000	4.1468686790545473	106.0669291540381209
 612.000000	3.5867219801791408	48.3735274739114232
 613.000000	3.6516834974072374	69.9025543481936609
 614.000000	3.3193086311972109	74.4458130431855949
 615.000000	5.0967049487611789	64.3943399865851660
 616.000000	5.1751889784236225	61.7094044039749292
 617.000000	4.8772672389154197	75.2100248570560694
 618.000000	5.9183273182658178	101.9704988270730439
 619.000000	4.8753758087376600	120.0311926882671969
 620.000000	4.1204636272292081	110.3687502630568389
 621.000000	3.8809934075172294	97.9986019189445585
 622.000000	4.6805918674902438	117.1140796725757554
 623.000000	5.2767417218541075	68.2557185085162104
 624.000000	5.9229773282090337	100.5737522791455660
 625.000000	4.9871171411837878	49.0161126184692080
 626.000000	4.9015960258628866	54.3360674500652294
 627.000000	5.0287550683385991	152.1072120261049463
 628.000000	5.2006127627692296	163.9164992378920829
 629.000000	4.7856476024564838	165.4925389658546919
 630.000000	4.7721289015235735	136.6291269542554119
 631.000000	4.3608370198347162	145.9921577575622678
 632.000000	4.6485177792853216	136.6218596674524406
 633.000000	5.2232561929331052	171.5815390293539053
 634.000000	5.3835322892282891	168.5747962765106820
 635.000000	5.2458226810140154	153.4865175080690562
 636.000000	5.2727106315506784	170.7272808448251169
 637.000000	5.4504739678011322	156.9119720251053423
 638.000000	5.3912513048273381	157.9129524140614649
 639.000000	5.4881925528197826	136.7857407595675454
 640.000000	5.5845488592779891	151.4151804999210071
 641.000000	5.8175860201421736	148.8374017724376586
 642.000000	5.6438019365926158	147.1587423998464033
 643.000000	4.8630556577419952	162.4388669135164776
 644.000000	5.1642546665932629	161.6544085883459161
 645.000000	5.1127348504453689	173.3857907138499854
 646.000000	5.3834941409382528	154.8239396384669249
 647.000000	5.6853520328584946	157.7582149953575481
 648.000000	5.2724122100585564	164.7164351514246619
 649.000000	5.6058760470708275	156.3053752902549718
 650.000000	5.3013251392608129	158.6443138370846100
 651.000000	5.0288083370724639	168.3006857646267349
 652.000000	5.2727099878486836	165.6744293231919585
 653.000000	5.0529912905737016	165.9876903912939099
 654.000000	5.2467211168547285	163.6575769811728094
 655.000000	5.2331522085368007	169.2227678399382853
 656.000000	5.3578194901127869	156.4520460389941547
 657.000000	4.6365497913627634	168.7305740138606893
 658.000000	2.8115331631628702	135.2246680638291423
 659.000000	4.1161097056377480	126.4547654198617437
 660.000000	5.1088537149896043	123.4543887768867592
 661.000000	3.0874104081551712	141.3883039081252946
 662.000000	4.9528450584558996	121.7526173336028990
 663.000000	3.9732348800948927	163.2693628020113294
 664.000000	3.5987165413427724	146.4641616509983351
 665.000000	4.1686422251341098	132.7847843887872159
 666.000000	5.3198441915102412	160.9873615468017647
 667.000000	5.0554116100922766	165.1760975380836669
 668.000000	4.5785207717618333	143.9653655055518016
 669.000000	4.9382352255401694	146.3817487746011352
 670.000000	4.2708906764056316	132.6264126514581108
 671.000000	5.2268666186500985	176.1491852249265548
 672.000000	5.5421297963363543	159.0510478098042597
 673.000000	4.1808198290285441	131.3167518843945345
 674.000000	4.8490819392225202	124.6781730887135495
 675.000000	5.8993866298427697	148.9809559167399868
 676.000000	5.7855719814255400	170.1925264581108479
 677.000000	5.4970252525215200	166.7025718858039909
 678.000000	5.3443235840094756	161.0250526425216719
 679.000000	5.7637624295452907	144.8492913331721184
 680.000000	5.3369039550116595	167.4920842563472263
 681.000000	6.0027543957042528	149.1103393997599653
 682.000000	4.9973866923625598	173.4593325634227199
 683.000000	5.9220198958449899	145.9600460059405123
 684.000000	4.9593946491264367	168.4080155814492912
 685.000000	4.9758797814972171	173.7541321846651954
 686.000000	5.1921048956319549	159.6754841183817177
 687.000000	4.9401229408552787	165.4955929461757194
 688.000000	5.8422324593948893	151.6743401340633568
 689.000000	5.7668936743341384	151.5855801710962680
 690.000000	5.6670465017071399	138.5968141179761233
 691.000000	5.8161799499112758	147.5737596988404619
 692.000000	5.9376675472425093	142.7813202092148401
 693.000000	6.0687219235381988	145.5674897802355758
 694.000000	5.8573578929216588	159.8545935296064044
 695.000000	5.2037400930864814	158.1093160300084435
 696.000000	5.2553601870640545	161.6569794910669202
 697.000000	5.2127714386432658	162.0831849854566542
 698.000000	4.8625427365018741	161.6193103674762312
 699.000000	5.7387490713949489	146.9494198751422118
 700.000000	5.3561958053745444	158.5727485623217206
 701.000000	5.6398625603667298	140.3472974171160104
 702.000000	4.8380906785160391	168.4063403025826346
 703.000000	5.0677457966662001	160.7174444035788952
 704.000000	5.1048305671048713	167.4456035873172937
 705.000000	4.6174695129601631	133.7085806504764491
 706.000000	4.2617093305252061	147.4217350879512480
 707.000000	4.4428308906302902	121.2779254212205444
 708.000000	3.2126701061056631	151.7396078931060117
 709.000000	4.3611638961737054	128.8359384203813818
 710.000000	4.7602814709328243	133.3273760442339437
 711.000000	4.7250299723220293	138.6918382506170246
 712.000000	3.5897997965558690	142.9352298438760158
 713.000000	4.1933429679570073	137.7407492114913907
 714.000000	3.6383682274274869	140.3896534834551062
 715.000000	3.7917475969013532	152.3186688179222301
 716.000000	5.0632273509384733	134.5577588498214254
 717.000000	3.4397131596486710	34.7390611433182528
 718.000000	4.6317483080226385	111.2918024342647527
 719.000000	4.4059091958096861	107.6535506738968166
 720.000000	3.7100760730523095	82.1064076668281615
 721.000000	4.2646268259174374	103.9059006365365292
 722.000000	3.7195318542292832	41.7983553573112658
 723.000000	4.1430692897641821	75.9815807848665372
 724.000000	3.7351985466782427	43.5761185997825748
 725.000000	4.3863710534190821	101.4035833293889937
 726.000000	4.8388226331740132	139.5153751334416370
 727.000000	3.7733800221753659	159.9265513036042421
 728.000000	4.3178713395399537	139.0402574193290377
 729.000000	3.9169113609204418	158.5144782656109044
 730.000000	3.8172879034358229	138.5622047278196476
 731.000000	4.5651384231678289	137.9837614523929403
 732.000000	4.0548791084573983	129.2711347727385203
 733.000000	4.9258509851674814	132.2948399870711285
 734.000000	3.8406153205496896	157.7036849600763162
 735.000000	3.9975040338566483	125.0404185332508575
 736.000000	3.0166074197957462	148.3324431272781965
 737.000000	3.2963096733264621	146.2871989461438318
 738.000000	5.7590743556684654	147.9335373077071836
 739.000000	5.9839927189573308	143.5258205316979172
 740.000000	4.8857279329663816	165.2892979124222563
 741.000000	5.7742848146928480	147.4731501991256266
 742.000000	4.8975801055143942	145.2723612862808977
 743.000000	5.9422276836889827	149.1822625823055262
 744.000000	6.0838000247270720	136.5225055252173547
 745.000000	5.9468782666157738	134.5754239745161840
 746.000000	6.0096192206358099	151.8723953825582100
 747.000000	5.5808808740223945	152.5354496479344277
 748.000000	5.2452823059666835	158.7008403721030447
 749.000000	5.1057997506696804	168.7006036633742099
 750.000000	5.8731141687973327	153.6284659325552298
 751.000000	5.7553670089890714	143.9321500945948173
 752.000000	5.9215488047256297	141.5958268811987466
 753.000000	5.8752461853729434	142.0646596278372726
 754.000000	5.9946579607688211	145.9050960139307165
 755.000000	5.8809832899984560	150.1366593713830753
 756.000000	5.8167272406474337	154.0798067705306664
 757.000000	5.2555472283264253	138.9404374119401950
 758.000000	5.9037374256244428	154.6640765763381467
 759.000000	5.2320614034111932	165.4811269159921210
 760.000000	5.4371292364244779	159.2858368856098537
 761.000000	5.0538696648377099	168.1644001282527370
 762.000000	5.8154683088438004	145.5056737183988389
 763.000000	5.2477893959629807	163.5309802778358232
 764.000000	5.6378435192476566	160.8887559226463111
 765.000000	5.4628263371898189	157.7083576886462026
 766.000000	5.3019988806569289	165.7012948214875507
 767.000000	4.9677679689773449	169.6426988098090192
 768.000000	5.2817832662940809	164.8085161445716835
 769.000000	5.5624787621563119	159.5370198998463707
 770.000000	5.5149377729648039	165.1890529635783764
 771.000000	5.2985726855720676	165.0606575405928140
 772.000000	5.1531712235691032	162.2908946821004861
 773.000000	5.2274473244474517	160.2393339536385781
 774.000000	5.1536538235767750	164.1688817639888498
 775.000000	5.3102260137013069	159.3219479156205693
 776.000000	5.7607704696895885	154.7562637770051595
 777.000000	5.8217855235987770	161.3527586005992873
 778.000000	5.7550038809651030	153.3851383162384252
 779.000000	5.0570422682089724	164.1821809305929776
 780.000000	5.4388905414943904	159.3798977950214351
 781.000000	5.0210758047177375	168.5913420042633675
 782.000000	5.8194795868434550	154.5239036535197101
 783.000000	5.8050595649686061	148.8278596090233350
 784.000000	5.1863854035872095	176.3101067884187216
 785.000000	4.8573814158735837	164.3098279325705562
 786.000000	5.8316070912894116	147.5898596109743721
 787.000000	5.1884372621799377	170.6145650143034231
 788.000000	5.5249282497833709	166.1589900915732301
 789.000000	5.0483919677045739	161.9067710930683575
 790.000000	5.4538955379976191	168.4137331358340077
 791.000000	5.3802178131425933	149.3913669104288147
 792.000000	5.2527203015780444	158.5039798093818604
 793.000000	5.1853615957710009	154.0304323371167925
 794.000000	5.1287960703829105	167.8482877734159047
 795.000000	4.5609569829658048	171.6865855347584784
 796.000000	5.8651274985470305	144.0537796245792492
 797.000000	5.0301608617448395	164.5987992657488803
 798.000000	5.6439884548345098	161.2726965888736288
 799.000000	5.3768502154704994	164.9576986170567920
 800.000000	4.6734415531434967	149.5928230741303651
 801.000000	5.1270469270598307	160.0601303843244239
 802.000000	5.3926488619599260	165.2593851940586376
 803.000000	5.9241812939236835	144.4938562509674966
 804.000000	5.8015298513774978	152.8260003731373331
 805.000000	5.4219290946158853	159.7999691733652980
 806.000000	5.1169047832824415	170.6293354676461718
 807.000000	5.1932577914351610	165.4434435592370960
 808.000000	5.2074842689253078	163.0462087963244926
 809.000000	5.3041035549814914	164.1461236659547751
 810.000000	5.3073551930165266	157.1857517034381715
 811.000000	5.3408566185357778	162.1889406807322018
 812.000000	5.0663604772123696	172.8238881872721322
 813.000000	5.2845594449807241	164.1211968351886981
 814.000000	5.9034656973809803	150.7654857574464984
 815.000000	5.8038003297767622	146.3454863104790604
 816.000000	5.7299385562349050	146.2955374779188844
 817.000000	5.8582335206061922	142.9397888594982930
 818.000000	5.9770340493400802	145.5828460477373199
 819.000000	4.9553609568712522	174.4007069925974633
 820.000000	5.8339548842562836	150.2461993348965166
 821.000000	5.0591367633209794	169.7405844943358773
 822.000000	5.1508234259048402	154.9282108807549605
 823.000000	4.5277931994817742	127.2388797306740003
 824.000000	5.9264270359716091	150.9476024232843088
 825.000000	5.6826547690447047	143.5239614359724953
 826.000000	5.8448189924299561	141.4502772849938879
 827.000000	5.8854536075651893	135.2852648855302959
 828.000000	4.7053662180673985	123.7458028899851854
 829.000000	3.0885039315518736	136.9626767482260732
 830.000000	3.4143664972001782	142.6197500349146026
 831.000000	5.9434085623616610	145.4411050350223604
 832.000000	6.0118427702109249	141.8133758185990416
 833.000000	6.0006871216832183	152.4135994710449609
 834.000000	5.2830637464341512	170.7321618441638975
 835.000000	5.2151465577037666	171.0696976185847973
 836.000000	5.3425660403152619	155.2807898484278155
 837.000000	4.3118742776157584	123.0767463218740261
 838.000000	3.9571557968707416	143.2911823033854262
 839.000000	4.5999630559731957	140.3833043084244991
 840.000000	5.0151642250404462	162.0297613201168474
 841.000000	5.2943166478468138	162.3618046990790162
 842.000000	5.3059250969620413	150.2905462397019107
 843.000000	5.2526639791351872	159.8147245477209424
 844.000000	4.9717161059194552	164.5890959246013097
 845.000000	5.3738809035879429	166.2436489530971926
 846.000000	5.2301213127160819	170.2830950738816966
 847.000000	5.3664078802668493	147.5513449383509226
 848.000000	5.2478499450246510	168.9463947057282951
 849.000000	5.2519412003741248	156.3417237364984658
 850.000000	5.1873546299452915	163.2935844959955318
 851.000000	5.2414314371871917	158.5626709751988415
 852.000000	5.4294323856986031	164.1707662406598160
 853.000000	5.2298359027871086	141.0594016809386062
 854.000000	5.2885280745537173	162.5089381884904469
 855.000000	5.6123370528496821	171.6016792147970591
 856.000000	5.7579940495174640	145.3113068320664922
 857.000000	5.8814602444033817	157.8945839205990467
 858.000000	5.6541505162624652	156.2428625632307444
 859.000000	5.7571773621718183	153.9283941857292177
 860.000000	5.3475119558919557	164.3313006302548445
 861.000000	5.3388830748224736	161.7086145073030252
 862.000000	5.5123035788392665	154.9897609286401519
 863.000000	5.3503861152946612	160.7685822804720317
 864.000000	5.1942360938560519	149.8734686751332674
 865.000000	5.1041540166376631	171.2400302172806335
 866.000000	5.3781849586964547	157.9002632775494703
 867.000000	5.3041561835452127	163.5629936763848207
 868.000000	5.2333347571298496	160.0515895607818209
 869.000000	5.1621648290821120	169.3753710670023338
 870.000000	5.5301214772920249	140.1954545905921350
 871.000000	5.6099488447219636	145.7144195569624117
 872.000000	5.2703935475845913	160.4311108804935770
 873.000000	5.0928065632565040	162.0947201433933742
 874.000000	4.8883717794391099	166.7671687687920894
 875.000000	5.2168354181291230	172.0609367910437300
 876.000000	5.5373868875704080	158.8006664215438093
 877.000000	5.3056126600680669	158.2339193010951135
 878.000000	4.7064647456361346	126.0542586213651077
 879.000000	4.0161155651077518	137.0745751939112438
 880.000000	3.4955068107783913	150.2109175658606546
 881.000000	3.7320939173088403	127.4977299975281397
 882.000000	3.4327323777528003	144.7892742268032293
 883.000000	3.1089631882582496	149.9627438796699437
 884.000000	3.7516443634299415	167.5648225986675470
 885.000000	4.7408622417479815	139.7376086526550125
 886.000000	4.3459780163329569	148.1552595843308779
 887.000000	4.9566603027471610	131.0577039631679384
 888.000000	3.4996628734978263	131.4644237360359966
 889.000000	4.8070587013850314	139.4140729538437995
 890.000000	3.8875471725244299	164.1155744394212661
 891.000000	4.7528188661945334	119.6022963926258598
 892.000000	3.1340324741613168	133.1176613111531424
 893.000000	4.2890433580098417	130.5595721177226096
 894.000000	3.0105987989699470	144.3185396425955673
 895.000000	5.1552252580957889	120.4016701574161345
 896.000000	2.8673662605299466	137.2900282178177918
 897.000000	3.6864822831071193	149.0772471921341946
 898.000000	4.3746501468611401	152.1653917807437324
 899.000000	3.5726716395715870	131.1665896567759262
 900.000000	4.6420848775388261	122.2333703723542158
 901.000000	4.8684550204775885	134.2133940650164732
 902.000000	2.9904079926028881	144.8675651429811637
 903.000000	5.1870154720475270	125.5070726229572529
 904.000000	4.8082053584072417	133.6555743699394725
 905.000000	5.5357654630576763	127.9849757646551041
 906.000000	5.3162803019321805	126.3854088017602351
 907.000000	3.0801264175001499	143.7244005070305661
 908.000000	3.2832066578309478	139.4834649499463239
 909.000000	5.1165495397380090	115.1594787278525587
 910.000000	4.6753709112520578	122.6968834617168795
 911.000000	3.1058958891633410	140.5532802632970117
 912.000000	4.7641571154885547	122.2226458341252737
 913.000000	3.1395167478338633	141.1489096970767889
 914.000000	5.5407252852203772	123.4198912874026348
 915.000000	5.0291848597123066	125.9585883086547540
 916.000000	3.0905501082094147	137.8361261377711173
 917.000000	5.1019195377851183	120.8498197395607860
 918.000000	3.8732437442255598	120.2491314252694110
 919.000000	3.8462740870458689	126.7510197926115154
 920.000000	3.7798431940625581	151.8376960583015318
 921.000000	4.8405541559917067	127.8638590529393753
 922.000000	3.5750375703061246	140.8741607377809260
 923.000000	3.4478704386392267	139.6948741975642747
 924.000000	3.7403566744580279	127.7116381516722754
 925.000000	3.7371091857115974	141.8664393863068369
 926.000000	3.3018236783702477	141.8961602965738678
 927.000000	3.9010944887901622	158.5499640183675183
 928.000000	3.7855948843020966	150.2173422008625607
 929.000000	3.6075664547731092	143.4978648690828607
 930.000000	3.6411362683502437	153.4687725720617379
 931.000000	4.7361319446651473	132.4539256168695829
 932.000000	3.4939859933661879	123.6457160998706115
 933.000000	3.2171026012356214	129.1300899677380301
 934.000000	5.0677125674764252	124.2067053383144781
 935.000000	5.3184322883119677	117.8652685817153838
 936.000000	2.9707791363993281	139.4395276731592332
 937.000000	5.0061050294533942	128.6979201934475725
 938.000000	3.9302089346826929	130.0342650793159862
 939.000000	2.8750046836648644	148.9684042823313064
 940.000000	5.0381894662259237	117.7688709107040950
 941.000000	3.4312909462511141	158.5471285937301218
 942.000000	3.1796509764263186	142.2922880361502678
 943.000000	5.2631871761278504	128.8662591825079744
 944.000000	3.8578869776042448	129.4367795378309438
 945.000000	3.2037048590999833	144.0047056625842856
 946.000000	3.2147785701245808	138.8150788345493538
 947.000000	3.8733447680144919	156.7209609709181848
 948.000000	4.5104874565230215	119.4422890680976508
 949.000000	3.5965600395779744	150.1132730071507240
 950.000000	3.6880988939006563	130.4992035696473636
 951.000000	3.6311899978693991	139.9590060004979364
 952.000000	4.5796864345700916	148.6453104958227982
 953.000000	4.5618798153391928	139.6983205932585577
 954.000000	3.9778481366648264	152.1248338291502478
 955.000000	3.8465083389147874	130.9507709842619931
 956.000000	5.3758412648108198	157.6755355753455774
 957.000000	5.3751353377072455	156.2930600489833637
 958.000000	5.1516179035440075	162.4588642214692698
 959.000000	5.2171101356778111	165.6870293939473129
 960.000000	5.1164484893469728	164.1433673307392667
 961.000000	5.1171840248859368	170.1895103932903339
 962.000000	5.1792004100890603	165.1088461096092317
 963.000000	5.1678529898697727	153.9424776889475766
 964.000000	5.1540008681449674	167.9746433746660159
 965.000000	5.3484023026341250	163.1626428540501479
 966.000000	5.2428227676638359	171.5470732521220327
 967.000000	5.2568371892299171	163.3174081197870464
 968.000000	5.2256307757973071	159.2397650430704346
 969.000000	5.3687099512210024	163.0756224997161326
 970.000000	5.7888470779272465	149.2364451034197543
 971.000000	4.6559786126122793	165.4404324668574304
 972.000000	5.0706138752517296	168.6585042789817805
 973.000000	5.2309155375624075	160.3911372426207151
 974.000000	5.5046518776363929	156.8543568943866831
 975.000000	5.1713316192588890	167.2559125402227096
 976.000000	5.6461169156222457	137.1865935574681146
 977.000000	5.9900164125915394	156.1700145394541153
 978.000000	5.8989288048534512	148.0840852865387092
 979.000000	5.5187946132312318	167.7316421063498808
 980.000000	5.2989108063471715	164.4067863295665006
 981.000000	5.5814812291437423	171.4372793223352005
 982.000000	5.5123861936059368	157.5539816505486215
 983.000000	5.2379618388000564	151.9166404324008965
 984.000000	5.1508794717080013	172.9554733385683676
 985.000000	5.1418388868700982	129.9532294315479533
 986.000000	4.9359999640736021	118.4293371515215654
 987.000000	4.9253991534654427	164.9726279181861059
 988.000000	5.8907823354583106	146.7242402951528391
 989.000000	5.6299777008296017	150.6327884257004257
 990.000000	5.8933691400931343	144.5646764443584118
 991.000000	5.8859219212028417	157.3888949045186223
 992.000000	5.9007431386628886	132.3886199923391018
 993.000000	5.3780502853569150	165.7827066280994188
 994.000000	5.6675505610413310	154.4700659203490716
 995.000000	5.2274028651539108	169.7354327552244513
 996.000000	5.8374419227016254	146.5154780939844557
 997.000000	5.9077009440286457	156.4149388182819109
 998.000000	5.9703264735148229	154.9470443367308974
 999.000000	5.1661596214199506	169.7407479122625205
 1000.000000	6.0190308137812423	150.6223559433991568
 1001.000000	5.6685116933082487	150.4526503871923353
 1002.000000	5.1085781821918763	166.6470997909236758
 1003.000000	5.6705830647654407	163.2848109627111626
 1004.000000	5.7027973013977409	142.6645362379096866
 1005.000000	5.7479801644037618	144.8738166260861533
 1006.000000	5.4030777546186632	153.5660506277604327
 1007.000000	5.2063985071818957	165.1611656572655420
 1008.000000	5.2429358859441564	160.8602117619895182
 1009.000000	5.6424262342178118	155.5666061105908966
 1010.000000	5.2969004104549597	152.1841570006230597
 1011.000000	4.7830911689003388	149.9105787832334897
 1012.000000	5.6508816202908774	157.2590507170977787
 1013.000000	5.6782319127806167	146.0424066562408711
 1014.000000	5.6155194762618557	157.4201822507969268
 1015.000000	5.7620120960676786	151.4716022015070678
 1016.000000	5.4849795813680879	161.5655557402629370
 1017.000000	4.9785752648257811	165.8748514483285135
 1018.000000	5.8754564756780434	157.5993968902701283
 1019.000000	5.2217361873231134	170.7227465208303840
 1020.000000	5.7055066116454523	150.9169258449347240
 1021.000000	5.1384405740644707	162.9458210167922516
 1022.000000	5.4861335343155773	159.0295236482767791
 1023.000000	5.3842535923223318	161.5014704214193557
 1024.000000	5.1338306682219335	169.5581256106362673
 1025.000000	5.1491779726030904	163.9614620083991667
 1026.000000	5.3966627273941326	162.9284360668449665
 1027.000000	4.6395955904147268	156.1248332712314095
 1028.000000	5.6822214176607977	144.1203139246594560
 1029.000000	5.8559002601716941	148.4014651300480523
 1030.000000	5.6460558931595264	152.6188724817459672
 1031.000000	5.5187279968547145	161.3882059152567194
 1032.000000	5.0737886203807943	153.3611257098048100
 1033.000000	5.1169223343546690	164.6096086943647379
 1034.000000	5.1965290526511447	164.8611735750438640
 1035.000000	5.2106910296582516	167.1665666322885784
 1036.000000	5.3218628274366369	164.6074085393827318
 1037.000000	5.5513472131604447	150.4030999298110771
 1038.000000	4.1371810323004867	115.2361903425573786
 1039.000000	3.4917399176969033	142.1202827876983577
 1040.000000	5.1526767063753356	123.5829435245315011
 1041.000000	3.7236808405819000	140.6166607688235786
 1042.000000	4.0352139832606095	128.5621326740659924
 1043.000000	3.5068818317149102	143.6437177848200122
 1044.000000	3.5404369633161501	162.2461107937892280
 1045.000000	4.4119652991528691	143.4478216206881598
 1046.000000	4.6087071730839861	128.6412208158553767
 1047.000000	5.0199518920691286	140.0129799768570251
 1048.000000	4.0197127063043041	133.9111375122496952
 1049.000000	3.4048067635757149	140.2952535218948356
 1050.000000	3.2257365515887590	140.4255955052503282
 1051.000000	4.8138881255985089	115.8962036794331851
 1052.000000	2.7824597029547977	132.7905605224694341
 1053.000000	3.8034504911226983	156.4785826349657043
 1054.000000	4.0761849088350237	151.8843809320286482
 1055.000000	4.7395595550795626	139.7318524587669799
 1056.000000	3.7329370335506717	166.3202804341070475
 1057.000000	4.6371248847093147	139.3547107370549156
 1058.000000	3.9053960636770535	144.4265001303582494
 1059.000000	4.0475383410791421	162.0314035173864227
 1060.000000	4.0406208572238489	153.9374535190333688
 1061.000000	3.9072860667498892	156.5761585096158228
 1062.000000	3.8113046625096270	150.3484103005979762
 1063.000000	3.8044634608602088	158.6337992576303009
 1064.000000	4.6257282438653728	145.6389852361213570
 1065.000000	4.3243855327874492	142.0118468623471415
 1066.000000	3.4771723780738206	153.0105544965328193
 1067.000000	4.4269213552531266	126.6777174043034790
 1068.000000	3.8785383511985576	152.6697211995946191
 1069.000000	5.2210270785068786	132.8782766931333583
 1070.000000	4.0859252120157592	116.8745208468317998
 1071.000000	4.6619847161423200	149.3824880791669898
 1072.000000	4.2096879497726372	142.2186820203730235
 1073.000000	3.7207555391602529	154.9844061924092387
 1074.000000	4.5855576297615466	126.4938684619336016
 1075.000000	4.0100726731914040	144.4186661134177996
 1076.000000	3.9294629468780351	153.9091506847595952
 1077.000000	5.4675147635325985	161.0387417902109632
 1078.000000	3.7770299643886487	159.9178663160017777
 1079.000000	4.0795610393871522	139.2095830427743408
 1080.000000	5.2425735601976680	135.6031067772406686
 1081.000000	4.9780144247217271	141.2129911727247702
 1082.000000	3.3735919720562322	149.9108842200178913
 1083.000000	4.8497516249339254	139.3162477413828526
 1084.000000	4.4008746175761697	146.1429861241537935
 1085.000000	4.0904124087401303	160.1087509189181333
 1086.000000	3.9382461258369319	158.8159785305684579
 1087.000000	3.4531743956080363	160.9338636526680375
 1088.000000	3.7272986187373554	143.6804795865397466
 1089.000000	4.1286779782163245	154.6291819373383021
 1090.000000	5.4459999416403955	167.0180018905871577
 1091.000000	5.4109418206619573	165.5151903386676793
 1092.000000	5.6696267693545783	149.2644568936254359
 1093.000000	5.9150816393830414	151.0755502896894882
 1094.000000	5.3170348339416629	169.3162434066856861
 1095.000000	5.0332721714431061	169.3860814525155831
 1096.000000	5.3118469501649326	169.7419902346348977
 1097.000000	4.7634549750017436	177.8027442324430751
 1098.000000	5.7949971945802563	147.9452008283177520
 1099.000000	5.7510407055118051	156.5723851163328675
 1100.000000	5.9208610056933306	150.5521610388001363
 1101.000000	5.8742575018778949	150.1228033797363253
 1102.000000	5.6819994983950819	150.9228850528056967
 1103.000000	5.9311005016850142	150.5723437363230346
 1104.000000	5.1091946417607037	158.2360058288744256
 1105.000000	5.8625362005985222	152.1484813571313737
 1106.000000	3.3074503830859676	153.7043611164307038
 1107.000000	3.3341201948528574	138.4900929685942401
 1108.000000	5.0064267347802591	128.6706714154442466
 1109.000000	4.3994904076434951	132.8866421078086262
 1110.000000	2.9460626481915329	140.5248848351491233
 1111.000000	5.1890114876768845	129.3259908667392040
 1112.000000	5.1581514706397797	123.5593395397388718
 1113.000000	5.3535008180477197	162.7265314172470596
 1114.000000	5.7914256781204738	154.4520160178064430
 1115.000000	5.9113570017162580	151.4588053172883235
 1116.000000	5.1365653457075204	148.0779355092714411
 1117.000000	4.7668121691076353	161.3586391587565458
 1118.000000	5.1386752908213973	169.0032563954505349
 1119.000000	5.0611947366215686	162.7038964006462720
 1120.000000	5.9919733333108969	152.9680519890152368
 1121.000000	5.1069936222563390	164.3239081217227806
 1122.000000	4.9595395853908490	174.1656175056905624
 1123.000000	5.2889103417135486	165.8293843298804688
 1124.000000	5.0211462340479773	173.5463563614245288
 1125.000000	5.9161221641166497	145.0704455987539063
 1126.000000	5.6895603903839094	150.3761754371087989
 1127.000000	5.5308274260827348	157.7216677368892306
 1128.000000	5.2005687007954586	169.0686774275355901
 1129.000000	5.3147376100796766	159.3541609439379556
 1130.000000	5.3561696203378268	159.0241035564718004
 1131.000000	5.3405032946658473	161.8055490151586469
 1132.000000	5.3011603588789376	163.8368009954742490
 1133.000000	5.1608920116436368	163.9782047202852198
 1134.000000	5.3417386382575591	160.1915068160969895
 1135.000000	5.2312559455984786	155.5781085187451254
 1136.000000	5.4916513521780379	158.5361144188056812
 1137.000000	4.2196921276344215	133.0953088557416493
 1138.000000	3.9126864588513839	140.8522116520707357
 1139.000000	4.0027331114093068	151.5806039138904282
 1140.000000	4.8221708320887817	128.9479241942156307
 1141.000000	5.0597120110909275	138.7658720691855478
 1142.000000	5.0755691091694439	134.9961732764336375
 1143.000000	4.8884024922000791	122.6477070442722095
 1144.000000	5.1627038071137177	124.2625903694913063
 1145.000000	5.2584223164382760	121.4355172560283336
 1146.000000	3.6407437567894898	160.2392208387857124
 1147.000000	4.6392500961491168	134.5770803433850631
 1148.000000	4.8415835912523910	135.6143389826720522
 1149.000000	4.7852400692214205	140.9564234881735274
 1150.000000	3.4988149966777495	147.1322747174113204
 1151.000000	4.8251432167656194	129.5270593820226281
 1152.000000	3.4512320660808000	145.6064515678419014
 1153.000000	3.7782546245567508	151.4182534395348227
 1154.000000	3.1414107057942613	147.3992539229341219
 1155.000000	3.6191624356320613	155.5309815911238331
 1156.000000	3.8809858757528573	150.3517994153418158
 1157.000000	4.6820014265841285	143.0448492135657546
 1158.000000	4.9751676213623428	143.2876506457428718
 1159.000000	4.8076113658465447	133.8514443072687072
 1160.000000	3.9607598454748150	142.3922626930207116
 1161.000000	3.4053210975866786	155.6807419753407657
 1162.000000	5.2930527269336869	170.7406204487534467
 1163.000000	5.2636859403921843	162.9901941714854274
 1164.000000	5.1513873977488549	168.6317733226797202
 1165.000000	5.1305312699547159	172.3811677387450061
 1166.000000	5.2477746884682492	168.3416058228953318
 1167.000000	5.3722653180402693	163.2802700846702066
 1168.000000	5.3834838575627986	166.9436480037490185
 1169.000000	3.8142634031233302	143.9434493410298614
 1170.000000	5.6141310132086426	121.0997631280867921
 1171.000000	3.9200220402971349	168.1538065160381166
 1172.000000	4.0296015371873652	156.7913288383941790
 1173.000000	5.2067588526585702	120.7024269003345296
 1174.000000	4.3005007273631097	142.4420818639148081
 1175.000000	4.9687530530479860	139.4724441940659574
 1176.000000	5.0622455901307131	135.8121349164480876
 1177.000000	4.0661707352834773	152.5817908412474537
 1178.000000	3.9198322164905228	141.8867000022077605
 1179.000000	4.3507557540046653	145.8673494474751351
 1180.000000	4.3199051819511665	133.0401829262024762
 1181.000000	4.4024577519822357	130.8262969007803349
 1182.000000	3.4516782567948416	151.2610471774589485
 1183.000000	5.0087002486917278	171.2869519573650621
 1184.000000	5.2038614707975093	163.4976234458119961
 1185.000000	5.8861184318728501	158.2415885368497754
 1186.000000	5.7999090698258717	156.0208223393277649
 1187.000000	5.6374918713136655	139.8006473559850633
 1188.000000	5.9035054863138967	137.9194003020912191
 1189.000000	5.2662595071819247	152.6543579355283669
 1190.000000	4.8970918120962708	161.8490863834519473
 1191.000000	5.7700795425132121	154.0706831312673444
 1192.000000	5.6500493924128348	160.7902553432196271
 1193.000000	5.3770864197982666	165.2770977115680466
 1194.000000	5.3682385792540233	161.3575811437469838
 1195.000000	4.9456737241086657	145.3072999403856329
 1196.000000	5.2190615533335389	161.1159647516476241
 1197.000000	5.2923347969486327	160.0110722225605571
 1198.000000	5.1637991426912295	147.4529168846073617
 1199.000000	5.3520615729660053	157.4272368322230875
 1200.000000	3.4314793705868971	143.8907403705542833
 1201.000000	4.1118427382680158	144.3861145858000441
 1202.000000	3.4068983436404139	147.6045075642767301
 1203.000000	3.4805701937382625	163.4489203572740621
 1204.000000	4.2995710100674245	139.7595403490458921
 1205.000000	4.2446807372482249	162.8926347758238080
 1206.000000	3.6843796759497791	146.0438625582058023
 1207.000000	3.2668144464663458	153.1471730637769042
 1208.000000	4.4842472120034467	123.8025392213612861
 1209.000000	4.6798252995642224	140.3872565043978398
 1210.000000	3.9066937244515434	146.6039242699569911
 1211.000000	3.0965108122742695	152.6296583125527206
 1212.000000	5.1925225528220214	125.9111166531097012
 1213.000000	4.6499898760840983	122.9080049217035651
 1214.000000	3.8794200132908725	138.0488551355228424
 1215.000000	4.4577620672859437	148.6452613512273615
 1216.000000	3.7478490072774151	150.0829704946182517
 1217.000000	4.4136576674369348	132.7246729430179926
 1218.000000	5.4898762664533312	158.7772446231052470
 1219.000000	5.1967558433915544	164.7943555941297120
 1220.000000	5.1101048137087348	163.6766149615495181
 1221.000000	5.6336570778864692	154.0545675263172143
 1222.000000	5.2526331289995749	161.0758000874765798
 1223.000000	5.8120748043795292	148.1003716177945080
 1224.000000	5.0301292053516171	168.1190747665730498
 1225.000000	6.0509244275334826	155.2157653121898875
 1226.000000	4.8580155746317928	123.6147782091165368
 1227.000000	3.7585601967794164	92.2254835032995572
 1228.000000	3.3662447316703794	16.5726893658566325
 1229.000000	4.6479591129920195	126.5559680053228249
 1230.000000	3.5517212361516575	54.6523329091955929
 1231.000000	4.3484916867074652	109.3239189443415995
 1232.000000	3.9861575725687386	100.3577729395595952
 1233.000000	4.5708242396965977	115.8412973356877700
 1234.000000	3.9876718281513415	80.2261827512765535
 1235.000000	2.9771854497744785	16.1755410699079221
 1236.000000	3.8762649820831934	111.9055190910383999
 1237.000000	4.3031906235637836	127.1144091596908652
 1238.000000	5.0552836901181752	124.5914990403225602
 1239.000000	3.2347206909972472	46.8771846989736503
 1240.000000	5.7204163856033876	102.3712597703489138
 1241.000000	5.1354838021831783	84.5950530123193829
 1242.000000	5.2954114939100334	95.2003424137781735
 1243.000000	5.2289733802527882	81.1071982449523290
 1244.000000	5.0575497912945542	82.5422138106642080
 1245.000000	5.1109568522751552	84.7499786104979762
 1246.000000	5.0133937438805880	56.9720030110091926
 1247.000000	5.1184704469385087	70.3206383737855845
 1248.000000	5.8641875762877023	97.8831385817837685
 1249.000000	5.9283575509307838	99.0923624423845411
 1250.000000	5.4282078454828744	84.4836546325796718
 1251.000000	4.4922528866673543	97.9348779062126340
 1252.000000	3.4749897980687692	49.6901547147126053
 1253.000000	4.2557973849935093	108.6893827043586498
 1254.000000	3.4093816876480081	67.3076656012794956
 1255.000000	4.2339053563664155	103.8391951230613586
 1256.000000	4.4037925193086371	120.4433770128302115
 1257.000000	2.9242850445789679	29.1769554772295976
 1258.000000	4.9628015902213676	126.4807581933726794
 1259.000000	3.1714180199500710	28.0608248243968035
 1260.000000	3.1973802550601342	23.2771293298764874
 1261.000000	4.8757088719770136	134.7660601519979764
 1262.000000	6.0399613262755523	105.8206110349998141
 1263.000000	4.8547843814792691	52.8024155054096553
 1264.000000	4.8941732972870202	53.0353977282447602
 1265.000000	5.7244435159922054	95.3009379112482264
 1266.000000	5.8685003753845013	105.2370471825961005
 1267.000000	5.1766156191191675	56.5722286996339108
 1268.000000	6.0560214003804669	100.9207800785649880
 1269.000000	4.7771362677845595	47.1887403307667057
 1270.000000	5.1642392869037232	92.0640631874145043
 1271.000000	6.2002777305861239	98.4838812131463754
 1272.000000	5.9286976928669075	107.4461105627792108
 1273.000000	5.8561355091611347	95.2970266681877547
 1274.000000	5.2380177996251378	93.2406757177766536
 1275.000000	4.9642930854421756	88.7056339497242590
 1276.000000	5.2003449836080691	80.0876285460970223
 1277.000000	5.5077336252859137	89.6418614067029722
 1278.000000	3.7291395659295778	96.2944742708502304
 1279.000000	3.7004450565418319	78.5471211829011509
 1280.000000	3.9689035052877326	92.5597415480252579
 1281.000000	5.2603795940177438	87.1336249245982941
 1282.000000	5.2648939458651984	86.8001268157912307
 1283.000000	5.1480983836369534	74.0642168838225672
 1284.000000	5.2479904548649419	80.2121692268245710
 1285.000000	5.0300987387981948	72.8880285892597470
 1286.000000	5.8769305652641046	111.5664385944704833
 1287.000000	5.5328367065689630	91.9836026810558280
 1288.000000	5.9041005122049750	101.8557705878066173
 1289.000000	5.3437110950716740	89.4348183018002487
 1290.000000	5.2371569360559942	87.7279985100695967
 1291.000000	5.8969504248912399	107.6439100753216991
 1292.000000	4.8302775216600011	58.6852476466889073
 1293.000000	5.8526450545754809	103.7736080136709660
 1294.000000	4.6702744455966085	130.1723635424017402
 1295.000000	5.7081913017362149	99.6060456001932693
 1296.000000	5.9357118565367690	99.8385637903077026
 1297.000000	5.6005037744703676	95.3363318064230754
 1298.000000	5.3861680607033460	83.7226350794257144
 1299.000000	5.1171875548947119	83.1362081772265356
 1300.000000	5.9100121763909410	98.7258150756903774
 1301.000000	5.8868880137301485	96.6755238898465308
 1302.000000	6.0101473998931478	113.5665233631895745
 1303.000000	5.8864918839705336	105.6056266459557804
 1304.000000	4.9342595963808522	54.0581038425262648
 1305.000000	5.9878150646032005	94.4649732219772460
 1306.000000	5.2053537906196832	88.9840723663983226
 1307.000000	4.8143136960321113	60.6107880286263025
 1308.000000	5.3093463487684680	88.3789057287158357
 1309.000000	5.2288339655594056	87.2084942681839976
 1310.000000	5.3241094613942002	91.3379206634777319
 1311.000000	5.4682107030042069	87.3565710976984064
 1312.000000	5.2373339065968016	82.0651100370476598
 1313.000000	5.1629365486217544	82.2637672225123850
 1314.000000	5.3014386321213358	95.0487177038822040
 1315.000000	5.0771585792785059	65.2474126679528723
 1316.000000	5.2011171818797060	80.4230199586879024
 1317.000000	5.5315657230057544	95.6083001514564614
 1318.000000	5.0903125628742583	85.3398662701705177
 1319.000000	5.4591298904598240	85.5456377992292403
 1320.000000	5.2922460038562811	87.3541480924612586
 1321.000000	5.3456641248579118	88.2460134353675016
 1322.000000	5.3202268206467016	95.9234266667573081
 1323.000000	6.1009242256938059	100.9828333053877856
 1324.000000	5.9250502383635686	102.9489904974476531
 1325.000000	5.9827338539931976	106.3674923136788522
 1326.000000	5.8771977341437225	103.5160756750128428
 1327.000000	5.3511296182709636	81.7636688188108991
 1328.000000	5.1734982678892818	68.0995347114982650
 1329.000000	4.1086916482394598	66.6736000849786592
 1330.000000	4.4770566496014172	93.3432905010874663
 1331.000000	3.1869538832120541	28.6325212616402496
 1332.000000	5.1122089886572102	136.6721435998434231
 1333.000000	4.9954751797705299	62.7694268655234708
 1334.000000	5.2194673781089449	54.4937286975393533
 1335.000000	4.9659026432759630	48.8749389445805491
 1336.000000	5.2498976582171952	73.7330450135765005
 1337.000000	4.8619661059406738	75.4601603876920279
 1338.000000	4.8515233004549767	63.8483496396009826
 1339.000000	5.1649356215397733	74.8108779525515359
 1340.000000	4.6345512604876120	46.2221874059995343
 1341.000000	4.8242372150801653	52.2863112804112831
 1342.000000	4.9014814832114855	65.5736991910180791
 1343.000000	5.8924143961293698	97.8368843252820568
 1344.000000	4.8836651717686106	53.8879324238480990
 1345.000000	5.0711648151766306	67.9220893917908484
 1346.000000	5.1029188075597034	74.3347443324988575
 1347.000000	5.7413399317569258	98.6201335957746892
 1348.000000	5.5339711922498074	102.7904434074793016
 1349.000000	5.0974383331834092	85.6788620386484752
 1350.000000	5.7113959297975567	102.2599976503458095
 1351.000000	5.5926945623529170	94.7833804971833018
 1352.000000	5.5456028922354665	95.4677390250291324
 1353.000000	5.4685617850363268	161.8666115851091547
 1354.000000	5.1456914590332126	149.1462040668303644
 1355.000000	5.1951904024978441	174.1164406401898361
 1356.000000	5.9631530615635473	145.5114244455058667
 1357.000000	5.8191984591910675	153.6796805013872245
 1358.000000	5.6490196567351116	154.8502805776115565
 1359.000000	5.8944336778374646	143.0887491027348801
 1360.000000	5.1921696854258110	161.4443763578115636
 1361.000000	5.1961983508814047	160.0279258969113414
 1362.000000	5.1377126019227228	165.3615958648826449
 1363.000000	5.6495904413124158	135.9281834290612494
 1364.000000	5.9002836878554881	153.2644998636426692
 1365.000000	5.4497305127769238	164.1700350112633942
 1366.000000	5.3838086668761296	162.5303838304718909
 1367.000000	5.1395648674597609	165.1088389345827636
 1368.000000	5.1989666682462401	156.4824241828341371
 1369.000000	5.7243790542269535	159.3605540934061082
 1370.000000	5.1394998475105051	166.1099805216174161
 1371.000000	5.1777269448040988	167.5407440295738866
 1372.000000	5.2001475445173400	154.3700972839119459
 1373.000000	5.7648949175841144	156.5950490034977349
 1374.000000	4.9895253488461915	159.9185762783438065
 1375.000000	5.4354603017742962	152.6592870969723208
 1376.000000	5.3097352043058228	162.7736956164033586
 1377.000000	4.6527040168771183	162.2468541215901894
 1378.000000	5.8070245215418792	158.5582535972453684
 1379.000000	5.3536537530986941	157.6701393165874094
 1380.000000	5.4523336645793572	166.3152521488108277
 1381.000000	5.7968129090547666	144.9351955463977220
 1382.000000	4.7085649984763149	141.2260812803884562
 1383.000000	3.4568247463781328	146.4563354402514790
 1384.000000	3.8617620193313780	158.6461811576465095
 1385.000000	5.1173923483595951	162.6302557346721755
 1386.000000	5.2398868662201723	177.2970993783063989
 1387.000000	5.2524946681398159	163.8876720817019361
 1388.000000	5.8749856380712648	152.3268074708150550
 1389.000000	5.8096348331517929	163.5182316785316630
 1390.000000	5.4093595111666941	159.4866799985331625
 1391.000000	5.8236301195532629	149.0341045281265906
 1392.000000	5.7726956785704253	160.2579954787330792
 1393.000000	5.0300047320215180	172.2522871940327889
 1394.000000	5.7929045834088830	154.6076214906177597
 1395.000000	5.4988886736256166	158.7764892011423399
 1396.000000	5.6532534028921653	149.5445128440780422
 1397.000000	4.8261940483846058	173.1627586374683290
 1398.000000	5.7952742184687249	159.9747448842927042
 1399.000000	4.9736066391826146	166.1262356229944714
 1400.000000	5.3849432222653020	162.2875029903494521
 1401.000000	5.4589520426182654	151.1755207760497797
 1402.000000	5.0364830347919280	161.1876544243359604
 1403.000000	5.0684748440894856	152.3162243016275852
 1404.000000	5.5923728888958824	157.9926413499845808
 1405.000000	5.2234656205577714	158.4286954039361319
 1406.000000	5.3644036015654768	160.3050949226136765
 1407.000000	5.8902212298311420	144.4461608065230962
 1408.000000	5.3781670854610031	156.5854151342545890
 1409.000000	5.2788308699100570	142.7549498405376198
 1410.000000	5.1723821343176208	157.4126003351371423
 1411.000000	5.8072406662969920	160.9578729225120242
 1412.000000	5.2795652609903057	162.8881600438818680
 1413.000000	5.8533246476309966	154.1272241545830752
 1414.000000	5.8100778195225251	146.9942373514303142
 1415.000000	5.3594409987524836	166.1669792779553916
 1416.000000	5.4717129888510554	157.0845109992851860
 1417.000000	5.1106887904971403	170.0903500692789692
 1418.000000	5.3499387033821346	156.8053718608548763
 1419.000000	5.0789880438616954	174.8902919090924684
 1420.000000	5.9945862468798952	143.0372794797052052
 1421.000000	5.6466614369726669	146.5303838112506014
 1422.000000	5.9830515534236959	151.6737739382593588
 1423.000000	5.2444908466453004	165.4850872241779314
 1424.000000	5.4649764709214805	159.8014176131494537
 1425.000000	4.8564758932679553	169.0521564575445268
 1426.000000	5.6843754234477064	136.0227452454626587
 1427.000000	5.0966633072765868	159.2169903723728623
 1428.000000	5.4454315809043816	153.6315670419972435
 1429.000000	5.1703642981885025	167.7187594884317150
 1430.000000	5.6744004947506976	147.9717852664963971
 1431.000000	5.1124669205124595	167.9015851178100434
 1432.000000	5.4324869130847171	155.0994755651146590
 1433.000000	5.3480829620286778	158.3507180369724097
 1434.000000	5.1906637793468056	164.0450354767062890
 1435.000000	5.4744110755433883	163.8609790829332837
 1436.000000	5.4286298228214385	164.9542114217668143
 1437.000000	5.4535777338797926	163.5462547445832797
 1438.000000	5.4261599984980977	148.6547127194357927
 1439.000000	5.7159866454366641	153.1067025625451947
 1440.000000	5.4996281789201280	163.9343025753800305
 1441.000000	5.8103099119961268	144.6588266847178375
 1442.000000	5.7199735290218134	150.1374054493457493
 1443.000000	5.6836407142815224	140.7795430624945539
 1444.000000	5.5679358818215219	160.0737409279263090
 1445.000000	5.4159191119581589	158.6480221105977932
 1446.000000	5.8381550484016325	147.2278303727262028
 1447.000000	5.8256885830765262	146.3984061927279754
 1448.000000	4.9316458671530601	170.7888526403191918
 1449.000000	5.6652257139164703	143.3596458786473136
 1450.000000	5.1034436318660905	167.0648438445433044
 1451.000000	5.5349566161803123	159.9257613053786997
 1452.000000	5.8928567919174748	150.1955120278967684
 1453.000000	5.1542720306396266	164.0197937140898716
 1454.000000	5.2952596184585285	156.4803506129370589
 1455.000000	5.4690031657042928	155.3505188958654344
 1456.000000	5.7343804428866694	149.2612012613973320
 1457.000000	5.8895855617261503	155.3401085045005914
 1458.000000	5.0786406221564047	169.1649349076496662
 1459.000000	5.7816988209053379	156.4287319928310467
 1460.000000	5.0902230919600289	169.4273603069172509
 1461.000000	5.2375024854135468	150.5547498607445505
 1462.000000	5.4546929045828598	166.5363813026588673
 1463.000000	4.9487228010615576	172.0806612620115743
 1464.000000	5.9478670329968750	142.7026932179530831
 1465.000000	5.8896510900039996	147.3145303437310076
 1466.000000	5.2187469791281806	158.4624120837614782
 1467.000000	5.1659683589839043	170.0456730790679103
 1468.000000	5.6208083014115582	159.8678542993001486
 1469.000000	5.2706275807867300	166.5890508742104998
 1470.000000	5.2905228279759280	165.3386540065945383
 1471.000000	5.1912992978380013	169.9027403699035972
 1472.000000	5.7895667145875018	150.8258731591019455
 1473.000000	5.9912963628134630	132.8121715353512400
 1474.000000	5.7851495262876114	148.0579812957068384
 1475.000000	6.0497683674356830	154.6685194757817783
 1476.000000	5.0198736874766716	169.0538180127557837
 1477.000000	4.9206246054783476	166.7815654939411161
 1478.000000	5.2990524439342392	159.8904169247097400
 1479.000000	5.2707909645512494	162.1347203214055810
 1480.000000	5.3421936696414267	159.4421068979930851
 1481.000000	5.3891664165408493	159.5433080674119140
 1482.000000	5.3717051018033173	160.7671690682025769
 1483.000000	5.2825715230676051	159.2770692952774709
 1484.000000	5.0337992358776527	153.5519534305138620
 1485.000000	5.8365032033631028	137.9614195317087990
 1486.000000	5.7963312559085987	150.3913805376181472
 1487.000000	5.1251538028377208	163.2102222090883288
 1488.000000	5.4450143756048144	157.5995242036705122
 1489.000000	5.3389982759057339	161.6956767683778082
 1490.000000	5.4668509567235715	148.1383572898893419
 1491.000000	5.2725191858687577	161.1018177039695161
 1492.000000	5.2773750972210554	160.8394387348771772
 1493.000000	5.3448046647743457	157.4450301948660922
 1494.000000	5.0445232067813537	167.7953907110601222
 1495.000000	5.1228326926068313	164.8252793326596191
 1496.000000	5.2753323261814531	155.9206239383026684
 1497.000000	5.1626740799538551	137.8619738797388834
 1498.000000	4.9544365710034386	176.3305291354410258
 1499.000000	5.7261486627351630	156.3185992444016961
