 0.000000	5.0927262497299459	127.1491580812429731
 1.000000	3.6149107232985820	101.1824375911311193
 2.000000	3.9981033930647616	95.5069990584117505
 3.000000	4.3135311321473502	120.0376644743450925
 4.000000	3.7960062922026907	105.3467311315097845
 5.000000	5.0260284641443462	127.8543067348499136
 6.000000	4.1675685120502068	107.0688921378837506
 7.000000	4.7957066202981071	95.8054812207859214
 8.000000	3.5339918484968185	109.0457733469823580
 9.000000	3.8989508804747195	109.0347301020714781
 10.000000	4.0228044392700690	115.0176861169002080
 11.000000	3.9005040986579074	110.4909909442820037
 12.000000	4.1716170013448899	114.0959246105264242
 13.000000	3.4610922562402089	74.0311148725038066
 14.000000	3.9988259742184429	103.6070990000673220
 15.000000	4.5757908077249736	118.8208804890541330
 16.000000	3.9579075599357738	92.0050767271334422
 17.000000	4.1402934640437294	149.0559972643503954
 18.000000	3.8906820318413482	102.8380982055262365
 19.000000	3.9596481100625875	118.0629378336833497
 20.000000	3.2827316785375009	102.5676460895837749
 21.000000	3.6099622791708015	69.7101537898071086
 22.000000	3.7252330189536824	115.4323450737713159
 23.000000	3.7855364302950592	101.5769582982191679
 24.000000	3.9343787522571216	105.9198455137424730
 25.000000	4.1427126724767733	87.1961323347073005
 26.000000	4.1053010133471464	88.4613381989084786
 27.000000	4.0106801474786682	130.0365583180259819
 28.000000	3.6422146309541441	102.4766424439726080
 29.000000	4.1242316902532261	100.2625403848407473
 30.000000	3.5748021477036995	107.7319618715522296
 31.000000	3.4750424964982125	97.9699683558406207
 32.000000	3.6859591527545326	86.5821327700218575
 33.000000	4.0263928133899887	94.0817353668301735
 34.000000	4.2393048976165888	110.8114379269157865
 35.000000	5.1422136481778109	102.6048908731259104
 36.000000	4.6299199210240127	124.4095184282723920
 37.000000	3.7269792679381664	98.0810007668430046
 38.000000	2.9113751211831640	83.9125455931098685
 39.000000	3.9434365592124028	113.4641703217530733
 40.000000	4.0382106934300381	115.0019524358011154
 41.000000	3.8203714374131814	109.9477872429826704
 42.000000	4.5355556317378811	90.6744647950731348
 43.000000	3.3126065131067621	133.6123874099176021
 44.000000	3.9456056809941931	131.4424808921043279
 45.000000	4.2563231586931494	116.3567334136244398
 46.000000	3.3576010009686921	126.7704339236248074
 47.000000	3.9770370245135274	115.5131790677940273
 48.000000	3.9756250625010128	139.3637141463978537
 49.000000	3.7252791148381932	136.4151959728303325
 50.000000	3.5621791289580402	136.5828264794035363
 51.000000	3.9960672477349148	129.9050906047459932
 52.000000	3.9754711532643503	100.6800713811165906
 53.000000	3.9977117995715306	101.2065528793795437
 54.000000	4.0002435032181163	134.4710367376164868
 55.000000	4.1483391634733664	139.7770247387530560
 56.000000	4.5628342561207988	134.1644412148686456
 57.000000	3.5741046914343593	109.6013556348966489
 58.000000	4.5921994184206243	105.2901187551109388
 59.000000	4.6756672941071447	129.3502416974386620
 60.000000	4.4082060433257624	125.5041907926874103
 61.000000	3.2887545480529576	103.9351948283441232
 62.000000	3.8130253685261271	122.4039844538058048
 63.000000	3.9577955980402044	127.8296236203301248
 64.000000	3.8807774885267627	103.1273910567543339
 65.000000	4.0854554367102525	115.6815077443413884
 66.000000	3.4123750261440620	135.2198844112992333
 67.000000	3.6887749627574431	102.1553955178376611
 68.000000	4.1678808310634157	100.6853011082034897
 69.000000	4.7195822653907689	122.4341676645562700
 70.000000	4.2126438398390560	111.4373367575606721
 71.000000	3.9436420148503775	119.9287320758600970
 72.000000	3.6713958521090149	110.3774370745953064
 73.000000	3.8917036810417840	127.8350348437018908
 74.000000	3.7487593179804737	125.6374300101385018
 75.000000	3.2351291344419972	88.4299556138854257
 76.000000	3.4702180402677563	106.0291963828856723
 77.000000	3.4301122359995335	113.9765035067316603
 78.000000	3.5954534273101157	103.6867886070704543
 79.000000	3.5662416675703761	120.1042848572808737
 80.000000	3.8884852002471666	123.0177229785666384
 81.000000	4.1113080011546588	116.2001133160273838
 82.000000	4.9130134553722336	130.9401297424857944
 83.000000	3.4001751653183430	132.2800709462116515
 84.000000	5.6747619020510793	174.3393780747548760
 85.000000	5.7214179303031134	163.4019559685516469
 86.000000	6.5772775832874526	160.8553025764695121
 87.000000	6.3629161524074140	146.7402891011086581
 88.000000	5.8812876269931023	151.7538775786345582
 89.000000	5.6403760424321412	162.3479174441407622
 90.000000	5.9279024669754312	154.3680299533620541
 91.000000	3.5340006982514409	147.0616524584528690
 92.000000	3.2562881129736132	118.7537456933658291
 93.000000	3.5124932235738089	134.7882668720773438
 94.000000	4.7761091027946616	131.0943133619796015
 95.000000	4.0674198752818835	100.1017977524116702
 96.000000	3.7447843380090791	122.1152671449416403
 97.000000	3.8490136115960967	114.6085943817597439
 98.000000	3.6669384053212140	131.0954082943742378
 99.000000	4.6530892055034672	139.1769194189745349
 100.000000	3.2385047104224784	138.6580796939991274
 101.000000	3.1301299576386108	114.8678647162363120
 102.000000	5.8040696508425906	167.8548220655738703
 103.000000	4.2249260919919900	122.6128996888212868
 104.000000	3.0909166509399340	136.3328369376155536
 105.000000	4.0074223611794766	114.6831578992185570
 106.000000	3.6407437193907883	129.8007109700770627
 107.000000	3.6207302380988087	110.8913654768647348
 108.000000	3.6516672143639197	118.5650566924719413
 109.000000	3.5710284547213966	131.1507437976218853
 110.000000	3.5871088092032055	132.0194055365676320
 111.000000	6.3452554026306327	162.5706954131459554
 112.000000	3.4141959440778065	116.5786730334073127
 113.000000	4.4658944411073058	116.8099872837879047
 114.000000	3.8658816900498398	123.2130555773413505
 115.000000	3.7912622753509719	130.1556188918327166
 116.000000	4.1138205655626976	110.7599930552649852
 117.000000	3.9030383457814253	96.7980471001353919
 118.000000	3.5070236164591346	138.5669468753925742
 119.000000	3.8421433687642734	123.3382906284311673
 120.000000	3.3573496991453506	126.6201873867446039
 121.000000	3.4931270539912220	121.2845800157943614
 122.000000	3.4648143779616918	114.0782024366759941
 123.000000	3.2950252666266757	104.8858236765677390
 124.000000	3.4711141838987407	113.0470909507367168
 125.000000	3.7144308705841236	109.5319608548948622
 126.000000	4.0503809839867051	128.9336138619524945
 127.000000	4.7111174980948185	131.1515601625200418
 128.000000	5.8184304158776179	156.8149208857771555
 129.000000	3.5838540847272631	119.1764072698218797
 130.000000	4.3210454994265080	107.0662854416755039
 131.000000	4.1641556782253337	108.0737824096456166
 132.000000	4.1079866416401467	122.8239745141354149
 133.000000	4.0102398292499917	117.5284234790475466
 134.000000	3.6478158878046356	135.7066792416975716
 135.000000	3.3596602750069988	113.7851138281794761
 136.000000	3.0511261584027509	114.6024181560915736
 137.000000	3.6141642461599246	120.7054399500632655
 138.000000	3.3017409999708609	111.3746337178638726
 139.000000	3.5727704288181918	123.3939684284795959
 140.000000	3.1619148547862608	134.7841163007456657
 141.000000	6.1302317777729156	159.4348624758679875
 142.000000	5.8904718389760049	168.1390902810813657
 143.000000	3.4577333111008084	121.8342699971702245
 144.000000	3.6063412419544205	112.6924075958528420
 145.000000	3.4554792476941714	112.7756451882646473
 146.000000	4.1760160784651870	127.2216867038492722
 147.000000	4.0977151261082199	134.5942600219401299
 148.000000	7.7998013288594938	119.4950960405046771
 149.000000	2.9679386451710461	91.0181102007205851
 150.000000	3.8871315423939636	119.1451356241370263
 151.000000	3.4311051386677072	112.3458461098689298
 152.000000	6.3474264937609908	150.9320106301401552
 153.000000	4.7192177225321812	173.6663990766998893
 154.000000	6.2137076510293090	162.7469695902250066
 155.000000	5.3576546664965630	168.2423807158929492
 156.000000	5.7877924493605333	162.3259002727519942
 157.000000	4.2244889631894944	124.2768000145110818
 158.000000	3.9099577112536292	124.5861697429641595
 159.000000	3.5059492137518955	119.8972505922355793
 160.000000	3.5438652863869389	122.1774976498878686
 161.000000	3.5974434511299220	124.0752739913486096
 162.000000	3.9765226244674539	132.6644078609932649
 163.000000	6.0053969342494646	155.2213510433290651
 164.000000	4.1804151522292727	137.1042293724199226
 165.000000	4.5898158336981787	118.6636586340061399
 166.000000	4.9159297207131836	131.8181911405836502
 167.000000	3.5980460149522453	123.9456062500589724
 168.000000	5.0943059518899902	127.0134833660455627
 169.000000	3.6010926958131368	109.4987615213635763
 170.000000	3.9826587266824021	108.2962283845649551
 171.000000	3.6253566221061133	134.5779967285035355
 172.000000	4.1271667014712561	125.9130228155641191
 173.000000	3.1539779958193135	107.7563302558961169
 174.000000	3.9263472931143530	138.5817498108093844
 175.000000	4.7175932683350634	112.6270038010890460
 176.000000	5.9181743417720432	161.3508128771538566
 177.000000	6.2335202897638471	161.7864456018461965
 178.000000	2.7759122406544927	110.0693886232034373
 179.000000	3.4291381752806562	107.7989653566151702
 180.000000	5.6657778898689530	121.3107080341733166
 181.000000	4.1106564287550764	111.8596014962090806
 182.000000	5.6161126644826025	140.2935741748958947
 183.000000	3.4151318710004190	123.9259738284748380
 184.000000	4.2605900892566515	122.6988845839914291
 185.000000	3.1677287368096354	123.9565343413053427
 186.000000	3.5285915961904113	126.1585735658348710
 187.000000	3.6300511875030099	129.0672656807864769
 188.000000	4.4781932885630722	122.0268179220914391
 189.000000	3.8339741287413962	135.2971911162169363
 190.000000	3.9233016582000459	109.2737086015712293
 191.000000	4.1823130459030926	123.3296250406978629
 192.000000	4.0270512466180621	121.6531568036070894
 193.000000	4.5426320038443784	132.5011449166333364
 194.000000	2.8846230365964804	119.3756449845615606
 195.000000	3.4660652272465091	119.2095410593807117
 196.000000	3.3165204270885327	124.0796246289019962
 197.000000	3.9640980342029524	112.2176720049974961
 198.000000	3.1204847177679511	115.8544740160253355
 199.000000	4.0843799830954941	120.5448404644857590
 200.000000	3.3694384853875827	120.4817386879053629
 201.000000	3.4636371179928718	81.9440451347366405
 202.000000	3.6722309933021151	115.8682902799304060
 203.000000	3.8671772147294452	81.8870793281365792
 204.000000	3.6108131775647805	104.5758876060058782
 205.000000	3.3139426985596647	83.0669525038693024
 206.000000	4.0633063388793493	109.7534681217127854
 207.000000	3.2089209490656958	76.3231273748844785
 208.000000	5.3401772958235556	73.7015672882248367
 209.000000	2.9905616344347039	88.5014555684952171
 210.000000	5.3035293166248847	64.7083997852083428
 211.000000	6.4082035360731684	95.9691723391936335
 212.000000	5.7988571974257423	79.3402669310105182
 213.000000	5.2915380981856037	79.4815824493937981
 214.000000	6.1554377104216176	94.5845116482695829
 215.000000	5.6273197842200346	85.5208767963598859
 216.000000	5.9948558520417912	90.0117487244078376
 217.000000	5.9461365639501116	80.0991517044750054
 218.000000	5.7451593311664029	78.9143228623078130
 219.000000	6.1014223511047501	79.1488360762429437
 220.000000	3.1510856377108927	89.3171332377963978
 221.000000	5.9332961480429089	77.8272151258505716
 222.000000	4.9269847155832585	57.4450780143813660
 223.000000	3.5444544984779198	89.3022637607324299
 224.000000	3.7871856343511459	121.6733291364751182
 225.000000	4.5049811422098376	91.1413739148610347
 226.000000	4.5877813797235012	126.5413311663926095
 227.000000	3.5200403783918093	110.0756655522755239
 228.000000	4.4547206147491494	98.0905205094007187
 229.000000	3.9854801717324406	103.1730748840622169
 230.000000	3.5031643341996843	95.3989453635202835
 231.000000	3.2559286322158245	87.4092917921112758
 232.000000	3.5590780552212693	132.7244809168891493
 233.000000	4.3416650655429061	114.3253478584504279
 234.000000	3.9426978298962050	121.0425241147553095
 235.000000	3.8792650872161416	100.0369073830339062
 236.000000	2.9841090727048734	85.0181774183686088
 237.000000	4.0301723070093889	107.8055065390129101
 238.000000	4.8975119112554486	128.5128328195030463
 239.000000	4.6474844015253565	98.8257728622366756
 240.000000	4.6341706233320465	106.7186165010168821
 241.000000	3.3595866037045541	85.2753760359500887
 242.000000	4.9093751282558324	73.7881635582351549
 243.000000	3.4843673534621002	107.3254232419177896
 244.000000	5.4678844887897329	104.4389973434124244
 245.000000	3.8038468490398807	98.8496134057853197
 246.000000	3.1886399417395350	100.0512286745521351
 247.000000	5.2918897931630600	125.5876695661089286
 248.000000	5.0028074275388326	129.7513379682644086
 249.000000	3.5095727697450281	85.1721920486941286
 250.000000	3.1022873244018903	73.2634761219112960
 251.000000	4.6201380358705251	113.1691863501164903
 252.000000	3.9477344661619860	110.9150158555770247
 253.000000	4.5064112153509992	120.9107192109432560
 254.000000	4.4167198193473656	120.2670871671045063
 255.000000	3.7115382828379948	92.1435171065677281
 256.000000	3.5339421178600645	109.0154834545358824
 257.000000	3.8513018168595337	124.0709293631932439
 258.000000	3.7506514408245604	83.0321360924781544
 259.000000	3.3306184049485283	111.0162397382062238
 260.000000	4.4792851123416328	91.0037864502890272
 261.000000	3.6259526519212937	128.4591457514973456
 262.000000	3.7196952871593574	94.1433760361790490
 263.000000	4.6207511014942675	51.6228135103702357
 264.000000	4.9180202190168139	61.6905799576469320
 265.000000	6.4082435842005196	93.7624088676693077
 266.000000	5.7874940558947348	74.7078126522253854
 267.000000	5.9482380936161690	101.3545865911419099
 268.000000	5.9975096120046523	83.9410198384235429
 269.000000	4.1273129304424554	116.7259206810016821
 270.000000	3.8592950388355987	84.1596118860301203
 271.000000	3.8383464300459247	101.9637600820480543
 272.000000	3.9168738657326272	92.9326975203275651
 273.000000	3.9647299759396564	112.9828343908767323
 274.000000	4.0329051919604906	103.3358695609654063
 275.000000	4.2136665850444119	118.7054163028644496
 276.000000	3.7659330347015287	95.0439942088655130
 277.000000	3.3606738907121447	100.0626951839171426
 278.000000	4.2404477946251244	97.8322131501719667
 279.000000	3.3938295352707484	98.6209943202726720
 280.000000	4.2520230597830553	103.7214940589258134
 281.000000	5.4860781677516215	82.8381548609418417
 282.000000	5.5527375870146658	82.2131475846014297
 283.000000	3.3992698142263067	107.6526326059979084
 284.000000	4.3720745199450173	100.3967403306771189
 285.000000	3.9550328988419836	105.1625657693087845
 286.000000	4.5456853114517859	102.0932516662194161
 287.000000	4.9412099515357015	89.7124195333347814
 288.000000	4.3226097743970815	106.2863885132123016
 289.000000	3.8942573453440876	71.8988161558821446
 290.000000	3.7798981738005208	106.1940948220084948
 291.000000	5.8591327690216106	88.8457552983866776
 292.000000	5.7863139924802507	93.9956993379686452
 293.000000	3.5231162354372798	108.3497024506618516
 294.000000	4.2121058469906574	133.3366461832968923
 295.000000	4.2719419972426795	106.9552689079013561
 296.000000	3.3927323716491009	82.4574755040601133
 297.000000	3.8972797339550440	108.7628405746509515
 298.000000	3.9037202856597966	102.0041021573301805
 299.000000	4.1945630679696455	101.6269040694119639
 300.000000	3.6751768583512261	109.4294347961536715
 301.000000	4.0685174327246827	113.7626354624595280
 302.000000	3.7407366863837104	102.2581321180417859
 303.000000	4.2503733274773126	106.2726708902928294
 304.000000	4.5178173695468873	124.3026913420401343
 305.000000	4.2257484201732103	113.9608699425681237
 306.000000	3.7189436457581833	74.9851681257529776
 307.000000	3.6693832908301363	92.5604262569681282
 308.000000	4.6925803972696345	84.3301712042590736
 309.000000	4.7301696703262239	122.0006689437462910
 310.000000	4.2627934315149734	118.3621294155697399
 311.000000	3.8833673732554805	111.1115265792421951
 312.000000	4.3762012131820107	119.2498200646429893
 313.000000	3.7961144903188448	97.1836205188023854
 314.000000	3.7895224121020266	103.9383179634581467
 315.000000	4.3845750948582030	102.1739225495058463
 316.000000	4.9211051929829210	123.8254008576290914
 317.000000	4.3620946960886400	128.7983314271793631
 318.000000	4.1033405194936305	85.2964515148790952
 319.000000	4.1460409565847325	116.4735059124143675
 320.000000	3.3630361294885600	114.0678334418140736
 321.000000	4.4305702344265665	117.5080393582787508
 322.000000	4.2496449604016648	109.0071710103091220
 323.000000	3.8822892188344054	107.0992983533830341
 324.000000	3.8256845167589084	106.3194845716443950
 325.000000	4.5466448081963318	96.8053784650137317
 326.000000	4.6367050709449114	91.2240102722329311
 327.000000	4.2104484747027966	105.6459411375416408
 328.000000	4.9144679625960945	117.5693992841733433
 329.000000	3.6128029327197217	114.9863212228613349
 330.000000	4.3664672080328701	112.7866245755932226
 331.000000	4.5283815545239605	124.3581014578301023
 332.000000	4.0891718808507624	122.0258752870904857
 333.000000	3.9820027994223768	107.8788656161248696
 334.000000	5.3818966941704609	141.2350112003695983
 335.000000	4.4745358982477423	112.9236590498969406
 336.000000	3.6686227944055476	113.0571952676097283
 337.000000	6.3704922303673488	83.3485953389923111
 338.000000	5.2856830975678850	65.9121366417265762
 339.000000	5.8322560202398224	71.4368963860932524
 340.000000	5.9572749330296864	91.8355811187506674
 341.000000	5.5114515140997158	90.4603351032779273
 342.000000	5.8025474629938998	105.0117585572396024
 343.000000	5.4396584279019589	67.6646266063516748
 344.000000	6.1579231536163492	93.7933775314903926
 345.000000	6.0638731167159596	75.8430574072552446
 346.000000	6.0300591930813150	73.1885043683887346
 347.000000	5.2810804759978343	97.4211844641882294
 348.000000	4.0606687279678706	115.5704606715159741
 349.000000	6.2503075049354058	79.7931537690429167
 350.000000	4.4509379893119148	101.8578862597313304
 351.000000	5.4132504924017404	86.9474905904148301
 352.000000	6.0266420380481600	70.0603998082085155
 353.000000	6.2476470967276336	89.8447464989986315
 354.000000	5.2541513225903866	82.1644409811446650
 355.000000	5.1082705030186819	61.8026606310198474
 356.000000	5.5375266976992066	95.0159580783114279
 357.000000	6.1014750172661021	96.1245195884374795
 358.000000	6.0465838635634022	91.3194706860025889
 359.000000	5.2914412975429252	72.4878936321545240
 360.000000	5.3523032757117521	70.8684599028475333
 361.000000	5.6593636565205694	79.3087679948479121
 362.000000	3.0856401058113661	38.7438431596459907
 363.000000	4.9891707796360913	122.7620211645368613
 364.000000	4.8176406102724707	39.0635862378252625
 365.000000	3.1173367054470060	24.8321265048209057
 366.000000	5.5572008299136177	98.2539558848137915
 367.000000	4.3512193443932237	40.6216596501434708
 368.000000	5.1603771507679888	90.7194188467637446
 369.000000	5.7669660976929729	99.7408346299510384
 370.000000	3.5794977537652852	117.1989569373160407
 371.000000	3.3641702855139233	35.7308795890073441
 372.000000	3.7350370169235587	107.6261668626035402
 373.000000	3.5869366348736791	101.4107539390073640
 374.000000	5.4866807926496612	105.2966615611748864
 375.000000	4.0066700806081395	89.3525438925849045
 376.000000	4.3542507462000879	81.9021307622658838
 377.000000	5.4709212723238441	72.8003515567789066
 378.000000	5.8951378669442551	67.3757506606351058
 379.000000	5.7983020490387096	72.4443888839095820
 380.000000	4.7548183962581128	101.3236850353215885
 381.000000	4.0088449454439070	74.2670396804636965
 382.000000	3.9962441808768348	103.2715834560864607
 383.000000	3.9674652277858788	110.4230788762287574
 384.000000	4.1683294897810272	125.8957516365037463
 385.000000	3.7744090706250484	111.9253001806999066
 386.000000	4.6299326020650566	104.9819283253167441
 387.000000	5.4992777591690727	70.7794704453131942
 388.000000	5.8235250643777494	95.6298350254459706
 389.000000	5.5386254170683316	68.3170000552507020
 390.000000	5.6467453916067987	81.6463022409335508
 391.000000	6.3597649767745033	69.4479855634965162
 392.000000	6.1315045245347486	92.6389562103344133
 393.000000	6.0981131889679432	85.6367864070920888
 394.000000	5.4000448075857204	73.3269539483369641
 395.000000	6.2636871592683834	89.8116407573600668
 396.000000	5.8329375494298192	86.8463138799521488
 397.000000	5.9167578237361349	82.3668141442224879
 398.000000	5.6186697230929763	57.7962685723747995
 399.000000	6.1894930166230191	72.5053588415699721
 400.000000	6.5977468971886895	83.6894664987315764
 401.000000	5.4061477712230142	83.9595066591096781
 402.000000	5.5831136748092689	67.3586950630441095
 403.000000	6.1267307513412979	91.1758621584729667
 404.000000	5.6015220680318381	95.3317838449620467
 405.000000	5.8955673597388722	92.8944316443716360
 406.000000	5.4419008672314160	68.7641547465054543
 407.000000	5.3962340089786727	85.7639302259970293
 408.000000	5.4277812435351649	79.4125902472480334
 409.000000	3.8020650259456641	111.9039223428248562
 410.000000	4.5000181867213467	90.4284536787645834
 411.000000	4.0098888683003100	102.9266753010522706
 412.000000	5.8052285026590535	69.6326968137947091
 413.000000	6.2733899386589229	80.3690061877387336
 414.000000	5.2050475922061068	71.1015512098091307
 415.000000	5.9219113905766037	65.0179880252839695
 416.000000	5.3696400100941366	78.1532821957384272
 417.000000	5.6650337582707637	57.5698380290627654
 418.000000	6.4090542409052738	87.6518462461886685
 419.000000	6.0344967985833602	84.1880034366461558
 420.000000	6.3014156544854014	82.2371424463555201
 421.000000	5.4675150538821065	74.3341206915822283
 422.000000	5.3841053151018228	74.7111534935592374
 423.000000	6.1066220575697061	88.1373482275044466
 424.000000	5.9781541065167376	94.7738597895498174
 425.000000	5.7673839303143284	65.7150954222021682
 426.000000	5.2574678943310520	74.5633675430881908
 427.000000	5.4883239500982954	77.5775775500643903
 428.000000	5.4422133784381641	83.2002732818564255
 429.000000	5.3706632338020528	80.5594683790222490
 430.000000	6.3027228266388464	74.1149220490340213
 431.000000	6.4152379592369515	84.8012319086505499
 432.000000	4.8770169807933552	57.8925691319745965
 433.000000	5.8768895386387987	83.3791564904644531
 434.000000	5.8167669116568659	95.8817024281924546
 435.000000	6.1630337432412814	76.1277842568778169
 436.000000	5.4390982506559391	70.4418511389563804
 437.000000	4.1550976603982201	112.1001121491187860
 438.000000	4.3191607835631842	102.9737455801126487
 439.000000	3.2336905499633639	64.4594805962032922
 440.000000	3.7977693568750559	91.6231866826391439
 441.000000	4.5540941198047635	107.6770759748468578
 442.000000	3.8820385072959089	112.7051310822679682
 443.000000	4.1616783547521559	97.3868205034638095
 444.000000	3.9708980621100776	92.5935537058789038
 445.000000	5.7583563452039428	130.4999804944548032
 446.000000	5.0224531914826258	127.4025794422936997
 447.000000	3.7891920729026798	102.4479076475468844
 448.000000	4.0825617257118534	117.7325623926595028
 449.000000	3.3772850694515091	114.5281143431901114
 450.000000	4.3569975661300564	106.6380884977162538
 451.000000	3.6468292750998841	124.6932216766659565
 452.000000	3.6472937542127744	84.9016188689410285
 453.000000	3.7268536297842139	130.6721448623276274
 454.000000	3.8781342464098896	82.8116164826030143
 455.000000	5.1021532997070507	121.6551777054866363
 456.000000	4.2433520147196049	87.7278685882381239
 457.000000	4.2572463711835296	104.3944148673909069
 458.000000	4.2925470080033792	115.8657132801111800
 459.000000	3.8721630081102751	103.9517962576670840
 460.000000	3.7583363105250087	105.8009404861310685
 461.000000	4.3327509775154525	88.6398030981363263
 462.000000	4.2599267694640064	104.9404147094812032
 463.000000	5.7319171026807458	108.4794337880648953
 464.000000	3.6974333508848090	100.0729425308460208
 465.000000	4.8249350391073333	123.3472457013626666
 466.000000	4.1411534232537850	108.5012277741961952
 467.000000	4.6091599680214950	116.1928134505152030
 468.000000	3.9164688614049319	63.5998430619960686
 469.000000	3.8935960226724000	106.3065313468211741
 470.000000	5.0626175195943457	94.5075416729679603
 471.000000	3.8863628313474172	136.7871230746887363
 472.000000	4.3887523440089140	80.3262894386568149
 473.000000	3.9260928739954566	97.8434748788684630
 474.000000	4.2703397511395664	103.5565383539026669
 475.000000	4.2169642516858774	104.2944922634531082
 476.000000	4.3815525439025196	100.0054662101265990
 477.000000	4.3692293026772377	101.6382631833900092
 478.000000	3.6125005951893159	94.6452010061658342
 479.000000	4.1565586825999352	92.9166549371649069
 480.000000	3.7244802645485855	102.1580391497624589
 481.000000	4.3065544510732314	122.6262865075782003
 482.000000	5.3333822995235911	70.6424363282878858
 483.000000	4.6315345634465590	118.8889197113825418
 484.000000	4.7876201174907518	109.1237484250891896
 485.000000	4.1769431542780717	100.9559262068192140
 486.000000	5.2662005047824634	103.1128463818455430
 487.000000	4.6413605888440994	101.6023098194524010
 488.000000	3.9903931952554870	112.7337470666191876
 489.000000	4.6912560805370767	128.6067847111703770
 490.000000	3.1610075843700520	48.5462506557634867
 491.000000	4.0637651010225007	104.5364072384553822
 492.000000	3.8405560110265067	88.5884742109278847
 493.000000	5.1193417679817834	118.5420671527324714
 494.000000	5.0168812434404071	58.0443492033854085
 495.000000	4.8567581681433598	73.7952557365380102
 496.000000	4.1345690786078926	91.0087152317866241
 497.000000	4.2166557064937678	92.4286124782851886
 498.000000	4.6271888459561215	116.8650281570804736
 499.000000	6.3570828723809241	76.3383525742229665
 500.000000	4.5388518942250116	104.6293887537757996
 501.000000	3.9636935530177282	92.5651041279691640
 502.000000	4.0635799618294932	115.4393543251910899
 503.000000	3.7882490031757712	98.2209490214749223
 504.000000	3.7252752478362958	106.9305685486568080
 505.000000	4.2958329288118282	103.4153664859405097
 506.000000	4.5686827800311480	117.3841572024792868
 507.000000	4.6507369198336930	102.1043141653356088
 508.000000	4.0023613638309286	108.8701327533388650
 509.000000	4.4702012164887330	72.4839988540659022
 510.000000	3.5760968532702742	113.9808123198078675
 511.000000	4.0017135669844519	117.8181778103020321
 512.000000	4.4958581119226046	99.4430806008900419
 513.000000	4.1735854156593986	93.3351686895072987
 514.000000	4.1005073343434377	107.8715853529203343
 515.000000	4.3486347263308689	110.2037337209645216
 516.000000	4.0385386641112051	85.6785960041379155
 517.000000	4.1224888606609831	103.0148338904721044
 518.000000	4.3800328959092578	110.0063010230307015
 519.000000	5.0163317582248368	138.8099902305945648
 520.000000	3.7771691041930695	139.3968396259873543
 521.000000	4.4517813883652595	89.5789401040163966
 522.000000	4.4259142313133859	124.7420350804302984
 523.000000	4.5342958502454023	114.3818043758591472
 524.000000	4.1758136423760233	95.7331899613968034
 525.000000	3.7181067138150254	100.4379041483329189
 526.000000	4.1402642220345207	104.4467298442228582
 527.000000	4.6276188298153746	97.0689652248625521
 528.000000	4.4245120254935841	123.2397514594386791
 529.000000	4.1870289033133616	101.8230975287517026
 530.000000	4.4463139603413158	94.8183826583481277
 531.000000	4.2617790264558506	99.1791724661377856
 532.000000	4.4438210800711122	112.9050415238627210
 533.000000	5.1986425308121920	121.6112356481867494
 534.000000	3.6989507964328414	102.2593733485061165
 535.000000	4.4301820728867982	113.8930716642680494
 536.000000	4.9313781418908169	92.1834087357934493
 537.000000	4.2746175624691007	103.9467017954618768
 538.000000	5.5526213603490513	133.5541174080922815
 539.000000	4.4807325259784037	122.3215572986743638
 540.000000	3.7880354325768222	101.6381010952768946
 541.000000	4.4316884453675680	114.6487620496011317
 542.000000	4.8640247121375113	92.6793819851649801
 543.000000	4.8536701290286395	131.1056593447385694
 544.000000	4.2805282970604175	93.2415564361993603
 545.000000	4.4602323037762002	103.3989569686975614
 546.000000	4.3791454817297337	106.8702809705780936
 547.000000	4.2453737149955977	96.4768324162739788
 548.000000	4.4673476234443994	99.7288090371124269
 549.000000	4.2700886282942569	96.4265230510703191
 550.000000	3.5417673224108177	89.3800863690780858
 551.000000	3.9394008524361830	110.6362313720416637
 552.000000	5.2246943179307950	120.9216989477339439
 553.000000	3.5366576050000802	108.1772610583185923
 554.000000	4.3332928075986006	130.4402010985236871
 555.000000	4.5187323456709363	91.1999526106877028
 556.000000	4.7870163352704616	102.5697100387117331
 557.000000	5.1595564016999651	113.6261615531671225
 558.000000	3.6855539751408126	104.0720040828292952
 559.000000	4.2707376469065910	111.3178878405894210
 560.000000	5.6099522976945781	63.8996841642607762
 561.000000	5.3309507233164464	60.2130347898269207
 562.000000	5.7245258419268819	66.0661679271641873
 563.000000	5.2085046746790011	66.3850100824866729
 564.000000	5.2682910765049185	65.9016723607254278
 565.000000	5.5332857347440774	74.6143009787270017
 566.000000	5.5211918656218355	73.7764428291181105
 567.000000	6.1845728004954781	79.2243053611016421
 568.000000	5.8888416516793471	72.2369850650134850
 569.000000	5.6250608980324524	68.2427406449148606
 570.000000	5.8883678014965017	94.7923438944865779
 571.000000	5.4737166167031637	60.9705295056483010
 572.000000	5.8907396173115432	85.2082195703632692
 573.000000	5.2690413978468715	74.9920087286637767
 574.000000	5.9008818668399527	83.1146135776111379
 575.000000	5.6675169004869783	90.3405734379955447
 576.000000	5.6527244118146083	71.6703598354789904
 577.000000	5.9284389626144529	88.4610458307775076
 578.000000	6.0290754018391075	65.9895924495822328
 579.000000	6.0990013292664216	87.5060844430188212
 580.000000	5.9445303019190021	77.1797558881297192
 581.000000	6.3430812849836844	82.7789869768897546
 582.000000	5.5416675224072574	88.3367487457709331
 583.000000	6.1347966446847852	95.7648299149648352
 584.000000	5.8634010806740289	74.5707086103558083
 585.000000	5.3151812935113361	61.0882346183225877
 586.000000	5.5110941845171428	62.7792656101834154
 587.000000	6.2582980483372603	82.0537663453946493
 588.000000	6.4041081064396099	90.5688474664863463
 589.000000	5.5865042042153101	62.4887394475639013
 590.000000	5.4692186602385151	58.8542578980613627
 591.000000	5.8178020753077728	94.6771597285468118
 592.000000	5.8974609070897506	65.4575136834357778
 593.000000	5.4456529471873836	116.9992689742835807
 594.000000	5.3616144437824440	116.5422102333888716
 595.000000	3.5170090776192464	92.8703727233722987
 596.000000	4.2494444869971142	92.6879844627137714
 597.000000	4.7695870449585298	116.0452544283883185
 598.000000	4.9801979588756664	123.2572381796773016
 599.000000	5.8705459533434370	94.9444280407291217
 600.000000	5.3072190920651332	71.3196859630216693
 601.000000	5.9805768435659941	93.9277371928470188
 602.000000	6.7557732103534134	86.7089531861993663
 603.000000	5.7435120167690323	71.8014520517874217
 604.000000	5.2985450857008232	63.2120473082719201
 605.000000	6.0764411053307690	97.6425211048900792
 606.000000	5.8542580086727840	69.1240377902083765
 607.000000	5.5998394646442504	96.1711812529764245
 608.000000	5.9383436875030418	80.0832309394936033
 609.000000	5.5549082670523804	63.4659047291131913
 610.000000	5.2751154098655686	78.8358704156183592
 611.000000	5.5780538954911156	67.8460229592383115
 612.000000	6.3836701271200633	81.4603049648998763
 613.000000	5.2874301533863957	94.0388538933393789
 614.000000	6.0944033912448958	83.5205240775209177
 615.000000	4.4773348020344788	99.6233937933341025
 616.000000	3.8286812451137822	115.2083342596490212
 617.000000	5.2113691711376138	69.6779127960508902
 618.000000	4.2074637374225672	101.8352883856518218
 619.000000	5.5315128891021121	69.6704890461808333
 620.000000	6.6477631259461516	90.3065806119067815
 621.000000	6.0521350021383933	62.5419314471803176
 622.000000	5.8026007898718657	68.4689920925215887
 623.000000	4.6158091561332242	84.8364330970801319
 624.000000	3.5950732275315822	118.9111690953088782
 625.000000	4.9827049729246218	104.8609280727310704
 626.000000	4.7887215896794952	93.8809869718354122
 627.000000	5.0740655392193430	100.9002206494944005
 628.000000	4.6836213729360079	125.4505102222376252
 629.000000	5.0141423813620527	117.5256990261412113
 630.000000	5.4612418669407576	151.7433870591349319
 631.000000	5.9792761625143545	160.3071207661551512
 632.000000	5.9667526853654147	164.8893675691581677
 633.000000	4.6002510974235760	143.1771729173054268
 634.000000	4.5355337264648643	140.7681916222478833
 635.000000	4.0303817482502913	97.3327244335802959
 636.000000	5.0384068866569143	130.2875786641430977
 637.000000	3.9605558446527946	124.3596388321794564
 638.000000	4.0940911912640363	124.2900207881206001
 639.000000	5.2697820512700186	136.1076293782420521
 640.000000	4.2637509492104835	122.4749874334374908
 641.000000	4.5487585435444124	122.3671404600790424
 642.000000	4.4208103427516390	129.3358875051613381
 643.000000	4.5987055344529297	135.8283402770650810
 644.000000	4.4231853824084082	127.6362977638729035
 645.000000	3.9114057170494347	125.3037623211924085
 646.000000	4.1779277992220196	118.3195294956507837
 647.000000	4.6355333008890272	122.7963295489448967
 648.000000	4.2778883793273961	127.0640670006934130
 649.000000	4.2064901911220982	144.9473638836764451
 650.000000	4.4960807945633761	116.0030173038907151
 651.000000	4.6138398941748200	121.6610378991736638
 652.000000	4.1303033190108875	146.4104051878379096
 653.000000	4.6123411015704301	128.1981943569155646
 654.000000	4.9995943217181793	126.2313527790060590
 655.000000	4.6673857233905949	131.0891360072936891
 656.000000	4.9569454071740298	114.8777814742887244
 657.000000	5.7359776146635051	129.3558605578393781
 658.000000	5.7129636124622358	153.1922708868694372
 659.000000	5.2137105420733167	160.9340399767265239
 660.000000	5.3570994430116832	169.9112179989743652
 661.000000	5.9817210148168600	165.2778153353451387
 662.000000	5.2467657233466980	162.7396377761721453
 663.000000	6.5038682395871614	160.0557871181567009
 664.000000	5.7682907904711449	168.5032337728659968
 665.000000	5.8309082826511078	165.9054400093419588
 666.000000	3.5135395859674774	136.1536694603769035
 667.000000	4.8399326691629661	142.4499225620355674
 668.000000	5.6253111924244061	177.8795924585400883
 669.000000	5.8977621431457212	175.0558208140275553
 670.000000	6.0949295943477875	157.9172396979340647
 671.000000	4.7041788057694358	137.0957104865243537
 672.000000	4.8338074534743818	121.7219319231559211
 673.000000	5.1852541707900297	168.1986638181968772
 674.000000	5.1445546121422705	173.6383058239176194
 675.000000	4.1455250277762206	128.3884246684076516
 676.000000	4.3699269372644176	117.5073912624160926
 677.000000	4.3910392895415926	129.2295661099890651
 678.000000	4.2778510359584461	123.4148461927667313
 679.000000	3.8084458995100556	132.1120293694124825
 680.000000	4.2169737580441220	139.5909595978041580
 681.000000	4.0068133464978377	125.2209694490359482
 682.000000	4.2085916267987846	136.8954972500698091
 683.000000	4.8306005157848837	131.9293327564701030
 684.000000	4.3822244633595808	115.9848460376822459
 685.000000	5.2732481007014274	132.9195588574467592
 686.000000	4.4459251223800731	115.0190843397922151
 687.000000	3.4894167188244287	124.0527027164676355
 688.000000	3.9374763685001852	125.8804685485016819
 689.000000	4.1472509253394163	132.4748959568573810
 690.000000	4.2963518325179129	137.9416016157520630
 691.000000	3.4061909260396757	115.8928269365962933
 692.000000	3.7890946773890883	129.2363094967490724
 693.000000	4.2591598514791045	137.1858713403514400
 694.000000	4.2746555845904348	118.9970532660184404
 695.000000	4.2553240194480173	119.4563294586322826
 696.000000	4.6582881143506034	123.2743529672799241
 697.000000	4.0949626663824219	123.5105631615364814
 698.000000	3.9408686434634901	127.2194239502331072
 699.000000	4.5369947559186929	137.9896790573125145
 700.000000	3.9298662578959456	148.1862836669056094
 701.000000	3.9480569426012608	137.3382046702057266
 702.000000	4.2815555167000241	115.0920731656868696
 703.000000	4.9311535719786859	123.2077432127830718
 704.000000	3.5988889781125275	142.6826933684788230
 705.000000	5.7073130191456087	169.4034679275935957
 706.000000	5.6942587983968940	167.3467096459002050
 707.000000	5.5259218534453547	171.1168159000071114
 708.000000	5.4203322405756014	164.2023302005974585
 709.000000	5.4720751031396393	163.6689300272716991
 710.000000	5.7909847365572080	155.4694559865491783
 711.000000	5.7030775760523049	175.7410502350109596
 712.000000	5.9358129746453647	155.3407640698019634
 713.000000	5.7020252665967073	159.4472908011539118
 714.000000	5.5356039726698496	174.9612677041062909
 715.000000	5.8228004905161272	162.7975874786947372
 716.000000	5.6604709272530949	165.3024247630851562
 717.000000	5.8981381802073516	78.8577705555015882
 718.000000	5.7566359099967119	71.8281731659793934
 719.000000	5.8380941675951368	66.5663718723400137
 720.000000	5.5014811043109599	61.3078164734492930
 721.000000	5.5885389091683368	72.4050263675684818
 722.000000	6.2871388079978345	81.7380517754560714
 723.000000	6.6634645108603392	88.4081380029700341
 724.000000	6.0215732937123674	89.8155191814684315
 725.000000	5.2773007667747365	66.7693828373775347
 726.000000	5.3002265256838577	171.9192735330613289
 727.000000	6.2187717148842800	158.3242883861608163
 728.000000	6.4726941974389511	168.6640339770189883
 729.000000	5.7780882551250130	149.7872130375233439
 730.000000	5.8204433836959177	145.5830122756611047
 731.000000	5.5603257803918265	161.8919282871393364
 732.000000	5.8918628258019767	173.8740532695683783
 733.000000	5.5652065864380953	172.6473141739507753
 734.000000	5.8928264140732933	155.6475518498286590
 735.000000	5.9499517348546735	161.7586678956308219
 736.000000	5.9877275703599766	146.9360566584840342
 737.000000	5.9195201196413363	147.1224353696656522
 738.000000	4.3468727550293815	132.2106680255244839
 739.000000	4.1270365608435711	134.1370615297269069
 740.000000	5.4636482151962324	115.3745237144262177
 741.000000	4.1736042196792162	153.4384325540797818
 742.000000	3.9400864329474672	149.3628768089526204
 743.000000	3.8467159286282171	106.2955423448667744
 744.000000	4.2178770791060307	133.1063993214295920
 745.000000	4.0289131738537431	131.4112469361664068
 746.000000	3.7964391129243120	118.3356589254225071
 747.000000	4.7521376644586493	110.6530987921065616
 748.000000	3.8884220836190337	116.0939273318105336
 749.000000	3.5557097645178568	132.6098608254833948
 750.000000	4.1834875507776115	129.7568020187657112
 751.000000	3.9866079341771408	130.4342836951937841
 752.000000	3.4652941740437528	156.5317028988337711
 753.000000	4.4690381283424898	141.1768343993932717
 754.000000	4.1718103043608110	134.8013503400610489
 755.000000	4.1395470555395946	135.3033659183885504
 756.000000	5.0350335549578951	116.0763153837031041
 757.000000	5.3541484384695748	130.8336819414525678
 758.000000	4.0862784406809718	124.5239370927224627
 759.000000	4.5818047033233551	120.1444867524965048
 760.000000	4.4141817353690724	116.8489484025736260
 761.000000	4.8011372567152035	130.2876129393811198
 762.000000	4.1115173013813386	130.4614956518585984
 763.000000	3.9698102072535772	129.8088473954813082
 764.000000	4.3774029214717940	131.1426870944219445
 765.000000	4.2714380251525101	131.4413275877146532
 766.000000	3.4362087035153555	149.3072511753981644
 767.000000	3.7579146869030824	119.5563776671868368
 768.000000	4.2581120217807680	119.0345021453378394
 769.000000	4.5950037514464723	133.7154264549835716
 770.000000	4.7822045450715374	139.2082345173828912
 771.000000	5.0958781444973384	125.2676715194697010
 772.000000	4.1387264149404785	118.7073838879173024
 773.000000	4.4031261648424014	115.0425116367408407
 774.000000	4.1574653535784387	117.3812577801457167
 775.000000	4.3471842365831916	114.1360154269786875
 776.000000	3.8199895409772600	125.9879994179037936
 777.000000	3.7853149026253354	123.2795148368277864
 778.000000	3.4063138544620437	119.6964994994839202
 779.000000	4.5828386956587925	119.7769832278464861
 780.000000	4.5368561668281293	115.3090314034037647
 781.000000	4.1188650914020579	127.9267692485987027
 782.000000	4.3820989906638772	116.4941294777529635
 783.000000	3.8874833702256035	139.4322405062242751
 784.000000	4.4949914941768778	117.2324761856724962
 785.000000	4.6685977332889443	129.2337166695813835
 786.000000	4.3968102668241400	138.0814461960573567
 787.000000	4.1281147822260325	128.8668987793049610
 788.000000	4.2017153799415734	137.5000233114608363
 789.000000	3.8174711170435902	126.0293730577733129
 790.000000	4.6430009449678273	136.6064224990609546
 791.000000	4.3950184610605909	116.0324552788738970
 792.000000	4.0773269548343283	127.6493931899256467
 793.000000	3.7076427379420593	110.0155919094354147
 794.000000	4.3778833302228133	135.3808187234438378
 795.000000	4.9642175204324746	117.2660542552666669
 796.000000	3.9795889256326058	125.4839973136358822
 797.000000	3.9475330527825703	124.6359722268741450
 798.000000	5.5723334051991715	133.4843924024671082
 799.000000	4.2950801609017484	132.7295693799410685
 800.000000	5.5976640843534549	177.0813044022683869
 801.000000	4.1389857859837731	120.6209452057059224
 802.000000	4.2308120925199031	138.9628986066520611
 803.000000	3.7185857475837518	154.7143855747314376
 804.000000	3.9960654183303461	134.2304674840606822
 805.000000	4.6372322530971752	121.4033651900109021
 806.000000	4.2637191038962996	123.3469843152930991
 807.000000	4.2456784523555822	124.6441127158538791
 808.000000	3.8235240622731741	129.4707722227708757
 809.000000	4.3550729292869903	133.0855837208918899
 810.000000	4.0654139705521768	151.6962694485814040
 811.000000	4.6008614622063426	126.1159632891228313
 812.000000	5.3084482902186680	130.3298090727371914
 813.000000	3.9727389062498486	128.9892675974539600
 814.000000	4.2408232122134546	124.6873629367995306
 815.000000	4.4333223326191034	111.8468656430105881
 816.000000	3.9281460520942595	133.7500499878452160
 817.000000	4.4972041272035206	127.3736232355043683
 818.000000	3.6390573627735465	146.1957958124816628
 819.000000	4.2670890695191686	119.0755719931921846
 820.000000	4.1962284425505816	125.6440703862292310
 821.000000	4.3044077478683498	128.4400328471505759
 822.000000	5.2121784015826398	119.1328241823182452
 823.000000	6.0256656372951376	169.6266658672525978
 824.000000	4.1933320999086119	132.7083388910592134
 825.000000	4.2478295483839581	135.0136877314884316
 826.000000	3.9677387695370929	114.9654032108826698
 827.000000	4.0473980888286434	137.6012646458286497
 828.000000	5.1688295163626048	179.5611003488367601
 829.000000	6.1152110655229723	165.6744720784640776
 830.000000	6.2154228963326261	159.1053755268973191
 831.000000	3.8557347505981121	130.1685995379859833
 832.000000	3.8215719830426922	129.5758100942902615
 833.000000	4.0117840972682774	131.7819704670633314
 834.000000	4.8702981072589511	134.0184270214629976
 835.000000	5.8827788333427211	140.2786434757969118
 836.000000	4.4940244148867974	147.6134639935002610
 837.000000	4.7655461839791338	156.4635400973255912
 838.000000	6.2855050969605974	162.5279759232337256
 839.000000	5.5871018520516360	179.1312649687396004
 840.000000	4.4976942675050964	122.1991150853307317
 841.000000	4.9713195803707544	134.2576808413057847
 842.000000	4.5844011454073463	115.7598887492859916
 843.000000	4.8928950231546633	119.3650627783114544
 844.000000	4.3202170779639468	124.4112563954636244
 845.000000	5.4155973474823371	150.4846037863339632
 846.000000	4.8077683452107447	134.7496145745732576
 847.000000	4.2361802296061120	104.4163675877001367
 848.000000	4.9514888966386339	136.1516004063271339
 849.000000	4.1672239783697478	112.7883386464887252
 850.000000	4.9991947213296575	134.0727731693049805
 851.000000	4.5482911538616033	132.6876601463058307
 852.000000	4.1249795270827896	123.6148694971763291
 853.000000	4.1444670910778934	92.7252024106153669
 854.000000	4.5580151751521480	130.9211887981680320
 855.000000	4.2593411697919343	130.1490757353875267
 856.000000	3.5100097646424375	119.1018698606139310
 857.000000	4.1331613445581503	122.6702643347954194
 858.000000	4.2742803904170330	128.0706593875425483
 859.000000	4.6025676941065026	126.5678590162434034
 860.000000	4.2386530478633526	144.4646192505552165
 861.000000	3.8879231817312592	128.0056083602204353
 862.000000	4.6448366295034846	119.9956894131737926
 863.000000	4.7134170098100423	130.5020322712057634
 864.000000	3.6569005650106461	113.3846174159926932
 865.000000	3.5967503307586139	138.0641614936498343
 866.000000	3.7774439830197175	115.4810785353216289
 867.000000	3.6654245471855140	132.8366265835082629
 868.000000	4.5115766023361594	122.9807685846992342
 869.000000	4.2002316528532360	130.0753714157733043
 870.000000	4.2263845146613903	139.0635208869947519
 871.000000	4.6738870678624442	129.8060919154281692
 872.000000	4.4054069910227884	119.6886519161593299
 873.000000	4.5173945685712296	115.8796962035824123
 874.000000	4.5553564006090168	136.8193941358774453
 875.000000	5.4269884612356334	127.2674232327060793
 876.000000	4.3866749509105372	121.4432640716767509
 877.000000	4.8270055622776686	126.3385873061678240
 878.000000	5.5672872891491201	164.4644778885040353
 879.000000	5.4279600470063958	171.0776127211361484
 880.000000	6.0247316467914276	158.6999450414668615
 881.000000	6.2688212883957641	148.6861422722512884
 882.000000	5.3483334835185241	167.6673374751868266
 883.000000	5.6772827476818293	170.7717053016466480
 884.000000	6.0992624283397561	157.2177904345168145
 885.000000	5.9730191121110918	175.7606885014523641
 886.000000	6.2363609301940137	162.6177908158789762
 887.000000	5.7765776997624743	165.4431898325090629
 888.000000	6.1008114825077273	152.5501091596788115
 889.000000	5.4928940673494075	173.5732649340132525
 890.000000	6.5808923149455945	159.6339735379583828
 891.000000	5.6734816296566075	164.2431530944020324
 892.000000	6.3730674378371743	153.8987829601845760
 893.000000	5.7125383196434951	163.2818455574609402
 894.000000	5.9495114032771736	159.2854855642876259
 895.000000	5.1051493655588418	164.8621386863616749
 896.000000	6.2494777752801500	158.8718984498128179
 897.000000	6.2199821792653180	163.7190146288879475
 898.000000	5.7748637224682273	158.6441729744080078
 899.000000	6.1332370918942569	161.0661476627278432
 900.000000	5.0197349538102092	173.0776129707495556
 901.000000	4.7896368430515821	155.5063623970522428
 902.000000	5.9077322143725590	159.7610964658784667
 903.000000	5.4416505112786764	177.3920711066278386
 904.000000	5.1035109896992283	167.1807078082226212
 905.000000	6.3497050904600174	166.8441237862538458
 906.000000	5.2905009055857821	169.9117696542816702
 907.000000	5.8621387450390046	157.9135767685109499
 908.000000	6.1440582617978521	165.6071624722595459
 909.000000	6.0350930323986169	158.8031394117714967
 910.000000	5.3328440751223294	177.0717455991488976
 911.000000	6.4995582511123420	154.5253072154197866
 912.000000	5.3143705721962080	167.6670056033385663
 913.000000	6.1756594053842280	163.3552572057045040
 914.000000	6.0747133584317421	170.5599266684778001
 915.000000	5.0552525996614124	175.8165067275929232
 916.000000	5.8938536564922872	161.8142439797487953
 917.000000	6.0212542212787579	174.8877531543445798
 918.000000	5.6975776091796515	156.4507446309350200
 919.000000	5.4905060836094384	166.8439028986004757
 920.000000	5.3403445826143239	148.0441823503482794
 921.000000	5.9775450151293361	172.3002419925095978
 922.000000	5.6358803483873663	164.9905312543569664
 923.000000	6.1939325970656736	155.7356100114494950
 924.000000	5.7653275451011998	165.1142639281011952
 925.000000	5.8052999261320144	147.4802150766087152
 926.000000	6.3524557219538469	161.6500197530261858
 927.000000	5.6698890402851010	140.6590637048631152
 928.000000	5.8647997198911330	160.1837368260296728
 929.000000	5.4060429007562103	170.8875916527555034
 930.000000	5.4085238546855461	146.4399699767261893
 931.000000	5.5782311521955110	160.5044491174724328
 932.000000	5.5984177871743137	176.7750579717432515
 933.000000	5.9869127957009907	153.7556065981665370
 934.000000	5.3735086278422237	174.1793312617649576
 935.000000	5.8859581986767546	157.4702540663508614
 936.000000	5.6457701450992372	153.7164888774628366
 937.000000	5.7910001997647775	170.9485896164506755
 938.000000	5.5863954971623331	167.7070393648663753
 939.000000	6.1739280801118195	158.0964795019442306
 940.000000	4.9959712179415376	174.5354971593810092
 941.000000	5.4511640804568158	157.4891794556165223
 942.000000	5.6445884073607466	158.2903216818836825
 943.000000	5.6265289314912561	166.0728072729372968
 944.000000	5.8031218193957343	148.3786306394672465
 945.000000	5.9267502692893625	156.3699993170884852
 946.000000	5.8992046390711623	154.1101938312741595
 947.000000	6.2593652028502262	159.8725431484222952
 948.000000	6.1040331189264974	153.0957083846972182
 949.000000	5.6865976714446207	154.6834678931986105
 950.000000	6.0883186588632121	156.6148662413050943
 951.000000	4.8036321248050387	168.5523617861671255
 952.000000	5.8851843883594253	150.0668212417712652
 953.000000	6.1026002039603897	154.2041276437917077
 954.000000	6.0797259392974849	157.2448134983847581
 955.000000	6.0505103983556765	154.3354910233612429
 956.000000	4.2281378658739550	131.0250656748164033
 957.000000	3.9488309471775991	111.9258657087678728
 958.000000	3.6273050158858040	136.0049381448476993
 959.000000	4.2605218151005069	120.1658226454085252
 960.000000	4.1679184530744795	119.6105885482059819
 961.000000	3.8777655507594084	131.3887567648582149
 962.000000	4.3087131265023908	128.3567121008378535
 963.000000	4.0819799583502583	111.1427168048534497
 964.000000	3.8907732186689699	123.4103611629287940
 965.000000	4.0508857333841446	121.4081143783399739
 966.000000	4.1729553755516609	134.2142040763376656
 967.000000	3.3287430794321189	153.1951847203152681
 968.000000	3.8545738561735465	132.7215036430609416
 969.000000	4.4936480710144613	117.2000639729901366
 970.000000	4.4563074333780897	111.3979810599166171
 971.000000	4.6834020877322695	125.2297834379690329
 972.000000	3.7870120105539691	131.8754305908484241
 973.000000	4.2205261826292633	141.7123691935474312
 974.000000	4.1761806171287219	120.9310302914317674
 975.000000	4.2031984557024744	123.2677351629090197
 976.000000	4.7644280925085214	134.8807759216516615
 977.000000	4.4763617401168849	118.8174355290227595
 978.000000	4.3203467127260140	129.3863785533260682
 979.000000	4.4543301303148279	132.4763502059089433
 980.000000	4.5153328645934394	128.0912432097579767
 981.000000	5.5992863754407391	136.2906687980843401
 982.000000	4.4826136157104308	122.7422256292457234
 983.000000	4.3674816340532860	109.4278493240958312
 984.000000	4.4159184977270041	126.7512923922968753
 985.000000	5.6348198084299499	174.6671859392451438
 986.000000	5.1851354861917720	163.1040029387309005
 987.000000	4.7286814836038769	132.2425059085962573
 988.000000	4.4840976098166321	144.8959782090679766
 989.000000	4.4362078476762816	117.3823260997907880
 990.000000	3.7356288725369766	120.0207779808087309
 991.000000	4.4613657608807538	119.9311850690658900
 992.000000	4.4683706971407773	145.1666414517713406
 993.000000	4.3112563921961664	131.0063125283475642
 994.000000	4.4300902031138278	147.2065247657299665
 995.000000	4.4167376097445761	132.7446071838834314
 996.000000	4.1624044758793399	138.4414680656477969
 997.000000	4.2242825457386495	118.4698975938576382
 998.000000	4.3754822250258645	126.2102091527699770
 999.000000	4.3073048804167247	146.1534135546614834
 1000.000000	3.4506904964545737	124.8770002339179968
 1001.000000	4.5512855661513294	125.8911965557152541
 1002.000000	4.2432476985707615	134.1129540124061350
 1003.000000	4.1875728056540060	127.2173257765633423
 1004.000000	4.2332953359205838	130.3957231485222792
 1005.000000	4.3870516739887586	125.6325573788148802
 1006.000000	4.1511835373633517	126.3937470198404469
 1007.000000	3.9192059648991093	144.5045783927454579
 1008.000000	3.9286155268315328	127.3550873458700039
 1009.000000	4.4098075527269067	135.8750873941609711
 1010.000000	4.3199878034218981	110.8061097809545856
 1011.000000	4.0395615025415488	140.1083746073516636
 1012.000000	4.7362422707015881	122.4776283006273871
 1013.000000	4.3981184159038289	127.2441406026622417
 1014.000000	4.2574962151400380	132.7755538342200339
 1015.000000	4.4435710387079475	126.3706652956839775
 1016.000000	4.0222094193404105	140.6481201539779704
 1017.000000	3.9796005938675925	137.1593860366730269
 1018.000000	4.1799385844215289	116.3391257103305350
 1019.000000	3.7791547805874601	139.9124611463005863
 1020.000000	4.3234156473765006	129.3458295329360794
 1021.000000	4.2597674670219980	113.8728193029272546
 1022.000000	3.6676678095205490	123.0530351836177658
 1023.000000	4.4027706366335622	118.2220377808763772
 1024.000000	3.6804985593668040	134.8530271941397132
 1025.000000	3.7033321226337903	137.8438704123748551
 1026.000000	4.7516244113171604	131.5179355607788807
 1027.000000	4.2966623383919869	131.6823940406865177
 1028.000000	3.9996580469032770	131.9680308561020183
 1029.000000	3.8601529477301568	125.5408156253847096
 1030.000000	4.4478194251151972	127.3964111355218449
 1031.000000	4.6829579570234978	130.8490104411892503
 1032.000000	4.9004455293281834	116.8776916771074923
 1033.000000	4.5203473012026363	104.3147721565722890
 1034.000000	4.7751117261895111	140.8760052115504777
 1035.000000	4.4673818953542002	128.9653819835691024
 1036.000000	3.9258002642456962	143.0771376200707437
 1037.000000	5.1389664070886667	122.0961947032078285
 1038.000000	5.7396456160237230	161.9273344624827189
 1039.000000	5.7590960870877641	157.0732432269454648
 1040.000000	5.5233458107327218	170.8417434413683225
 1041.000000	5.5658592897908541	159.0259727622722608
 1042.000000	5.5492141161131601	165.4647727156383610
 1043.000000	5.5786678411408079	150.3361923114049716
 1044.000000	5.6541389727274733	159.2855920508093277
 1045.000000	5.6103446895258307	173.3462476339593366
 1046.000000	5.7326010108591463	165.3866542845403842
 1047.000000	5.1452050924834065	176.7640218237010288
 1048.000000	6.0048883994020175	158.8524037925828054
 1049.000000	6.3252735541536333	164.6500941751237690
 1050.000000	6.1734004743471873	153.1591199923933289
 1051.000000	5.6946553299956673	148.1258895470608934
 1052.000000	5.9666988859939813	157.6606681288091352
 1053.000000	5.6202450125790380	157.6896266151726422
 1054.000000	5.4784313769692297	169.8503005864467355
 1055.000000	5.5551381246270592	166.4393359252445634
 1056.000000	5.8724269557486748	160.6069693085696883
 1057.000000	5.7924130272697596	170.6029153167622781
 1058.000000	5.5279806665540709	174.7839603292717641
 1059.000000	5.9900344112777661	165.8906428757274796
 1060.000000	6.3066491110980083	173.7692665571528039
 1061.000000	6.1232403875931993	162.6087255876300333
 1062.000000	5.8575062836954022	159.2553597014972979
 1063.000000	6.2784354693739193	167.6458471254649396
 1064.000000	6.0093576622183349	157.1104583625255202
 1065.000000	5.9513077896356839	167.7961777748068926
 1066.000000	5.9404090128588862	170.8571876421599427
 1067.000000	4.7543302586238410	161.2597224298319531
 1068.000000	6.1052806642083608	160.4326506633296106
 1069.000000	5.5708934021696299	170.3706939364908237
 1070.000000	5.2991141413535576	175.8586209294639673
 1071.000000	5.3355039693837973	165.4065942316786675
 1072.000000	6.1701014442418076	159.0226478894063007
 1073.000000	6.0301123144658577	158.7753062196798339
 1074.000000	5.6502941383207839	165.9826361359108944
 1075.000000	6.0428379956262894	152.7209200043685939
 1076.000000	5.6287764602043371	162.3926915181250195
 1077.000000	4.0220433666448354	115.7333741985213180
 1078.000000	5.8514195315221826	163.1438761765450067
 1079.000000	5.3398910257473604	178.2049444345500149
 1080.000000	6.2487522867817598	161.2185764391676628
 1081.000000	5.4524337208134472	165.9172081476035032
 1082.000000	5.4641025730283115	154.4117033660907055
 1083.000000	5.5505140657749621	175.6229025062827418
 1084.000000	5.7663131315804455	155.3031325793622273
 1085.000000	6.0429657869104139	160.7358406904021990
 1086.000000	5.8427600968419533	158.5295854361960437
 1087.000000	5.7006306882000386	161.9083004749943484
 1088.000000	5.6529747247429141	174.0810691124038954
 1089.000000	6.1509621768229898	161.4130000034215868
 1090.000000	4.9033315765570427	121.6408396987008871
 1091.000000	4.9982033637945822	126.7883965257339014
 1092.000000	4.3205915766371854	126.9022421170593731
 1093.000000	4.1740532328021978	124.4276891260970359
 1094.000000	4.7732097406306471	135.3901534514764649
 1095.000000	4.0683884457744064	131.2326296850870335
 1096.000000	4.4091239220392353	140.5822064925148993
 1097.000000	4.8128872709772654	124.1482597055485826
 1098.000000	3.9782069918579617	137.0848387290299968
 1099.000000	4.5508846267991654	126.8172597905827388
 1100.000000	3.6528184291938617	107.0877897439019648
 1101.000000	3.6614158056870965	111.2134851360379457
 1102.000000	4.1422719302841298	147.8576715918164837
 1103.000000	3.7116386360014859	117.7597671300935360
 1104.000000	3.7882168265613276	135.5608833487453353
 1105.000000	3.8934826389019159	115.8563020667123027
 1106.000000	6.0808184943972785	147.4512923834028015
 1107.000000	5.8795680103342765	163.8864822820792710
 1108.000000	5.5836795776883275	178.4328083629156652
 1109.000000	5.8814841241303428	153.4662489473674327
 1110.000000	5.7569906812442033	164.4139985065102394
 1111.000000	5.0371324554060353	163.5732443031283481
 1112.000000	5.3882294668047814	175.1066312438171906
 1113.000000	3.5482804574469031	133.5597327461898942
 1114.000000	3.7366146000081417	129.2316373138199026
 1115.000000	3.8755496207051419	125.3591471280001031
 1116.000000	3.5362559579684865	142.4650644539101449
 1117.000000	4.8201398766219068	127.1173835953494802
 1118.000000	3.9084670270130499	126.7319706795805274
 1119.000000	4.1515490505741992	128.0093500492205862
 1120.000000	4.1567105369145976	106.5682170833918292
 1121.000000	4.2348533834200142	148.9207708130600736
 1122.000000	5.0139782804369872	127.2103302921025545
 1123.000000	3.7855495708519933	141.4170980458232805
 1124.000000	3.8242474401328508	141.8017998759884506
 1125.000000	4.5672713458534444	123.9357865374861092
 1126.000000	4.4877741561384505	134.0060803972786800
 1127.000000	4.8922701334444749	143.9214381994533767
 1128.000000	3.8788153873126268	139.2352866039175012
 1129.000000	3.7939958285332009	148.7076577800993959
 1130.000000	3.9992974378692630	126.9097325430195724
 1131.000000	4.5186270135027513	132.5970316982094630
 1132.000000	4.3467307364195547	134.1809326109951712
 1133.000000	3.6278815554879560	143.3722460378087078
 1134.000000	4.5119209357477841	135.0084038648574278
 1135.000000	4.1660323553612786	137.7845339514277896
 1136.000000	4.5264028334934805	135.9756483245361949
 1137.000000	5.5487370607624342	168.5657114117763342
 1138.000000	6.3147291616067260	157.0964959083555073
 1139.000000	6.0365557851649623	161.7297621542761874
 1140.000000	5.7432772277340218	168.8166181583952437
 1141.000000	5.2002708748852342	174.0749275677945320
 1142.000000	5.8896967843878310	170.3898519635111484
 1143.000000	5.6664446474536438	166.9580324069864332
 1144.000000	5.5700219830255389	178.1647256450493728
 1145.000000	5.6150695017456167	173.0051352758003134
 1146.000000	5.9356897418153824	155.8277878598149471
 1147.000000	5.2788322171515940	176.5677934258895903
 1148.000000	5.1463543978903932	169.9251528171919574
 1149.000000	5.2288571234295897	173.9306842230732286
 1150.000000	6.2351308673902333	155.6975898539581351
 1151.000000	5.2357092712448710	165.9145687223145558
 1152.000000	5.6586545312716670	151.5030905531504573
 1153.000000	5.6847789827874742	152.5241229847640625
 1154.000000	6.0398470274785439	157.3322521805908139
 1155.000000	5.8494836420908429	154.9858817012100189
 1156.000000	5.9508245925114034	161.1979817035056897
 1157.000000	5.2541904277382656	166.3001895133108974
 1158.000000	5.4354118177332271	170.5193522373734822
 1159.000000	5.8397169959574571	166.4626638619710661
 1160.000000	6.0353711490328559	154.7609000194152031
 1161.000000	5.4947948956827597	157.2564900402285275
 1162.000000	4.4503161715245438	122.6335413488521340
 1163.000000	4.3035276576668018	133.3735511454563323
 1164.000000	5.5252905644452355	129.6952614927383252
 1165.000000	5.4558408703386938	132.4970662893822748
 1166.000000	5.2495522444761136	121.9981035799744262
 1167.000000	4.6529483030990431	123.1489235371754063
 1168.000000	3.9304756420425981	141.3572590645620721
 1169.000000	6.1012605698491935	151.4960713890097281
 1170.000000	5.4314320235676945	154.5407636513365901
 1171.000000	5.9993068525573809	156.3665181424934190
 1172.000000	6.0859793605297643	155.8251778402909906
 1173.000000	5.7155270977546921	170.5867644220467128
 1174.000000	5.3034428833833429	167.1300264840458851
 1175.000000	5.5071625551102432	166.3499799435178375
 1176.000000	5.6221205690466807	177.7567617374085387
 1177.000000	6.2700372077870217	166.5040709948537483
 1178.000000	6.0380108384952420	164.8614636136979072
 1179.000000	5.3629571206877289	171.5336754294311277
 1180.000000	4.9759749905886599	176.7893726561805749
 1181.000000	5.4863686180121132	171.2982164245216552
 1182.000000	6.1263810074795799	173.8358278091200191
 1183.000000	4.2360286863128618	128.2647876584908602
 1184.000000	3.7021047714025981	127.1050725098876057
 1185.000000	3.9581043543089791	125.0467246247888795
 1186.000000	3.7715806291989384	123.8999914153496889
 1187.000000	4.0123494034286304	149.9119598655697132
 1188.000000	4.0920904646985123	132.2671688277613953
 1189.000000	4.4413420694204166	112.1573595534692913
 1190.000000	4.1866271620150330	130.6282394966131051
 1191.000000	3.5782637868838889	133.1414674926253099
 1192.000000	3.3796075798870211	113.9885883553601786
 1193.000000	3.6310152699412281	145.7043541801976971
 1194.000000	3.7464397833024075	119.4526111839990676
 1195.000000	3.6042189270238332	148.8223598368332716
 1196.000000	4.4330656250475835	118.0790472081646953
 1197.000000	4.5198398053338860	132.2129681646767381
 1198.000000	4.1534617105042368	100.1543399200759268
 1199.000000	3.9991532564361045	121.7935715899151035
 1200.000000	5.7711166047701994	172.6028685821008253
 1201.000000	6.2140987230590836	153.3511513690703225
 1202.000000	5.6648567289335992	155.7345365214445962
 1203.000000	5.8218023279770748	149.3612895435841210
 1204.000000	5.6253661491508566	156.3718248596799185
 1205.000000	6.2118788549120669	156.3204078596532440
 1206.000000	5.9412916021817628	149.5630514745863024
 1207.000000	5.5516141034709063	163.7141301125240034
 1208.000000	5.7863962737304950	156.6551143776939625
 1209.000000	5.9838330864655029	171.9205680787812867
 1210.000000	6.1918489182471488	159.6440097140200578
 1211.000000	5.9470479199843354	162.8978923941425023
 1212.000000	5.6626252071259158	168.5721431270216044
 1213.000000	6.0839003291843152	165.7629324920915792
 1214.000000	5.5072020245902369	160.8884843468488270
 1215.000000	5.2001283830091811	163.8282531941516140
 1216.000000	6.1959995624301500	159.0787022703676996
 1217.000000	5.5710088397596689	170.1383439782464109
 1218.000000	4.9814701710083797	136.6440333629800534
 1219.000000	4.0505750989901426	130.0555439433032632
 1220.000000	4.1616011612814834	136.6635981655416856
 1221.000000	3.6699463055632848	112.9548916717118772
 1222.000000	5.1737467175025209	139.8984435002762723
 1223.000000	4.9727059329231809	154.7039626015475164
 1224.000000	3.6775762739617361	122.6040062270540290
 1225.000000	4.4313667854230250	133.0888561391971621
 1226.000000	5.7654847909352167	178.5632348887972967
 1227.000000	6.1251395362962766	90.3296980710228041
 1228.000000	6.5828429755158977	80.6448958906984217
 1229.000000	6.0445692697980951	71.8518772855989027
 1230.000000	5.7524316821713146	79.6695369122664090
 1231.000000	5.5433305908436763	68.5901690943806273
 1232.000000	5.7392281278385910	93.5132212208027767
 1233.000000	5.7256291794940006	62.1830209423430915
 1234.000000	5.8902832498852815	100.0978058664597086
 1235.000000	6.0271394953215882	91.3126628854543867
 1236.000000	6.0641092501777827	75.9606557825549231
 1237.000000	5.8275459077201992	87.6559450982008599
 1238.000000	5.1522609867022640	62.4564102694655929
 1239.000000	6.0014085371645010	93.7803711753050919
 1240.000000	3.8076598055212334	107.8012902080678970
 1241.000000	4.8767434338510203	121.1568513983657169
 1242.000000	4.6088434550425736	125.7476123045847771
 1243.000000	5.3068503188563021	120.4898618091980609
 1244.000000	4.0760424607419239	121.2572274665826200
 1245.000000	4.1781702446370543	97.6335294849532005
 1246.000000	3.9864159590196282	92.5767595393953258
 1247.000000	3.8803863509813565	125.6858908981713796
 1248.000000	3.9706195103146653	98.9519215268526153
 1249.000000	4.5878242825373912	110.0707921568926935
 1250.000000	4.0824144522262191	118.7591924200514768
 1251.000000	5.9704105147968081	77.3431654721047153
 1252.000000	6.0100445867215848	92.2741960790962850
 1253.000000	5.6585902231856071	74.1658209687309693
 1254.000000	5.9010878818256405	92.0593530076609312
 1255.000000	5.6790098943536114	74.4234822857602722
 1256.000000	5.7280292741023162	72.0069558035871324
 1257.000000	6.1549797165590219	79.7784897648363369
 1258.000000	5.8104323421867008	72.3718904461761809
 1259.000000	6.4327462280984022	93.7808668869908786
 1260.000000	6.0101743121643443	78.0887021808956661
 1261.000000	5.3081066857248578	68.8030753778612336
 1262.000000	4.1327944502253144	109.8296379235774367
 1263.000000	4.3438572182744135	111.8180034211741969
 1264.000000	4.8483265570780549	113.1949473502019998
 1265.000000	3.9966268422540789	105.9538049572037153
 1266.000000	4.6170103793399662	102.0483380408383027
 1267.000000	4.2818570893641459	122.9051343240677738
 1268.000000	4.0482199191255104	114.5598229379331627
 1269.000000	5.0213415857224710	117.7853295869405343
 1270.000000	4.8147641606260301	134.9876371776793462
 1271.000000	3.9033781619268142	116.9798223217581494
 1272.000000	4.3680169831801283	98.5443034878795316
 1273.000000	3.7104573963625547	96.7324341674447936
 1274.000000	4.3677983193147805	114.3035819247430283
 1275.000000	4.7481713553261802	116.0258455351873295
 1276.000000	4.5759674284082248	127.1509202074004037
 1277.000000	4.9115186058898086	123.4280713080546832
 1278.000000	6.4916784861644743	66.9127797537398550
 1279.000000	5.8299028060859674	100.5243236426528881
 1280.000000	5.6222975366991443	64.3019140462016878
 1281.000000	4.3751655449924174	106.3063583817832978
 1282.000000	3.5909769691148687	97.2842643072757483
 1283.000000	4.2179341799944474	108.9452923536921247
 1284.000000	4.2546665185325709	78.6371914734311730
 1285.000000	4.9713481338097454	122.8897879722117068
 1286.000000	4.1013614049053384	87.8080284019900574
 1287.000000	4.4571934790927932	110.5366752976576521
 1288.000000	3.9411607697937963	108.5202401899058202
 1289.000000	5.2738072102848452	133.2623337151869691
 1290.000000	4.3396532889919524	100.3209093250773520
 1291.000000	3.8144087305568366	124.7675519753177440
 1292.000000	4.5685712109149064	129.4339319401646549
 1293.000000	4.1273594921380043	98.3636595415665482
 1294.000000	5.8433995165105017	78.0474611236450073
 1295.000000	4.4071714415953265	106.0535340729674516
 1296.000000	3.9361435119867556	75.2629373696652095
 1297.000000	5.0103003545261595	103.0366018328089552
 1298.000000	4.0204103797679362	104.8716178446826746
 1299.000000	4.1784667612493402	102.0247959787707259
 1300.000000	4.3547822880935785	106.5992158154813580
 1301.000000	3.7158832478613557	105.1296258926261373
 1302.000000	4.5560009962331778	109.7116715977396240
 1303.000000	4.8307860290369353	101.7502887928504691
 1304.000000	4.5155826720240366	100.3480901114342743
 1305.000000	4.1762205579895273	100.4971732147675283
 1306.000000	3.7323004579363173	112.6729368123743740
 1307.000000	5.4345425025259262	125.3357702913642697
 1308.000000	4.5412252357220719	66.5333638431324346
 1309.000000	3.9049402445201324	96.1589367284037451
 1310.000000	4.3905406600431656	103.6255898420030661
 1311.000000	4.6487029963377715	112.2722340353548134
 1312.000000	4.2640007070292221	88.5409228422030168
 1313.000000	4.3036125303118178	113.9930677787837965
 1314.000000	4.6572150117782423	129.4311033607634158
 1315.000000	4.7771477703424221	127.1045120298594071
 1316.000000	4.3623793147715908	117.8401133496090125
 1317.000000	4.6752170369803885	100.1600195756706739
 1318.000000	3.9678256815193209	110.6290974970280416
 1319.000000	4.1588179004882981	105.5468540268831248
 1320.000000	3.6103466816600456	107.8153346709255658
 1321.000000	4.3273540489772584	114.2315822682441109
 1322.000000	4.7970134278823497	95.9535739717128564
 1323.000000	4.2325079398152949	125.9320398237832705
 1324.000000	4.1892347293665999	125.1891514568283128
 1325.000000	4.1469397039749207	106.4254189938822179
 1326.000000	4.1833541395173039	105.2586131818889328
 1327.000000	3.9416506214005551	109.6078192360541692
 1328.000000	3.7349382073167647	95.7634876712330509
 1329.000000	6.2906796327993710	90.3933421953622087
 1330.000000	6.2772491856752648	99.5812096132712128
 1331.000000	6.1606162934924997	92.2001814039195438
 1332.000000	5.5257228973735835	75.9793040788970586
 1333.000000	4.0537091521701614	96.2286292542222697
 1334.000000	4.3993318443089917	117.1229053460374843
 1335.000000	4.6741884011772701	107.3587110483489226
 1336.000000	4.1577800982442108	83.2477091895482459
 1337.000000	4.7198553813460666	101.9700122942861782
 1338.000000	4.9777116030611106	135.4319644903791300
 1339.000000	3.7596617339818259	99.1169299121950473
 1340.000000	5.3843992980625552	117.0253097169243972
 1341.000000	4.4415094855299913	116.2356029592283733
 1342.000000	4.5724337917166720	135.1041134119849687
 1343.000000	3.6244068991190974	96.0666822876004431
 1344.000000	3.7819295948195615	105.1987842826985826
 1345.000000	4.2220500224549564	120.5631245963796232
 1346.000000	4.3091789482534342	142.8789331226943773
 1347.000000	4.7592053134752375	103.9968236439810880
 1348.000000	3.9038178969681159	109.3725811998304351
 1349.000000	4.2275502408460977	112.1533650562208209
 1350.000000	3.9668725250689127	109.7318105530134744
 1351.000000	4.3742315195124508	99.5259436529518098
 1352.000000	4.3843323164484440	116.9956294526359386
 1353.000000	3.8465436013310068	140.0838035688223897
 1354.000000	3.8619167226380946	108.5607421189775721
 1355.000000	4.4730080415091553	115.5378766962607529
 1356.000000	3.3933150501307194	154.2379055003329427
 1357.000000	4.3361280778898905	120.1215347706105092
 1358.000000	4.3160049898773236	129.8243428313310517
 1359.000000	3.3430323620280618	119.7602320560132370
 1360.000000	3.6966714525261981	109.8252551846636749
 1361.000000	4.4610859367687716	114.2247522987794923
 1362.000000	3.2601652939651005	124.8558542912028884
 1363.000000	4.4790098415176249	146.5586013990127583
 1364.000000	4.1009846779656334	133.0252205275397444
 1365.000000	4.0687386979873130	124.8502459402517673
 1366.000000	3.7767827106209260	128.4932803771781664
 1367.000000	3.1976932794340631	125.9645404802064661
 1368.000000	4.7606377404092610	113.4678829660414578
 1369.000000	4.6627413886715967	129.4245648504784185
 1370.000000	3.8900704497745004	126.5142416573538640
 1371.000000	3.9430687506478459	127.0508289306527843
 1372.000000	4.2924861318430771	110.2513973939214793
 1373.000000	4.2200534696705034	122.9033647628153290
 1374.000000	5.1074366409727121	138.7337596866309468
 1375.000000	4.1348275920531439	112.1754878449068258
 1376.000000	3.9707873639626414	138.6101708495388039
 1377.000000	5.0709279966218936	136.4626323224323130
 1378.000000	3.4058132332203130	121.7445652608854374
 1379.000000	3.5875018550856645	123.0827647940375442
 1380.000000	4.2673634799021212	134.7710678799718664
 1381.000000	4.1435210621211418	139.2944504900272307
 1382.000000	5.8415238690467985	150.7425670736925554
 1383.000000	5.3566408960327374	169.1966263173178788
 1384.000000	5.9830051071836019	161.4046954653261423
 1385.000000	4.0096135322211710	130.9443955612229615
 1386.000000	3.9543125960695575	118.7485634992032431
 1387.000000	3.5324538424275649	113.5967611933276658
 1388.000000	4.0399423485370596	126.6325191895527666
 1389.000000	4.2943206926540807	142.2579009397849745
 1390.000000	3.8143957048282155	139.6023874501190676
 1391.000000	4.3920583586406838	118.4913466073752346
 1392.000000	3.7199433817148142	129.6269915253449199
 1393.000000	5.3674862023005625	117.1447549675272342
 1394.000000	3.8271675901804332	108.0529337058475647
 1395.000000	2.8469401278287103	135.6874780869023311
 1396.000000	4.0260326360809691	127.7606409985890394
 1397.000000	3.8351339014239993	126.9172921903520717
 1398.000000	4.2159079966975588	126.2073000661711717
 1399.000000	4.3365158104174242	121.1616479944698597
 1400.000000	3.7665199940918064	133.5295708791100822
 1401.000000	4.5412701070022710	90.1706680022329436
 1402.000000	4.1884541069353469	120.6525633612763215
 1403.000000	4.3167557859939443	102.3648146176174691
 1404.000000	4.1917411202775376	120.1849177362419709
 1405.000000	3.1312678378888972	124.2100222426255698
 1406.000000	3.5992789038696316	134.3948665511342995
 1407.000000	4.8374638429112817	142.1115885942531634
 1408.000000	3.6846038228326550	123.1161661676306949
 1409.000000	4.5590826902620654	100.4839858564070454
 1410.000000	3.7121185228930256	137.6841662817172960
 1411.000000	3.7101623228775553	121.2613977245777050
 1412.000000	4.0884528587294318	143.5361057399927915
 1413.000000	3.2583197867927449	127.4720948894051986
 1414.000000	3.9727758822244614	142.5909797392487803
 1415.000000	3.7416581052310951	131.3406337351168816
 1416.000000	3.8146925326422894	130.7020708699159570
 1417.000000	4.2980990732119384	130.2095599647429935
 1418.000000	3.5865524731774130	138.8976924086574627
 1419.000000	3.8203953848864214	115.3087819346897476
 1420.000000	3.6727257486951452	138.2062451149429307
 1421.000000	4.1969107010465283	128.8183117284755212
 1422.000000	3.9872056834312568	138.9692368654631309
 1423.000000	3.7733949229874657	140.8965180258936698
 1424.000000	4.5097889916986311	133.9621607094604201
 1425.000000	4.6011401264305833	127.6990489073863841
 1426.000000	3.7541923739855254	153.1931477700634048
 1427.000000	3.2552921220606099	138.0216598931585850
 1428.000000	4.5246545180931905	136.2768907035633958
 1429.000000	4.8014002741054940	140.3878328483589826
 1430.000000	3.7640772434348198	136.6789405720415971
 1431.000000	3.2117045679430474	142.4232260089986539
 1432.000000	4.5539100596647248	126.0176738201044060
 1433.000000	3.6743583196699188	126.0915031598708538
 1434.000000	3.7366463974714086	116.8934161441359549
 1435.000000	4.0757043865928786	117.8103688995444713
 1436.000000	3.6939567897378551	135.8994073366152122
 1437.000000	4.3761617674950761	137.2907045654294222
 1438.000000	4.2339925897306454	129.5263959463972583
 1439.000000	3.9801337758088220	137.8124537325246024
 1440.000000	4.1611881687378158	129.4099907550130979
 1441.000000	3.8280850523751808	120.3190528810246889
 1442.000000	4.4043731910492827	138.3913186798973811
 1443.000000	3.8011900711703888	143.6890417414913657
 1444.000000	3.9216701320217284	130.4192777664407004
 1445.000000	3.7474438894326063	125.1727862695467763
 1446.000000	4.6473812856614813	130.4905370403087375
 1447.000000	3.9050573295515045	128.9970528535426695
 1448.000000	3.7339531241900779	119.8163257433262032
 1449.000000	4.3137390135046561	114.1994441738176533
 1450.000000	3.5915593309406026	140.0753992293896317
 1451.000000	3.7773070447188610	120.9315555158623852
 1452.000000	3.9696395619605922	121.5127254899420564
 1453.000000	5.0062555268357034	147.0196246996920593
 1454.000000	3.8505119664545622	122.4509989601659754
 1455.000000	3.5580491521563595	109.7804839965343149
 1456.000000	3.2329420754357945	130.6583898974282079
 1457.000000	3.5379451045675965	123.0379523194943658
 1458.000000	2.7569726285331413	134.4667303035792827
 1459.000000	3.4721162071607030	109.9545314503424152
 1460.000000	3.7068563534198158	134.0755926902209296
 1461.000000	5.1033527365276408	114.9593408782168211
 1462.000000	3.8996295784597561	133.0878713340588035
 1463.000000	3.8381875168166975	106.4162739158327327
 1464.000000	3.4397993959901902	138.0872280928477664
 1465.000000	3.9959309196271526	124.6340296081297083
 1466.000000	3.6469596459698863	110.5510036484323138
 1467.000000	4.6504347034796654	129.5505634816163933
 1468.000000	4.5131304382535218	142.1141923312949871
 1469.000000	3.8559044691127831	107.9111707833372265
 1470.000000	3.4208289588021170	127.8423762654711737
 1471.000000	4.0195708018356502	132.2261823455619663
 1472.000000	3.9028283199777616	131.4156665028648376
 1473.000000	4.2479244909615010	131.0486150594497303
 1474.000000	4.3446296187780753	107.1791591031708606
 1475.000000	4.1455581699005224	116.5390193985639371
 1476.000000	4.1987120140506287	130.1526596544135828
 1477.000000	4.2215143091892591	126.4956203104725603
 1478.000000	4.0934602199810257	140.5271889636671006
 1479.000000	4.0194633814892136	138.1140215563397078
 1480.000000	4.0429411615954942	118.5657189691583824
 1481.000000	3.8806934987353503	137.0300651692336089
 1482.000000	4.5886443345955641	117.2252852117750024
 1483.000000	4.4929425196339787	133.6848202783333477
 1484.000000	4.5458927382588286	104.5814002887842378
 1485.000000	4.3332187709353782	136.2646520459335306
 1486.000000	3.8890417299668445	129.5730725497975300
 1487.000000	4.5552668652141666	140.8407156288103579
 1488.000000	3.8428919531888139	125.3024415579849631
 1489.000000	3.6700470294991772	119.7159855727957591
 1490.000000	4.8518835354934717	102.5398122821563049
 1491.000000	3.9591386786051728	112.8613610451559879
 1492.000000	4.2118781395309561	132.2863144612173301
 1493.000000	4.5285887832095417	117.5749183332769974
 1494.000000	3.9789494945269563	133.0533135442223340
 1495.000000	4.3832630160563006	106.6180778423536992
 1496.000000	4.4826321108671046	106.2540982062085817
 1497.000000	3.9344778935686868	157.0749609408559024
 1498.000000	4.0587431494511721	110.7578783240138591
 1499.000000	4.5079578753100513	133.8694271965395615
