 0.000000	3.8823918766401593	98.4060493898903417
 1.000000	6.6708627987596500	145.1538550326409620
 2.000000	4.3627497115236142	141.6458739272717082
 3.000000	3.6975714992897486	68.2953721678020997
 4.000000	3.2705218884763210	69.6684019301138022
 5.000000	2.8593409214271657	42.7773536645356671
 6.000000	3.9336816463107840	48.7301192381111434
 7.000000	5.4321633319594333	112.8345970717066962
 8.000000	7.8706349362204238	43.0549591447744717
 9.000000	3.8387913589195719	43.8909795003557974
 10.000000	4.6650505415768428	127.1619822213919377
 11.000000	6.9245990126489412	153.1241199813169374
 12.000000	5.4923079344748817	133.4653927638166806
 13.000000	7.0501183037170838	113.4404896466054566
 14.000000	3.9694408634658664	109.3064726906982571
 15.000000	3.8121691597822038	64.6994418710495012
 16.000000	6.5308029456344165	136.1431547652493350
 17.000000	7.1489123605695735	145.0592191939982740
 18.000000	4.2366716666935726	55.3791919148065546
 19.000000	2.8602223691329463	23.7001048054156627
 20.000000	3.2725041918971933	68.9864851643231702
 21.000000	3.4204218610915587	36.9744779982787293
 22.000000	3.8831592122724774	76.2693056045785056
 23.000000	3.0168015921866598	26.4718005213425158
 24.000000	4.2046149091160654	110.0737804934112063
 25.000000	6.6012586360732861	124.8808836392963997
 26.000000	5.7679814720686009	142.7808637570490760
 27.000000	5.5659602614391499	108.9504998589253688
 28.000000	4.9038733325221164	117.4336576303266781
 29.000000	4.4852335982923837	96.4844719990352644
 30.000000	4.2811516254283983	109.8311411025661357
 31.000000	5.3707105413859875	113.7349851217441170
 32.000000	6.2797913354972934	131.4643528998577722
 33.000000	4.7124787299220632	138.7275348998136053
 34.000000	5.5109522050771274	113.6534483339225261
 35.000000	5.2054337505835866	103.7609424618900533
 36.000000	5.6868483320680365	124.0451847016092159
 37.000000	5.9824317009495216	123.0109277887950441
 38.000000	5.1325342800662801	116.0727223815082425
 39.000000	5.3014667790507684	116.7883820186403341
 40.000000	5.5753480259263384	124.1933077705027131
 41.000000	4.5999987109092979	123.1005319962036992
 42.000000	5.2079630431476778	104.5095038793870117
 43.000000	4.3756956014238400	103.7338410228982895
 44.000000	6.0021141976234045	120.5033032339773484
 45.000000	5.3617388071038192	117.4455218913645638
 46.000000	4.7047032039060310	114.1988224074485458
 47.000000	4.4598938349129051	106.3053670476754036
 48.000000	5.7742300888342948	132.7674054553175438
 49.000000	5.4843523293156240	129.9827384623177977
 50.000000	5.4999106857759266	118.4305086211483200
 51.000000	8.8956179357632692	131.5891351839874801
 52.000000	5.2789903577281523	124.2647183110211131
 53.000000	4.1759403306463607	44.1952652628484373
 54.000000	10.6265531169030059	105.0797997938282862
 55.000000	8.3630426078977571	123.1070887607727684
 56.000000	9.8686553402697683	141.6405184464586853
 57.000000	10.7608748116708259	134.1894499127725453
 58.000000	11.2061680058520210	47.7217188669193035
 59.000000	12.3687110505103455	59.9979952093305968
 60.000000	13.0079680801353206	128.6788601490538042
 61.000000	10.8524534301258839	39.9072488137850314
 62.000000	10.0265103814038312	81.3804527709898906
 63.000000	16.9886295161290377	87.2153452647122975
 64.000000	12.5795829805918604	67.4383276344854892
 65.000000	15.6549551079870604	44.1452578474230393
 66.000000	14.4062984094241671	58.5085545699751748
 67.000000	12.5055722631854334	103.9673559041853821
 68.000000	13.1460586742503533	47.6810420768469783
 69.000000	14.3438148905389653	64.7508281139712381
 70.000000	10.0708494137689701	96.6569570261697777
 71.000000	10.5407661543213074	91.3851009011549138
 72.000000	11.5144441328367257	86.0601223280842476
 73.000000	12.0604955879802418	81.1449077601295556
 74.000000	11.4000543397436722	102.1462541054415283
 75.000000	13.7855194720180574	83.7322543038961697
 76.000000	12.1930758918022661	88.4180281250424684
 77.000000	11.6581937762363914	90.0912205426375436
 78.000000	12.5679434121645333	68.0951927202019789
 79.000000	10.8370308559241000	92.6351817592680788
 80.000000	12.3195381303366140	99.6861708999323639
 81.000000	13.2204722864800637	97.3249630439175348
 82.000000	12.2909161622431160	69.9948777757641523
 83.000000	12.4792858354531546	89.7285076509751036
 84.000000	12.5563774528158714	68.5808372354239282
 85.000000	12.1585217053007391	48.4680676814146238
 86.000000	13.1934272180737846	92.9898326022625383
 87.000000	12.6241553759049197	91.0466547136423827
 88.000000	12.8585806209337363	87.0279859026004914
 89.000000	13.2794881636344577	118.7344325925376438
 90.000000	13.9607467680075974	100.9961495293435405
 91.000000	11.7576446001865182	57.5361535300244071
 92.000000	12.3066228355118934	79.9421947293140960
 93.000000	11.9419954777397166	61.1630478024993920
 94.000000	12.2093171849714004	95.4156342344142701
 95.000000	12.8409503623201484	79.0405812489285751
 96.000000	12.9670393655669898	85.3627954076519870
 97.000000	12.3716058704933971	93.1328244687410063
 98.000000	11.5921734910683369	88.4712443168587015
 99.000000	12.7402281774186878	101.3864161683899425
 100.000000	12.2744532514962597	94.9996566252226131
 101.000000	13.8807605159956804	90.3226131602620228
 102.000000	12.2294651873106925	84.8641625062146545
 103.000000	12.5543940719296749	90.5213308118902376
 104.000000	13.2078247194225220	84.6498815537516975
 105.000000	12.2587383770314133	87.6161088060135711
 106.000000	12.7081460628362830	81.0760508739545855
 107.000000	12.6102644854015651	85.7183286018179729
 108.000000	10.9048245362116294	34.3192634127847498
 109.000000	12.4228781523438290	94.4574350290804148
 110.000000	11.5124160618930045	91.9721430499184862
 111.000000	12.3071072253889913	95.9454475136341784
 112.000000	12.2873271797953905	91.3796907837284493
 113.000000	12.2722179443197934	75.7862124221430236
 114.000000	11.4221245259648576	78.7100554815058331
 115.000000	12.4537425452184234	78.4115847059726150
 116.000000	12.3606658900475175	76.3632839723952657
 117.000000	11.2163637587114220	107.6358922936548339
 118.000000	12.5668997713726274	81.3474620852540369
 119.000000	12.9717691823315420	96.8370142909641913
 120.000000	12.6716439416176758	83.2718017348575472
 121.000000	12.0537147799454338	86.9195267448899358
 122.000000	13.0048904120758611	86.4213407000603269
 123.000000	11.3263038258942235	60.5722517526700699
 124.000000	12.9605871212422183	93.1802210727387319
 125.000000	11.9714394279804921	61.9632939098787858
 126.000000	12.6725702530035544	79.7098116906711027
 127.000000	12.4197501509362187	103.6184599248609715
 128.000000	11.9503105468177218	108.0456440376247969
 129.000000	11.5675170928648079	121.9277946571176869
 130.000000	11.5966447044971126	108.1820314554086622
 131.000000	11.4095758280224349	53.2033541951538496
 132.000000	11.9812528754381606	99.8176566393369882
 133.000000	11.8655445908018358	85.6498508201672593
 134.000000	12.3826242286178179	92.2026729112426864
 135.000000	11.9581423742966368	42.6652647335619122
 136.000000	12.0412655450289066	87.0460858692679693
 137.000000	11.5742764802875122	91.9834085796358636
 138.000000	11.5587971636891620	104.6188161515078434
 139.000000	13.5689065547033128	90.0539996226060850
 140.000000	11.8527509795019714	42.1431319956266464
 141.000000	13.0767587100884999	93.6270256822049731
 142.000000	12.4655880805800088	109.3692018800954457
 143.000000	10.0102705489659396	49.8950643813525119
 144.000000	11.8160084203810047	57.7152461826150898
 145.000000	12.2889245188639400	81.2863373819310482
 146.000000	14.7921431216047203	87.0240909748120117
 147.000000	11.6890828254411314	93.8852532098530759
 148.000000	12.2385607314823588	88.1535901203533285
 149.000000	12.4409241553190100	93.9547660377993594
 150.000000	12.7229715891455903	94.1641203844704648
 151.000000	12.1030226956938662	64.9666186929460139
 152.000000	12.3069173205755664	95.7297357808771352
 153.000000	12.2716478146407084	88.2708766394505915
 154.000000	12.4164422724859094	92.6081387368285931
 155.000000	12.5869960883746259	96.2800928383513082
 156.000000	11.1076411830146835	50.0329646772714511
 157.000000	12.6396222097828854	100.9380148331020877
 158.000000	10.9807941004508951	77.2693606630538312
 159.000000	11.2536204279425061	53.3825426173430060
 160.000000	11.8984372912346874	92.0894861073503961
 161.000000	12.9673984126335444	77.1446517936461618
 162.000000	12.3294583853835569	83.1765674597090907
 163.000000	11.0267229722980513	49.7243838187411598
 164.000000	13.0171771813840476	111.3431303924327125
 165.000000	12.1410488960014611	97.3819674519082668
 166.000000	11.7685572867396413	86.0833219243181276
 167.000000	12.4917971431387667	78.5512876318473303
 168.000000	12.4876223325632445	77.8122241804573918
 169.000000	12.5195720095526450	64.4437633914667742
 170.000000	12.7025736013104016	92.7583190164605611
 171.000000	12.2925727896968233	93.1299088143520351
 172.000000	11.2188018202784043	121.0698515075951320
 173.000000	13.1145339334662179	111.0544545439094009
 174.000000	11.6541827953800468	67.0749401762079316
 175.000000	8.8081757444954363	7.8591964165586035
 176.000000	11.3268783444544319	108.0819785088828553
 177.000000	11.8126846270988040	96.8294416991080027
 178.000000	14.0357075769832562	86.4799029337624177
 179.000000	11.8671801050378711	87.3565595500648158
 180.000000	11.4626829388261395	83.9904314656834714
 181.000000	13.9737894075956888	98.2285516108579770
 182.000000	12.4212543181185264	97.5677130225282383
 183.000000	11.5227589230859593	100.8823090148806472
 184.000000	13.0150887197310468	91.0339978711083830
 185.000000	11.3309732792384352	96.7617220760165253
 186.000000	10.6039218793530061	44.4044941315876542
 187.000000	11.8923644772743931	83.3992166262410848
 188.000000	14.0546795608833364	90.6832815085287223
 189.000000	14.0716569005422176	77.6753432378706350
 190.000000	12.4429332549783211	110.0912825323714515
 191.000000	10.8855594055213523	85.2055746781473431
 192.000000	14.9883644290316944	103.1126580458553832
 193.000000	13.7149729294531610	119.6508576413154685
 194.000000	11.5214984158095053	88.5277860968925552
 195.000000	12.2252692002948269	109.1708198194597799
 196.000000	13.6771676400493352	110.4092294165294561
 197.000000	15.0775779539531278	99.1966904461879295
 198.000000	13.3344526476233138	107.5265642545200819
 199.000000	13.2667842072349806	105.5704205654425323
 200.000000	14.2459154541391744	105.5748657372487145
 201.000000	11.6415971280837081	128.0325629501496110
 202.000000	11.4700875649806981	102.9019259396676063
 203.000000	13.4095510708985302	108.3084193987405257
 204.000000	12.0147757784261664	104.8295216658232931
 205.000000	12.6065722294052645	99.1982832402956518
 206.000000	12.6552181144006877	77.2522229564360288
 207.000000	14.0544824282886918	81.2067361500200064
 208.000000	8.6779033636501701	84.1429761313893749
 209.000000	10.4335613084356069	112.9419687704460671
 210.000000	10.0782951327467867	72.1189805569723603
 211.000000	11.1556486121354759	117.6106273388518133
 212.000000	14.9848402667683231	107.4122911538850502
 213.000000	11.8999546220056676	99.8618960662806501
 214.000000	11.2011161695227219	75.3052817727113535
 215.000000	11.8931957281059457	106.0071225150558405
 216.000000	13.6210956236942931	116.9476049781026745
 217.000000	11.5919595440189660	126.0859384271738719
 218.000000	19.2587130656486600	113.4459247394489978
 219.000000	11.3926363500191705	56.5053802640041027
 220.000000	7.8302234004653579	94.2941922937298500
 221.000000	3.6051135972379802	106.6941658956526169
 222.000000	6.3198747870894012	118.0271356370344904
 223.000000	8.2777749583709266	127.4472267606744111
 224.000000	14.5269559632023455	116.7723673599339946
 225.000000	6.0097083378825635	24.1323079188930478
 226.000000	2.6988653800120730	131.4412827279907674
 227.000000	2.9440821997293583	130.2949789614017675
 228.000000	3.0977587811779834	108.6741204336532149
 229.000000	3.3111850862698895	115.4157829292773982
 230.000000	2.9674073077376302	121.8282922072978067
 231.000000	3.0676014827911544	117.3017784093943305
 232.000000	3.3464114698738161	77.3722317926412302
 233.000000	3.7966613351495280	101.3511253511253329
 234.000000	3.7684407100693966	53.2545373165476263
 235.000000	5.3279666005364090	38.0080105909725035
 236.000000	7.4776129042940633	157.5047923675818140
 237.000000	5.5743385896198072	62.2780559430154455
 238.000000	8.6929480356630755	149.2965224061861704
 239.000000	10.9078561820525231	122.5415493390359813
 240.000000	11.2354921644695143	63.9285088440275331
 241.000000	7.6741379812405626	127.2189455217410341
 242.000000	6.1150427306972235	132.0643634488227462
 243.000000	11.3319589627335624	129.8141087574510379
 244.000000	8.1261033056406173	69.7480121982807901
 245.000000	9.9717527561796366	31.0088060616258474
 246.000000	12.4790498442426205	17.0199226120831497
 247.000000	8.9336863924353018	140.9580409319252681
 248.000000	10.0645752061211695	133.3017531015344730
 249.000000	11.1655513371346693	124.4305211080933873
 250.000000	2.7447553008820362	42.6820331574321017
 251.000000	6.1729171411510375	131.5830687234207517
 252.000000	7.5629689215442903	142.2489622497391224
 253.000000	6.6004276407155711	143.4499637877931093
 254.000000	5.8052500563065434	101.9648125166045247
 255.000000	3.6362319595146255	105.9719836316425017
 256.000000	3.9530688331966939	115.6048626921770932
 257.000000	5.7737928774321920	132.6519590902059917
 258.000000	5.3037885425381299	45.4275881233340328
 259.000000	6.6569143847708121	149.5325511305424016
 260.000000	3.3095316593095903	106.8187576293176022
 261.000000	9.4256855185802255	161.1001857033099611
 262.000000	12.2506335319009274	81.8546738867375723
 263.000000	6.7508994262159163	87.1400073523974328
 264.000000	7.8942268250029475	98.6678438504365687
 265.000000	7.4990986202830667	38.3218807976209064
 266.000000	6.9819808773008747	140.8874466533607119
 267.000000	13.9070252433213568	64.6945576088030947
 268.000000	12.1324891824716108	122.6733556847404571
 269.000000	10.5445503143393378	99.6472813596626992
 270.000000	13.5824449699337428	75.3998639215638065
 271.000000	9.7840285809944803	145.7314469446072849
 272.000000	13.5833426168319082	47.0924036650360165
 273.000000	13.8552154084618202	108.4700521701327318
 274.000000	8.4672756220639069	164.3767792613300855
 275.000000	16.6478624806825266	120.1965631567981347
 276.000000	6.3517552942004638	150.7268241102350146
 277.000000	6.2268871968215835	141.8437538344235804
 278.000000	6.9601145589318323	138.8591416144154778
 279.000000	8.6670754148223406	138.4712875514378538
 280.000000	7.9980959718413347	129.7219446522764201
 281.000000	7.3297349595626029	140.2052091713171080
 282.000000	7.2803210219081258	141.4411112728873832
 283.000000	6.7719383289954100	95.8178594076866403
 284.000000	7.6390758476504166	142.8237917658061065
 285.000000	7.3585655556563001	137.4923837918781260
 286.000000	8.0115627800155647	126.8615915076706244
 287.000000	8.6022662808591885	144.6192774836692649
 288.000000	8.5551247447578191	136.2602512492794062
 289.000000	7.8660038032482795	148.3770315456790172
 290.000000	7.4441631119898082	116.4126001526486789
 291.000000	6.7782184906710041	145.4580847602275924
 292.000000	7.0486240071671782	147.5057482621434133
 293.000000	8.3823847138096923	142.9974929628966720
 294.000000	6.7432861791239525	143.9075275871425958
 295.000000	6.9045560554229031	147.5584036837966835
 296.000000	6.7960385759626023	112.8812242918531865
 297.000000	6.4330832229155881	153.1545411326393946
 298.000000	7.6831187752197314	153.3852026362519041
 299.000000	8.3645415897649595	140.5220789333182552
 300.000000	8.2429962696068593	133.1191265018423735
 301.000000	7.9793259495541093	144.0466586789894166
 302.000000	6.7231418402635992	133.4953308359178550
 303.000000	7.0457175394634701	148.7744004953789556
 304.000000	6.2176404155700942	122.6770611848811825
 305.000000	6.8317907955601385	124.6080003137107184
 306.000000	7.7843217036458423	126.1411990761314712
 307.000000	6.9594011351161225	136.8746312667719565
 308.000000	6.0240386831366699	38.3948524515569147
 309.000000	7.6870421255996755	146.7422279839954342
 310.000000	7.5134407987810761	131.9445651700721100
 311.000000	7.8655113806561454	136.8898389334104309
 312.000000	7.0950776338441379	144.1258648610977389
 313.000000	7.6305844589826277	152.1910261786898673
 314.000000	7.4340033060254527	149.2928421180984628
 315.000000	7.9875703224187609	118.2564167646578994
 316.000000	5.4747230297452543	51.9717192247799176
 317.000000	7.4060300400861694	147.4123326223561889
 318.000000	7.2994979160235642	130.1229171968125797
 319.000000	10.8938109529382459	108.9120649880080123
 320.000000	7.3776998022691931	118.6571309887197998
 321.000000	6.1154775522257987	61.8877351400960691
 322.000000	8.6036411708915228	135.8598801164974645
 323.000000	7.1246070800615842	143.7695600993298513
 324.000000	7.2185497246701766	140.5976989337864040
 325.000000	8.0196695171418479	132.9578542488102357
 326.000000	7.8607071669367636	130.7003514593612294
 327.000000	7.3672686015600926	148.7380868704645138
 328.000000	7.6691349675703373	150.4597741975352960
 329.000000	8.6184920543140997	143.8213297074478874
 330.000000	8.1197657715982743	144.9407488152843371
 331.000000	8.6821618449265276	132.3347923070305114
 332.000000	8.2020117400284320	141.1729640831866277
 333.000000	5.4294480164368171	108.6402219647966518
 334.000000	6.7795332190307604	105.7389700075156185
 335.000000	6.3706735566193551	154.8974252385885109
 336.000000	7.9507536085947486	144.0243496128537117
 337.000000	7.8877573713739020	140.9855953222478320
 338.000000	7.5074632521062208	138.7433855192388137
 339.000000	8.3420010225422860	138.0227377922181802
 340.000000	8.7304418684263343	136.1850620091495045
 341.000000	6.7848449044920489	156.0009045179152736
 342.000000	6.0968837243699339	145.6176581362157378
 343.000000	8.6844375036847996	137.5911016216276437
 344.000000	5.4004258375484104	145.0532184065633601
 345.000000	8.6716278018880981	155.1578415180707395
 346.000000	5.2876640635107863	30.5187403328759217
 347.000000	7.8764771778716804	143.8488444159781920
 348.000000	7.0847091135612015	142.5764289698531968
 349.000000	7.5354573268157710	136.0403791912305280
 350.000000	7.4330023069958937	149.5317755772050816
 351.000000	3.6845038539267856	68.6959305984003805
 352.000000	5.5874762291880034	37.5708822393266075
 353.000000	6.1932733465711696	78.4475660355454352
 354.000000	7.9293135875847902	144.0203257842269409
 355.000000	5.8852417251445246	2.8179342950236617
 356.000000	6.6494914257636140	147.0924883941104611
 357.000000	8.4479127961321279	147.1124571164129406
 358.000000	8.1667976505470747	144.1600241045639734
 359.000000	6.2969306008399846	154.0733183461168494
 360.000000	7.3901802126031493	142.2733203744280672
 361.000000	5.7214637445271821	52.1290795688657767
 362.000000	7.5819722755396057	146.1761274632857521
 363.000000	6.2446570742701155	154.8872734112520959
 364.000000	7.7454557667510491	139.5293666920514966
 365.000000	6.9118485094803441	146.1891604000619509
 366.000000	4.9010898338964468	94.5100375154852372
 367.000000	6.0761206188501831	139.0974731222879939
 368.000000	5.5512793073550188	78.8234475118407971
 369.000000	7.8914904781133242	142.7865081268346898
 370.000000	6.0029944639326969	148.0631371602970319
 371.000000	5.9624838957111264	152.2571664080628864
 372.000000	7.1449896636404011	125.3670861080335328
 373.000000	6.8050305732030507	145.6600454392805659
 374.000000	8.1362676738570183	127.5765725313370353
 375.000000	6.1852353484846612	152.1121352899122883
 376.000000	7.3328336592179069	137.9867773578048684
 377.000000	7.1340694963969593	133.2110335060628188
 378.000000	8.3669450071647304	153.5442832227884651
 379.000000	7.0549441355075464	155.0354038126342289
 380.000000	7.6776668905579202	134.9758730669221336
 381.000000	5.8567076788001344	136.8686545188883770
 382.000000	7.3777068602464260	141.7308170554912863
 383.000000	7.6933317999848434	141.4572585565335316
 384.000000	8.8928626800851696	112.2302101671905064
 385.000000	7.4833915516747167	32.6948522156533272
 386.000000	8.8823712265965842	123.2204616183453538
 387.000000	7.3375883189146727	143.7724895606746145
 388.000000	7.2872276376253762	149.7508038248804780
 389.000000	7.7730972997316945	137.0665160962322204
 390.000000	7.6234609004828400	123.2996231613814189
 391.000000	7.8567667244178336	136.8512810559126933
 392.000000	7.6029448871967578	144.6714558009826987
 393.000000	7.2761391551649162	110.1345744064836367
 394.000000	6.9239232387927760	126.8043128331007665
 395.000000	7.6631629432855286	146.1664906071982557
 396.000000	8.1607802443299224	131.6402654155396874
 397.000000	7.7317007280037711	125.4105676228303139
 398.000000	6.6659712359643697	148.1679467788358124
 399.000000	11.0527989415779189	127.9659900478026628
 400.000000	9.9600115570537078	132.3472012034051772
 401.000000	5.8522750934568837	136.5335644236009784
 402.000000	3.6267779815022525	64.9277991295117829
 403.000000	4.4626818924228351	82.7808666983570163
 404.000000	3.5499612214854368	86.8918205406630335
 405.000000	4.1343605049531753	126.9140643570741815
 406.000000	8.8690390143261606	124.3474757867645053
 407.000000	10.6756589776127235	131.3178602218974618
 408.000000	6.1595035337840756	40.3064495623951302
 409.000000	6.4225349264902185	34.5133307932944433
 410.000000	6.5805220059241432	48.2677655519377993
 411.000000	9.2341178250758826	117.9284809454914864
 412.000000	8.9622980705466766	135.4161814911161912
 413.000000	9.9425996359176327	51.7494512323119977
 414.000000	8.4707473220182674	58.4969120892192223
 415.000000	10.6252066864273260	110.4548794932048992
 416.000000	7.2136529349405798	99.5775628732126563
 417.000000	5.5758126910671999	33.9778952365339251
 418.000000	7.5363210433739107	140.7030669752842869
 419.000000	7.7656993594161872	104.5721161687131939
 420.000000	4.7345633460984535	118.1465017326313500
 421.000000	5.7814540441049607	137.2713894513768196
 422.000000	5.8193838584609123	125.4107107861367894
 423.000000	11.4831699053447558	26.8374842300236196
 424.000000	7.0725972130776338	83.2471411877314722
 425.000000	9.7615719250990516	38.4187321345221449
 426.000000	11.1904138096325951	42.0305304240476119
 427.000000	12.6783329268953082	110.5841328407836670
 428.000000	9.1252889047950614	117.9814667944363578
 429.000000	13.4984201449595673	121.8572410669164157
 430.000000	10.8286799674802374	74.5254684551908468
 431.000000	8.0244403742933148	49.9331164394964162
 432.000000	9.7706751887325556	89.9636538334288360
 433.000000	10.0377982834376080	69.9524387663282425
 434.000000	9.3794366453557370	41.4106259634848470
 435.000000	10.8458088246228925	127.2226127886547147
 436.000000	10.1655592139221458	70.8318439688675738
 437.000000	9.4537007810979770	81.2364870226529376
 438.000000	11.2749073939862310	111.5050122799877670
 439.000000	8.6957994340900395	78.9555306089239650
 440.000000	9.6351650487435521	110.6000686392585521
 441.000000	8.9738556356347701	70.8983076200511277
 442.000000	9.4508942966561573	64.8918739144098851
 443.000000	8.8711663200455142	44.5319033105774338
 444.000000	11.1851513711569233	124.8139886340889007
 445.000000	9.1026019770370219	29.1444999553889943
 446.000000	10.4836938852726380	86.2241141638679096
 447.000000	8.4780323484394930	59.7324174784987179
 448.000000	8.9463719178380234	48.8012049885810768
 449.000000	9.5186929264336957	129.6926635590777437
 450.000000	9.4752814639343743	134.7089283677692606
 451.000000	7.1976714589528870	138.4197470799778387
 452.000000	3.3951031081560359	72.5381240552694351
 453.000000	5.3901129122991245	143.8404661655691541
 454.000000	6.1488087166440755	67.3033806842451696
 455.000000	8.0319488721181536	52.1858498572842819
 456.000000	4.5691153726793923	99.2689179449997994
 457.000000	5.5923437211537337	121.4887514665644801
 458.000000	10.8661736475615243	109.6824469625568383
 459.000000	7.3656693666618747	79.0819436512976637
 460.000000	9.0573786491933426	121.4411165924349092
 461.000000	8.5023124299855386	121.2331098033425292
 462.000000	7.6740840699469519	140.9816996057845131
 463.000000	7.6215001557284934	139.5557097933946125
 464.000000	8.3425499208424085	145.8212089166426040
 465.000000	7.3762441044579852	140.9410884547852447
 466.000000	7.8532164844346672	141.5446118527540591
 467.000000	8.0627664272247959	141.8215618319478608
 468.000000	8.8893976647193114	129.9313380511956950
 469.000000	7.6458988433679647	134.2531095221661417
 470.000000	8.4074738072619173	137.7236735417132536
 471.000000	8.6307804822775793	143.1665159999254513
 472.000000	7.9359016133741322	147.2838896131950719
 473.000000	8.1618894915929747	130.7431573973530021
 474.000000	5.9730321499085210	142.9115984755970601
 475.000000	6.7445980563357946	142.5792230686962512
 476.000000	7.2152504260172270	142.5323662939327960
 477.000000	7.1769205037217043	146.4254218662479161
 478.000000	7.4429783016986972	143.1809928170184776
 479.000000	6.5170451987959623	142.9603812771628668
 480.000000	7.4984938754547068	128.4849773941178910
 481.000000	7.9772668465566836	131.9384717554169413
 482.000000	6.3792334120084293	154.8954894051595375
 483.000000	7.1695918916553927	127.9993084020091203
 484.000000	7.5831120297944770	148.1278930418831408
 485.000000	8.2667697541156340	138.0676071890981973
 486.000000	7.1408591325971340	132.2103308055223181
 487.000000	7.9076933431817054	134.7511546490840715
 488.000000	6.6358416285313364	50.1665601732895823
 489.000000	6.5037693845177911	146.3139245956886327
 490.000000	7.7471047580569605	132.8045834899407964
 491.000000	7.9386143878690874	131.8098077258328829
 492.000000	8.1464313903812595	132.9734292116987717
 493.000000	7.9806657460060713	139.5167390569948793
 494.000000	6.6188471627308418	120.3252856534086845
 495.000000	8.9487074696387783	138.8604143338527876
 496.000000	7.5826048998951858	146.9663075123434055
 497.000000	6.6403103224566236	152.6016235869361140
 498.000000	5.5527860541266412	52.9528354103432122
 499.000000	6.0020283539563870	146.3829096777793097
 500.000000	5.7906782943956765	91.2410752779045566
 501.000000	6.8568450641375520	143.1373400925532167
 502.000000	6.9919643247078884	131.5118731201130515
 503.000000	6.3665466835729676	87.1996452471743453
 504.000000	7.4282366204854764	135.3080358779899086
 505.000000	6.6440523943944170	149.3712704837638228
 506.000000	6.5479334666825082	82.7001312362403240
 507.000000	7.3131440535067060	150.7399998136159240
 508.000000	7.2119101353478374	151.2848371728185839
 509.000000	7.8364510229382249	131.8301681051420928
 510.000000	8.2167397584080035	141.9667427897248899
 511.000000	7.5393624388412723	158.6811223131919064
 512.000000	8.0734378205382242	140.2002629398663203
 513.000000	5.5550387900871403	121.5696748835841845
 514.000000	7.8559065499420049	146.0064788878605668
 515.000000	8.2053782752762263	142.1612270085726664
 516.000000	8.3902357697228336	136.4372395268473781
 517.000000	6.9017365353674958	102.1440414345668017
 518.000000	6.5119338446344743	126.6670425272146474
 519.000000	4.8336603445202213	69.1644028638918087
 520.000000	7.5049237395376966	33.9895074779597621
 521.000000	8.0442116508507144	143.5826219518566518
 522.000000	8.6782793071268802	124.1230020449322353
 523.000000	8.5165202229818178	69.4964263923331629
 524.000000	6.8507961327358320	136.6387889815783865
 525.000000	6.2500713408624877	145.9332426022411369
 526.000000	8.1693136945987206	137.7739933040496965
 527.000000	7.2295907486257702	141.0098871039817823
 528.000000	7.3597098492026101	155.0303358776691312
 529.000000	7.1645171910131484	142.6996763197464588
 530.000000	7.8524430359262425	148.4534841764098587
 531.000000	8.0023729334922820	143.4465859140286170
 532.000000	8.7552422518685979	144.4636517060413041
 533.000000	7.9942418217013778	125.2325050590416140
 534.000000	9.8633471406949393	121.0613849948253886
 535.000000	8.3849033842073872	134.4271018323020144
 536.000000	8.1790181954143844	128.3737779996634458
 537.000000	5.8054167234152860	41.3414420320916349
 538.000000	9.4664634294183898	120.4069180441037190
 539.000000	7.4188530872377036	132.8409478977373794
 540.000000	7.8859527101841653	146.0472738360824678
 541.000000	7.6600550964135197	146.9307130235817738
 542.000000	9.1328778245975908	126.4282594052626791
 543.000000	8.3753494702277216	100.2769177061444879
 544.000000	9.6101483144757278	118.3948608953599688
 545.000000	8.5463523894066675	103.5821294738732519
 546.000000	7.8991415827142886	144.2552654161835619
 547.000000	7.6856712492054875	129.3377869700330507
 548.000000	7.5828595880485699	87.9232861163098249
 549.000000	7.6592993349756897	99.3130926871250921
 550.000000	8.1341140082695507	107.6911311558237969
 551.000000	6.8121653234182835	114.0218162762394201
 552.000000	7.9079396094753696	109.4734251390731856
 553.000000	8.4097488109973746	99.7529598530902462
 554.000000	7.2949513836272946	110.7572401869317105
 555.000000	7.6411015614810660	98.8842797180366659
 556.000000	8.9280344664384472	110.9120260299014404
 557.000000	8.1600833229162202	106.6798179940434750
 558.000000	8.0506429924312108	104.0783799118402726
 559.000000	10.1616135896054036	99.5061863272997584
 560.000000	9.1363098352758740	112.2668401899887414
 561.000000	8.5068411274705653	107.2910819101100515
 562.000000	7.7806468437780003	92.5990081128656470
 563.000000	6.9831999967642489	102.0687552397289011
 564.000000	8.0176425805124829	99.5015402045616213
 565.000000	6.1358679052602305	98.7764042488217768
 566.000000	7.2615189003045746	112.2836625507705293
 567.000000	7.4391230461957845	103.1719162144427457
 568.000000	7.4338884794199309	105.8683023219601012
 569.000000	8.3427546479005805	88.8270707501281294
 570.000000	6.9882521864292837	109.6980238817139366
 571.000000	8.0161761556114470	103.6198295128774305
 572.000000	6.0054183554603116	96.6569096358345377
 573.000000	6.3590938532452359	102.6413716106988403
 574.000000	8.2235242987085115	103.5277390071561143
 575.000000	6.4291602631298668	101.6369034519177745
 576.000000	7.1199715447975374	86.3283181804845867
 577.000000	5.9446168575987013	104.1467096921717541
 578.000000	7.1277175751197879	127.9524854936722420
 579.000000	7.0612246462604515	143.6955540486953282
 580.000000	10.3313779779792476	127.1503402257312842
 581.000000	9.2221284961625081	113.7020987051000986
 582.000000	9.5424169965874093	125.1579794460818675
 583.000000	8.6322066230642385	135.6659706347980716
 584.000000	7.2022906503871162	146.4327430358969195
 585.000000	5.5148526395977679	157.2151545431648572
 586.000000	8.5535098105248863	141.9583609697986617
 587.000000	8.3574711025702477	149.3118425214740341
 588.000000	6.4634307169737086	140.5353922695050528
 589.000000	8.8282206850753422	138.1566783522947048
 590.000000	6.3227483183627164	139.2698546371108534
 591.000000	6.1159714095199460	59.9409876373706112
 592.000000	6.6275845328400278	157.0262624783960632
 593.000000	8.8868730423256057	138.0995087084290844
 594.000000	7.3360834938218602	150.0137730544983299
 595.000000	8.5032018825110303	145.5697443433544152
 596.000000	8.2975615390029649	133.3931383686064862
 597.000000	8.2288242378706737	135.7507400170662208
 598.000000	7.5992202199181786	154.2041119807040559
 599.000000	7.1868871025811885	142.1584916552688469
 600.000000	8.2952081330772049	148.8423340719514272
 601.000000	9.3666645356260467	122.6994123627286513
 602.000000	7.1906406145231259	137.7893976381563164
 603.000000	8.1264485098299506	147.6672476931194637
 604.000000	8.2237697710466442	138.9095675380801254
 605.000000	7.9050396150657107	138.4942484765293216
 606.000000	8.5933075746773984	152.1588376583015076
 607.000000	8.0728237741108231	129.8007702910419425
 608.000000	8.4171085022511214	120.4368285783236558
 609.000000	7.6377969796801839	41.6180921668717474
 610.000000	7.8221382848368979	52.1497348608431821
 611.000000	9.4518733650199618	128.9397243543110960
 612.000000	9.5122754869098980	100.1893532587147462
 613.000000	9.4407072880385883	79.8355102379342441
 614.000000	10.2445770894003125	124.1037591197968482
 615.000000	10.3406724048451739	72.2228385495757408
 616.000000	7.7783175896843764	96.6032632277798768
 617.000000	7.9352151136057731	79.0281823534671162
 618.000000	10.5430852727982849	118.8256191035155780
 619.000000	10.0571272830515195	118.4374265841147746
 620.000000	7.4194293392000290	63.5918412538860593
 621.000000	8.2568683098129121	76.5745527050664379
 622.000000	9.1818839014804361	143.2853185833579346
 623.000000	9.1299825433768369	75.2272219716902271
 624.000000	8.4133397044693954	57.3160237567450963
 625.000000	8.9554001936084546	138.3729553770147618
 626.000000	7.8732184519558226	146.3025151287868653
 627.000000	9.1456241033224810	145.9729399522152278
 628.000000	9.0039913788082249	142.8222432737831582
 629.000000	6.8541847754192444	44.6382957452015887
 630.000000	8.0027578309909266	146.3999147127887852
 631.000000	8.4726944580832857	112.4587019793683709
 632.000000	10.3042060120454320	132.8504019487884023
 633.000000	6.8828493149158918	40.4919205431527303
 634.000000	8.7110537290630798	128.0970981242265623
 635.000000	9.1825590688549283	56.3186475720502955
 636.000000	9.1255721984218123	138.1897984452864421
 637.000000	10.5599234595112765	120.1429022433838441
 638.000000	6.6197380712724430	156.9271046519601214
 639.000000	3.4622659367601694	93.5869703523482599
 640.000000	8.5680173796760730	151.9705790045909737
 641.000000	8.6528865245525779	91.9315187684522925
 642.000000	9.8481345793660520	122.0916293167371123
 643.000000	7.1036464413937912	96.4166738865826574
 644.000000	7.3273328485839722	74.9827785080897797
 645.000000	8.6629924343306541	46.8728258661127200
 646.000000	10.5757619234312674	140.0569919432960830
 647.000000	3.1761915358995183	76.1105315737843284
 648.000000	4.2115188052197965	43.3005310291601688
 649.000000	8.3261888322291213	132.9353651813996180
 650.000000	3.2305214810926608	74.3831059197640201
 651.000000	4.6308401473259240	51.1065752100699910
 652.000000	9.8652625726571763	126.1740811922652199
 653.000000	7.1242293813520909	8.5729472231707575
 654.000000	4.8697943914536257	137.7773774326131786
 655.000000	4.2932069471806775	74.7320786679685654
 656.000000	7.6656287803450720	128.4551277372889615
 657.000000	7.8887051800782642	95.0607759279667164
 658.000000	3.6451160344196518	63.1205568756621460
 659.000000	3.5341417873569880	61.3894382264253835
 660.000000	6.2392114061990034	132.3523134423707006
 661.000000	3.3131669122228367	28.7357815309199793
 662.000000	6.7322481030563148	137.2915825881192688
 663.000000	3.4938935458457223	62.5371997465169187
 664.000000	2.8767387603831045	36.5183309462681223
 665.000000	6.4000886662009959	116.5091223563699856
 666.000000	5.8963773547963667	128.6419633428483280
 667.000000	6.9935657359849452	146.6719612909915327
 668.000000	5.2087612513256625	136.6385131676714195
 669.000000	5.3351981913347641	14.5139119250267186
 670.000000	3.1567986544294198	66.6523364101084610
 671.000000	7.9384623349253589	134.1736866202450926
 672.000000	4.6702307766309223	107.5873218007794208
 673.000000	4.9044956550878176	102.1616327004040272
 674.000000	5.4390745564877596	106.1772448377934666
 675.000000	5.1826148676414583	131.7138820759237490
 676.000000	5.4439324079985054	129.6294685332109964
 677.000000	5.0944149593263388	122.1882467803202275
 678.000000	6.6055427879048336	119.8867206794777189
 679.000000	4.6514825809647737	97.3230290266562861
 680.000000	5.5443479767672290	108.0402966422073945
 681.000000	5.9452262653491008	124.8251560108687102
 682.000000	5.6645223826431730	124.4294910592590213
 683.000000	4.8836641585725982	119.4345400272003843
 684.000000	5.8146409227295379	117.9842166886091377
 685.000000	4.7245103341578867	100.3571231686602090
 686.000000	5.3987763064563081	127.7065053081578299
 687.000000	4.9089010054027211	120.7585958107467548
 688.000000	5.9169972925427210	125.3739674170640654
 689.000000	6.5663541371507241	115.7784071590420609
 690.000000	5.0817797003135947	106.1599340467042794
 691.000000	5.1933016852795406	112.1645282980129821
 692.000000	4.8908093548167120	108.7447319430765731
 693.000000	5.7146396764793543	107.3993625781985912
 694.000000	5.5604833373130322	112.6511796601711808
 695.000000	4.8260267223578310	112.4177549608975397
 696.000000	5.4600240576813883	111.5153712622287117
 697.000000	5.0476778490355292	123.0236974204666467
 698.000000	5.0636408826776291	110.8139066582642016
 699.000000	5.1131043590810021	101.0942537871670055
 700.000000	5.1213336153161899	116.9667093091406826
 701.000000	4.8963109297810057	111.9521434694709683
 702.000000	4.5819119916903839	108.2534369234638234
 703.000000	5.7974941402900777	111.6374406294299604
 704.000000	4.6732111059970496	116.8659243516830202
 705.000000	4.7683156097316113	103.0786193005428970
 706.000000	4.5043415577146897	104.1908286781461470
 707.000000	4.4552767680039986	118.2325353833222437
 708.000000	4.1002685895749575	97.0532970836129891
 709.000000	5.2124671188892551	113.2082214056180334
 710.000000	6.6450534269320398	126.0772497077262244
 711.000000	5.1007625457594914	116.7936755848449195
 712.000000	4.9078255422184309	105.9524109305525599
 713.000000	6.7711196683669135	90.9921213141311966
 714.000000	5.7710172473878103	25.1855331122637267
 715.000000	4.1734241311440963	22.9610046748535126
 716.000000	3.1309403155560092	57.1457609607363963
 717.000000	5.1387239203537485	63.9889158375126641
 718.000000	3.7741201058245335	62.9476925155698126
 719.000000	2.9531052171910654	59.6825462530545963
 720.000000	3.4646710725804781	26.4585699941459893
 721.000000	6.0766549862824411	103.9480589867072666
 722.000000	5.4600149335108705	29.4498560508060905
 723.000000	2.9710951061745545	85.5129010808381906
 724.000000	3.7681041270681219	93.7760763981605265
 725.000000	3.9602288365520435	89.6651464744629862
 726.000000	3.1117265406414001	45.8880525343132319
 727.000000	4.5036575830377794	84.0969158521849778
 728.000000	5.5828599904688279	124.7300714827985644
 729.000000	7.5116951766807576	128.7612232718800556
 730.000000	4.3937620619769007	90.0063223680653834
 731.000000	3.0349734062079157	30.5066828341692542
 732.000000	3.2372929758386921	55.1494206612595832
 733.000000	3.6227764550892809	54.2323616665892558
 734.000000	3.4529465050933146	50.8166425269696731
 735.000000	3.4597562114889309	58.1283442648156239
 736.000000	7.5328010935265546	144.3173596907048761
 737.000000	3.1560844860475092	66.1745491608813978
 738.000000	4.3292907802429879	137.2624584913331205
 739.000000	3.5208444027848880	47.2467073411576166
 740.000000	3.9971813460889698	57.6320853710725487
 741.000000	4.2864344644977432	69.0525236364446613
 742.000000	3.9184207913753006	9.9405400246294562
 743.000000	3.2102669349820041	36.0187596316527561
 744.000000	7.2148203713824834	123.2974052471809330
 745.000000	4.8601847635619055	132.8768393950477389
 746.000000	4.4847405525461586	102.7807014814865028
 747.000000	6.5225398502447085	149.0938030886050001
 748.000000	5.1749795017983384	47.3068982109190017
 749.000000	3.0422710223201506	27.8154387123721278
 750.000000	7.4219114240575870	138.7341556709856150
 751.000000	6.3061934188952211	152.4085209341063205
 752.000000	5.8086955939020344	141.0939438879984777
 753.000000	6.7798501763359811	147.7861004783214867
 754.000000	3.5179704634674343	58.9597261737812204
 755.000000	2.9602420443366353	81.2445061627633436
 756.000000	3.8172301049635906	66.7008515757606375
 757.000000	3.4998032270423667	66.8622399860654895
 758.000000	4.6044823740766132	39.7263888704030421
 759.000000	5.9186370614499539	134.1318051420827828
 760.000000	2.9815681056825363	38.5900110778016483
 761.000000	9.0043274996690208	127.6706021578771839
 762.000000	6.5911671498961875	113.2840203991877246
 763.000000	6.6073376380702475	116.9216081425958293
 764.000000	6.3931002548940699	142.9776421236622639
 765.000000	3.1651698123462619	37.0219723608003051
 766.000000	4.7946867001314128	113.7793473940020306
 767.000000	3.6004277957535287	61.7910809312588469
 768.000000	2.8692839878992649	68.9553891855262435
 769.000000	3.8409592931183063	59.2171880757966704
 770.000000	3.1752178006454304	87.1119236042865879
 771.000000	4.8904848910061816	37.0401861400657424
 772.000000	3.2689539419518447	60.9577517022169530
 773.000000	3.4467513625645538	71.8017746147581022
 774.000000	3.0319436108605458	79.2428974241390591
 775.000000	3.9440159530507488	59.4154422594317282
 776.000000	2.9848256871898364	66.7317561530896768
 777.000000	3.6179535263990510	62.0970807606812087
 778.000000	2.9670919240607425	74.3085121649232292
 779.000000	5.8860503250559901	20.1947927195153625
 780.000000	5.4892401353391316	117.6918827888388108
 781.000000	3.1356402387571891	39.6267989822256652
 782.000000	5.1658356221722590	44.7249610343169479
 783.000000	3.5557757489577670	31.9985289796258314
 784.000000	4.1648761773777014	98.4993847746711850
 785.000000	3.4104243750338012	57.1602026917550319
 786.000000	3.8368561476417953	44.8286475768070432
 787.000000	6.3113603877103683	143.5825688182055728
 788.000000	5.6035645247756527	123.5005517880617276
 789.000000	4.2525452791486931	19.3997907422352966
 790.000000	9.2326877480430518	134.4221968281082695
 791.000000	7.4783562862989177	130.1773409982125997
 792.000000	3.4339540773516388	61.6275751090108770
 793.000000	2.7876781874825798	7.9964421776185759
 794.000000	2.9294572483252228	51.9483608699059971
 795.000000	6.9144899617410545	124.5812637468292507
 796.000000	3.3704744388016858	40.2995969209648877
 797.000000	3.2933800778361917	48.0026751301547279
 798.000000	7.2845154494646831	136.0464082592392288
 799.000000	3.7448086802280720	94.4845925944890439
 800.000000	4.3264018366205015	77.1160706755785696
 801.000000	13.1467610053941595	27.6748196822561852
 802.000000	7.8299666734397020	139.7555374275000588
 803.000000	7.1264200070900099	94.0335167284143125
 804.000000	5.3017542148883630	32.9722458659674089
 805.000000	3.0088991293775735	72.8398934889371645
 806.000000	3.0481669366677244	81.1681687433084136
 807.000000	7.7339343887386134	87.7481371564654040
 808.000000	3.9405584205522102	87.1488394299661877
 809.000000	7.6908188545262703	115.8203593694952644
 810.000000	7.0432242969538894	132.9471917681361788
 811.000000	2.9652968852562900	55.8356058999455911
 812.000000	3.1804276561870877	36.9895811544880075
 813.000000	4.7730689530357635	114.2181927310103049
 814.000000	2.9754920446730608	51.1574994701086041
 815.000000	4.0503284601824765	69.7649737939971288
 816.000000	3.2802355662535914	51.4308654595188841
 817.000000	6.5023387201543752	144.0321983453849271
 818.000000	4.8476023653080391	121.7020103555471451
 819.000000	5.7444714451428549	28.9297742686998447
 820.000000	7.2094200355627160	53.8032714276651944
 821.000000	9.4715239966271216	102.3655393431267555
 822.000000	10.7500766047525520	128.6387933700065958
 823.000000	9.8829338705614109	89.6455120352935921
 824.000000	9.3553717938907059	55.1054364868433026
 825.000000	10.4328013007775127	129.7321145031906724
 826.000000	7.5245923571242441	74.4529966291053853
 827.000000	9.9845522500863169	96.8573174871439875
 828.000000	8.3455618962200919	105.6009344543784323
 829.000000	7.9976388193583334	120.1998541688586357
 830.000000	8.1444121484617487	86.0976307180471423
 831.000000	3.8065751261344678	75.8249947786876675
 832.000000	5.5216532902862205	150.5532603986765139
 833.000000	8.3834498280936067	40.2730185852132081
 834.000000	6.6942421099889975	49.4949405702295735
 835.000000	10.4970522248946576	146.6178361930641358
 836.000000	7.9190952787755835	126.5818698201285741
 837.000000	12.6092105822378553	85.4737561271499118
 838.000000	12.2411588237223725	120.8795066770343283
 839.000000	12.6221531369807138	132.9009367709374487
 840.000000	11.3147130763502890	105.4290922080082709
 841.000000	13.2326509537308930	68.1668193649576750
 842.000000	14.5920509213877487	57.2496486929467210
 843.000000	8.7116506333659842	109.1624876552817796
 844.000000	12.2778306269824444	70.2996102693294631
 845.000000	7.9908936421879142	52.4986881873349915
 846.000000	11.0193246799556537	106.5790668625437405
 847.000000	9.4442419197201684	69.7010839749100910
 848.000000	9.4017523099857829	96.5949696949999748
 849.000000	9.4464332245897022	95.6699601805105431
 850.000000	9.1751928928045938	70.1387300929087587
 851.000000	9.1553680756406166	84.4937989356838131
 852.000000	8.4432502155510853	91.7344089853471303
 853.000000	8.3383370952095675	93.4433331276427310
 854.000000	11.3227529164002103	65.8993429448779864
 855.000000	7.3973538381237685	39.9730203920618123
 856.000000	8.3804189168012595	53.4467610457275697
 857.000000	8.6387935417421993	60.5906612515761935
 858.000000	8.8418352332716967	111.6550074093836997
 859.000000	8.7062686447826607	68.9177001476350739
 860.000000	8.7084369448458379	52.8258814678984976
 861.000000	8.3234201866344559	88.2346796322537870
 862.000000	10.4118978897873777	88.6772739825897673
 863.000000	9.7728627568801087	102.2061119739829849
 864.000000	10.1908353017173265	88.8660533098044709
 865.000000	9.2189570556342311	73.6225931126859336
 866.000000	9.4949324170145388	101.5060301907764284
 867.000000	12.0817920360835505	80.7584819991092360
 868.000000	11.7717298894047744	95.7181951000996776
 869.000000	10.5526493292095846	93.5977908740065061
 870.000000	12.3896478828614622	35.0979888457245011
 871.000000	9.6943962182701711	37.9520605346655202
 872.000000	12.4993807779280068	56.1756570650794629
 873.000000	13.1012007559819619	123.6957308270257698
 874.000000	11.8223248276921620	125.1492751999359996
 875.000000	10.5930323241357787	78.9624822685986061
 876.000000	12.3235594834734101	79.8624412272839237
 877.000000	11.7908390669156606	75.3997758751400085
 878.000000	11.7050942972480687	88.9123289104224739
 879.000000	9.5037711033842687	109.3334326630289013
 880.000000	11.0417590205886480	72.9299704753092755
 881.000000	13.2074943694902913	64.7720729440019056
 882.000000	11.7144323719668968	133.9129176331659323
 883.000000	11.2057186024068987	124.8951869532675829
 884.000000	12.1892127067983296	136.0498053193929309
 885.000000	11.4655882999093404	124.3664502344944225
 886.000000	11.5827086433425972	111.6486911608883901
 887.000000	11.2883072843962413	142.7530736911222675
 888.000000	11.5216346947421719	145.0042323018323316
 889.000000	12.7860474054031688	146.5670408294107574
 890.000000	10.8473066983980058	97.5130748060597199
 891.000000	10.4855086244159050	123.6575549939201721
 892.000000	10.9071889882907982	154.0900007264917519
 893.000000	9.5110183271845390	105.9296869586803496
 894.000000	11.5156735762740485	126.7260342433307301
 895.000000	11.3494483492487355	143.3229724482393692
 896.000000	11.1822553743994675	130.0191291509524376
 897.000000	8.5521477740133172	84.9524539359582320
 898.000000	9.4272402797748320	94.4105481413159708
 899.000000	11.8103063657678646	146.8689103608416247
 900.000000	12.2170825854768079	105.4731321592023505
 901.000000	12.5339845303045383	123.9692667289894530
 902.000000	13.0730846015807369	151.2711938503437352
 903.000000	11.9779509354154801	115.1940662018294006
 904.000000	13.0370715629734963	155.2257830644056185
 905.000000	12.6444211053598448	51.6471041679008067
 906.000000	11.1041600054840099	77.1012186035230087
 907.000000	10.8192931883247017	111.7747231467739795
 908.000000	11.7047749416251499	80.8726613318710150
 909.000000	9.9537669421897395	47.3376817840089643
 910.000000	9.7687472257214587	75.0436420821528003
 911.000000	11.0032450591427082	88.5466120824991236
 912.000000	11.2821854642643267	91.7034243917051128
 913.000000	12.2457257738256349	84.6972944762981115
 914.000000	12.3762724794374250	86.9225879875205578
 915.000000	11.2465579255439572	62.3943827285956303
 916.000000	9.6087944603002473	87.5744961587332966
 917.000000	11.8875997057723097	111.9346850981132775
 918.000000	11.7736350280912827	81.1685801713902748
 919.000000	10.5282401939140247	81.2202564657008281
 920.000000	11.5674209168928392	104.4309197050201021
 921.000000	12.4893409260448056	90.8886378797505188
 922.000000	9.2012581259101029	50.5794544167076197
 923.000000	11.9985077383022016	79.0004198074959731
 924.000000	11.4727819800607289	75.1874093552453786
 925.000000	11.7188591272252847	91.8617109001444305
 926.000000	11.7033691590100002	76.8800254561008956
 927.000000	11.7668984375390568	82.3600341822286310
 928.000000	11.9597976477630059	63.7627787802357631
 929.000000	11.0827530782195289	56.9375827859062298
 930.000000	11.5184546350190509	87.5147454117028047
 931.000000	11.2130005563577217	63.3879315638205867
 932.000000	12.3767832982413992	60.7105730359266431
 933.000000	12.0438713013954430	83.7284860729145350
 934.000000	9.8726708053513512	110.7739920838228898
 935.000000	9.3050893997269917	118.5375427035607743
 936.000000	7.0884135066282283	56.0746400003213381
 937.000000	10.9214638939044004	126.0616744691631652
 938.000000	7.2625969653003004	136.4248547343253790
 939.000000	8.4872615518405965	127.4749131531281421
 940.000000	9.5438032402396953	122.6513829218778540
 941.000000	10.3981297500129433	107.3652907636763558
 942.000000	7.3954410655335145	70.0034859438743098
 943.000000	5.9913551102068121	63.0583457108283341
 944.000000	11.0715720613685917	115.4072172305652799
 945.000000	9.0848569306861862	136.0736627777145884
 946.000000	9.2818773295692907	97.6419159122150830
 947.000000	6.2108107241875521	61.9161137612996413
 948.000000	8.1983265471902218	54.1087840089046352
 949.000000	8.2589590901923309	47.0449506001579891
 950.000000	8.3686445653891468	110.7858764034748447
 951.000000	9.7557541714180775	137.2794408089354761
 952.000000	10.4581017488961869	109.6954882094928081
 953.000000	6.1315275830131792	45.4579464861928102
 954.000000	8.4752619156482218	101.8705538388374094
 955.000000	8.8759185634843085	136.4628945922827938
 956.000000	8.1145451631909058	135.2271171878709310
 957.000000	7.1239631584858163	162.4099391273043409
 958.000000	8.7286879490404399	131.7479842318128078
 959.000000	8.9186772820189866	140.7398424608892071
 960.000000	8.0220103337909059	47.4261749468336689
 961.000000	9.9284075608095286	111.1316624761680458
 962.000000	10.2658600035417322	129.7527972298782117
 963.000000	6.6827270350422632	147.5475005348521336
 964.000000	9.8507025520688973	117.9754139543312021
 965.000000	7.9370803027300143	115.4441565224531701
 966.000000	9.7775159647730110	102.7604130611521924
 967.000000	10.2204472060622678	108.8917562997696962
 968.000000	11.8166668432652884	110.3993127760089692
 969.000000	7.4093989964329463	109.1862640250765253
 970.000000	12.4566404200478704	126.1959524069545182
 971.000000	11.0996110616255468	157.6880935657086980
 972.000000	10.2656903798827344	151.6913134716024274
 973.000000	11.9476280457143815	129.1439935134789607
 974.000000	9.6937456327990166	160.1022650193171444
 975.000000	10.8976443507595508	141.6721653465781969
 976.000000	9.9452266892242935	133.0630679072621660
 977.000000	12.8453402965776409	103.2064934480190175
 978.000000	7.2774163563515657	103.5477727751581654
 979.000000	3.1472237678434096	119.3910172469459781
 980.000000	5.3888300079583624	112.9901150507753584
 981.000000	3.3978257753017767	110.5101652818711955
 982.000000	9.1003756916443432	104.0331917170476430
 983.000000	9.3650568859942442	99.4295959010393631
 984.000000	9.3513316633446220	104.9013909874948780
 985.000000	3.8290533558973685	106.5242965277649745
 986.000000	6.2670042035386428	111.2446381288893775
 987.000000	8.1366234691828208	107.6223419605530154
 988.000000	10.3238478263019555	104.2602001253214041
 989.000000	13.5422176824724279	95.4494169907122938
 990.000000	9.1885342037965678	131.7808216912497130
 991.000000	9.1216861760866923	96.4304808448359410
 992.000000	10.8538497173901867	115.7569037502532012
 993.000000	5.7334854521543086	125.5148719435723592
 994.000000	3.7688384142341058	124.4692147737685843
 995.000000	4.2912187934727015	120.0738987025532083
 996.000000	5.6106667867306124	133.2127234929469637
 997.000000	6.8683040018115333	82.8580807167876401
 998.000000	10.3536576881430644	106.8581301800391969
 999.000000	7.3425887102930858	131.6074499596952307
 1000.000000	4.2288660773333637	130.4176489240769001
 1001.000000	10.2904110460494600	129.1534646266975130
 1002.000000	8.9431404798288163	107.3770475030000853
 1003.000000	3.2275897395221200	94.2129679522816730
 1004.000000	8.1856958598990630	117.4193925411397146
 1005.000000	4.8649185938996951	122.0197942066332928
 1006.000000	7.4160415268484199	143.8389869648874537
 1007.000000	4.0332555289369596	103.6457877170059731
 1008.000000	3.4914072950141271	117.1223244631677574
 1009.000000	3.3812905868429275	135.8546609162480650
 1010.000000	5.6118595992138331	119.9349136115500301
 1011.000000	5.7042121462773885	89.0168837298427889
 1012.000000	4.8108361426861785	101.9952327376886103
 1013.000000	5.3952344915545325	89.3076066613907216
 1014.000000	8.3482498371009122	113.0517717083795191
 1015.000000	5.2813675272063598	124.7195280526266288
 1016.000000	8.7397184362180234	93.9301244049381836
 1017.000000	9.4233704153295061	126.4517230652173936
 1018.000000	6.5908429508708721	105.8707465309740741
 1019.000000	8.9444246243970973	98.7184954998582640
 1020.000000	7.9110253423753143	118.5684677739851196
 1021.000000	7.7497861422019607	125.6855457061986385
 1022.000000	8.7944907471359937	113.9474554896229108
 1023.000000	11.0967768612185207	101.4808959860945237
 1024.000000	9.2604985055265701	107.3061283181350518
 1025.000000	9.3271474348527477	111.3597646992891157
 1026.000000	6.6405201245476375	113.3782030909608665
 1027.000000	12.3523832825299920	115.6595616492073049
 1028.000000	9.8797930113502712	122.5678721219453564
 1029.000000	11.5701920670722469	113.8982754901511782
 1030.000000	9.3276774168980428	113.9510051358698064
 1031.000000	9.0660163735320314	112.4460883872287980
 1032.000000	10.3095607550939299	111.4326848759538393
 1033.000000	10.2308271988311308	134.4806618275044343
 1034.000000	8.1627049334979223	101.9991864380077971
 1035.000000	6.1952733481909599	116.1569083704650893
 1036.000000	6.1709961079055722	122.8965042592977710
 1037.000000	5.3826573831232309	127.9190366592052470
 1038.000000	5.9525168934910715	128.2405464523361616
 1039.000000	5.1916832849791783	137.4044612139008450
 1040.000000	5.4580126408806802	124.2111034102470342
 1041.000000	4.7384565298664789	142.6948132271504619
 1042.000000	4.3816189795695522	143.0692245469170416
 1043.000000	4.8267676204226504	127.0321013001842800
 1044.000000	6.5672483751033814	135.7254844786338595
 1045.000000	4.9942978814789800	130.7559884558747001
 1046.000000	4.7179031111596323	122.4966765210625397
 1047.000000	5.3910864639531360	136.8375948661912105
 1048.000000	4.2553990926815874	131.5094717285027173
 1049.000000	4.8771413408402555	138.2307845127419625
 1050.000000	5.1148337050447701	124.5119386888356701
 1051.000000	5.9003997716549588	133.7664542110906041
 1052.000000	5.9973061323499426	116.0581669441196198
 1053.000000	6.1035286239119033	134.9138302851700359
 1054.000000	4.5962248528860039	119.3087890382474825
 1055.000000	7.1265546854671715	121.1701830926202206
 1056.000000	5.7376402936112054	109.4333117091509280
 1057.000000	5.3801737711069837	131.3391064143942515
 1058.000000	5.2188498355340389	130.8893180505745590
 1059.000000	5.2240108482979482	129.1318659744092656
 1060.000000	5.5702303543780101	143.6317132836593089
 1061.000000	5.1882967141665528	127.9764628694960038
 1062.000000	4.9218378230682074	133.1785127324289135
 1063.000000	6.3381801567895231	127.5647638225604226
 1064.000000	5.2934569586025431	132.6194122251379781
 1065.000000	5.4149115767872491	144.0767239720458690
 1066.000000	5.1628752762616381	137.3337567983717804
 1067.000000	5.3180111879350802	145.4800827739476290
 1068.000000	4.8688044632008696	124.4686342832754065
 1069.000000	5.2125374779406650	147.2130362026925923
 1070.000000	4.6780254143582907	128.5495043553040659
 1071.000000	5.0677159489975372	130.3657887818338850
 1072.000000	5.5698757299384241	136.8431614378989138
 1073.000000	5.8086442945918231	125.6544018888742187
 1074.000000	7.6570105278536404	105.0560403815834434
 1075.000000	6.2235737395896420	112.2582363663594975
 1076.000000	4.4165492147914485	136.9129392858278038
 1077.000000	6.1473335872453854	102.4215742662173056
 1078.000000	6.0785631081380505	103.8673411210777715
 1079.000000	3.8906262302208230	125.6984969424031817
 1080.000000	3.9077765680448051	111.1479483348161779
 1081.000000	4.8397701397747843	121.2470537944567468
 1082.000000	6.2958850548724046	95.6009327725583233
 1083.000000	4.2000254662494774	106.0951937559793237
 1084.000000	3.7934068468304409	121.0428627574623732
 1085.000000	4.2741125892174585	94.7621937421050973
 1086.000000	8.5643928652008761	103.7421625181450651
 1087.000000	3.8362213440836843	95.2191485262169408
 1088.000000	7.0336330173007289	114.0552751655751393
 1089.000000	7.2290748727933183	96.9708340057587890
 1090.000000	5.9403575207661534	91.9371970895678743
 1091.000000	7.6349229011281254	112.0563111360884250
 1092.000000	7.4310473880649068	98.9803109458276964
 1093.000000	7.2773514433492803	111.6202962501756701
 1094.000000	3.2451635390946283	108.2743732263553795
 1095.000000	7.5924555761550305	102.3519797112344776
 1096.000000	3.9293580567291633	119.7761838054187820
 1097.000000	3.4089849274245214	85.9727735670485202
 1098.000000	4.0453712229782024	97.9890068342181593
 1099.000000	7.4953124860734173	109.7252040430774258
 1100.000000	7.6743930464900316	108.8292173907182132
 1101.000000	6.9901972596250070	118.4868148660378040
 1102.000000	3.5091929674844411	84.2046117437229356
 1103.000000	5.9133579869469415	132.4588211674576712
 1104.000000	4.4762477368884541	102.5558719433835080
 1105.000000	3.6179641969998011	94.3074607916465339
 1106.000000	6.6138752791119249	94.7565505015909366
 1107.000000	3.6649265532331472	123.6915930682744147
 1108.000000	6.9787681652533351	102.0216097081552959
 1109.000000	3.2187360381739296	121.7711759401431380
 1110.000000	9.3474601076639825	100.8182469930571443
 1111.000000	3.2336157105210988	100.4773997454882704
 1112.000000	3.1708847668425935	111.3431918828334943
 1113.000000	3.2530507341513801	105.5173347130794497
 1114.000000	8.8119730658490507	100.0826251378363736
 1115.000000	5.7758237498785876	104.5915578558334005
 1116.000000	6.8053974606042811	120.9915734538209335
 1117.000000	4.3494748811156976	97.3236855142196191
 1118.000000	8.4055878003432394	106.6427886422285667
 1119.000000	9.3576359164703788	130.1813720855205929
 1120.000000	8.7610478872187727	107.2947167794089864
 1121.000000	8.9669987019908284	156.2831287814211407
 1122.000000	8.8962671389206456	121.5597018855578142
 1123.000000	7.4766764586766277	152.0747979039061875
 1124.000000	8.4739459291727339	109.6677860290175772
 1125.000000	8.0033122430266221	107.4325538343866242
 1126.000000	9.5015218524466771	113.3337622696001716
 1127.000000	7.2889026585993477	106.2534966011224498
 1128.000000	7.6347623667759734	107.8114630887079102
 1129.000000	9.0224967118873618	105.8037401329861353
 1130.000000	8.9702641958888201	59.1719975699268872
 1131.000000	8.2474102391314545	83.0023278820693236
 1132.000000	8.6365085756668929	138.2686267436028800
 1133.000000	10.3325945336059029	112.0174312153318112
 1134.000000	7.2599782972558282	66.4285402549866149
 1135.000000	7.8944848735988202	68.0316065880286232
 1136.000000	9.6491788350886942	136.9920279000156143
 1137.000000	10.2486041322231269	124.2410911073990860
 1138.000000	9.8848148032521266	121.9155091174485648
 1139.000000	10.0224580748056518	49.4256862962824925
 1140.000000	9.7517541219284336	134.2552901981875095
 1141.000000	9.9710235716933528	134.9319677263164863
 1142.000000	10.0757728539836808	123.0283671691742597
 1143.000000	10.8493380443192837	110.3853003805817252
 1144.000000	8.5661900006435658	70.3430224707623637
 1145.000000	10.7337013881324026	110.6716205825530608
 1146.000000	9.1789470841641752	126.1767510300446418
 1147.000000	11.0472971111222282	121.6291071832447273
 1148.000000	9.0435558502977162	82.1457180352946352
 1149.000000	9.1790536745061004	136.6095118826272312
 1150.000000	9.7468166277111070	141.0367184863731040
 1151.000000	10.2383290879918292	112.9992544658963425
 1152.000000	10.6508354834987315	89.8076045719884632
 1153.000000	6.0381178271569667	34.2528701635077084
 1154.000000	6.9090430029733207	69.6141268891619518
 1155.000000	9.7082399789223963	134.8836682100244673
 1156.000000	10.3499949830023450	122.3152894728962821
 1157.000000	8.5386899707132464	80.4122154571084593
 1158.000000	10.0347436409432511	98.4338621506782516
 1159.000000	9.5585132645246631	106.0451545772477999
 1160.000000	10.9201533725442541	134.0166973412715947
 1161.000000	7.4465923653817212	109.0380048925745626
 1162.000000	9.1486232770834945	98.2538825578295842
 1163.000000	8.0634400473586787	106.8623967743455836
 1164.000000	6.0507272661169171	108.6548347978806532
 1165.000000	8.7705814875643568	119.4258005644166190
 1166.000000	7.4139258276323430	99.1032632540925533
 1167.000000	8.0919686461281675	125.3248931909131869
 1168.000000	8.9459438368380102	106.7269926986359962
 1169.000000	7.0899796388859020	112.9182437585693464
 1170.000000	7.3646935849207962	113.3134168631062408
 1171.000000	9.1940232699151654	108.6962590786078380
 1172.000000	10.2320003858747164	108.2539745632161896
 1173.000000	9.8296394553279658	100.1616763824474390
 1174.000000	8.5796039729471563	109.9113497200910246
 1175.000000	7.9409634096079662	100.7222759551784179
 1176.000000	7.7131738395848064	106.0082151391861345
 1177.000000	8.6036802837480053	99.6495257788106983
 1178.000000	6.6458618929032802	118.3297357251496464
 1179.000000	8.6808022608443824	100.1056493428794880
 1180.000000	8.5990632513203309	119.1156727416862395
 1181.000000	8.0503518366525686	99.1379668331370141
 1182.000000	7.6832403074726985	121.1406826290089782
 1183.000000	7.9837668152758345	117.9279603537272862
 1184.000000	7.1834906854088834	102.0316939154404849
 1185.000000	10.0271516775077547	98.9495856333587511
 1186.000000	11.4980959554373623	110.3497519363123445
 1187.000000	9.7926922806782759	100.6378053781718620
 1188.000000	10.3820768638566054	108.0754982874561563
 1189.000000	12.1010414856281834	104.4697038802260778
 1190.000000	9.4474508403936905	118.7971810428971935
 1191.000000	11.3225446065949900	120.0768485694799210
 1192.000000	7.4376034459338642	117.1735436381662652
 1193.000000	7.9010070510668147	107.2924691203249949
 1194.000000	9.6617386191562460	99.6418307774080745
 1195.000000	9.3411937162433301	99.3348296489728142
 1196.000000	6.8525360758538989	114.4498420292658665
 1197.000000	8.1528573738763601	100.3871053092356220
 1198.000000	8.4809165149130923	109.8889346364968986
 1199.000000	7.2747968222387325	103.3073383958357425
 1200.000000	7.6090364963556789	92.1244945425926289
 1201.000000	8.8963193812533330	112.7517939852299236
 1202.000000	6.3232252237577287	131.5522898337269169
 1203.000000	5.0327086190701484	135.4433127952543714
 1204.000000	8.5549691591916641	135.8644374505981887
 1205.000000	9.3060652266084531	104.6241030368629055
 1206.000000	9.2905130698437368	124.9158361218232898
 1207.000000	6.1482144073622935	22.3272857385062764
 1208.000000	6.2931718647549806	34.2612003115599180
 1209.000000	10.1051802407121123	145.5898304849077931
 1210.000000	11.6412493821252276	132.1879943392564201
 1211.000000	10.5628993037054677	104.0710159691131338
 1212.000000	10.3043269628163277	65.7540542529675207
 1213.000000	11.3800515624104843	136.4174552320110934
 1214.000000	7.7265835327544057	30.6384906037207543
 1215.000000	12.6539728904068749	126.9224538243922495
 1216.000000	8.3658198864986453	46.5697035935863539
 1217.000000	7.1291183286442736	10.9921750242925214
 1218.000000	7.0683550478719797	41.2354655380294730
 1219.000000	10.5185830116180448	127.7881119863142345
 1220.000000	10.8640431219914202	146.7428327319445316
 1221.000000	10.7250511241400179	71.4305412468692964
 1222.000000	9.5984571899781468	115.7542233130798763
 1223.000000	9.8968797321357975	82.4313792891426118
 1224.000000	7.8384972697085908	54.2945212061015638
 1225.000000	10.3053853176301793	124.6025459305308374
 1226.000000	10.7486245654318306	118.2435532824557072
 1227.000000	9.5427385726403280	24.9907119233140520
 1228.000000	6.9270752644116147	2.6414280990295822
 1229.000000	3.1660906301256340	60.2182919205914118
 1230.000000	8.9628662798871694	134.9785514689212391
 1231.000000	9.9053856653369472	94.3398527895376589
 1232.000000	10.7257801134840935	71.2565361388834049
 1233.000000	11.7258936533385096	84.5686018079383928
 1234.000000	12.7959274542870229	82.7112073461871660
 1235.000000	10.9325048398461924	51.7207015544136937
 1236.000000	11.7577388632859261	82.2741726837865599
 1237.000000	11.2738296341227890	75.3643402859796652
 1238.000000	11.4684785388783332	86.9762399038079792
 1239.000000	10.2419891560004448	84.3731448153392023
 1240.000000	11.1226703439019072	91.7516603500627497
 1241.000000	11.1749054883464893	81.2110532181668248
 1242.000000	11.3997809380270034	101.3794013952630308
 1243.000000	11.6812067626030327	82.6889973578503827
 1244.000000	12.6008389347267773	78.3894143898713907
 1245.000000	12.5576753217724946	72.3239357650317061
 1246.000000	11.4327742436128101	69.3825268930236376
 1247.000000	11.9894817344471019	131.8336925533212138
 1248.000000	10.4167572962127171	100.0878836595389885
 1249.000000	12.6679029565530410	101.3525168423597194
 1250.000000	12.1420681188336221	91.9062444028401728
 1251.000000	12.5871508857964969	92.0658148565856322
 1252.000000	12.6338264894562755	67.1787532000716539
 1253.000000	12.9016181034299731	75.7204979366366473
 1254.000000	11.7762983266883872	54.2710539601971647
 1255.000000	8.9270325452547254	87.5050961298476722
 1256.000000	12.9193060068712917	55.1366010481367255
 1257.000000	6.3768357456805118	12.3265388404261387
 1258.000000	4.8736218623169343	122.4472257394105839
 1259.000000	3.0223197658522731	59.6122300799109297
 1260.000000	8.1260565239377556	12.3949439671748962
 1261.000000	11.7606324523445736	135.4445925999508518
 1262.000000	12.0903489694294688	139.2752206527827639
 1263.000000	12.1969055950751848	72.8988139965102278
 1264.000000	14.9955273190277758	48.2286035266843101
 1265.000000	7.8981026280213991	25.1394537015149524
 1266.000000	12.4417820899615634	117.2509817156619221
 1267.000000	15.2518736956533960	44.7582935831189843
 1268.000000	13.6691733453646656	120.1949196095654600
 1269.000000	8.4913570117449044	66.0977513299256856
 1270.000000	6.5020170345109829	58.3142297483206136
 1271.000000	6.5531237843399559	58.6061643600023672
 1272.000000	9.8374422499816632	91.3046440420466325
 1273.000000	8.7478506847946136	34.5123672822319065
 1274.000000	9.5237392574679909	74.1917610223334947
 1275.000000	7.9587123464459664	37.6169839018051277
 1276.000000	8.2156995494175167	135.5313553552230701
 1277.000000	6.1914893446925108	64.3619088191464641
 1278.000000	4.8707308617757006	34.4668212257449227
 1279.000000	6.5311829031599107	81.0462165867190123
 1280.000000	7.6195107481820683	142.0232685140884428
 1281.000000	5.8136454821964829	78.3406447695474526
 1282.000000	8.9837008113958010	132.9799027698531404
 1283.000000	7.3254330712498748	131.0327768097138232
 1284.000000	2.9328891044773773	35.5271302723873248
 1285.000000	9.2060734108716034	106.8531890728853710
 1286.000000	9.6830858858551778	105.5277376713340232
 1287.000000	9.7149845520846085	88.1234871133574416
 1288.000000	9.9154544393178625	109.5070886053273256
 1289.000000	9.8742851170167345	93.3092610696059381
 1290.000000	9.4724620091058664	107.0569595089144173
 1291.000000	9.7617138723693468	106.1073323646794648
 1292.000000	9.9242889309289595	92.7516943001628533
 1293.000000	10.3056309121768166	105.6210114297819018
 1294.000000	8.4016143349339671	77.1412148084867795
 1295.000000	9.6780670195524916	96.4389383817100168
 1296.000000	9.6760558628797959	88.3342302410794815
 1297.000000	9.8340586926107072	97.9469882906324614
 1298.000000	11.0850115069352793	121.0287127078040612
 1299.000000	8.7306673625398492	122.3496866651597657
 1300.000000	9.6161448780551808	82.9125451033092418
 1301.000000	9.9154073032268837	132.0653013121640527
 1302.000000	4.3113706322539809	120.1737219954641489
 1303.000000	8.0047977135677879	142.4446174854518574
 1304.000000	5.7771161126705106	134.5817599235803641
 1305.000000	3.0825314213275203	69.7249284090436987
 1306.000000	7.4315186380472564	151.8282745827062286
 1307.000000	5.5406674359451413	139.4311930153969854
 1308.000000	5.6622476271614453	117.2991126744054782
 1309.000000	7.6648480437814195	142.2938852221865886
 1310.000000	3.4616047903859317	52.9403996346789398
 1311.000000	3.7131021656426020	56.5292032829818396
 1312.000000	3.8768764176425266	49.5661407371866289
 1313.000000	3.7795070940674758	33.0564014556040888
 1314.000000	4.4534932185992533	93.4875592197763012
 1315.000000	7.9480208660287222	154.9592286503707328
 1316.000000	3.2699593666101534	73.9900895805023993
 1317.000000	3.5885686833376367	86.7993990325259404
 1318.000000	5.3015846828841209	108.9498250309398912
 1319.000000	4.3141228733049335	48.8741178169264572
 1320.000000	4.6785691725689631	28.9517267228538913
 1321.000000	4.6780006328449950	105.2987880754123466
 1322.000000	3.4260713889727672	58.9762356828374266
 1323.000000	6.1369931930066919	147.8041380165143437
 1324.000000	3.9083146932883768	96.7093556034880208
 1325.000000	5.9972381624092739	111.3169072281564524
 1326.000000	3.1167874600296814	81.1993538061705067
 1327.000000	3.5331212500762836	12.2583853345130649
 1328.000000	3.2594487811971686	56.2868148315179866
 1329.000000	4.8618538556945019	101.0300747040753180
 1330.000000	7.7995307915982073	145.4909125717571214
 1331.000000	3.0911201089306037	39.1084964519313303
 1332.000000	4.0533611617264373	88.4291291816905130
 1333.000000	3.2084253218699219	54.5047395682282172
 1334.000000	3.7327573302000343	43.3571577539314319
 1335.000000	4.0859515088664908	51.1515548778662890
 1336.000000	3.9434789750119381	48.0521561102753765
 1337.000000	3.7599370219480757	83.5642564979877136
 1338.000000	7.1098076876462040	146.2692986257477514
 1339.000000	6.4156212811032329	148.9981784669433580
 1340.000000	3.9469608380079930	59.0258674259609677
 1341.000000	2.8778781554910711	32.9684174937610806
 1342.000000	5.1884222534767748	26.6886911849085493
 1343.000000	6.7350999822437574	142.7807778063069293
 1344.000000	3.8415428590772613	32.1403634259352202
 1345.000000	4.1196592577848135	116.8028293394839352
 1346.000000	3.7083489549236219	60.6666923366750410
 1347.000000	8.7764845963613194	132.1038155547422832
 1348.000000	4.2109097312507089	103.6087225629306090
 1349.000000	4.0686576453849170	92.0799512195317078
 1350.000000	3.1136016582856492	89.7050494019219400
 1351.000000	6.6918455327233604	132.7462764872792036
 1352.000000	7.8399145655721769	60.5400854479410526
 1353.000000	7.0504854330514597	88.3730113518847418
 1354.000000	8.2080501550271521	91.7464701548108508
 1355.000000	9.3402432050384743	62.6257266216425847
 1356.000000	10.7097771465356910	134.2288707500318310
 1357.000000	11.4968272436746144	106.7223285663988150
 1358.000000	10.8341281085057375	107.9223819972459495
 1359.000000	10.0010405324880640	111.6247165960614751
 1360.000000	8.9000242774222293	156.3620503384792642
 1361.000000	7.6991304592518262	104.2704616077223108
 1362.000000	7.3151140357688478	74.9593176975489826
 1363.000000	10.0211749199639577	122.9878356190864110
 1364.000000	8.9037234642882179	130.4318433925775196
 1365.000000	9.4615248563403664	122.0705796210744438
 1366.000000	9.9577770217406290	135.5261643292128610
 1367.000000	8.4445249660784611	146.2889231298490529
 1368.000000	8.5233084989152257	145.0965914327827022
 1369.000000	8.9026061898164990	96.9352983174905063
 1370.000000	9.9042049058265071	135.1911583127556753
 1371.000000	9.1773751838063600	130.7905972069930556
 1372.000000	9.2438640349973902	82.4559899026043723
 1373.000000	10.4406144925137347	141.9235510691974582
 1374.000000	10.2845975792368343	142.2714955351090111
 1375.000000	8.2202100308771051	158.6433564362164361
 1376.000000	9.7319387296393387	116.6083731485537385
 1377.000000	9.4182106614176657	135.5993763367375777
 1378.000000	6.4105358174545009	15.6578871194376461
 1379.000000	6.0333970001301465	44.4190395588588558
 1380.000000	7.9006018199037040	35.7106383798185050
 1381.000000	10.3001593994506884	114.4792664785405378
 1382.000000	8.8837132548720135	133.2274083587514326
 1383.000000	10.1453879991230291	66.9959084541381316
 1384.000000	8.3153621407860872	116.0355289147729252
 1385.000000	10.1036769267241766	133.3941116159327294
 1386.000000	7.8568972768340073	68.0985391134181270
 1387.000000	9.8559427127813564	82.6123689994473693
 1388.000000	8.4546007758288084	78.7162574025784068
 1389.000000	11.2870707304354223	126.4815182566837422
 1390.000000	9.2457407908501690	146.7869096731476475
 1391.000000	8.0734910848487615	145.6099409974756327
 1392.000000	5.7185864621365248	38.8366887660410782
 1393.000000	10.0484749393969750	140.3971295455201584
 1394.000000	3.0177764070464206	41.2685624604937686
 1395.000000	3.5055590351794006	64.2049983021797601
 1396.000000	3.5633348558756772	44.8110351807863765
 1397.000000	8.8462864232356715	128.3076997461895701
 1398.000000	3.4026291110137135	70.2937737453437137
 1399.000000	3.0782184957511065	79.9778950128054618
 1400.000000	4.1005839150496897	82.3404919870349943
 1401.000000	3.5054814114673363	55.8075558599317958
 1402.000000	3.1556391426966255	43.5580880197265969
 1403.000000	3.4485737676680475	57.4524380468621700
 1404.000000	5.9876572758889539	29.9171190215585625
 1405.000000	4.4896062407789277	39.1845295560449074
 1406.000000	3.6652603753647859	62.1504679346147668
 1407.000000	2.8955192385370885	14.1611088710241120
 1408.000000	3.5314798631739621	47.9182040218578607
 1409.000000	3.2132475625872692	23.3522837117490951
 1410.000000	5.5725454733554267	109.2357301425242611
 1411.000000	4.0871877787392110	57.7153013805476149
 1412.000000	3.4081966456231103	74.1441332427086195
 1413.000000	3.5760812010358780	75.2563100301420889
 1414.000000	3.6449006903983263	111.7368295727936953
 1415.000000	7.5505449734393313	160.4952280622749186
 1416.000000	6.1310290169816559	125.7788219835692871
 1417.000000	3.8682724381334919	3.7123325348850642
 1418.000000	2.9720315790719618	65.2017531097069707
 1419.000000	7.5084311492885067	142.0382158886126263
 1420.000000	4.0884175228602073	105.2828080889371307
 1421.000000	7.3513818817686438	24.7813579145132223
 1422.000000	6.4020317063675973	119.7043847951594557
 1423.000000	3.6652270114471630	85.6055390829616840
 1424.000000	3.7449239877825451	53.1801182882214647
 1425.000000	6.7852260713812846	143.5177903418828009
 1426.000000	3.0948804520153699	43.4658246894557863
 1427.000000	4.0578230008843388	61.0061698680197964
 1428.000000	5.8665068262259945	141.0960889017128750
 1429.000000	7.0247298561446838	125.1704676549330486
 1430.000000	7.8752791038500218	129.1374740904652185
 1431.000000	5.7595349604133173	139.5524403635688486
 1432.000000	3.4611967763504774	65.7179618258253555
 1433.000000	5.6639577582929288	135.9520355169109394
 1434.000000	7.2323532443342904	148.7865502698338105
 1435.000000	3.9837849200840516	70.9028216096477593
 1436.000000	5.6141620873284559	109.4720888573734356
 1437.000000	7.1667304897690762	66.1305584969232001
 1438.000000	5.0462419444053204	52.5317679001601903
 1439.000000	2.7781494130337854	112.4090188810883291
 1440.000000	2.7509888256582049	13.4737123630023063
 1441.000000	8.7842278093738351	132.8862706648750986
 1442.000000	9.5197035249404429	81.2341472508289257
 1443.000000	10.9525510925513512	126.4799357769829840
 1444.000000	9.2932131940230498	31.4631136855651619
 1445.000000	8.4055051901037459	140.6849970575645443
 1446.000000	7.1751167973725396	82.6406220618548275
 1447.000000	9.8715800386668846	68.2749887057942431
 1448.000000	8.1626939591325680	124.1182291229175121
 1449.000000	11.2012279010440636	99.5309795875123626
 1450.000000	7.7356445024217466	84.3999073332159639
 1451.000000	9.3090101987204878	126.7320211472512597
 1452.000000	9.7771958610496323	66.5920138561379247
 1453.000000	9.2657844364193949	133.9478255351517362
 1454.000000	8.5294941108673612	45.0977014686055497
 1455.000000	9.3523002937665733	131.4477122134593401
 1456.000000	9.1096215460731713	130.0973355602299648
 1457.000000	8.9634726492986960	141.0389354028528430
 1458.000000	7.9729709897630414	90.7229757089765485
 1459.000000	9.9147120268277682	128.3602325260328314
 1460.000000	7.9462469170963415	37.7036218812011725
 1461.000000	15.5186210507958240	103.1494784350391427
 1462.000000	4.9368985941226411	88.6532017774222112
 1463.000000	3.8622901485834427	120.8927002266247541
 1464.000000	3.0965718396291435	126.2659419371325100
 1465.000000	7.5182829861148157	115.4607877507918232
 1466.000000	2.9299483198082004	121.5649401849464368
 1467.000000	2.8824633674029463	129.1551352342685846
 1468.000000	4.4608556401945352	94.7608695205734790
 1469.000000	3.9414012806797483	109.8811641730221993
 1470.000000	8.1056640546497540	95.1552746812116652
 1471.000000	4.0883012280687723	137.9629341784103360
 1472.000000	3.1480734898139904	121.7540224709884029
 1473.000000	4.5609404146466721	131.4494423767246190
 1474.000000	3.6789546944766918	129.0434446850977110
 1475.000000	3.3668326471572589	106.2082595125034743
 1476.000000	2.8239805731471974	119.1377406061233160
 1477.000000	4.2149328404915227	101.9169533103029579
 1478.000000	5.4096824595298250	116.2788508970050145
 1479.000000	4.2588098420827132	60.0231582604256033
 1480.000000	3.1164356758778036	107.3945720042101613
 1481.000000	4.2315183333682604	113.9912557870647731
 1482.000000	4.3803269920095467	93.4501650548099150
 1483.000000	7.3955140555017209	100.4517790757799247
 1484.000000	3.8146783081747118	103.6765896310240009
 1485.000000	5.5317550797580131	110.7886433916128368
 1486.000000	3.8095409443104531	116.5259344273878241
 1487.000000	3.1550887140010473	106.5367058295830418
 1488.000000	3.8079864559056795	100.2525143606775941
 1489.000000	3.3377054529519592	109.3248155861778201
 1490.000000	3.2115493740055485	118.5034708551879987
 1491.000000	7.9561913308583918	106.3445518126746094
 1492.000000	2.8150248307924999	112.5867346625292811
 1493.000000	10.3405586213776459	105.4099305981162047
 1494.000000	8.2007637316356554	86.9134354852414788
 1495.000000	12.7103806989297681	115.8574592651915935
 1496.000000	9.5260701761612872	116.9507269251777757
 1497.000000	8.8286157225217519	104.1992672106040914
 1498.000000	10.5285063083321617	106.9694288356540142
 1499.000000	9.2582889514108917	129.8824494910658416
