 0.000000	10.3588690884335062	94.0896870867302084
 1.000000	9.5807860119396651	72.5495208460431087
 2.000000	10.7796148347690259	80.0186084370587309
 3.000000	8.5300689362361375	19.8489617514379404
 4.000000	7.6886340869752203	14.4001470092907766
 5.000000	8.0456120307371073	17.2142222008026522
 6.000000	9.3585898107094323	57.3729605349516305
 7.000000	7.9409522277781575	59.0750156558255952
 8.000000	10.3684240196783666	115.7673090779314293
 9.000000	8.5162024091987565	29.1175581959150236
 10.000000	7.0280589866207350	21.0898169973864640
 11.000000	9.7187439377604381	60.2967403354320908
 12.000000	10.0879611539450984	86.5121815055731247
 13.000000	9.8334618047272695	52.2411963309025680
 14.000000	8.5709607317074408	68.7225518676142002
 15.000000	8.5468679893285344	66.8379530991072244
 16.000000	8.7700883911379499	95.3665863104456264
 17.000000	10.1138774223454604	98.4304302720219511
 18.000000	8.0265235896926619	11.3263016782527473
 19.000000	10.1721705593756617	110.4591214166437823
 20.000000	9.3004539795610928	60.8146287174522087
 21.000000	10.5140487654215224	97.0880804261873891
 22.000000	8.2319597736399199	17.9863147108362398
 23.000000	7.7575994995450825	16.4025829284994984
 24.000000	11.1227855769643043	90.4632311636157311
 25.000000	9.0084987932653249	40.8431082594551640
 26.000000	8.4442520709816300	32.3110106009050071
 27.000000	9.8603522769154281	116.0888003491906346
 28.000000	9.4387619800714493	96.5207871239907007
 29.000000	7.8165780509391602	16.4393712473089408
 30.000000	7.6527812041133760	39.6253890630324861
 31.000000	7.5239015047929403	21.7155137856411784
 32.000000	8.4453198607930684	38.4961368199590197
 33.000000	10.1903933522616956	109.6801961554841540
 34.000000	7.0995049389058549	19.1322253080903124
 35.000000	8.0662744800589952	14.0199462871474054
 36.000000	9.6334468382975746	99.6785229041688012
 37.000000	7.0952027346570175	6.2122443414568522
 38.000000	7.6111964678520803	21.6553942077267436
 39.000000	7.9018520044905376	23.1160149639588042
 40.000000	7.3249713788607105	23.2936596269262282
 41.000000	7.8049576233192148	16.2951316513642155
 42.000000	9.5029062484071822	110.0815862720583169
 43.000000	6.6867102424349678	23.0104446601422410
 44.000000	7.5869817463374831	6.5000559932467468
 45.000000	7.4707210961218520	18.5847113140517024
 46.000000	6.7556168493613216	19.9759261121064355
 47.000000	7.3839334545167183	23.6670851989731830
 48.000000	7.4982569422495509	9.7823455316922150
 49.000000	7.5633167937745363	24.9635058053783609
 50.000000	7.7467011162831891	22.5202497036523255
 51.000000	10.7203969106619841	54.6854829846880079
 52.000000	5.8416767417335098	166.3710656992036263
 53.000000	7.0632293907813590	36.0515388211587151
 54.000000	9.7097452302901512	56.8900850893240033
 55.000000	8.0104453297975500	98.3842801284265818
 56.000000	6.5018885683294130	154.7269639322160799
 57.000000	8.1484156205138518	105.3190767183907610
 58.000000	6.8886778158238693	150.4943055773643721
 59.000000	7.7227922209397741	29.3606631243656295
 60.000000	9.0796636834084108	124.0410142209759101
 61.000000	5.9549594437857074	51.4534379303879632
 62.000000	8.8171012467079475	139.7489544927203724
 63.000000	8.3175124705379666	69.2095045765065322
 64.000000	8.3807281969246201	76.4431510379734505
 65.000000	6.9783255424840762	21.0872245342542612
 66.000000	9.0925285579857498	75.9023131516216409
 67.000000	9.1625801326169682	126.7835704133864283
 68.000000	8.8069760944952264	131.8483690848315746
 69.000000	9.9593260152074006	129.4426998415267462
 70.000000	6.1723892344244682	123.7130783869333612
 71.000000	8.4747731594369906	118.7327410385269388
 72.000000	8.1903414106318575	47.9955785119205132
 73.000000	8.4313519443653107	69.0406120817089004
 74.000000	7.0689262523032559	75.1829786439692498
 75.000000	6.6671818583771705	46.9156928376118572
 76.000000	9.4185764452067424	63.4099468873598937
 77.000000	9.4558692846026879	122.3126395950451126
 78.000000	9.2629639823974230	51.5215734534271519
 79.000000	6.4333885873347603	85.9920204993754282
 80.000000	5.9569630343530786	158.5990442418696489
 81.000000	9.3128504084437296	95.1289297342103168
 82.000000	7.8502940913652592	59.8785449259526814
 83.000000	9.3261795418527829	114.0270477934957256
 84.000000	9.6830308772774973	118.2389068017211571
 85.000000	8.1314471418542631	48.5532387010992750
 86.000000	7.2457753575993387	39.6066361957681181
 87.000000	8.3841114605541129	114.8351301057213050
 88.000000	6.9722647151926340	17.5683261770511479
 89.000000	6.6357987125360305	108.0422854221515792
 90.000000	8.8112315507365153	83.9583847845670448
 91.000000	7.7952314593388925	28.6961567648788218
 92.000000	7.3054362505885777	69.4346301300774087
 93.000000	7.6825007086258292	30.7238552903430673
 94.000000	9.4028180728448216	111.8041442024338181
 95.000000	7.8536210841362637	52.4875487750643970
 96.000000	9.3422743504137511	117.6844680023631611
 97.000000	8.1158952762145198	124.0509233177222939
 98.000000	8.2855939625795134	74.7969223825974439
 99.000000	7.1991119561797863	45.4525967778128859
 100.000000	8.7008205139160886	127.9585311638796838
 101.000000	6.9286338513323518	21.2119469275692438
 102.000000	8.3002709061827353	35.0339473163215587
 103.000000	8.9912714843460950	131.1370990038247442
 104.000000	6.9173852973662031	51.8382474133561288
 105.000000	6.5294836455750405	17.7609548630069582
 106.000000	7.1326692191670018	22.7265876581640782
 107.000000	8.0324470527086387	36.0591562409437927
 108.000000	10.4361115799640736	83.9015532922363008
 109.000000	9.7721247181170980	87.1744976542293273
 110.000000	7.0004402995068409	17.3234438326251166
 111.000000	6.7434928268449248	44.0938534614188313
 112.000000	7.0903430695397773	63.8871573340771164
 113.000000	7.6972650249229178	6.0463948047299141
 114.000000	9.4029302813811046	124.1176139887921011
 115.000000	8.1262226319165709	38.3787279319240611
 116.000000	7.1722207961689923	40.7593768473879834
 117.000000	8.4908514263860315	129.9585119423230424
 118.000000	6.9179866468951303	17.0474644750842117
 119.000000	8.6003040414020795	137.7328824087595365
 120.000000	7.1940731097804314	18.3905908525640029
 121.000000	6.3239556750762791	130.7586792289043558
 122.000000	9.2155344118672975	110.5583367283217058
 123.000000	10.5364822063136501	116.2197930104518377
 124.000000	9.7449135619307103	120.2718133330698720
 125.000000	8.0467865705235848	104.2268893857926741
 126.000000	7.7523028046021016	144.8293749184230990
 127.000000	8.7471104755009463	149.8441143576369541
 128.000000	8.0954176068673984	130.2674936935622725
 129.000000	6.5110290981724885	133.4082268819765034
 130.000000	5.5335996693669367	158.4704370045004680
 131.000000	7.6356239979397733	122.3872873815297737
 132.000000	8.2221720428011480	118.9493229135162835
 133.000000	5.5978337211304456	73.1260225192483944
 134.000000	6.4254039877993145	103.6830035791901281
 135.000000	8.0028544876368901	98.4769029469691333
 136.000000	7.4433175513014920	136.1783864880822250
 137.000000	8.4110741141422540	114.9963758311237427
 138.000000	6.7810752794249343	112.6658183716617430
 139.000000	8.1617874724918860	105.3968413016603023
 140.000000	7.9719117094127423	142.0570374848470578
 141.000000	8.7066719123891421	125.8517779157166387
 142.000000	6.9920928960376951	140.9659468580873920
 143.000000	6.9748746682027702	81.4467094160436460
 144.000000	10.2062219040126738	121.7933924911790768
 145.000000	8.3197451351691480	108.6653135703992206
 146.000000	9.3020100605960607	131.4994337715535266
 147.000000	9.2510725154800308	129.5060332761360655
 148.000000	7.1176816261767106	120.1612574189397549
 149.000000	8.8354379032861878	140.4383784997305895
 150.000000	9.7810068563538710	139.4402724219124821
 151.000000	9.7273747287022623	112.1642911322272909
 152.000000	6.1293213072602963	74.3476510522946228
 153.000000	8.7524396412581957	128.4683685486141655
 154.000000	9.0800002736000813	162.9426096659164784
 155.000000	9.1924097406629084	127.4067402963458733
 156.000000	9.2057206322999043	141.4423600131008243
 157.000000	6.6229471053474063	133.9622764920891314
 158.000000	10.0501820417926329	134.1336668449324065
 159.000000	7.5847830729789578	120.9771022590036011
 160.000000	8.8905138975485567	108.3033382180908291
 161.000000	9.2962738179513025	136.7904536268027016
 162.000000	8.7525737661082488	123.2822636573392430
 163.000000	7.6218466984095459	130.6117284708729187
 164.000000	5.8028562426768282	70.0910186529565919
 165.000000	6.4217556324024274	113.6621115599439236
 166.000000	5.9416877965305845	68.4952955819043154
 167.000000	9.3841977389747164	124.4934954984438491
 168.000000	9.8208621632309683	114.1992740475518531
 169.000000	8.0614570345691163	136.6949957351677085
 170.000000	7.7475099852755358	112.7411548365625578
 171.000000	6.2502163597582081	127.2474876559819279
 172.000000	6.3701384766972264	155.4133267960666274
 173.000000	7.9086540932332214	92.4376145859725966
 174.000000	9.0874038116563778	118.6057635215342998
 175.000000	9.9946958035522648	107.8238024532812034
 176.000000	8.5384537115130748	161.0620351841841682
 177.000000	8.7804568347095309	177.0133328236192369
 178.000000	9.0841757826234630	124.1088908241615769
 179.000000	6.2860614758127733	51.0664476914815566
 180.000000	8.0818316722473877	67.1959529884740476
 181.000000	8.1510248919072126	143.6176535591652623
 182.000000	8.2535530078278008	109.7487219457815399
 183.000000	7.5806701718264318	144.6557026817474991
 184.000000	9.1148394583298931	131.8568432099594361
 185.000000	8.2271143896023435	106.5205499967876790
 186.000000	9.8786431959885395	143.6838694600228905
 187.000000	9.1712574887261393	119.9807528191899735
 188.000000	7.7800471436498864	137.0103178441388820
 189.000000	8.6557713064260025	129.7440618023488810
 190.000000	6.8379246383576593	132.3932204606496157
 191.000000	8.8118225970997575	135.6903795611123087
 192.000000	5.2373444730297152	149.1198349406766681
 193.000000	7.9550457704701287	136.3671532058498883
 194.000000	10.2720653404943665	121.7060919095350187
 195.000000	9.0724341038968497	134.5491465319130668
 196.000000	7.8387536804855582	152.9312790159204098
 197.000000	8.2925063339510015	146.3322894282486004
 198.000000	7.6953084876428912	161.6026946240124573
 199.000000	10.4830939926167979	132.3293233553438313
 200.000000	7.0909813195123936	123.2484219298999619
 201.000000	5.6091783885805482	144.3468387392723287
 202.000000	7.1624495928439069	131.0314140105022318
 203.000000	7.0466902544582997	120.0014879462592887
 204.000000	8.2733899781426423	142.8243421773861144
 205.000000	7.6619929589480860	121.7050317683851688
 206.000000	6.7397462248970585	146.6649907331717486
 207.000000	6.7171720661118091	133.8690589103631794
 208.000000	6.9559447666158567	143.7724670523626287
 209.000000	4.5018369351201049	128.4235201276102600
 210.000000	8.4166031594821185	165.8849616952992108
 211.000000	5.4348090507666020	146.5804838087438782
 212.000000	2.7302488294361562	110.9319573052766685
 213.000000	7.1968214761711788	131.9914711487218142
 214.000000	10.0187454378927150	132.2544026916487496
 215.000000	5.4931911663380166	62.9101115717948147
 216.000000	8.6071348701936596	108.3152219329156196
 217.000000	8.3185401843039166	119.2484909472302945
 218.000000	8.4982613838003047	117.6891347726438966
 219.000000	7.1971796246988511	127.0385476028717164
 220.000000	7.4847104383838241	119.8234393193522749
 221.000000	7.0012506514705217	133.9233834768318729
 222.000000	7.8772383584922983	122.9307902876377341
 223.000000	8.4655184619259849	116.3193883367030992
 224.000000	8.7885443011158078	140.4647224019594773
 225.000000	6.2724316627004182	138.9482596283658324
 226.000000	6.6048904171608109	149.5777450812318534
 227.000000	7.1138663447201305	140.1561548240669595
 228.000000	6.8666898028721830	112.0540707635500155
 229.000000	6.7020283087301120	129.7551573203872977
 230.000000	7.3364913498091404	125.7320711002973752
 231.000000	7.6369926786748117	117.9954004478389891
 232.000000	7.7185916722058483	128.5110068144754791
 233.000000	7.9983745220826030	77.6303668855737072
 234.000000	9.7559301183016132	107.6983414579258636
 235.000000	7.9951146909244457	138.0685486994765938
 236.000000	8.2325574219142155	94.2461970763291248
 237.000000	8.0546429108609914	124.9385234622248788
 238.000000	8.8174263820428429	130.0605778863757109
 239.000000	8.2563106677064564	143.0665147004987716
 240.000000	9.4985745614154080	115.2219104312848827
 241.000000	9.7742208868667184	141.1207900226966672
 242.000000	9.3274392062314000	143.6473326786375537
 243.000000	10.2153307827361797	144.3803099471367375
 244.000000	9.9907702384598362	149.6329054466906427
 245.000000	9.0612863786443718	127.1128388862017289
 246.000000	9.3058896242423526	140.1534208773586840
 247.000000	8.7906183042167516	156.6285704427441772
 248.000000	8.1850805751155722	112.2162254566361810
 249.000000	6.8091907936641283	117.7287503546800735
 250.000000	9.6103125576017714	149.6336624462497582
 251.000000	7.8790855704736265	139.7534406421346489
 252.000000	9.1464974350458679	159.4725803119307272
 253.000000	7.9102229692137058	135.2034150903940031
 254.000000	7.7928003064489388	133.3277348107744729
 255.000000	7.8884461762170375	134.8657452564764299
 256.000000	8.1439469213666040	133.4891294367168939
 257.000000	8.4478216373891488	121.9228251979174900
 258.000000	5.6862176638757438	73.9791258618175789
 259.000000	9.6617680114145781	146.1673341047179520
 260.000000	8.8545265772147719	151.1449971819260440
 261.000000	7.2244908290342149	116.4815005693501462
 262.000000	7.4139056345362375	139.4570962029153804
 263.000000	5.6344079351015690	112.4696279548316085
 264.000000	5.0734219194410359	126.4720844331881437
 265.000000	6.6706553636209200	117.3857066049514515
 266.000000	5.4515084226301544	141.3487101280089178
 267.000000	8.2973177895217241	87.5476839766900667
 268.000000	8.2186218930081392	98.1231712524578654
 269.000000	8.8684856445012610	102.0724149811178449
 270.000000	8.4201006015959976	99.7630177426913036
 271.000000	8.5100312573190298	100.3259759071225403
 272.000000	7.4083616394312397	116.4094044772711669
 273.000000	6.8399163635424332	103.4879505948170930
 274.000000	8.8117585850126279	106.2504870805985036
 275.000000	7.2197380428852274	121.9599327193651561
 276.000000	7.5844685773572538	132.9239491821190313
 277.000000	7.3758472281572427	134.6047299779977493
 278.000000	7.2355841449059248	125.2630836784098562
 279.000000	8.0648930213930203	137.6727735366498564
 280.000000	8.3994345252404408	155.0794483136718895
 281.000000	9.9258186872606426	122.6041452466259329
 282.000000	9.4948207350188589	154.1364470882655837
 283.000000	7.8509934545070710	142.8957135656790456
 284.000000	9.7102929863149114	139.7651091829789607
 285.000000	8.1064380509271761	117.4072493428565735
 286.000000	8.1783610226380379	136.4720950431412803
 287.000000	9.5652745691704695	128.3051398551590978
 288.000000	9.7163706113030184	149.0042227262142660
 289.000000	9.8556399670467325	139.3449093544041091
 290.000000	9.8630102868044691	150.9267590715664937
 291.000000	9.4315463133485409	133.4457773108352114
 292.000000	8.8133725458379359	164.7193167551690749
 293.000000	9.9555779201204295	152.1787488396358015
 294.000000	8.6963190054207313	150.2349136963304090
 295.000000	8.6606372286143483	159.4266120165630696
 296.000000	10.3119059812757445	140.3921607646596783
 297.000000	8.2930049683363993	129.6092756680957052
 298.000000	9.8899843212252883	160.2454345773387558
 299.000000	10.0477558729448138	144.5828763218977997
 300.000000	10.1829522694803103	134.3365393252342130
 301.000000	8.1499262071922001	148.4569380130843115
 302.000000	10.2448726208622158	131.3780020648864308
 303.000000	9.8415684727240826	148.5621851175000359
 304.000000	9.7851933144446352	136.9895923380593672
 305.000000	10.6326734949729769	143.8367431827715279
 306.000000	9.5625424494920992	134.2969379149571978
 307.000000	10.0236222612153938	150.0127918158950422
 308.000000	9.3575661787804165	173.1131993434161700
 309.000000	8.1306530405201425	130.2434976950659120
 310.000000	10.0655464466092823	127.7407107807907494
 311.000000	7.8333331345296058	138.8587368120757901
 312.000000	8.7801120745811225	154.3772848287247825
 313.000000	7.5504454113015873	120.5987357514768235
 314.000000	10.1947235834392469	145.4510252235581333
 315.000000	6.0670075253612952	128.9590984581519137
 316.000000	6.7649441808381594	110.2669359605717005
 317.000000	9.5812841396826176	125.3701560220597457
 318.000000	9.1258371706123356	135.0059672053860709
 319.000000	9.3707057980140434	152.6464157889474507
 320.000000	10.4871855539821937	135.1019923383130106
 321.000000	9.2533111902538803	115.9768603619572218
 322.000000	9.7118553180222111	135.8766833741856601
 323.000000	10.1044442023814938	148.8221461168363646
 324.000000	9.6278116345855160	131.3266659857939374
 325.000000	9.6014427371135156	132.7436340325741639
 326.000000	9.9591092243957515	159.0278760440906751
 327.000000	9.9663091649871411	145.7119429166888835
 328.000000	9.5777544709606044	129.6551954161263893
 329.000000	9.9296155768121785	142.6625502725763113
 330.000000	9.4640374433043011	110.3549384335864545
 331.000000	8.8581667133542457	110.1100568433489997
 332.000000	6.8591330724776540	118.1968034765720859
 333.000000	9.1264456631115731	109.1091640750750855
 334.000000	8.5320958652358669	158.3550092767881097
 335.000000	9.5506735139294978	137.6274436091981386
 336.000000	10.2409249570658289	156.6628102710876931
 337.000000	9.6649021886425590	143.5212895801254831
 338.000000	8.8867454932252219	124.8793474716307230
 339.000000	9.6431020976634496	147.5916837156074735
 340.000000	8.9827359721262159	132.8877558633569720
 341.000000	10.1309788699969463	156.6098633227925063
 342.000000	9.8080229942007691	155.3012103376075288
 343.000000	8.4777465405479884	138.4800390907556675
 344.000000	8.8997849640447431	129.4420498462014848
 345.000000	9.1253727029259117	111.4500238291211502
 346.000000	10.0682351853300194	133.4816377576084960
 347.000000	9.5121038933399085	133.6911877640331738
 348.000000	9.6962556763330880	149.0227582397735944
 349.000000	9.0338430775191974	153.0686110777213003
 350.000000	9.6220526838237461	135.3497152371526226
 351.000000	10.2328874703285937	149.5842611554375310
 352.000000	9.0158217656988278	109.8554793672164180
 353.000000	8.5364636278876489	137.2933863057424730
 354.000000	9.7280141131442939	148.7649625441219996
 355.000000	9.8734204727492774	135.1111587598303174
 356.000000	9.3610429423359722	131.0765268366005785
 357.000000	10.1459984125746896	149.6696258055835074
 358.000000	9.7921112198960962	128.1185445909728742
 359.000000	9.0982867321287237	139.6500681876271130
 360.000000	8.6547031098658067	136.4395205913601501
 361.000000	10.5142283122529179	153.1789328971730981
 362.000000	9.2891986349366427	128.3035004378608051
 363.000000	9.2748696909768640	121.1730907967718167
 364.000000	7.3766573611194923	152.1758714550462344
 365.000000	9.8867315535180680	112.2757242990685427
 366.000000	8.1405900868709065	128.6938819651144286
 367.000000	7.2680749107258888	128.4419103572828362
 368.000000	8.3255757889623592	107.8812381963103206
 369.000000	7.8715214112813827	126.5356035968940205
 370.000000	10.4817312006477685	143.9966825527711762
 371.000000	9.6363484785508096	127.4186799790915217
 372.000000	9.5055163731089234	125.6831334952128998
 373.000000	8.8265272109612685	155.6221067809593990
 374.000000	10.4536412728903532	150.2141086051885850
 375.000000	9.6415362671852787	142.5352696307789415
 376.000000	9.9510356655841896	149.8187780125921904
 377.000000	9.8591998993905037	131.1162006288551538
 378.000000	9.8890730917096850	138.2504808671735645
 379.000000	10.3899638023809082	130.8790285656118044
 380.000000	10.0999744961649274	147.3029113103620773
 381.000000	9.6005209767966555	160.2514769083970805
 382.000000	9.8112669069307827	133.0965584476624315
 383.000000	9.9964982424782765	141.8711051187164855
 384.000000	9.2013897459944065	134.2476731059656743
 385.000000	9.9471750057881803	143.7277398750801467
 386.000000	8.8251393283234449	158.9471503909919079
 387.000000	9.2969993651368235	128.2124872403839788
 388.000000	9.4757609439759491	124.5875795449598797
 389.000000	10.0216696936098941	116.0008012939637752
 390.000000	7.7706309845634136	121.2764057660642436
 391.000000	9.4749639530242877	120.8288708830227165
 392.000000	10.0450542165620025	117.7995759274407135
 393.000000	9.2610350184011061	110.8467611109471989
 394.000000	7.1145104199916087	131.3449699752525817
 395.000000	9.8860017633519561	135.2007948000861575
 396.000000	9.8208942807920376	150.8982896917367498
 397.000000	10.2994992660987386	151.4632250307004711
 398.000000	10.1830348080408708	162.2149678526969865
 399.000000	9.3627263875654290	152.3722106950607440
 400.000000	10.2492021500144794	134.7958381620746309
 401.000000	7.6662065825627099	133.7177156423223323
 402.000000	9.6348166641881647	151.7202417915026160
 403.000000	10.3088332203302322	148.6985362685284713
 404.000000	10.2451271549849938	148.4096615467578033
 405.000000	9.1739990125821009	148.8120250787892473
 406.000000	8.1310637419728558	148.8509565627314259
 407.000000	7.7233503453093721	144.7643795098500163
 408.000000	7.0977110015625602	107.9868757311820389
 409.000000	5.3408024252363067	93.3738134755706426
 410.000000	8.2975459379542542	109.2961776824296862
 411.000000	6.5759340503067287	100.5261944545771229
 412.000000	9.2272051168875766	114.6972605128866149
 413.000000	6.3582111308527791	146.5433480495221374
 414.000000	7.9470923547490981	105.1661605770241863
 415.000000	7.8201391088697525	76.9538691232057630
 416.000000	6.8537933817596430	139.3511295380971546
 417.000000	6.7844345326476727	144.4018710521502271
 418.000000	5.5134622676049823	82.3654295926185966
 419.000000	8.5138178727497209	136.1167432760999532
 420.000000	8.3345598326355965	136.1517664273386004
 421.000000	9.3058415534330940	133.5881869323050637
 422.000000	9.7485235445992426	123.6558244810830445
 423.000000	8.3868930934820582	79.2219975501275400
 424.000000	7.6614770090716418	140.5644876444353883
 425.000000	6.4056202797724104	139.9825627415225995
 426.000000	5.2362176149063151	87.9476730052355862
 427.000000	6.6022703037387771	104.8288491689535959
 428.000000	8.1691155265130515	94.1898861482843444
 429.000000	5.2201931801572403	82.4420676635250942
 430.000000	5.5963713299400517	134.8688118354260723
 431.000000	10.1471046446875448	138.3586256705530673
 432.000000	7.0329189177704121	145.5129638848849254
 433.000000	9.2817466664031585	136.0356693141839628
 434.000000	7.3481041351058956	113.3876046447297909
 435.000000	9.7925403756341449	133.9614408707218161
 436.000000	7.7323332929574162	132.6971341417787755
 437.000000	7.9022884051745086	97.4881473367892255
 438.000000	6.1834284968290785	69.3225650521555821
 439.000000	9.1041350329587392	134.5367778116841464
 440.000000	7.0153666654588074	84.3220124534916238
 441.000000	6.7288373367900265	84.6475149594722893
 442.000000	7.4182744241247320	88.1981179706023966
 443.000000	4.8306726142663692	21.2985310924597684
 444.000000	7.3051956278528953	88.0928772075227897
 445.000000	8.7660705525454716	142.4088873841115515
 446.000000	9.6889838813716320	129.3897496180884445
 447.000000	7.0348648250210104	124.6404708564165276
 448.000000	6.2870296461219759	135.0643495262638112
 449.000000	8.9924605667952786	120.2836835984599020
 450.000000	7.4498436922679367	129.3800031832497837
 451.000000	10.1884889598372297	159.8722604861425509
 452.000000	7.4386203877250674	97.8703617689007785
 453.000000	6.7159961747982271	102.1603188192119376
 454.000000	6.7037200499787311	137.9692215542247027
 455.000000	7.0263773380797963	109.2300704995745235
 456.000000	10.2993067090101320	150.3553101382813111
 457.000000	7.2803436499148750	138.2819483149985160
 458.000000	9.1436864739190646	163.5566239014871144
 459.000000	7.8603395191724488	122.1517432908220258
 460.000000	9.9974788517808069	153.7266735559471442
 461.000000	9.0030076395794794	135.7843623782752900
 462.000000	9.2152736857277358	127.2320465651879715
 463.000000	9.8301091679995132	126.7699216165272276
 464.000000	8.9694503281298594	107.7542655571304238
 465.000000	10.2363318937406635	154.8014865563365561
 466.000000	9.6692967917415018	146.8480515221449991
 467.000000	9.0722767106122486	146.7413884972403366
 468.000000	10.3398235040477449	132.7515470445892447
 469.000000	9.4186291534469380	145.1283278560261749
 470.000000	9.2736330853969964	126.2247156528514864
 471.000000	9.5378094032580663	134.8456831137812060
 472.000000	7.2854967059452296	96.7094992796459962
 473.000000	8.0313495083695248	152.5492598247240323
 474.000000	9.0485915059706983	155.9722508753664556
 475.000000	8.6903894704052949	175.4954301188382715
 476.000000	9.6167991015721839	124.3859484695176150
 477.000000	9.8095546277558636	131.7037106086978326
 478.000000	10.0005182111744055	141.6414981326630880
 479.000000	9.6039962944326636	124.3686279513958368
 480.000000	9.7655411345375089	173.1375343633853561
 481.000000	9.9775808418484093	152.2468586040781133
 482.000000	9.5278457772363510	159.4678099419899411
 483.000000	10.5129539796305274	150.9706540221812361
 484.000000	9.2815082266398132	120.5780814357948714
 485.000000	9.9799295076357453	147.9009310635630925
 486.000000	10.0201430974391048	149.7940415118803799
 487.000000	9.2445665047521164	129.3765654324366210
 488.000000	8.3813760315220112	129.8063952027001164
 489.000000	9.2951847415656292	134.8370008787001382
 490.000000	7.9575884035194084	154.5206731973251237
 491.000000	9.0439430549265332	118.7706632068564119
 492.000000	9.5134299933872501	127.9427685632992535
 493.000000	9.4259802905167085	137.5808987497684086
 494.000000	8.9194346521004864	123.2754432799674476
 495.000000	9.7930659093403278	152.2580162664881982
 496.000000	9.7273195970827970	123.4987322959536016
 497.000000	9.0351153374719839	167.9368331642467069
 498.000000	8.9698421927879313	118.1162908535996223
 499.000000	10.3767032312202847	134.9894110728967860
 500.000000	9.2318914404818138	127.2932280806877543
 501.000000	10.2398766216403061	158.0362393646049952
 502.000000	9.7644186773273560	122.3300951174579154
 503.000000	10.0855616368936172	139.5941599051270146
 504.000000	9.2922605331498165	136.6940484069304205
 505.000000	9.5276486717120612	138.7291435340936800
 506.000000	9.4625545133644842	140.7243137339182226
 507.000000	8.8902529865109123	148.5111035633791516
 508.000000	9.1654260426084999	118.1186816597291056
 509.000000	9.4177152515291951	138.5484774488500932
 510.000000	8.4817346404523288	157.3544730292747431
 511.000000	9.7643808595740236	147.8926066871325133
 512.000000	7.8325583247028430	151.6271436515007451
 513.000000	8.5443234510072905	124.2982445516662438
 514.000000	9.5205208468542395	147.1904681209356909
 515.000000	10.0070308570331683	153.2865883083958920
 516.000000	9.8923780461540147	138.6988520926583419
 517.000000	10.7641805867115128	148.9520206171855250
 518.000000	9.9910821890518324	120.2219390934293983
 519.000000	9.5075127943021940	127.4628731435568056
 520.000000	7.6093070437964361	103.7002207406863050
 521.000000	10.0290161250822916	132.4542374600704306
 522.000000	9.8830039299398695	159.2675470778765145
 523.000000	10.2357769586573770	138.9115725689710530
 524.000000	10.0995596271563191	155.0853421053241163
 525.000000	9.9256079368913745	157.8148182207736170
 526.000000	10.0155373067023632	142.6116871187598178
 527.000000	10.2054840249380270	156.8753539610698056
 528.000000	7.8760431133211961	142.8896437922943221
 529.000000	9.8598797787950669	132.3790645155661991
 530.000000	9.6427469927024720	143.9069100629316438
 531.000000	7.1364945153831227	78.6084390506997295
 532.000000	8.6589423378079751	126.1486988769907782
 533.000000	9.2651752034818955	160.5391618394405668
 534.000000	9.3543288366381017	154.7320729588343227
 535.000000	9.7989685857729167	170.1019633518354226
 536.000000	9.0900346290619680	137.1345856196483624
 537.000000	9.5469790060312789	158.9402330989336463
 538.000000	9.5635317651591567	147.4310783528673028
 539.000000	10.0164545325917285	148.0953407965030806
 540.000000	9.7119844155305515	157.5573908691587235
 541.000000	9.6197507873706005	151.2105841134422519
 542.000000	9.6291077058626726	133.1033443675769661
 543.000000	9.4524019604813656	145.9377947259093844
 544.000000	9.0235122709989106	149.8043715709442836
 545.000000	10.1330603370243946	146.9979703340291621
 546.000000	10.0177823289299521	148.7745438344019249
 547.000000	10.2424919293082848	136.6220259161410979
 548.000000	10.1236202858500803	131.5156321108949840
 549.000000	9.7926498891622931	150.8051218977894905
 550.000000	8.5953104594483278	143.1756906304124186
 551.000000	9.4991769320527730	147.4423681056267412
 552.000000	9.6471425417728884	119.3768228056525658
 553.000000	9.0595213096370681	168.3794862249847597
 554.000000	9.5926194070346824	126.8844864351066235
 555.000000	9.6421318386519630	115.7702730062127046
 556.000000	6.0975450832327676	95.9852719583423379
 557.000000	8.9081584605982016	139.6708817689154216
 558.000000	8.1515924691725576	145.2117028682586692
 559.000000	8.7843955855807074	110.8208747109123635
 560.000000	6.5309924894332738	90.5072667015683123
 561.000000	9.7356902102982783	122.2698021413055898
 562.000000	9.9379050137600498	133.5577278842629312
 563.000000	8.6998989581776591	146.8849544745265803
 564.000000	9.7194444426745950	132.2531409646293241
 565.000000	10.1183220092850021	138.9551070653685940
 566.000000	9.3588015516469945	135.2909102411884135
 567.000000	9.7642269223991551	131.9428381285144383
 568.000000	9.2993075761056136	134.9052889408484361
 569.000000	9.5240981801819569	163.4885792480376665
 570.000000	9.9575633280857776	144.6293685295019031
 571.000000	9.7643150381225130	146.2738287370138153
 572.000000	9.0462836223013898	121.9416027027137375
 573.000000	9.1837792665548879	113.1938758928107944
 574.000000	9.8002925301728308	154.3144932040657409
 575.000000	9.6942750979733816	140.6473161049112548
 576.000000	9.8708660034458191	129.8189692767934957
 577.000000	9.4904524524796443	127.2107265269892906
 578.000000	10.1017406574996311	125.4794007783316943
 579.000000	9.4942033814347226	129.5770644159164533
 580.000000	9.0524255088260457	144.8608663462285904
 581.000000	8.5721121004900365	144.2622288756271587
 582.000000	7.5401749659977320	105.5929338902469539
 583.000000	7.6716310628157052	134.8261207903965442
 584.000000	9.7196988102895450	122.0086617261887341
 585.000000	7.7893137353355009	139.0737536041280578
 586.000000	8.0011515400391708	140.9509984045537294
 587.000000	6.9986035806722668	102.0273399215710128
 588.000000	8.2621639843840686	111.6600557940863467
 589.000000	8.8900526973254692	94.1194415280071155
 590.000000	9.3797683571461121	121.8042013541927986
 591.000000	7.1237103253049368	122.1566786340012243
 592.000000	8.7613188958330710	113.8086975540993393
 593.000000	9.2430642504600335	136.4747148252426996
 594.000000	9.4285283296210380	138.4913274395764233
 595.000000	6.6712927040083798	69.7825077370871156
 596.000000	10.1964327317365395	143.7372938544064311
 597.000000	10.0208577328239468	127.7239511299145960
 598.000000	10.0241437017577972	149.3475635164540449
 599.000000	10.1634096695269545	140.6723511346231419
 600.000000	7.7478117902976882	140.2373581086402794
 601.000000	10.0408261304407525	146.8236189141136379
 602.000000	8.5838225268716712	114.6658621410942942
 603.000000	6.7043090251187047	81.1867176230697254
 604.000000	9.7228992904610756	148.7636943604711632
 605.000000	9.4783783665625307	122.1793479752645624
 606.000000	9.0364420544046649	110.1618797800413176
 607.000000	9.9273463430283577	150.2180654068253034
 608.000000	9.0416935044329634	163.7736400498868932
 609.000000	4.8595760550959985	80.5791310739592603
 610.000000	5.1073528916313027	39.7500416326788297
 611.000000	6.7124456761221181	91.9965138013345296
 612.000000	3.0410678248156282	45.9428117172124360
 613.000000	4.4693751269655086	84.5527152707026062
 614.000000	8.2565311809626749	116.4218230232814051
 615.000000	8.1212213105859128	117.8996167335286174
 616.000000	5.6187043529906342	40.0777187637740155
 617.000000	5.4850347685821124	135.2694342878506859
 618.000000	7.5270128335812228	133.6605055331130814
 619.000000	7.5909945797944882	94.7841878706764476
 620.000000	5.4208770481683493	91.5496757758463673
 621.000000	6.2375007155678013	124.4871552383549016
 622.000000	6.9250533125792844	112.8313439209845654
 623.000000	4.8266206825357214	76.0664567005257339
 624.000000	4.9892094710861974	69.1683236957220657
 625.000000	7.4248769874409843	77.8267248549956321
 626.000000	8.5501053271857472	98.1674967691533737
 627.000000	7.2353075982179691	82.1585730889905506
 628.000000	7.2881519230794085	123.1600914091610122
 629.000000	6.4875051717077978	130.2900268724171440
 630.000000	9.5542134707456459	128.4867891357345684
 631.000000	9.5505678691382130	166.7801180285093494
 632.000000	8.4825921383413370	140.7969811809416285
 633.000000	8.7193525514781864	127.1714017118942479
 634.000000	6.4819912412214071	99.1948327056847887
 635.000000	7.5380944614065246	99.1047332542995747
 636.000000	6.3866277130377309	61.5310432059706471
 637.000000	6.2392673393503735	110.0486288898228509
 638.000000	7.9117543373962649	135.1502962935569769
 639.000000	9.7820739322548746	106.9429655451523189
 640.000000	8.7696327069061866	105.0629809521176696
 641.000000	3.4481665247663380	145.0694549659927191
 642.000000	7.7169720508411226	108.6559335332003542
 643.000000	7.0578658785082240	122.6528182211479532
 644.000000	7.5736430239408916	106.4758775803457098
 645.000000	7.9492653455887750	127.2183111790084382
 646.000000	8.3813858877810432	111.7359570632613810
 647.000000	9.2012605687631925	111.4014997675695469
 648.000000	10.4644872782087024	142.4245288481233160
 649.000000	9.2300159523403007	144.5787291464735347
 650.000000	8.4993088335769489	141.0289067318898901
 651.000000	9.0871312377505689	143.0506956903476805
 652.000000	10.3619945961704065	145.1961095291642891
 653.000000	10.7512705212584549	144.5557867157085923
 654.000000	9.8742166914240563	123.2564225129220574
 655.000000	8.5403299294214801	145.7874381747748203
 656.000000	9.1865051692357973	137.6913511089153701
 657.000000	10.6583557885746476	143.3995728413491406
 658.000000	9.3315256079711304	151.2340641967553267
 659.000000	8.4785473140484733	127.8180176769077434
 660.000000	10.2783644887068011	139.2073589565930831
 661.000000	7.5368207645374872	137.8967096774394747
 662.000000	9.1114437883575423	168.3609927099437584
 663.000000	8.6541409608307784	130.1578536894874389
 664.000000	9.1657894585338848	145.2961204560623969
 665.000000	9.8755020822618977	157.3917025237663836
 666.000000	8.3733816572962514	147.0258707248347605
 667.000000	7.7845086162689094	131.6728209567148724
 668.000000	7.0393200886220111	140.4241837471249710
 669.000000	7.5189955356544944	59.8815533535966438
 670.000000	10.3422142501088032	140.8168160147047843
 671.000000	9.7699531205926942	148.2816226524651597
 672.000000	7.0777995598412833	125.3025438961398379
 673.000000	7.4876677902731226	144.2748750528794233
 674.000000	8.1259938606551039	144.7286263561636304
 675.000000	9.2079070273046550	145.2428124051100440
 676.000000	9.2411553369400288	140.9353336946190325
 677.000000	7.0076088215410071	152.3731653449782470
 678.000000	9.7082263339289021	146.3497510189409638
 679.000000	7.3554779895551956	132.5754833144129634
 680.000000	8.1887979395989063	142.4684489006752415
 681.000000	7.7215156484437575	136.5840449043784872
 682.000000	6.8436540290376442	142.9218607077922627
 683.000000	9.2757037008642129	154.8265848034083660
 684.000000	8.1969668991676183	145.5669067751782109
 685.000000	7.2614582328756727	138.6012622499638667
 686.000000	6.7985801956808025	128.9027077407650381
 687.000000	7.6849296110350718	152.1148783565443239
 688.000000	7.3248352827778520	129.3876171806365960
 689.000000	7.9402763447342339	136.6147127512451220
 690.000000	7.3462175975343378	142.0977785823130830
 691.000000	7.3429952902484494	134.5389216900256883
 692.000000	9.2226741252446072	136.6481283489375187
 693.000000	7.7213237050163848	136.3900913640757437
 694.000000	8.8179713370220068	147.5752737770651777
 695.000000	8.9601756131951653	155.9047052453316269
 696.000000	9.7493990873723337	156.1094585319896737
 697.000000	7.0910480998215322	126.2239869013782823
 698.000000	6.6850383635890616	130.8054730308503792
 699.000000	7.6310844140870717	143.5854777715510977
 700.000000	7.5119240533846838	144.0432080283032406
 701.000000	7.2855638829349578	138.3358537532571404
 702.000000	9.2273026802446019	147.5861356264826725
 703.000000	7.0324338093280634	134.7809215486685162
 704.000000	7.4536138344095866	141.1143748962892346
 705.000000	7.1494684404640738	129.3587553560072934
 706.000000	7.4530657350142624	149.7619140308561896
 707.000000	7.3493938339022602	150.9060236932020587
 708.000000	9.4928215411920593	142.8224877288852213
 709.000000	7.0498025837639045	142.9195391786543041
 710.000000	9.8904216142475505	159.8811964098639464
 711.000000	7.8933526802438134	138.9298840340966308
 712.000000	7.9932601123839078	140.7544017528004474
 713.000000	9.4273779641927611	138.8068964777035603
 714.000000	9.9863575331851937	165.4085803158714896
 715.000000	8.2217992734058303	142.6562105144093380
 716.000000	8.9781031446644999	145.9126879341183383
 717.000000	7.1915861264532825	140.3955850060027899
 718.000000	7.9877117460107501	129.6850684624812686
 719.000000	10.1802710651804578	127.9475419617354817
 720.000000	7.8380887799295023	128.7607679163057242
 721.000000	7.2046969402689367	151.0794637754694918
 722.000000	10.4594978766397784	148.4731862023103872
 723.000000	10.8000588509936435	142.5467347109247385
 724.000000	9.0780216623018841	150.1919117321059787
 725.000000	8.8986152489821535	123.9585099855413972
 726.000000	8.3516920240872796	148.4328007481632596
 727.000000	6.7518321736657141	59.1388080720789020
 728.000000	7.1872141319744207	141.0430904528639644
 729.000000	9.6243029983293908	142.0889208487655822
 730.000000	8.2373745964683494	147.7756283737953709
 731.000000	8.1210201419969827	141.9514780815229074
 732.000000	8.0263725472114693	138.4030682014068816
 733.000000	8.6828535068166239	136.4450740099866266
 734.000000	8.2283356515395756	133.9896171416090169
 735.000000	9.8777032620266478	155.8649073768621633
 736.000000	10.4071116511709452	150.7487609226509733
 737.000000	8.6910007706400378	145.2841698619052693
 738.000000	6.9911138688306904	125.4388671340483938
 739.000000	8.1181812431415601	140.3630769530010980
 740.000000	8.3911376168419132	130.8195336992448574
 741.000000	8.8129224006462774	144.3196916902140572
 742.000000	7.6966662294321928	127.8044351933592679
 743.000000	8.0521210276411992	124.5561005870443125
 744.000000	7.8919110480271941	144.0767692434195624
 745.000000	5.7957136704262338	61.3785075351456300
 746.000000	9.0830809609836134	111.6252377068963568
 747.000000	8.6682687190320813	72.4671279445338286
 748.000000	7.5529356318651102	143.6288669260304118
 749.000000	10.0810252980122730	80.9080927281595876
 750.000000	9.5746609257851105	63.9770526291631683
 751.000000	8.0511151144444177	29.4058363727298229
 752.000000	8.1945855910413581	22.8923770908917561
 753.000000	10.5462197757197984	92.1063463614053006
 754.000000	10.2684874794024594	102.6411173196364217
 755.000000	8.4399476544325953	30.4956702395461718
 756.000000	9.2333793282610550	23.5800629976834273
 757.000000	8.5187816167332588	38.0035938156618727
 758.000000	9.7105319482321217	105.3828918665603567
 759.000000	8.3952241191383088	18.9443391067570417
 760.000000	7.8062601531840627	10.8582907167598819
 761.000000	8.5879436712289543	58.2821502614778666
 762.000000	7.5144725027003814	13.9662637470944446
 763.000000	7.3157594078672368	19.6326288343473436
 764.000000	8.8092451051978866	77.3548718780274243
 765.000000	9.8870584525804670	80.2726032125529088
 766.000000	7.2519953323151718	30.7297021732911162
 767.000000	10.3623281498272739	107.7524776168464200
 768.000000	8.3380930578738326	17.5979476855090695
 769.000000	8.1867884007760043	6.1682556537845699
 770.000000	8.2649735950162579	8.2778308285623439
 771.000000	8.2659500160689277	29.5768955985870434
 772.000000	8.7642213606288042	19.5993688045963665
 773.000000	10.2038742373840901	114.7678618410376572
 774.000000	9.0204230527692104	26.9196023154273121
 775.000000	10.3550615645443127	96.7269343912339110
 776.000000	10.5795452417613962	105.3167961120888521
 777.000000	8.9457179514285734	36.7854870429781329
 778.000000	8.6797369165076415	18.4422854228732547
 779.000000	10.7006635516429078	90.6367135890886146
 780.000000	9.3436893602741318	66.1984433986203982
 781.000000	7.9859704352334902	13.3903450420491197
 782.000000	8.9938665368817681	32.6607251197751225
 783.000000	7.6036118627615963	14.4912651145735651
 784.000000	8.6251207326096146	32.1063835202351981
 785.000000	8.1125777712432967	28.0138749617630936
 786.000000	8.4867524437145985	17.3820025940304106
 787.000000	7.1940065813136389	15.3684285299372618
 788.000000	8.6894298971006805	60.6563239133585768
 789.000000	8.9565358292143848	43.9030276549289624
 790.000000	9.0443779155012383	97.5318770780619815
 791.000000	11.3112818900556231	113.7109278881076904
 792.000000	9.4848048463449199	83.6876696829588980
 793.000000	8.6544683173847101	58.2720379269869397
 794.000000	8.1179613632630936	3.2649305162063058
 795.000000	8.9705871395883072	65.7389586496041005
 796.000000	9.7343642160268100	85.0082990548877575
 797.000000	10.4619970744351800	109.9866924973314184
 798.000000	10.0999914088406975	97.0122872549741544
 799.000000	7.2323326788897724	24.2805696278840344
 800.000000	7.0615537236528674	19.3210396640619706
 801.000000	6.9891100450106132	33.5376955571875612
 802.000000	8.2857516728631779	77.5019579496875366
 803.000000	7.3203580779741051	47.7809081761488414
 804.000000	7.6343055804985500	35.9343856542528499
 805.000000	9.0719558156346487	77.2877418211818252
 806.000000	7.3620901628238880	62.2949396896928818
 807.000000	9.7414565604352727	88.1396402426293406
 808.000000	9.2911544264388084	67.9445361175928753
 809.000000	7.3417479537946075	70.6021349512938912
 810.000000	10.3080395165134284	86.7325774611591243
 811.000000	8.9167496019199497	20.9820646563602793
 812.000000	10.0212237271502111	93.2368854369663183
 813.000000	7.4704924975864788	5.6826965195425032
 814.000000	7.6077398519538075	5.1229664803932167
 815.000000	10.6178648627164840	100.0664520951524565
 816.000000	9.7619263489560897	111.6379481330086634
 817.000000	9.6393995130755297	81.5466952307223210
 818.000000	8.9949838211884021	98.8954273758852338
 819.000000	10.8372319688835397	103.5947256942913697
 820.000000	7.3435710024784342	56.3570659924129842
 821.000000	9.3961160777641890	115.6554304475830577
 822.000000	7.0167857181239333	109.2041237352431295
 823.000000	9.4124440043217010	114.5702507775419150
 824.000000	6.0365596932253363	10.2789199964685736
 825.000000	9.8109876850239672	98.3280507600927365
 826.000000	6.9600347308529980	27.8389009032462980
 827.000000	9.2025937081766322	110.1150985269640330
 828.000000	9.9091260358077662	130.2943289373565392
 829.000000	5.8764656549339955	112.9091374971173991
 830.000000	5.3254493736186461	161.6172196240618177
 831.000000	8.0594922821630117	70.6221964329745333
 832.000000	9.5800598043321337	120.6652627883925959
 833.000000	9.7593935552765743	85.5985318244039917
 834.000000	9.8466909113371717	109.2269891679093661
 835.000000	9.9627948495805256	81.3405143830466528
 836.000000	7.2397030216694667	71.6307338888635172
 837.000000	8.8407593390038404	106.8133938662395082
 838.000000	7.0101511198055304	52.2308352726150673
 839.000000	7.7350123165326288	111.2919274068438824
 840.000000	7.7093066862061690	103.3280392596383876
 841.000000	8.6638248719675257	117.4252606312122964
 842.000000	8.5724839681822580	73.7625220873894420
 843.000000	10.2355888344682526	127.9339865641899223
 844.000000	9.5018833676868866	77.8536181024720690
 845.000000	6.9387633802688615	168.2022070302662655
 846.000000	6.7742120827489085	19.6861723016493215
 847.000000	4.8498720532690749	24.7160202738031671
 848.000000	7.5136526098519845	40.2952268412397530
 849.000000	7.4088639203094750	86.4910481599577849
 850.000000	5.5803115361592921	97.1440076412902158
 851.000000	9.7619143412749008	73.8442015789806874
 852.000000	8.9036618352826373	69.5785093915540358
 853.000000	8.8858864463268059	37.8605174110089138
 854.000000	11.1597635499878400	112.0607038544214191
 855.000000	9.9672584015262764	87.2224344830850100
 856.000000	9.0970512362013149	87.0568317859909371
 857.000000	10.6491269024512274	80.9693701513983655
 858.000000	10.0493070456181499	60.1487181924055676
 859.000000	8.2569900927944762	36.3596577870579551
 860.000000	9.3650018231211973	66.3878546601003592
 861.000000	8.8157215973704801	41.4580871724887174
 862.000000	6.2327819486233738	43.7655500604242036
 863.000000	6.8830265346310959	87.6924333195862573
 864.000000	3.6391861294955739	31.2714241722916597
 865.000000	5.7012310882532633	60.4622883348380071
 866.000000	8.9313451250470077	122.3125074982672800
 867.000000	8.5170213888807389	37.9279055655625825
 868.000000	8.4532575613061844	141.9999670726925842
 869.000000	10.8950971326691430	106.2120859517647204
 870.000000	7.4538798269151307	64.8129547737427174
 871.000000	7.2501912762595468	28.9300672512421784
 872.000000	7.1430745561570808	20.8310469206481059
 873.000000	7.5936156290888794	98.8967810806707064
 874.000000	6.4659125523670919	38.4152010334457543
 875.000000	9.5356473595335061	96.7683231555132295
 876.000000	7.0674048051530569	12.9359639112938396
 877.000000	9.1469176724554675	114.9611325775961177
 878.000000	8.9612505786092793	111.1663062080507558
 879.000000	8.2817361914203023	65.1424123559004897
 880.000000	9.5473894910983521	130.0112821544454391
 881.000000	9.1246495544259911	28.4480645179138492
 882.000000	6.2966517094870973	64.4576182124135784
 883.000000	7.3318285980621507	110.2278952638364871
 884.000000	6.6803752351259114	36.8100238979348546
 885.000000	6.4791128805900398	80.0983273356886372
 886.000000	6.4817470378046744	61.3629274234062052
 887.000000	6.3481510421245710	58.6002262381556562
 888.000000	6.4189544365657056	37.5331145848674339
 889.000000	6.5996660801055160	32.3843670621576791
 890.000000	6.6721830123975723	34.2124754792511396
 891.000000	7.8986271224367659	102.4972630419537438
 892.000000	7.1139864629766292	102.6327109842800098
 893.000000	6.6372414529088735	52.8720735111740936
 894.000000	7.5076192382156348	95.4524471059895774
 895.000000	6.5053411887888251	55.9847604843173627
 896.000000	6.5193269577073991	55.1044278446225633
 897.000000	6.2294688264030924	33.6298587827684798
 898.000000	8.1731127677734783	103.2005690210513791
 899.000000	7.9436277360610568	125.6050888043097871
 900.000000	7.2106741125332432	59.6252143237404368
 901.000000	8.3306745288604453	128.7895660685132668
 902.000000	6.7746400466320917	27.7226335061191094
 903.000000	6.8882304787267588	61.6037685258343828
 904.000000	7.7927925716292261	55.8428166535409360
 905.000000	6.6718634377927959	46.1343992572022046
 906.000000	8.8714268175765110	124.0482386509384156
 907.000000	6.3784779630489696	104.3100224460725514
 908.000000	6.4588212640699272	156.6913304340754678
 909.000000	8.2030011345613847	27.6386695213166718
 910.000000	6.9339138170976291	35.3117366668276418
 911.000000	10.1687054454683512	119.3571057992675151
 912.000000	8.2448656878116324	44.4572357426166604
 913.000000	8.7151670596026030	134.1440929125769230
 914.000000	7.2519119531443073	29.4769098679134629
 915.000000	8.4343364734009132	85.2701039652047257
 916.000000	8.8516427001061757	127.4394514686305513
 917.000000	5.7231621445378158	147.1199405640171278
 918.000000	4.9120931425535757	126.9501166642099861
 919.000000	6.3119067760830587	154.7628312710924661
 920.000000	3.4036335700778921	158.9229421297237650
 921.000000	6.0074889540315128	139.4872632839533537
 922.000000	8.9263663328294029	70.6832340305691673
 923.000000	9.6500945489684220	127.8703250894283769
 924.000000	9.2639727638514398	103.0033222801769455
 925.000000	9.0483312819300128	101.5192697546223854
 926.000000	10.4640613588353535	108.1823873617588276
 927.000000	9.3987328216288688	78.2908259455495710
 928.000000	8.4630549558054327	127.3407692581067607
 929.000000	8.3224275866955093	132.7438034096736885
 930.000000	8.5843847234874033	103.7096998186601695
 931.000000	9.3556754191082110	96.4998030323721991
 932.000000	8.6015940175527383	45.7224028919242471
 933.000000	9.1356289194607943	116.3440798053061798
 934.000000	8.1674725468605498	95.1507311688900899
 935.000000	6.6058476303450160	65.9884087452227419
 936.000000	8.4543194787592792	106.6287540660801199
 937.000000	7.3408873398263497	21.3644485930819883
 938.000000	10.4689779282289930	107.3053612760270568
 939.000000	7.1521930331003105	48.7342748432146209
 940.000000	8.0442332285653233	110.0205776520233911
 941.000000	8.0177320791387725	101.7885654775954407
 942.000000	8.2089309459645943	105.3928913627789541
 943.000000	8.3950634924170604	142.2857431586796224
 944.000000	9.2418263133518792	151.1182480850837351
 945.000000	7.2463620782405025	112.6413447803351602
 946.000000	8.4463610003595395	123.7898916905980116
 947.000000	6.4962332904177291	109.7282232466782972
 948.000000	7.3807892790972138	120.7983543580374572
 949.000000	6.3027954595300093	126.3999129301938353
 950.000000	9.8177041687608639	131.8125960599357143
 951.000000	8.9978608564602514	116.2452845654301541
 952.000000	8.7966283663898253	124.6388823217522202
 953.000000	8.8142056466801826	149.3454815880239721
 954.000000	7.2722483399569979	127.8772341715470873
 955.000000	8.8558926196281096	108.8639155023603564
 956.000000	5.9432526323072201	100.7665703656669223
 957.000000	7.5790395263026955	135.0070694223233545
 958.000000	6.3707239889196021	91.9948042362493226
 959.000000	11.0978297590587704	123.9769454856946567
 960.000000	8.2193613088351878	128.7393752059786891
 961.000000	9.2835404722321044	117.2756582964536278
 962.000000	7.7466563938141508	132.8786495675680044
 963.000000	7.6101531237968238	128.3534647470531809
 964.000000	8.0878695564650815	92.6936388736431098
 965.000000	8.2476035523857281	95.0345294852881466
 966.000000	6.9432263020442671	77.3095490345796037
 967.000000	8.0689195086485483	160.7190714743080946
 968.000000	8.6440113542785841	106.1301077522086871
 969.000000	8.9130618411610065	157.8344591119066536
 970.000000	9.5763854245380440	126.6204299674478477
 971.000000	8.9747780455308384	132.2174626164508311
 972.000000	5.6960324139005847	138.4455628318635263
 973.000000	2.8579336780854985	126.8340289640186427
 974.000000	5.9762123961514382	131.7377488794087128
 975.000000	3.1352318716211758	128.9011331937967384
 976.000000	3.7345210119528285	142.2759716236679708
 977.000000	7.1259247679466524	72.1855517241403675
 978.000000	7.8611090972164019	120.5174388667689271
 979.000000	7.3925534267958604	105.8321893398880178
 980.000000	7.1062793232702886	121.4592841131026262
 981.000000	10.1198272033018366	124.8769150581314733
 982.000000	9.0560946361436017	116.0458064518324193
 983.000000	7.6607660065379806	141.9257400548750070
 984.000000	9.1635133340953274	126.7232658417353122
 985.000000	9.2590701509932103	118.1569509406924965
 986.000000	9.1693207696697154	98.4823755867646895
 987.000000	7.4105770375296638	120.8706328235480782
 988.000000	6.3730501652696168	108.8410084652474410
 989.000000	8.1552075233165802	101.8325248115823882
 990.000000	4.5079443037345115	85.5114230282695047
 991.000000	9.8226975281238929	137.5818133510584858
 992.000000	9.5968736443584621	129.3891829965741351
 993.000000	8.0440297610907816	135.7077901216462408
 994.000000	8.4789240039647087	138.7704785938019256
 995.000000	8.6235972911920094	140.3834596113585462
 996.000000	8.3816447253945867	137.6645435923527145
 997.000000	7.8152306082906211	150.4420745526849146
 998.000000	9.7544143549449327	119.1800699778447807
 999.000000	8.3464902158008503	114.8004405931277461
 1000.000000	9.2915471949707342	145.0819811648067343
 1001.000000	8.6554255935159041	148.2996870888435694
 1002.000000	10.2644700905189534	131.5895853745697650
 1003.000000	10.3835848548094543	126.4160810688546235
 1004.000000	7.3700703653883393	135.7611590725518909
 1005.000000	7.2320967846716488	134.6443192378821152
 1006.000000	9.6009522730238324	158.8273981526712078
 1007.000000	9.5378651663299951	154.7062733033902475
 1008.000000	8.3332949363365003	135.9235244725917369
 1009.000000	9.5708386683532840	154.7064299398208504
 1010.000000	10.0394272955108086	143.5356724783359255
 1011.000000	7.2365721702178023	134.2924028766034326
 1012.000000	8.6992227999709044	124.7248878660617208
 1013.000000	7.2793706661597657	135.6781522253425578
 1014.000000	9.7622140453920494	159.0639042285768312
 1015.000000	7.7713672795409634	122.6490400224473092
 1016.000000	9.2694557259566750	146.1312725424147914
 1017.000000	5.5185976319428569	101.4842445216480940
 1018.000000	9.1188218014695543	129.3390074370217349
 1019.000000	9.2865881338726890	114.4737667825539376
 1020.000000	5.4016563656153131	92.3819899146138823
 1021.000000	7.5170034796594205	98.4984991178015150
 1022.000000	8.4623801045723450	95.6031478920019424
 1023.000000	7.1034878586222723	129.6319300861920283
 1024.000000	8.7543793232776093	156.7353694718088946
 1025.000000	10.1127243893404248	129.7411234881990083
 1026.000000	7.1986076108217256	61.7964820406155866
 1027.000000	7.4501732790868180	86.5212735106516675
 1028.000000	5.6783670104078592	57.3501730284135220
 1029.000000	9.0220917895102666	160.4642514710723162
 1030.000000	8.5712991403546486	134.5243828623821400
 1031.000000	7.6092152201207872	129.2443789349861731
 1032.000000	8.0635093799316717	105.6339416368356865
 1033.000000	7.4618404678244721	98.0498014564173701
 1034.000000	6.8979013348335769	118.8753345212706449
 1035.000000	9.3668801740477559	117.2229415384547053
 1036.000000	7.2413637020166544	139.1842905026009589
 1037.000000	7.3105871530402640	141.8286915804333717
 1038.000000	8.0406172378270302	143.2618577679886869
 1039.000000	7.7080260472312006	146.6515841877738353
 1040.000000	7.2842900362527150	137.9205016782399014
 1041.000000	7.1010684876871144	135.5562049524355928
 1042.000000	9.8275861859180331	150.2271719418533280
 1043.000000	9.6417907602332527	147.8499155214472012
 1044.000000	9.8093014116169925	149.9662494640112698
 1045.000000	7.7675804512324493	133.7153384620376073
 1046.000000	6.5276108766096250	140.5537965134820695
 1047.000000	7.5258259396217309	138.8356237047247532
 1048.000000	8.1857542479811372	144.6309481618260406
 1049.000000	7.3955356748769994	134.4490224040955582
 1050.000000	7.1422599312262740	126.2406139113170127
 1051.000000	7.8508886375278042	142.3313696292987345
 1052.000000	7.1253826563180089	143.8513426237401234
 1053.000000	7.5393263577099372	144.2965456769969137
 1054.000000	7.6656354324461251	136.6834748956619592
 1055.000000	9.5220382927139653	138.3245550966522615
 1056.000000	7.4684671354907213	145.7212900275736160
 1057.000000	7.2967251809448905	125.4359790263952590
 1058.000000	7.0204457396311764	135.8760911480122218
 1059.000000	8.7165384122600873	136.2684109246217758
 1060.000000	8.3471493666252048	123.6528497160289533
 1061.000000	7.2004299650944947	130.7581002478081871
 1062.000000	8.7919695919297585	144.5737503051506962
 1063.000000	7.5425218200971686	134.0721084293896297
 1064.000000	9.5699553054164195	142.8413408326156002
 1065.000000	7.7019836340587657	129.9577101454698038
 1066.000000	8.0537163279033663	149.6910438366719518
 1067.000000	7.4044694719848065	143.3669661363301771
 1068.000000	7.3776779907728169	131.6320597930891267
 1069.000000	7.3144163133654878	134.5724359830205117
 1070.000000	7.4305506670443071	135.6688669007474743
 1071.000000	9.4462791808261031	133.0364927271960482
 1072.000000	7.5471751031499021	146.2593821356315686
 1073.000000	7.4854170112393854	133.5814204292059344
 1074.000000	9.9535274936294300	143.0718733604819306
 1075.000000	8.7414869603882561	134.1439522647619640
 1076.000000	7.9681459618870401	150.7782868239578988
 1077.000000	8.7007554936113962	141.7418556121264999
 1078.000000	8.8011621172933907	152.9472996825841165
 1079.000000	9.0670546439359718	144.7410475340189464
 1080.000000	9.2634336341570833	156.2311521414959543
 1081.000000	7.5671824239704755	132.3614158559967962
 1082.000000	7.6116639295369879	142.1931523098075161
 1083.000000	10.7037479383106255	166.0669157913426659
 1084.000000	8.3976869881584246	126.4283731099970254
 1085.000000	9.2830109470928743	135.0089947678212638
 1086.000000	9.9080309903935522	150.5037583732061819
 1087.000000	10.7008595269422155	149.2961776254580570
 1088.000000	7.8693874332629425	134.0817741787391526
 1089.000000	10.1264260407738451	142.6787367474317136
 1090.000000	7.1560230316989166	132.4163814792177902
 1091.000000	7.5136958384741011	146.1699766941642906
 1092.000000	9.7158259049330926	126.7862381973762353
 1093.000000	8.1277253689996414	137.4873770450260508
 1094.000000	9.5764769983532396	126.6679919041988285
 1095.000000	9.7988388370676969	115.4693391554433788
 1096.000000	9.3734433591278261	118.3723659890836046
 1097.000000	8.2823007672322397	139.6459077060199547
 1098.000000	9.8340128124096324	123.0967855800862765
 1099.000000	10.4455062373789431	113.9841127574542696
 1100.000000	9.3384699170665790	118.0124724901484825
 1101.000000	8.5508232216221334	134.2623475279952174
 1102.000000	9.3910233011106108	143.4798944231592941
 1103.000000	8.9789365004253767	159.3161843773152100
 1104.000000	10.3392744890325865	145.0501047041499874
 1105.000000	8.1791985008800125	134.0102385795911175
 1106.000000	9.0068932803422523	142.8834928328540741
 1107.000000	8.4615860825868108	136.5352563283036602
 1108.000000	9.8673324081928779	141.7262197061749589
 1109.000000	9.8228073376088076	140.7408617263076280
 1110.000000	10.0659002545267331	139.5625100998901758
 1111.000000	9.9389942636023108	139.4161448916654535
 1112.000000	8.6757016637585060	135.4248064782835854
 1113.000000	8.2774822760451681	141.7492615952278641
 1114.000000	10.1615878318900634	119.4014650537652642
 1115.000000	9.2222097373070913	109.6632683561199855
 1116.000000	8.8782895534027446	123.9765025177983944
 1117.000000	8.5188725060546968	112.7348324785972551
 1118.000000	9.4344736227546058	132.5022087345574846
 1119.000000	8.8468120016452279	125.3667850019478180
 1120.000000	7.8240109913931004	111.6197004550005971
 1121.000000	6.9070647267578451	114.8813028092483393
 1122.000000	8.7547893256810490	117.3087499325912120
 1123.000000	6.8862716358749489	105.5266610119290505
 1124.000000	9.1800148320072950	104.4204460168895423
 1125.000000	5.8539960611146080	77.3564711389675779
 1126.000000	8.1101100128545287	128.1955951555648880
 1127.000000	5.9980000062312149	110.1965227092284039
 1128.000000	8.4483125520928937	106.0855489461263943
 1129.000000	9.1266810343617113	119.4064463113217300
 1130.000000	6.0298879439675419	124.6622639652959208
 1131.000000	7.5757178264413758	140.6651088525402145
 1132.000000	9.4947177889776118	96.7407421521062503
 1133.000000	8.8474466032168948	132.6650515136361150
 1134.000000	5.8308372518160452	116.2159754869996107
 1135.000000	8.5187097934867921	127.0942498728674650
 1136.000000	8.1089697222599266	37.5554886482379402
 1137.000000	8.3835579312829172	34.9453907696376405
 1138.000000	9.5455612925824109	113.0728600241256174
 1139.000000	7.6707204694171160	95.4257661853557124
 1140.000000	9.2580258806618154	110.5284992779185131
 1141.000000	7.9620385086510019	22.4600043105173484
 1142.000000	6.1774617418686413	105.4302446417570707
 1143.000000	10.5124319307086882	85.8375823705002432
 1144.000000	10.0796051022279460	117.6123790339741504
 1145.000000	7.8086447780633312	121.1287115017310612
 1146.000000	8.0881174803908849	140.2950932909779738
 1147.000000	7.6041594793081346	143.6917496708321664
 1148.000000	9.7132690099068402	104.1428931191448441
 1149.000000	7.4132681988007878	47.9435574007140133
 1150.000000	7.5355506046125740	20.8452778771835199
 1151.000000	8.0787879125851578	119.0570822296777891
 1152.000000	7.3515287906516518	134.3850172848158593
 1153.000000	3.7211356384269880	109.0168261963764422
 1154.000000	7.8369545839688985	18.6757207364324245
 1155.000000	9.1401546441519042	87.4638403928969410
 1156.000000	5.6112419773506561	64.0509212716362839
 1157.000000	5.3018688647878420	148.0240418047040976
 1158.000000	8.6994810501397115	86.4841541435836092
 1159.000000	8.8223780317164469	45.9958436647838766
 1160.000000	8.7609573523416451	142.5150819371413604
 1161.000000	4.1579150346543132	136.6588763063828651
 1162.000000	5.8334018982647109	147.6027734019873776
 1163.000000	8.5726846458058414	135.5881409171777250
 1164.000000	6.3877182957057776	150.0724333028338719
 1165.000000	9.2991650596600799	112.7421162209252685
 1166.000000	10.4334315979198369	92.3244496695059809
 1167.000000	7.7365565307128126	42.3050077903053534
 1168.000000	8.4378353172271563	137.5391243268088886
 1169.000000	9.8709191843611528	117.4757540270299216
 1170.000000	9.8731179170333903	101.6114605432738074
 1171.000000	8.5446626152423679	118.9402412376396114
 1172.000000	9.7275668175009091	96.7843992464697749
 1173.000000	8.5801147132471325	43.9559016709604577
 1174.000000	7.8362420930717658	96.2017947193262302
 1175.000000	5.2600894378299508	40.7063019129506358
 1176.000000	8.0689398117671303	26.6193319118815168
 1177.000000	7.4303258853868988	85.6835774712780704
 1178.000000	8.0533140957133913	126.4379504406768717
 1179.000000	6.4165407953195910	135.8401813031046572
 1180.000000	9.1449519925017082	133.9100514344673343
 1181.000000	7.7457193644013458	138.7232492082412136
 1182.000000	6.7552748973604482	31.1263797658530450
 1183.000000	5.8652442046264177	57.9585856413967804
 1184.000000	8.6503865682748291	128.8449868041165018
 1185.000000	6.7676291563189768	119.3689309979119031
 1186.000000	5.9703324507540332	55.5639628854233365
 1187.000000	6.5856383021867098	63.2987102131295813
 1188.000000	9.1470027663205400	131.8775959501575414
 1189.000000	8.8346366239907326	140.0026281504310077
 1190.000000	9.1566220216396008	135.8383651903921248
 1191.000000	7.1990863300568870	64.1558705349914220
 1192.000000	7.1722575845008834	86.7352064288665900
 1193.000000	6.0241651884418372	60.4383104711711781
 1194.000000	9.7506752628038686	92.9663529021404003
 1195.000000	9.5724772069660524	92.3914473052212628
 1196.000000	7.8295583145423446	44.2394833488631605
 1197.000000	8.8153407672536712	84.7672104265046045
 1198.000000	9.7646245655281820	82.8275699379021688
 1199.000000	6.1335198514883942	49.7378059707239402
 1200.000000	9.1529060892042153	136.0259937932378591
 1201.000000	6.5168879737521150	33.2528747147930517
 1202.000000	5.7839658963868246	68.7329843754385195
 1203.000000	6.2441466794715206	112.6076589640874062
 1204.000000	8.7561530885646910	85.2013339140124231
 1205.000000	7.0173815496244636	65.6410988580555568
 1206.000000	7.2519526801814624	11.7239344924017246
 1207.000000	9.5329170273702264	50.1143751313343842
 1208.000000	5.8014104204099004	68.8454680158040162
 1209.000000	9.5015185331651608	107.6583216964798737
 1210.000000	8.4519034212269553	139.8467286393510278
 1211.000000	7.8650237123066464	141.1976219701222988
 1212.000000	7.9417257301265867	126.6902319225379188
 1213.000000	8.4574606811032975	88.6522128075157951
 1214.000000	7.3919193969565224	151.3758630839642194
 1215.000000	8.6145155281764616	121.2393116196370215
 1216.000000	7.8052927621162054	142.9267692834957018
 1217.000000	6.2879174402179023	133.8898925582653305
 1218.000000	7.4278154752594263	163.0900777109250441
 1219.000000	8.8358154064074075	122.3882594581218513
 1220.000000	9.1242051470187793	112.4680045188921724
 1221.000000	8.9471951519762705	88.7877924394861680
 1222.000000	7.0125253220259633	82.4649720154865236
 1223.000000	6.2121639305103056	84.4025429544373935
 1224.000000	8.0116960115043465	136.5177100332928148
 1225.000000	7.2912068545916764	6.9997977168127079
 1226.000000	7.3057625750985764	163.4127140975803911
 1227.000000	8.4710466167931600	144.9974679728680087
 1228.000000	8.1716063405294701	143.8737474874738496
 1229.000000	10.2447841769272223	128.1213872454206637
 1230.000000	6.2395705994869672	83.4715719240440706
 1231.000000	9.9811171230959772	104.0439323774380824
 1232.000000	6.9539859235455248	119.1270913093049160
 1233.000000	8.7354467689550450	121.6836750300875849
 1234.000000	9.2745993112545246	135.2576251001168544
 1235.000000	7.3669196619871533	65.0035913141040567
 1236.000000	9.1786359937213593	144.2252096912095567
 1237.000000	9.2389032631399033	139.9206924462109498
 1238.000000	9.6866647526499179	76.8101086809028573
 1239.000000	7.8123575742757128	115.0666542026170163
 1240.000000	7.4465583687073504	141.4996971159700934
 1241.000000	9.1173457836708103	87.8394504543695973
 1242.000000	9.5758078927311594	103.5358164892784174
 1243.000000	6.4038096242163425	33.6487868176024847
 1244.000000	7.1990186506952965	11.3582986730856703
 1245.000000	8.9823816965066730	57.3871387882327468
 1246.000000	9.5093933055588451	93.9087620766821090
 1247.000000	5.9377860696184088	53.6522139754440559
 1248.000000	7.6480280295335215	76.0426893256285723
 1249.000000	8.3021775142810572	134.4071983702866078
 1250.000000	9.2292762084517470	100.5142232638976907
 1251.000000	8.4775113250785434	106.2213086987635222
 1252.000000	8.8682990272679803	134.9994930164538118
 1253.000000	9.3900827637125790	123.6585489346053635
 1254.000000	10.1873801774955020	117.3745579517527489
 1255.000000	6.0828646550339371	66.5985378808049830
 1256.000000	8.1633175582241151	66.5205272797896896
 1257.000000	5.1590407035615566	89.3564869570510893
 1258.000000	8.6283817638252263	74.7269848441731313
 1259.000000	10.0343787480809059	105.8191832470296987
 1260.000000	7.9282470906102933	147.5957666568623949
 1261.000000	5.5262551544858214	82.7936528583806393
 1262.000000	9.6146066211130528	126.3150180337194826
 1263.000000	7.2480214319775005	48.6499242566636099
 1264.000000	7.3306425127173682	72.8959382664974811
 1265.000000	6.8370255437282506	149.0545346953346098
 1266.000000	9.3663904410024212	87.7285796036467076
 1267.000000	8.7327128711606434	122.1375939416688539
 1268.000000	8.1588538437466589	156.6223900754994816
 1269.000000	7.1519128423449878	71.1430036530773577
 1270.000000	6.3646699680866536	15.2072887719551204
 1271.000000	7.5059308669860343	147.8460298082445661
 1272.000000	7.2954689469583460	6.6298729802535945
 1273.000000	6.9305707357450235	144.9675958693677842
 1274.000000	5.3129228033177096	141.5242015009475836
 1275.000000	4.7217134050260201	123.3060998584244885
 1276.000000	7.6185901178781483	139.0961446574974048
 1277.000000	10.0968656403370716	109.4466671004857545
 1278.000000	10.6182981714857529	127.7933693858980178
 1279.000000	7.9274709380007939	127.1954622122561318
 1280.000000	5.7528254192503239	118.5746833749752227
 1281.000000	5.9663054826311814	152.1074938714612301
 1282.000000	10.7030702904759440	94.6024059628799421
 1283.000000	8.9586227131410485	139.9403311926959645
 1284.000000	7.9277765709214307	141.6257859556357630
 1285.000000	5.1508607473404009	133.8906539987626729
 1286.000000	3.3077266851465299	21.2643405086563178
 1287.000000	6.7085199611856012	105.1822499468171230
 1288.000000	5.4078977498190337	63.1550068981350137
 1289.000000	4.8065070945557711	34.0491454428599241
 1290.000000	3.5112984771076294	65.5132598033388547
 1291.000000	4.8542724841842437	53.3883022194996073
 1292.000000	4.8890772954827906	64.6641795231210494
 1293.000000	4.7312104971046036	46.1390981679186609
 1294.000000	4.2263141854932149	64.5916386303162113
 1295.000000	3.1141751257185977	139.3952187411226475
 1296.000000	4.4605439430002214	141.5891122525896719
 1297.000000	3.3926457038145275	137.1896802055221087
 1298.000000	6.8693301506804421	143.3283392341372746
 1299.000000	9.0484175768227537	127.5331761960024437
 1300.000000	5.9468195390431253	85.0070697637141990
 1301.000000	8.1101866260866693	110.5339204378474278
 1302.000000	9.3831845815339285	128.6345422543243160
 1303.000000	8.5020390105882431	101.8549127967159933
 1304.000000	9.1517165977737669	98.3138329271966711
 1305.000000	10.4214629603059983	115.0469185330763509
 1306.000000	9.2092537458860964	103.5030556659060750
 1307.000000	8.3435196916481935	152.7808860074484016
 1308.000000	7.6240905900900229	146.6604176204261307
 1309.000000	9.5878904869633477	142.0875166156423575
 1310.000000	8.5933870170959743	130.9906283003679448
 1311.000000	9.8235339743009042	130.0717160977509934
 1312.000000	8.9976221251680535	129.7345244384008538
 1313.000000	8.9610335751269297	133.8622901045897891
 1314.000000	10.6588785248604836	124.3796523423211653
 1315.000000	9.7975198266498538	139.7698797479737891
 1316.000000	8.9599276484300141	163.0446854556327025
 1317.000000	8.0851452307721043	124.2727524638195007
 1318.000000	8.4330249508856383	148.2011737820388930
 1319.000000	8.4624326667300718	144.4185436209749867
 1320.000000	8.3262343926659454	145.4129807753133150
 1321.000000	8.3299614212134472	146.5713390055585137
 1322.000000	10.4270923793143453	148.3561959913898249
 1323.000000	8.7545316053181015	161.2029504074920396
 1324.000000	8.6375713978432955	136.2098086061322988
 1325.000000	8.8917259220494032	146.6367734829493088
 1326.000000	8.2159973764820027	138.9845512024510299
 1327.000000	7.4063273803635772	137.7596759779638376
 1328.000000	8.3004362557777487	130.6230995744004986
 1329.000000	9.5029253780827467	139.0813804433777250
 1330.000000	8.7563444696745716	159.9124271292740502
 1331.000000	7.7455005589405674	126.2012888878044379
 1332.000000	9.1234614103635945	142.1722901643160526
 1333.000000	8.0112436728283889	133.9201920846120970
 1334.000000	10.4565907981561015	144.9015645607308045
 1335.000000	8.2309484586447166	139.0719894057029649
 1336.000000	8.5724849639399210	147.7947720993927589
 1337.000000	8.1427787824482003	132.4191598734929869
 1338.000000	8.4888398162975847	142.5895297478384123
 1339.000000	9.7699540164365732	158.5719323982126809
 1340.000000	8.4857648802221224	139.3125229577408675
 1341.000000	8.3036896361803851	136.7542396044183022
 1342.000000	10.4052421154071197	146.8994916561439936
 1343.000000	10.1623588407013159	149.9840603751079016
 1344.000000	8.7167038408752724	138.2007462854491848
 1345.000000	9.4579468335954200	151.3013431738061740
 1346.000000	9.0293491904911445	146.9845476902136170
 1347.000000	10.3849031923467336	139.0689056781259865
 1348.000000	6.9704175431734301	138.0816486902469080
 1349.000000	7.5909747588729548	139.5264165739424129
 1350.000000	8.5226635899183272	131.2315911965415296
 1351.000000	10.2473174801392588	166.0495865164930649
 1352.000000	8.3826528412907724	120.7299119994567320
 1353.000000	8.4446608905347595	113.1786094513979464
 1354.000000	6.6685794960896132	130.9101878419128582
 1355.000000	7.5826271514884853	106.0697449923608389
 1356.000000	9.6658839192525310	151.5007002765288462
 1357.000000	3.0328169210177629	128.3599166724067686
 1358.000000	4.4079647220933014	150.4774568937499453
 1359.000000	6.9880025231575402	99.5974316899591798
 1360.000000	8.0045943320356496	101.1044872894842683
 1361.000000	7.5553858874643209	151.2650660425969988
 1362.000000	7.1907186747137528	150.0522777242596248
 1363.000000	5.6845786991587133	85.1575873079582237
 1364.000000	8.3811026582141643	98.5520211659930396
 1365.000000	8.9324333762587358	111.2340299993131651
 1366.000000	7.4594027251414223	76.0988421040187006
 1367.000000	7.6951144626164654	121.2796312888205819
 1368.000000	6.2293889806808371	89.2637453501073423
 1369.000000	6.3419497683172050	114.0284108715280098
 1370.000000	9.6177737624003292	130.4697579552938578
 1371.000000	8.5790016690187638	121.6076868611409196
 1372.000000	8.2676078806591491	94.9938692282148907
 1373.000000	7.2850669946157431	53.5878197896295489
 1374.000000	8.2286819844940666	113.3059165289585621
 1375.000000	9.4070160363858104	103.1468356865590152
 1376.000000	7.8886348625374429	106.1678242680113584
 1377.000000	8.8396561297082101	103.1674687342054426
 1378.000000	7.6528646033763215	98.2754221701591177
 1379.000000	9.0817940021805139	114.1295930671932979
 1380.000000	7.9261310052292204	102.9463427343772821
 1381.000000	8.0067461018926416	140.7690090499666837
 1382.000000	9.8228088176473509	148.9453767756046432
 1383.000000	8.5081614900308349	123.8073206117091445
 1384.000000	8.0973427397316264	123.4273556298836922
 1385.000000	9.9840475599923924	145.9050706075304618
 1386.000000	7.1886079629601873	142.1197829724875703
 1387.000000	5.4843308794095655	87.5834695466611919
 1388.000000	5.9218753458794335	138.6145250592923048
 1389.000000	6.5292839617473053	57.8868726668746234
 1390.000000	7.4201999499368361	140.8046151570538882
 1391.000000	7.0456488163242481	93.0284113519042393
 1392.000000	7.5978475591583647	108.8906909618486480
 1393.000000	6.2537933070043392	99.4563344112566199
 1394.000000	9.2083966138893789	102.8389939621912390
 1395.000000	9.3948674454927374	101.6716991512403609
 1396.000000	7.6957650699089299	135.7724023629355941
 1397.000000	8.7571383753069814	156.3072986739248904
 1398.000000	7.9631504956200523	127.5721094387526477
 1399.000000	8.3540611059266272	139.6791199988522294
 1400.000000	7.2528736885146525	124.5762489683238812
 1401.000000	9.2966676490071798	148.4960363236612864
 1402.000000	9.9299425729729638	129.6675155722476234
 1403.000000	8.7084157919179574	142.7072963605777716
 1404.000000	9.1778325219628041	139.8055884438151111
 1405.000000	8.5968695529464068	149.3375931458058119
 1406.000000	8.5705677354984307	140.1325472281737063
 1407.000000	7.9263862273943477	124.4680280268784998
 1408.000000	8.1824983131897344	118.2076514412991344
 1409.000000	8.5930612318316140	145.8727494059070580
 1410.000000	9.1239320546516112	131.8443704563249810
 1411.000000	8.4221358050223785	139.3789903254393039
 1412.000000	9.9593419339413387	115.7736753082778023
 1413.000000	8.1849988395199258	134.6669425069082990
 1414.000000	10.3086506745357855	160.6236443291530236
 1415.000000	10.0749584249377637	142.1761800768632042
 1416.000000	7.2894870982910129	132.7408082664334472
 1417.000000	7.5960687060144538	124.9423058904738468
 1418.000000	8.1915096900362006	139.2560309166475463
 1419.000000	8.7594296001495486	132.5758127849044854
 1420.000000	9.7754592142059185	143.0653072694208845
 1421.000000	8.3198492656455407	141.8556161291791682
 1422.000000	7.3281291771734240	159.1092821320165456
 1423.000000	9.8797639717610117	144.4514538024724288
 1424.000000	8.4628911056939771	142.9705786171977593
 1425.000000	8.7792958587225147	140.1891797051874562
 1426.000000	8.2469353589637429	135.6847167713950171
 1427.000000	9.1913957503954951	143.7438723167209673
 1428.000000	8.7877913405217480	143.5474895408844134
 1429.000000	7.1645392384153830	129.9415405322874904
 1430.000000	7.2069452635014182	119.0488029329640369
 1431.000000	8.3272892356493351	147.9610618164424238
 1432.000000	7.7234320602661102	133.8046761453876741
 1433.000000	8.6896115213942977	156.2543896464403019
 1434.000000	10.0654154063903594	145.8848687115991538
 1435.000000	9.1934221245356493	146.2181513892429336
 1436.000000	10.5897613542756375	145.2099687032567772
 1437.000000	8.0185080123658459	125.2406798449336520
 1438.000000	7.5013580197229102	154.9574297163578933
 1439.000000	6.2515228528718305	133.3531547960836861
 1440.000000	8.9922961183679213	126.0360543165138552
 1441.000000	7.3941917955148240	98.8486159586348379
 1442.000000	5.9834902913660057	105.9438975334902153
 1443.000000	9.5080614242024453	117.8918382242070777
 1444.000000	7.3976543477653411	136.1013723641223976
 1445.000000	9.3391510985895945	142.5069426893739433
 1446.000000	6.4095838526506039	42.5763342494449830
 1447.000000	8.9233038776689835	145.5899539973269157
 1448.000000	7.0248126092824110	113.4691531393391415
 1449.000000	10.7153471453835891	110.6337804077862756
 1450.000000	9.5344613942702274	121.7839637047440249
 1451.000000	9.2107682479485788	163.7091550720747932
 1452.000000	8.0011872903551318	130.0444071647236797
 1453.000000	9.4714854578961809	121.5911905039758949
 1454.000000	6.7575302020927648	142.1605015950212021
 1455.000000	8.8902479462967072	107.3627754106290269
 1456.000000	6.3575177765343849	126.6477940338048995
 1457.000000	8.2311728566534992	98.2818804259641610
 1458.000000	7.4558865511174508	154.8806406942350975
 1459.000000	6.9474341948408336	110.3670654466953636
 1460.000000	5.9720773617329561	123.9605191764212293
 1461.000000	8.5060179398594631	94.6642348592599632
 1462.000000	8.1363309171142042	152.1550366127989662
 1463.000000	8.3352617728625980	82.8454759508346825
 1464.000000	10.5963448276824206	158.0064788851717026
 1465.000000	8.7025226652014673	124.6931746679293838
 1466.000000	8.6593582284203237	162.0359330530294244
 1467.000000	9.9121695204245484	138.0422616164781289
 1468.000000	7.4540622923279400	147.0914066621513712
 1469.000000	7.8076445797190948	124.5276382115325617
 1470.000000	7.7881330492471044	141.1793965808422513
 1471.000000	9.4646906589343374	126.7246161932787913
 1472.000000	10.4321782847517746	159.3799780592599973
 1473.000000	7.1129745015487531	127.3168110961958632
 1474.000000	7.9810481967439122	142.0593757526160346
 1475.000000	8.7961555786851537	137.1441581277538546
 1476.000000	9.1145655277958735	152.0848037277457649
 1477.000000	9.7450656107669289	141.5928870831455129
 1478.000000	9.5783770401098387	130.5827261237099890
 1479.000000	8.6843378890726992	146.3169014212586490
 1480.000000	7.6654612681554033	127.2014839983099819
 1481.000000	9.1061662141072155	153.9946314737071873
 1482.000000	7.2997025703759890	129.1676077754065659
 1483.000000	7.1283577866963093	132.4426023110813730
 1484.000000	8.4144525792819103	124.3213998697189595
 1485.000000	8.0195746867502340	155.4350446595258006
 1486.000000	10.6852057198509272	126.4039485382889154
 1487.000000	7.5958207606873183	130.0056651816534270
 1488.000000	8.2815387390429542	129.1619021269756331
 1489.000000	8.3740014805606684	133.4097235220738185
 1490.000000	8.0088197905616738	128.4815161696805603
 1491.000000	8.4698674643192007	146.1628206878114611
 1492.000000	9.1054304172466871	144.3140883890086457
 1493.000000	6.4362258961972856	116.3799283441057071
 1494.000000	7.3681059688824240	86.4839825754895060
 1495.000000	9.3463169496750336	110.1253595510204519
 1496.000000	7.3590865865922765	126.7027812599908003
 1497.000000	3.7806444199180373	118.0886346052739242
 1498.000000	7.3120086644212856	121.4180100910373028
 1499.000000	5.1000759201559012	45.8910280073442038
