 0.000000	4.6982555451040602	100.0151039872360741
 1.000000	4.7410005786623719	132.0621621658374352
 2.000000	4.9516859731358185	103.4156993920619527
 3.000000	5.2695525383524373	113.2706747176147672
 4.000000	5.3602284728429153	130.9803739357996903
 5.000000	5.4353786674623192	111.0062599942979631
 6.000000	5.2021964414675574	115.4833730221972985
 7.000000	5.0603487764221544	104.6117847058815755
 8.000000	4.7960365648830887	99.6953876740291491
 9.000000	5.4455934245205579	96.8727362139979391
 10.000000	5.3736029009934292	104.5929452577354368
 11.000000	5.1943667134250280	104.7758995935666633
 12.000000	5.1855502054014417	118.6798996107983726
 13.000000	5.0587517467040595	99.9244992409026196
 14.000000	4.0536007279528343	148.3752812301041217
 15.000000	4.7906753920355643	134.1902680526333711
 16.000000	4.2592203025485125	137.1976192854949090
 17.000000	4.8489380842398884	125.6574473906040055
 18.000000	5.4007468414072575	118.2239981815734495
 19.000000	4.8122996561359415	98.2232983976620631
 20.000000	5.3778180560568893	122.6471229376420808
 21.000000	4.8937025129535128	120.5441961787655316
 22.000000	5.2188960873920900	100.9879721951558338
 23.000000	5.3871707969186726	111.0953709725769443
 24.000000	5.4365016292562043	111.6629989736109820
 25.000000	5.4935839383006790	90.2884135130198331
 26.000000	5.2939577877190356	116.1481231966297685
 27.000000	4.9524695891426109	120.7656474387576111
 28.000000	5.1488391802705804	127.8362944309328100
 29.000000	5.0045532343879291	151.0490384448926875
 30.000000	4.9953945298744626	134.3818726646825894
 31.000000	5.2967926459636692	140.1250754759584254
 32.000000	5.4637629183861574	101.3656257829052691
 33.000000	4.9477258757967153	108.5976382781772003
 34.000000	5.4886800435704561	88.5091434204649943
 35.000000	5.5077241985585514	90.9008491267927354
 36.000000	5.0755176267483977	111.2879248276040585
 37.000000	5.4423989762241698	99.6104631062780612
 38.000000	5.4708632346874655	85.4598910125729105
 39.000000	5.4085324248513187	93.9845846347687655
 40.000000	5.2634099257382800	106.2807649090918574
 41.000000	5.4288310190909597	104.5191558914262231
 42.000000	5.1033372223147406	106.8625419093441025
 43.000000	5.2496334016413035	92.9284696196698405
 44.000000	5.3314670175038765	89.5967566697302118
 45.000000	5.4990148444281433	100.6070425576188399
 46.000000	5.2174827273697373	97.1514910848414104
 47.000000	5.5098512262915476	91.1083289231292071
 48.000000	5.6804696625171891	120.9321039668403159
 49.000000	5.4331857966364190	109.9604900190670378
 50.000000	5.4208741095216748	97.3836113930329645
 51.000000	5.8478344910020885	89.5992425069897394
 52.000000	2.9430857424553070	49.8972267567135361
 53.000000	4.9658002079957706	124.7188444238190925
 54.000000	5.2808339138892206	90.1645689210628660
 55.000000	3.9369927364655766	126.1088733625649638
 56.000000	3.6108276616568897	98.4090700917987107
 57.000000	4.3162155625292247	135.2336516982580861
 58.000000	3.6497898007467917	134.5255821474129334
 59.000000	5.3817837360460059	140.2475019256043538
 60.000000	3.3880054504005339	132.3109806771596197
 61.000000	4.0656344268103295	104.1501909795388912
 62.000000	3.2480910041290021	89.4841688273846216
 63.000000	4.3721132289000524	132.3175822999604634
 64.000000	4.1744601980703191	132.5424628904515600
 65.000000	4.5315193096576181	122.0243995697228314
 66.000000	4.8077798617374263	119.6373306045247205
 67.000000	3.6388146074366965	99.5657489063430745
 68.000000	3.2382797057033441	95.6514420036327380
 69.000000	3.2612624897357922	97.1969320250446174
 70.000000	3.4483866507890641	106.8682371189065634
 71.000000	3.8909677566943399	130.9468703641797731
 72.000000	5.1686520340791162	99.0936008448273355
 73.000000	4.2708965256269780	123.1165181908295949
 74.000000	4.3763226349416939	117.2150817549083541
 75.000000	4.2140832359420362	133.5884440484236961
 76.000000	5.3071981919143463	91.5223234167518456
 77.000000	3.5779503295185560	117.4255956390613846
 78.000000	5.4740550491153757	72.0106784895733512
 79.000000	4.9580821052445447	59.3638978640531576
 80.000000	2.7582849937450318	23.7385521227762410
 81.000000	5.1148706412187606	79.6286782416292311
 82.000000	5.1324220949978088	92.9321741012586529
 83.000000	3.6382074826773270	107.9698267022382510
 84.000000	3.6361693258486607	136.7625075820116081
 85.000000	3.9628635442263600	123.7025950982019822
 86.000000	4.9287750726714226	113.4280390687030717
 87.000000	3.8102527957285695	95.8665620141101869
 88.000000	4.6242499187909196	125.6920966516724150
 89.000000	3.4406425328188601	102.5735380568961972
 90.000000	4.7157023357693433	129.0699128208387094
 91.000000	4.5644586589464673	139.1130096546561958
 92.000000	3.9653514111398547	125.2603024529198592
 93.000000	4.3566568999541930	119.3363432699669886
 94.000000	3.5434662029557189	114.6683155894283033
 95.000000	4.5563432440649745	127.5040546637871302
 96.000000	3.8887921551819939	116.8506277028539841
 97.000000	3.4718169229925437	115.3268090487699737
 98.000000	4.8923970482258543	90.4420808891457142
 99.000000	4.3152460513213278	119.9140488372287905
 100.000000	3.3002418976358396	107.9941297837281553
 101.000000	4.5615738990274846	124.5176759357342462
 102.000000	5.4802434436615757	89.9650218598230254
 103.000000	3.4236176398752298	96.0450581829872476
 104.000000	4.0182554991355302	132.9553344430965467
 105.000000	4.7926105116864512	122.7294496150059899
 106.000000	5.1604450594392661	121.5156113104764302
 107.000000	4.3926569089738461	125.2796968464416381
 108.000000	4.1857513797535075	132.8589612581497477
 109.000000	5.0586290151737172	128.1025717295755157
 110.000000	4.5200808454298160	113.5938793155644504
 111.000000	4.3807678087842099	113.6522807928954677
 112.000000	4.2405443734696124	134.3283192069214920
 113.000000	4.6546248055281891	104.0249516698720385
 114.000000	3.5650010188301784	102.8971907168535580
 115.000000	4.8781631474272915	139.5765008575882291
 116.000000	4.2491264706350993	106.4152570767431598
 117.000000	3.1191269201424063	116.9841795845109544
 118.000000	4.9031376148741215	125.2540519984892740
 119.000000	3.2901092289468927	100.8246162963946375
 120.000000	4.7711094075168097	109.4804184190224987
 121.000000	3.2544100354722123	88.5640034167446970
 122.000000	5.0541899672844899	80.1754349226336416
 123.000000	3.9768641231376485	111.1525680234285858
 124.000000	3.9835372757238039	127.1236233360588557
 125.000000	3.8259218904286518	123.4915888967588558
 126.000000	5.0268525420554280	134.3917320473231030
 127.000000	5.2213778171442220	80.9216616102928299
 128.000000	4.0270359939594194	139.3062181326807547
 129.000000	4.6068255459355694	113.8149341215988670
 130.000000	4.4354400505763474	105.5722119912132371
 131.000000	3.7756587762574845	111.3278459140505419
 132.000000	3.0904527300173417	87.6716136355593818
 133.000000	3.1576824635680842	111.2206316894739615
 134.000000	4.2495733280476848	102.9213039087569399
 135.000000	3.9277286628680006	128.7258784849446727
 136.000000	4.7848440062362840	115.8437166790981792
 137.000000	3.3553567320141071	97.0031087600461888
 138.000000	3.8964190413137567	109.6580021419671596
 139.000000	3.9147243076414924	117.8527432795498271
 140.000000	4.9258117961468768	121.7293360540324016
 141.000000	3.5420057927789164	103.3393194045595465
 142.000000	3.5540749621552443	122.2259041287702104
 143.000000	3.4538094798926853	94.4250137386284365
 144.000000	3.3684529230570353	120.3830770864377087
 145.000000	3.8049754737028652	143.5312913608321423
 146.000000	4.3345241441197624	119.5913178822111860
 147.000000	3.9758080282474078	123.8619419576895666
 148.000000	4.1667292291027360	119.5566014789220475
 149.000000	5.0436460944477846	77.4064965507206608
 150.000000	4.3887948051458476	138.6861997615312134
 151.000000	3.4123703151764442	114.1141527939022779
 152.000000	3.8094497001455392	107.4893229122514811
 153.000000	3.7975991316300677	129.0026443721372402
 154.000000	5.2942871202191348	96.8538396748412254
 155.000000	3.7184599819592603	124.5310839207384959
 156.000000	4.6094833724250739	116.2122182678748032
 157.000000	4.6092774460155512	108.3475136050275012
 158.000000	4.4178485820578270	133.7683077488364347
 159.000000	4.4045570512349936	124.9546696128111165
 160.000000	3.5987833597620416	94.0249621991634257
 161.000000	4.1592443806296080	107.2934943889196262
 162.000000	3.9454412884870749	104.7333061947396402
 163.000000	4.4997863760929047	112.8320475669081588
 164.000000	3.6142154762976459	105.7296155072984618
 165.000000	4.0665236095357642	134.8221069438245365
 166.000000	3.9295015361999828	132.5402857653429578
 167.000000	3.8610120506379029	117.1174881923984401
 168.000000	4.1669246004780254	136.0331414903712357
 169.000000	4.3069163669927208	140.3181662559632059
 170.000000	3.8420245685503063	113.2486520471730245
 171.000000	3.8967286672805592	122.7655752736193051
 172.000000	4.7207518174496332	134.1756012894729793
 173.000000	3.5689082926826217	116.6739456051463719
 174.000000	3.5005426199048344	113.8857544968584676
 175.000000	5.0087009325476988	88.0457095045899933
 176.000000	5.0327602189623182	80.4493109007679834
 177.000000	5.1438995011010089	66.3899058175012726
 178.000000	4.4302650716756702	45.6515034164615940
 179.000000	2.9818839024463020	59.0292562752050998
 180.000000	3.0514194539941526	45.6615009979996387
 181.000000	4.8820852151770877	73.0078540379237779
 182.000000	3.7793124569311685	90.3296365460237496
 183.000000	4.6241068875158575	123.1216151268540102
 184.000000	3.6198651294945843	108.3773555415619967
 185.000000	4.0625127059786434	122.8110769926999382
 186.000000	4.3922123768458023	119.4442790159204435
 187.000000	3.7555630313436641	110.8147402185655608
 188.000000	4.3538416597348943	127.2327169459718874
 189.000000	3.0095045927553099	98.7175662862643151
 190.000000	4.1121878994239163	113.4070181881751012
 191.000000	4.1420707172855220	114.5712768595145121
 192.000000	4.1507962286505835	119.5581590370121603
 193.000000	4.2251112769988266	121.2101330998758044
 194.000000	4.0260574528264996	118.5203005708202397
 195.000000	4.8868170541473148	69.4812138670488224
 196.000000	5.0781868580174283	70.5533431427224684
 197.000000	5.5870073620508141	76.6740660098743803
 198.000000	5.2116502278357535	94.4831417770169111
 199.000000	5.3826098585522049	74.4793431459165305
 200.000000	4.5857926666025675	106.5270735854428352
 201.000000	4.1791946355710143	106.6365107273234401
 202.000000	4.4539563797824799	127.9058826667569093
 203.000000	4.8720891406650813	104.7148102149447482
 204.000000	4.5469047694914257	117.7208782700680274
 205.000000	3.3553509643082848	93.9542240841172998
 206.000000	4.9062378280367058	110.5795880450583581
 207.000000	4.9078385888422851	103.8239876780491215
 208.000000	3.4888275843155987	65.0814636119516052
 209.000000	5.1551912072718986	72.5625426463822976
 210.000000	4.9863208615399097	49.8953747067766074
 211.000000	4.9169029312092256	58.1560017657361783
 212.000000	4.7072080638844920	67.8577597301121074
 213.000000	3.5329420174634252	109.8388255667999402
 214.000000	3.7654184397401536	102.0009083625921420
 215.000000	2.8452333920889448	16.6923985691735766
 216.000000	3.4440989769244870	105.7408121054722585
 217.000000	4.0892857659843926	151.4549896681636767
 218.000000	3.3084654119770565	125.9973129963353813
 219.000000	4.4516245313095579	122.3448188476104690
 220.000000	4.5134683243284810	146.6775152979518566
 221.000000	4.6675142203145850	121.1561329731027570
 222.000000	4.6821795822255519	128.6023979156690871
 223.000000	4.5574539655079436	127.9779215583622261
 224.000000	4.3129559421493795	129.0949026950715961
 225.000000	4.6362253275059846	135.6350818294368423
 226.000000	5.1150846468402937	141.0266579430057163
 227.000000	5.0289745881201400	147.7834415655238445
 228.000000	3.9380106163149966	152.8104969535321231
 229.000000	4.0115166606540944	156.4917224258155954
 230.000000	4.7338777559335972	141.4991284860626877
 231.000000	5.1003425317145377	134.8675282437683336
 232.000000	3.9845439890921051	129.2157750070201132
 233.000000	2.8250718025770842	41.0462699139063432
 234.000000	3.8155883506884498	129.9447536552647762
 235.000000	4.6456694976885817	122.4411751125027479
 236.000000	3.7287229440880032	137.6590636262841088
 237.000000	4.7362867151648755	114.1055627839137117
 238.000000	4.9818323525460428	135.4966303305638746
 239.000000	5.3251102342239562	69.8085828921702642
 240.000000	4.7663611611639620	97.8103940594592842
 241.000000	5.0145275368267672	86.9824417119151292
 242.000000	5.4785579022483910	104.2741180329902164
 243.000000	5.0950863517844809	102.1935815025687049
 244.000000	4.9014026603429395	51.5642758806367851
 245.000000	5.0294364413118915	74.7113963355499919
 246.000000	5.0879624789058049	121.7560356176504399
 247.000000	5.2767576490238293	93.6536906247536507
 248.000000	3.3704886777419163	113.2810756542558011
 249.000000	4.2681633592008135	126.2740626207209118
 250.000000	5.4125732278821728	114.2649509179438780
 251.000000	5.5595380729135648	83.9986362934977109
 252.000000	5.1861773718568731	115.9142383207339719
 253.000000	5.2362040928251572	89.6576140023087476
 254.000000	5.3583294038063629	89.0435632970374940
 255.000000	5.3385977524622721	95.8895733619785346
 256.000000	5.0114521536805654	117.2543502428238043
 257.000000	4.1474580054950678	153.9993296430041028
 258.000000	4.2155146907647945	135.8698398168501740
 259.000000	3.9787134123168850	140.4945384343313037
 260.000000	5.0762155808955338	122.3215020243722932
 261.000000	4.1743392765018381	162.2052933942206607
 262.000000	4.6249780998399928	139.2545326202298668
 263.000000	4.7852591620848637	135.9273722727031100
 264.000000	4.9963189667369967	128.5347788748032940
 265.000000	4.6321439961634958	128.9998945403817459
 266.000000	5.1670102893772940	134.5294884723122664
 267.000000	3.4832628935539449	104.9087854889045417
 268.000000	3.5020184066784221	90.7207093694790387
 269.000000	3.3394887736884860	106.7723630294314319
 270.000000	4.1003578647585348	91.1978746049413758
 271.000000	4.0315039258473417	87.0842875866118504
 272.000000	5.2161292853836470	130.1786788206540564
 273.000000	4.3395660359359676	115.1360359955380801
 274.000000	3.6789049461476897	117.4576471728431102
 275.000000	4.0820350336044893	125.8012317513492064
 276.000000	5.1102739894833835	119.5785282073793780
 277.000000	4.8062838202197034	135.4914244883186711
 278.000000	4.4362502499597580	126.3534642620086004
 279.000000	4.7679975646345527	139.2364438175018506
 280.000000	5.4716833213848428	137.1793780951211374
 281.000000	4.7515144696593925	94.4654870880162179
 282.000000	5.3575880887662999	99.9493015527455810
 283.000000	5.0390112935396623	144.4787344323612501
 284.000000	3.9701962953584498	155.7770259112995745
 285.000000	4.2241745797799224	151.0361539107309738
 286.000000	5.5124362756463237	96.1941993908362463
 287.000000	4.7817657468950392	94.8009055910851686
 288.000000	5.0300978292333891	113.8460719904481664
 289.000000	5.3379536560844389	100.9637802742133204
 290.000000	5.1140966195013480	104.1219388516439324
 291.000000	4.8798181607749918	104.5175201192641907
 292.000000	5.2650598393351720	98.5295187474272893
 293.000000	5.1763767337296702	93.8272935609317642
 294.000000	5.3047575436555192	108.5070022249937267
 295.000000	5.4455794582937624	95.8305396564076517
 296.000000	5.0347057491519411	111.5979995047445357
 297.000000	5.2559737444108405	97.9565694573744281
 298.000000	5.4078721224899935	91.2357776807329088
 299.000000	4.9640375512618915	111.3043760147138244
 300.000000	5.0386250329321483	93.8376723031183673
 301.000000	5.3678781154326485	108.8247556882515426
 302.000000	4.9966813411815290	100.7092970867346367
 303.000000	5.2222531769747800	91.9490507085627513
 304.000000	4.7538836743585078	109.2697445239222276
 305.000000	5.2765595741658409	95.8508005415764188
 306.000000	4.7101256043635100	104.7242714549002613
 307.000000	5.3385416381138686	98.2171713422155648
 308.000000	4.8353607295037984	90.9583457237782369
 309.000000	5.3986567997478998	111.2250664477448794
 310.000000	4.8497467382208344	123.1507665884213338
 311.000000	5.4739750035038206	112.8613666502326964
 312.000000	5.3190685514709886	103.5716101658938157
 313.000000	5.2721421956295638	94.9328963763744582
 314.000000	5.2053243110107781	110.6211873180310761
 315.000000	5.0909399295973508	147.5873533230615351
 316.000000	4.9101210723177822	135.8507008530731923
 317.000000	5.1868832751047860	109.1165536220479311
 318.000000	4.5690332738047372	100.1533305808180927
 319.000000	5.0319659276271338	98.9358590472375710
 320.000000	4.8635656217237955	123.6542283741067934
 321.000000	4.8078064438030674	99.5295304411109072
 322.000000	5.2142102224730653	113.5402228300548160
 323.000000	5.2256066222229034	85.6791972049170312
 324.000000	4.9373972086143123	106.3937082984540865
 325.000000	4.7656948880210042	106.0463555741332300
 326.000000	5.0834113627544655	99.7075970125575708
 327.000000	5.0648257972501227	108.3401282332974915
 328.000000	4.5981292342482014	105.4505182953799931
 329.000000	5.3919633389316095	80.0979717322732938
 330.000000	3.7378903523102975	111.1233171496703278
 331.000000	3.4178496925658921	139.6672011701845690
 332.000000	4.2528747432704517	137.6054674568946155
 333.000000	3.6213981388065726	114.3996199757765311
 334.000000	5.4174205966950746	81.4671085827017833
 335.000000	5.0499516158288724	107.7772715555117315
 336.000000	5.3733653205785421	77.9410181995809666
 337.000000	5.1676398669063586	116.2970290037091274
 338.000000	4.9195599486057366	74.8646222867266289
 339.000000	5.1858864786521339	105.2461684938264455
 340.000000	4.8485693266730134	94.4051069317818587
 341.000000	5.2146024924373924	113.9011915747283723
 342.000000	5.2488169483392797	100.8112779888612067
 343.000000	4.7511696251461188	112.0048833176914229
 344.000000	5.0166724889079637	107.2272839848856876
 345.000000	4.8969819558390917	108.3842110785657269
 346.000000	5.1270384418195114	105.2208027804142461
 347.000000	5.0697991738201482	110.4759937833180743
 348.000000	5.2469377775092676	125.7011350258034383
 349.000000	4.9818939204881012	90.4894021555521419
 350.000000	4.8676782190608261	108.7024205614189327
 351.000000	5.1748532423558542	82.6761894193902549
 352.000000	4.3564761937577581	109.2789404922317118
 353.000000	5.0336431447957368	109.9794879458989385
 354.000000	5.0928719729539225	106.3229190697651063
 355.000000	5.0501670449574219	109.6122994861653979
 356.000000	4.8185012443650104	106.0384960693317851
 357.000000	5.2723769840375407	96.8888897087705345
 358.000000	4.7616637717383723	113.4391251434658159
 359.000000	4.9112903046423337	107.7839509073575357
 360.000000	5.2662673533580708	105.6793175132362705
 361.000000	5.4145493852768158	87.1584876469076164
 362.000000	4.5129399597922637	103.8114345244609638
 363.000000	4.3681241181857171	90.9854695327001508
 364.000000	5.0298674975454878	123.1769706116993035
 365.000000	4.5719277619026109	129.7526064815158691
 366.000000	4.8248234378123502	148.8276009936404876
 367.000000	4.1425136351247449	159.0363001118619479
 368.000000	3.9923316392011028	152.0956721036667147
 369.000000	4.7614629672045510	140.2676583691150540
 370.000000	5.0046028760803756	124.1729156914776127
 371.000000	4.5470688213762029	98.0287505209117711
 372.000000	4.5946843420213783	92.5064336742098163
 373.000000	5.2423734019075150	113.6786913241528083
 374.000000	5.3767837020146914	77.2117936341955016
 375.000000	5.0407579554870834	103.5797943788849551
 376.000000	5.1725550742271613	95.7053838274351136
 377.000000	4.6664969746622509	98.6276335908416399
 378.000000	5.0077470849716228	104.1855232688529327
 379.000000	4.9562791002009075	104.5680580872069356
 380.000000	5.0622926851627090	106.7467944715219801
 381.000000	5.0634736312384945	101.0616402688560811
 382.000000	5.2378791509331357	92.0296896282434744
 383.000000	4.9089133601230470	101.8862732716332857
 384.000000	4.7855193201994570	113.3523070694304096
 385.000000	5.2802903513532655	104.8551603448368041
 386.000000	5.3577447439838686	89.2780685863148307
 387.000000	4.8125595459674315	100.1988803408792279
 388.000000	4.5540674639210135	110.1522034747869156
 389.000000	4.6857618704748409	103.2010810108031222
 390.000000	4.9682780387121825	130.3652209742690786
 391.000000	4.4640871675413756	141.7513804631151970
 392.000000	4.9649587916166729	126.1578674265962547
 393.000000	5.2312544666528167	132.2748803338088237
 394.000000	5.0129027607002854	140.1756444093622065
 395.000000	4.7787958667973651	92.9530608801395033
 396.000000	5.2498757446661690	106.3281690393076815
 397.000000	5.1452279961629364	109.1310209207535848
 398.000000	5.2870163806948662	112.0925390930008376
 399.000000	4.9010207707545925	98.5394937882427655
 400.000000	5.3491315949015155	102.9703066444457420
 401.000000	5.3580605813321176	116.0780820951137429
 402.000000	5.5458420166963167	117.7223580376921177
 403.000000	5.0833550298240278	108.2974780311528633
 404.000000	5.2085479906614696	88.2871759480158005
 405.000000	5.0246256449271609	118.3556304534726138
 406.000000	5.1614353796151011	106.1774278433329783
 407.000000	4.9219101159467646	134.2271523471983130
 408.000000	4.3628218703461386	134.8675922344325784
 409.000000	3.8204795483198337	124.5757826994683626
 410.000000	3.8304600896564254	121.2138139407387030
 411.000000	3.6673000270548610	88.2128596748349878
 412.000000	3.9460491546511460	149.4151066514578190
 413.000000	4.3023085870140836	149.8221824476627546
 414.000000	3.3895351796332611	83.9554935372135844
 415.000000	3.3505172218934538	101.2096624171399668
 416.000000	4.4561006593616828	116.4763240083891986
 417.000000	4.4883766152140216	115.3749203687697076
 418.000000	3.3367527606659384	100.7617667658491598
 419.000000	4.1181011323006009	112.8742783961082523
 420.000000	3.7719600650978808	147.6107933536131043
 421.000000	4.5910654897865042	139.7603404994436573
 422.000000	4.3734973830028583	145.6344786101418833
 423.000000	3.3354639664060102	96.5075993617278129
 424.000000	4.8218594892859290	106.8711817187083710
 425.000000	4.6686519237738739	112.6978351763192876
 426.000000	4.0527488154903057	124.2581507484443932
 427.000000	4.8304138407622830	144.9566599514533038
 428.000000	3.5750310309493187	124.1904931129603256
 429.000000	4.2447122421960310	115.2750117064627915
 430.000000	4.7693153332227736	135.9967953163883294
 431.000000	4.5540795171459498	133.2427113165590526
 432.000000	5.2268354842294480	142.2964426306936332
 433.000000	4.5936551026489090	136.4585054391614278
 434.000000	3.5084089138365298	145.7551626828550013
 435.000000	4.5547452516368230	134.5074650890599059
 436.000000	4.1002344182816906	154.9525582826165930
 437.000000	3.9331176092631903	134.1362040481122051
 438.000000	3.8705657194023435	94.6915366260354006
 439.000000	5.0975095678369993	118.8711801913980253
 440.000000	2.8365109922026308	78.2646783521031040
 441.000000	3.2155555512446505	84.7368910000216289
 442.000000	3.3060486781002534	88.1250464917222018
 443.000000	2.9924290472674571	73.3275342806225154
 444.000000	3.1531127230219993	66.9048608330527657
 445.000000	5.1402556128794883	111.3394064212434813
 446.000000	5.0233514871483020	93.5674909723873611
 447.000000	4.0031451334166697	161.9606742816409337
 448.000000	5.7683545713088895	133.7844127530848368
 449.000000	4.9681277671565649	128.2158508771105971
 450.000000	4.2701034907080491	147.0211313955580010
 451.000000	5.2060813391690370	105.8591224095696646
 452.000000	4.3314620917636733	82.9350156580144073
 453.000000	4.6779524745753127	110.2283205015485947
 454.000000	4.1874384361940349	137.4993963507889703
 455.000000	4.7475060752866201	127.2624941623819268
 456.000000	5.1313739165024383	110.6050573171237943
 457.000000	5.1071563964474294	109.9668089860659705
 458.000000	5.0848896003375117	82.7530489483286544
 459.000000	5.1968169219304734	92.2340544808840406
 460.000000	5.1937794112262994	78.2301655510577518
 461.000000	5.1138374067814549	118.6932247065437309
 462.000000	4.8898715598167577	86.6669652198889935
 463.000000	4.6496659271748060	95.6625611097768882
 464.000000	4.8190125297792061	91.0647189957582839
 465.000000	5.1593564496252684	85.7643420982778224
 466.000000	4.9654178435380070	83.0241729600956120
 467.000000	5.2805537025801437	117.2940254899072841
 468.000000	5.1944557177612865	79.5001721542707713
 469.000000	5.1385031907485832	97.4822658643415849
 470.000000	4.9439699197900966	111.8482740527736752
 471.000000	4.9226762203621668	104.9676911279436951
 472.000000	4.3700384996319519	100.6483194503783807
 473.000000	5.4986954823841652	100.5583152089534735
 474.000000	5.0906383284678096	125.0057559427503975
 475.000000	5.1859726470579854	99.7933497127331890
 476.000000	4.7995723888868680	104.6135703468781770
 477.000000	4.7616690239657107	117.5172594185060575
 478.000000	4.9284055937728226	95.9960882551829684
 479.000000	4.6452887669544349	106.5426895755001482
 480.000000	5.2342210386950185	117.2684645339116969
 481.000000	5.2000359041516884	94.4797358369944931
 482.000000	5.2821591104249297	117.5484528477962840
 483.000000	5.4386780717116716	81.5370782813430992
 484.000000	4.8655020114525298	104.5384379375491619
 485.000000	5.1266750088900279	88.0644131095316283
 486.000000	5.2337462772903320	109.3684597067568518
 487.000000	4.9140527033384824	94.2228743375728328
 488.000000	5.1000530490918496	117.6707284539685219
 489.000000	4.7507785510729095	102.5256676770900697
 490.000000	5.0218853036011621	117.0327748097941480
 491.000000	4.7388388812503557	107.7956989309281113
 492.000000	4.8181570133002092	97.0595250719206177
 493.000000	5.1971695834771969	136.6948205648357941
 494.000000	3.9199229711187211	147.5811255140439471
 495.000000	5.3247938406395550	108.1607515021791244
 496.000000	4.7236577857727688	107.5035443724107296
 497.000000	5.2899132610605859	117.6282878838624981
 498.000000	5.0922125337482296	111.4243006189616807
 499.000000	4.7786869764846225	108.5104509294672823
 500.000000	4.7796204038468550	99.4791757560657288
 501.000000	5.0954505442834828	99.5073939261823170
 502.000000	4.7581192505563941	104.0119098591281102
 503.000000	5.0367262855708068	121.1553866555831149
 504.000000	5.0407334153116050	113.8672467563673365
 505.000000	5.0247879293237885	77.0511458949895598
 506.000000	5.3072024884800095	101.4147912330751211
 507.000000	5.6161011399630985	90.6303594338245233
 508.000000	4.6887338195083252	98.1643436149590514
 509.000000	5.0329747673999705	102.4687379645070564
 510.000000	5.3581566133817784	116.4557816446760228
 511.000000	5.2868241364070432	122.6436250778079398
 512.000000	4.8080453722459398	131.4134734905200617
 513.000000	4.2417468175106867	154.5137751021233328
 514.000000	4.9196018407344146	106.8537488306267278
 515.000000	5.3069816680534077	96.0581594908689027
 516.000000	4.7176724740153100	98.2888858302593462
 517.000000	5.4281659906332020	111.6854183290975726
 518.000000	4.5020781782572401	115.4738184083674639
 519.000000	5.0942666191609725	108.6477645159171175
 520.000000	4.7784163894097382	111.4272015213321225
 521.000000	4.9529041687294635	103.6137287172232817
 522.000000	5.2044355307645924	115.5698895969049573
 523.000000	4.9977457045345526	86.5585541917717052
 524.000000	5.1230226366349694	75.8935428926609035
 525.000000	5.1336162507984993	99.3072849055960631
 526.000000	5.1432232832258817	102.0287517417961567
 527.000000	5.3114543073524390	106.3065962282762058
 528.000000	5.4376551041503278	102.0186133366108550
 529.000000	4.7113244672186125	106.9114473111637977
 530.000000	4.9341668816625246	84.3343239316751294
 531.000000	3.9665710553447706	72.2561343148862960
 532.000000	4.8603532156169367	114.8202451483503239
 533.000000	5.1611594927152105	120.9685660368165969
 534.000000	4.8647670290676661	100.6534498617993734
 535.000000	5.5454015744472187	100.3234653095568802
 536.000000	5.1472211892079009	105.8325569107013138
 537.000000	5.2178796112748422	103.0971340876024982
 538.000000	5.2290794040418191	95.6835723457818119
 539.000000	5.1792021981567391	78.9339131463174937
 540.000000	5.2954126170679956	104.1275711618904438
 541.000000	5.2820706392993095	89.7187500903373945
 542.000000	5.0135598186772352	97.6834564828813683
 543.000000	4.5461159069400034	108.8883552249936457
 544.000000	4.9567785935280062	106.1115868152993045
 545.000000	5.1060663208053372	102.6776640944880228
 546.000000	5.2784824992725481	96.7857576361169265
 547.000000	5.0059640694917169	100.9031340830922829
 548.000000	5.0792835827757550	108.0005111210043367
 549.000000	5.1523525788598343	95.0574966686493781
 550.000000	5.3567160458324876	97.9835631427363296
 551.000000	5.4467354875528580	100.8112784440333627
 552.000000	4.6493689038343939	109.9005712445195968
 553.000000	5.3489128978642491	106.3413957862665029
 554.000000	4.5606368273069249	92.5986828602253240
 555.000000	4.7957286979421117	112.5001629923427942
 556.000000	4.4396742337798667	122.4770223037939445
 557.000000	4.1169734617931999	144.6682587222522329
 558.000000	4.7802291802482033	144.9009314892536509
 559.000000	3.7632959683160139	127.5241926119219897
 560.000000	4.1874142778645185	140.2485085046561721
 561.000000	4.1459002287193627	121.2227190024612753
 562.000000	5.0343401464205293	81.6016936511973370
 563.000000	5.4681652415652167	87.5005185719036405
 564.000000	4.8815890069505476	124.3670389925882773
 565.000000	4.8916465735126913	100.4673219652326708
 566.000000	4.8844850747094908	98.1842276522037594
 567.000000	4.8192114654397153	89.3642401089078504
 568.000000	4.9156029213212502	103.1269907295598074
 569.000000	5.3571494842943537	94.6083369943045369
 570.000000	4.8329269886996773	104.1851002451023049
 571.000000	4.9604302507518740	107.3087214760279551
 572.000000	4.8696093683787893	104.2311539317403799
 573.000000	4.4898002613157475	98.8809305444181064
 574.000000	5.2408564548232173	93.5133129867496251
 575.000000	4.7958248020972105	105.9619440423677474
 576.000000	4.2436627025270566	102.3233923046953322
 577.000000	4.4475992706071192	105.2723838202445279
 578.000000	4.4796457903014124	90.7895048579415658
 579.000000	5.5201495644811311	98.0555976939729135
 580.000000	4.7494220089262811	102.5302579411674344
 581.000000	4.9681461737776136	109.5195806278095603
 582.000000	4.0359775165219922	126.9395009001221410
 583.000000	4.9859559422907962	137.7216720755638164
 584.000000	4.3932450668491105	139.1411290723800107
 585.000000	5.1136004422409327	144.8958331648308899
 586.000000	4.5828488013701900	136.4834025035511900
 587.000000	3.8628230522068905	145.6107839397523378
 588.000000	4.9717413887458122	135.1083760306532042
 589.000000	4.3663197084327683	141.3535177337791993
 590.000000	4.9545045051795142	130.2490336238797966
 591.000000	4.0055918662276548	157.4199294635140518
 592.000000	3.9351838774762378	143.9829354418781975
 593.000000	4.8761049186356491	123.8767044397542634
 594.000000	5.1419242520074118	101.8819632434601061
 595.000000	3.6504286955940399	58.6080167078987131
 596.000000	5.1883405904512783	84.4558510499693966
 597.000000	4.6459067102675871	94.5248618942640775
 598.000000	5.0307456048748849	106.0974234248166255
 599.000000	4.8691333191880721	105.5550451647402070
 600.000000	5.2236423175939244	94.1461438078164292
 601.000000	5.2656096144311739	94.1456733773466112
 602.000000	4.7303839116536279	88.9799145473823074
 603.000000	3.5625190478449693	88.3623865718231656
 604.000000	4.9235721008508566	89.1962494516089208
 605.000000	3.7653138573978739	54.0328751915489960
 606.000000	3.2636251948441855	67.0310226071640187
 607.000000	4.9726116758846075	86.9330776597140726
 608.000000	5.5496166885051279	94.3937537333731882
 609.000000	3.3052168820122443	78.4195595266056529
 610.000000	3.1794067613683952	54.9392067520768137
 611.000000	3.2415497925150309	98.7320176315984526
 612.000000	3.0777451970316547	46.1868806089358088
 613.000000	2.7822898601004158	69.5095902752589581
 614.000000	2.8888915967989237	37.0897618956027202
 615.000000	3.0262568353187231	49.8915447348349232
 616.000000	2.9856822606185944	71.6852764881266751
 617.000000	4.2050025861914122	157.7624675188874903
 618.000000	4.3964092153961598	147.7840822154848865
 619.000000	3.9704060976970439	141.0896232796100946
 620.000000	3.7871093440007431	145.2349333314546129
 621.000000	4.2296836484618918	147.5819389667324799
 622.000000	4.4897116524611249	148.1184523804093658
 623.000000	3.2073637057801414	75.4292544587112559
 624.000000	3.4747891568750635	69.0382987099463463
 625.000000	3.2704166852103311	111.1171572820859410
 626.000000	3.8176571968124895	140.3030925136842200
 627.000000	3.4039133173502445	126.7136316367699465
 628.000000	4.2638110134896063	145.7194321382528983
 629.000000	4.1653280264588339	155.5154770208399100
 630.000000	4.3661920362009878	113.6810921305246751
 631.000000	5.2925613874251951	98.9410387121823902
 632.000000	4.8800331157350989	125.2591967149172660
 633.000000	3.6746409102960311	148.8102425607729629
 634.000000	3.9268094605077919	134.5285505111580164
 635.000000	3.4276716943374099	124.0141725979728164
 636.000000	3.6786747484596272	128.1165451468641265
 637.000000	3.6189816288778456	142.7693579183618340
 638.000000	4.7877602029344208	147.4900889548508189
 639.000000	4.7190026838637262	127.0792267471980210
 640.000000	3.5130577664146614	140.2910413697404124
 641.000000	4.3557500874315478	140.7218833291132114
 642.000000	3.5332884271831797	123.4968635396069061
 643.000000	4.1172298526605831	155.9619876949477373
 644.000000	3.5375699429783141	134.4138445907711343
 645.000000	3.8685376835647225	127.6870807141648072
 646.000000	3.4198312084743110	131.9217823706811430
 647.000000	4.8461366906852481	75.6521188092547163
 648.000000	4.8110213208989290	94.5826740639257935
 649.000000	5.0613099719425891	112.0956854402556786
 650.000000	5.3631909956137047	124.1188451708615617
 651.000000	5.4705370970649287	99.2422474647432296
 652.000000	5.0362704038181461	57.0523926256988716
 653.000000	4.9365991928809079	112.9801768901795640
 654.000000	4.5423654954917039	156.1321582890637956
 655.000000	5.2131777764085818	119.1657634594438093
 656.000000	4.9403756671419101	114.4029427901067777
 657.000000	4.9972386328274645	103.5584422893336267
 658.000000	5.2449249863644889	119.3254507687721855
 659.000000	5.4044342173332769	97.9810826651040827
 660.000000	4.9490974511826282	102.4866349849697684
 661.000000	5.4932189215609597	112.8316581551397917
 662.000000	5.0347580499117797	107.5649295263560674
 663.000000	5.3808437055394336	111.2251730422290024
 664.000000	5.3438761321723875	109.6470173065338400
 665.000000	5.2083041455045809	118.9744413779309724
 666.000000	5.3078658893440815	97.9355738100897355
 667.000000	5.4408270872250313	112.8899420883231954
 668.000000	5.3119447170775205	105.1392933948970807
 669.000000	3.3276159571783097	70.4250797585268060
 670.000000	5.0653924580673539	108.7370180945520559
 671.000000	5.2015103706539829	87.8305924218424394
 672.000000	5.4861795476754844	109.6168162905412515
 673.000000	5.1840257530018787	106.5548242169990374
 674.000000	5.6448540121408701	99.6375924752619255
 675.000000	5.0080804774182068	118.2501904181798693
 676.000000	5.0466901620268159	128.6665266676345709
 677.000000	5.5190597228424556	103.1585345520631449
 678.000000	4.9989713222982743	86.6334251561136597
 679.000000	5.3468399418124113	103.5853147241728323
 680.000000	5.4803548038928067	101.6610399597465317
 681.000000	5.5343905849819919	109.7180688555953054
 682.000000	5.2220478691384242	102.9015685113660936
 683.000000	5.1613124442325953	95.2798124432979279
 684.000000	5.1508647106997563	121.4735176295489509
 685.000000	5.2612562804587428	115.1389447991652304
 686.000000	5.2036400010261890	112.0626383087231659
 687.000000	5.2313732455778146	114.2975433331852457
 688.000000	5.2288183008090350	104.2357187410419073
 689.000000	5.2893884903444564	119.3003261089573215
 690.000000	5.3166522897022839	105.8394051245531102
 691.000000	5.1832171731504708	106.9647282853347434
 692.000000	5.0666181889837265	110.7486102879428103
 693.000000	5.4505087902442764	101.7422555111012770
 694.000000	5.7133054769526064	105.6381317675407843
 695.000000	5.3023798985926867	95.4044424196179506
 696.000000	5.2156906875353375	109.9150533698538226
 697.000000	5.3146481603919238	109.3332378910222360
 698.000000	5.4405026144445898	104.5143808623134873
 699.000000	5.2119835743193796	103.2623251947194518
 700.000000	5.4016987218673531	97.6957851518529310
 701.000000	5.3424993917021091	103.1145277828096170
 702.000000	5.0690346427718938	100.9000293631321625
 703.000000	5.1862807605205354	109.5700009797065491
 704.000000	5.5064406142511944	104.9808065902838194
 705.000000	5.5046347631100820	103.6899589604773979
 706.000000	5.1331204024660542	122.1037375096899638
 707.000000	5.5889565719604475	105.4225705615902200
 708.000000	5.0846063075462649	119.1406519545879519
 709.000000	5.3077205268035819	100.4405491966172548
 710.000000	5.1219064764521010	96.8354212252779121
 711.000000	5.1666367303956182	148.2812956854575077
 712.000000	5.2463351135721226	138.1808205252090431
 713.000000	5.4337073217638459	69.1582897785804960
 714.000000	5.0024615808194621	105.5651529703796285
 715.000000	5.2957813489882311	101.1310590034567696
 716.000000	5.5295310158808402	102.5010389534227073
 717.000000	5.3227446196136521	104.7868291692968654
 718.000000	5.3071699961560306	104.6028575299571344
 719.000000	4.8246528675248248	97.6440978201965493
 720.000000	5.4135557437102646	112.6254519955179063
 721.000000	5.4101593638189751	104.7920300792587938
 722.000000	5.3090464203278733	113.6830467502485362
 723.000000	5.0241028280914035	113.5293826692325609
 724.000000	5.2708459528369689	96.4856446659633917
 725.000000	5.4203997911649866	95.8624854700453994
 726.000000	5.4890434271939537	103.5488448894518996
 727.000000	3.5352255085609152	60.7076016194411068
 728.000000	5.3569737005417686	110.5645905717936301
 729.000000	4.9466141631534528	113.7490705135540026
 730.000000	5.2787992569506326	114.1168280589919419
 731.000000	5.3219468038551394	106.3789307696252564
 732.000000	5.4767195440528322	107.7067359407590601
 733.000000	5.5935556248581060	99.1753625454188210
 734.000000	5.2771751095627621	101.6245094001000524
 735.000000	5.4433369709778390	85.9019165732542831
 736.000000	4.6827846872518233	96.9133699435623583
 737.000000	5.4692014105124835	114.4110403489570160
 738.000000	5.4071139129036547	104.4447358998931463
 739.000000	5.3474196665684293	95.1839242542512523
 740.000000	5.3306192227597213	95.2672480105391060
 741.000000	5.0733031079129516	96.9026418326619847
 742.000000	5.3448828238611137	104.0711343773151185
 743.000000	5.2224232633789240	97.9572374874965703
 744.000000	5.4210547360458357	101.5716843772487294
 745.000000	3.8569753703996503	65.7439572935724357
 746.000000	5.0145546837363932	83.7183232544648632
 747.000000	4.9222705391557238	100.4549814750640877
 748.000000	2.9660435883375293	79.8119861357869809
 749.000000	5.2864664938909209	100.5954678706227554
 750.000000	5.2528295728285412	123.1025982809759398
 751.000000	5.2861833981655577	105.9211266018349704
 752.000000	5.3437049198323106	108.2804122406165845
 753.000000	5.2399103826503302	91.4162646305712343
 754.000000	5.1723249547098495	125.9568926817029819
 755.000000	5.2754593470710107	102.0477961973324597
 756.000000	5.5145015595376972	120.9451368395952784
 757.000000	5.4204973146844457	95.4213493132705253
 758.000000	5.0524724972645254	112.9961768297982161
 759.000000	5.3335604506993182	99.7389690652919541
 760.000000	5.2721671803389478	121.3141876419696530
 761.000000	5.3381569897194963	119.3933026889437201
 762.000000	5.5814296624415336	117.8843734293184298
 763.000000	5.4135656497341742	95.6995950722323983
 764.000000	4.8628625840558604	101.4841400877278943
 765.000000	5.0545345637097112	100.9003691324933811
 766.000000	5.1902438261328019	109.4598129327081608
 767.000000	5.1173682209770686	104.7856612654056363
 768.000000	5.3885221185471579	94.1609172837147668
 769.000000	5.2318094121679328	146.6636290282184802
 770.000000	5.1643509485185595	145.3862000182612633
 771.000000	5.2107514536765676	133.4983753592937887
 772.000000	5.3122478080090110	112.6956918115464816
 773.000000	4.7058754799419464	117.7583483299526677
 774.000000	5.2988247086691143	111.5203270274793255
 775.000000	5.2639562779192577	108.9432511413961890
 776.000000	4.9036899673386865	117.4260055620405581
 777.000000	5.3056668827507387	108.1209193618538933
 778.000000	5.4063325173783161	99.2581938260724854
 779.000000	5.1769112708909555	92.2878604562362028
 780.000000	5.1553174531151349	122.8056812038717425
 781.000000	5.4434315425548636	77.6061712123622556
 782.000000	5.5197402388972430	116.0006730148994905
 783.000000	5.2830989640979782	102.2244004498268737
 784.000000	5.3983011316113414	96.1813974570541035
 785.000000	5.2398364119773664	116.1832835487424802
 786.000000	5.2487381837566467	112.6998455559923258
 787.000000	5.1458388639368797	103.9297499122761508
 788.000000	5.0812827078696063	110.5048599883579783
 789.000000	5.1300424486267842	134.7430169064963650
 790.000000	4.8731400378086676	136.9481988081701900
 791.000000	4.4866385091781051	132.8657537207192831
 792.000000	4.9026048986596331	135.8627398358133576
 793.000000	5.0083506867001173	136.9820580725116486
 794.000000	5.2281369478340878	149.8747137679908406
 795.000000	5.2330659361375362	128.6170199954938766
 796.000000	4.6087073521815576	130.4501482093134541
 797.000000	4.6275876443239854	138.5107043968257017
 798.000000	4.7069488206164598	139.5635509495214706
 799.000000	4.7027321523946153	131.3028612104161823
 800.000000	4.6485793313553572	120.1859852350308984
 801.000000	4.6063177820228676	133.6433091613095030
 802.000000	4.2344495202575905	125.5553770480621836
 803.000000	4.3662396725583923	124.8928948485159509
 804.000000	5.1180599510058222	137.5679877785042322
 805.000000	4.4774664423760102	141.9787147595768602
 806.000000	4.2103617650906973	137.8595881476355487
 807.000000	4.4031569366247476	138.2917609786661615
 808.000000	4.8007412174031847	136.1547052519009640
 809.000000	4.1948147299465868	125.3978509777789441
 810.000000	5.0971317921084180	97.8270609430538087
 811.000000	5.3572030888971272	115.6862072115568623
 812.000000	5.2481212055624944	106.8845314463588920
 813.000000	5.4344204301062877	123.3599283210937330
 814.000000	5.1709910915308779	117.9058382214817442
 815.000000	4.9011528835529319	107.9424114166503870
 816.000000	5.0457322502873101	97.9865430868648701
 817.000000	5.3212597360988632	104.6408583537093193
 818.000000	4.8834661443792831	102.1709221358375999
 819.000000	4.9027523114241003	115.9675069142098351
 820.000000	5.4118326220700723	67.3618023931701373
 821.000000	5.0626653223755449	91.1069991213892791
 822.000000	3.5290186766671177	152.3026664135502983
 823.000000	5.0776397878122355	86.2962983491871114
 824.000000	5.3583750915443504	99.1104850212402368
 825.000000	5.2846973304975293	91.8397718354153767
 826.000000	5.5475235003175776	105.7484576783124197
 827.000000	5.0830422895919396	111.1356379924586548
 828.000000	4.5436096322493631	109.3787164899764832
 829.000000	3.6189125494015562	63.4222322764975530
 830.000000	3.4329149244291290	77.2993408898201295
 831.000000	5.3371996527936334	86.6030049577540382
 832.000000	4.8064667911542687	118.7269681252818714
 833.000000	4.7316074258714194	118.8078248421434182
 834.000000	4.9106643244594173	88.2694176806872548
 835.000000	5.3398784956954595	98.2650789740949904
 836.000000	5.2860790267369246	92.7208848518797737
 837.000000	3.6155875502681112	141.1295288159545294
 838.000000	5.2019421141516444	94.7604083797116914
 839.000000	4.5937116566386047	61.0028747986703905
 840.000000	3.8350330404144950	120.8161163052901941
 841.000000	3.3044301347821095	96.2198061688809076
 842.000000	4.2218153421915678	126.9720467322567572
 843.000000	3.6576710058291151	88.2704388782957921
 844.000000	5.2016617467493891	88.6196848767765886
 845.000000	2.8049696794739436	41.1080012328956457
 846.000000	4.5038374270864239	99.5032212242230543
 847.000000	4.2295468693039959	105.7266521098150349
 848.000000	4.7641297906686608	98.6334974346039388
 849.000000	4.0582719413198864	105.2211723759390054
 850.000000	3.4887512152081444	72.9597428007403437
 851.000000	4.4069981884132963	119.8203613169180244
 852.000000	3.9272042969140051	109.6043388077835061
 853.000000	4.5984297198129367	101.6321798613424221
 854.000000	4.2734891723776158	108.7518804340158454
 855.000000	4.6505712728593531	108.5007628853324775
 856.000000	4.5091812275610641	133.8213008583572616
 857.000000	4.8104047200462379	116.6417998966883829
 858.000000	5.4808668385323092	108.5332520481645986
 859.000000	5.2659218528012701	110.7789287251322889
 860.000000	5.4165927772727143	125.2417111954156042
 861.000000	5.2273424887665998	128.9543869333043915
 862.000000	4.9665240343032862	97.5459617241960188
 863.000000	3.8219199219688975	102.2366024619282996
 864.000000	4.1022832145383674	92.9576210478851550
 865.000000	4.2480171635842643	112.1578541145623120
 866.000000	3.7296333246196034	106.5139048456243529
 867.000000	5.1684964154831157	117.8544914254712523
 868.000000	3.3770857726890133	101.2582937596780113
 869.000000	4.9259599658731394	69.8233255172835783
 870.000000	3.6647714046580981	117.3795255342194537
 871.000000	4.5455539838740844	100.2574929371808565
 872.000000	4.5553234279900003	128.6241797633964552
 873.000000	3.6615979089918897	131.0157613308362841
 874.000000	5.5297669354655952	78.4451366787760804
 875.000000	5.1604937082003000	69.5401132254802405
 876.000000	4.9370385752441823	121.3641353091443591
 877.000000	3.6171158230776981	114.7787947598683616
 878.000000	3.7346575791146450	108.5879360811080261
 879.000000	4.3879575436578593	131.6967227514833212
 880.000000	3.5471572002141407	114.5116978440351403
 881.000000	5.4270199364860767	115.1142831348083320
 882.000000	4.7138479370512449	136.6103710667609050
 883.000000	3.2332431012156282	102.1476059522349971
 884.000000	4.9567143353302088	131.5327082071369773
 885.000000	4.3757857870150678	131.5570884254447890
 886.000000	4.1896164139193708	144.0906107405188550
 887.000000	4.4680113328120061	119.8260335689036538
 888.000000	4.7636152827372431	123.5296169423832850
 889.000000	4.9160021079794367	116.7915351347849366
 890.000000	4.9745221116850420	113.3161678075900056
 891.000000	4.2049009944139843	135.5622283720362304
 892.000000	3.5967494553188271	134.5819167493327768
 893.000000	4.7348656106638076	124.8529455013578513
 894.000000	4.1572927502935864	150.2436895058147570
 895.000000	4.7125792048068886	106.9764967978619694
 896.000000	4.8344242204729539	125.0761506665897969
 897.000000	4.7761826419313858	115.9496395072891914
 898.000000	4.2960207925642688	148.9479768566209259
 899.000000	3.6336663718221760	139.8657900960157860
 900.000000	4.7661004319114619	118.2634875472694205
 901.000000	3.6542421116316106	134.9856073055913441
 902.000000	5.4912757325262112	76.3901776941901716
 903.000000	4.5676985053923103	139.5556883012491767
 904.000000	5.5236836093565165	119.7624660482873935
 905.000000	3.9762534580806692	128.9010079238893240
 906.000000	3.3639760928658626	100.3866432173957151
 907.000000	3.5768578396570359	112.1172095897213552
 908.000000	2.9223363014446373	47.6011146431947623
 909.000000	4.7646587094088551	93.2502326525535352
 910.000000	4.5146415136800533	97.9068999559064821
 911.000000	3.6047571232132438	103.4218511001918017
 912.000000	5.3502966721173628	101.2738322598607539
 913.000000	2.9944043512566192	77.0869335013107673
 914.000000	4.8301086139780782	92.7858574378054044
 915.000000	3.9886489330579438	99.9644239710150089
 916.000000	3.5158557488506021	110.0677130799885788
 917.000000	2.9850413263950459	60.4842178934877950
 918.000000	3.3012577013355631	65.1021553491861766
 919.000000	2.8286627068303472	61.3956427272858605
 920.000000	3.1401736856208773	65.3546677690340090
 921.000000	3.2023729163135952	82.1368587961207055
 922.000000	5.7354434846328957	81.1526414700232266
 923.000000	3.4852161301015534	103.6929730698061860
 924.000000	4.3366696188922615	101.6163857401447075
 925.000000	5.2402402810674680	68.8430155089433526
 926.000000	3.9068536883837486	124.2858434259636340
 927.000000	4.4513300292918592	112.0655807669136550
 928.000000	3.6308073904601623	89.3948311462587100
 929.000000	3.0713085271121119	96.9878878263448314
 930.000000	5.1433235427322801	70.0206013163315504
 931.000000	4.7760943540427032	75.1450360202778427
 932.000000	5.0356691592331240	105.3802143339529920
 933.000000	3.8465425292401609	101.2201105986011527
 934.000000	3.5642387820511403	110.4313925765690811
 935.000000	4.2693542647988334	121.0131999259052975
 936.000000	4.8010681215017632	72.7201269159003942
 937.000000	4.7709733913018573	136.7441667794023772
 938.000000	4.4701644309265518	147.7306528022594421
 939.000000	4.0851125954866392	126.8571201465655633
 940.000000	3.6834356836750359	121.9166084384667386
 941.000000	3.9957098037068839	120.4495339166331860
 942.000000	3.2866897495719072	130.0086555780681010
 943.000000	4.1054353190378565	109.2861483714169140
 944.000000	4.8713948389742550	129.7049228543870925
 945.000000	4.5532371100386149	126.9970839491129624
 946.000000	4.2204776935202153	159.1336942489423620
 947.000000	4.1623968116684855	156.2645512833379371
 948.000000	4.4633920924475410	134.0503792951649302
 949.000000	4.1933779454859046	143.7934400894880582
 950.000000	3.6841358781981666	145.8203698462716602
 951.000000	3.9130936178287352	120.6795542120572122
 952.000000	3.8869509777549847	157.7443919496178921
 953.000000	4.1335451645409877	138.6992560045757727
 954.000000	4.5446285457867592	149.8271659581792790
 955.000000	3.7710735777920421	114.0548834814264723
 956.000000	4.1112588071904632	135.8891783464653997
 957.000000	5.1081109040606165	144.9816735470557205
 958.000000	3.9203016459995021	135.6058787080313550
 959.000000	4.4594368329347116	145.5022601567994798
 960.000000	4.8165196564764532	141.9155202068058657
 961.000000	3.4673059172007754	112.5746775103988284
 962.000000	5.1931996797240902	124.9744502453047232
 963.000000	4.9096378761906641	127.2090215035405265
 964.000000	3.2028834608016044	100.7781128258393863
 965.000000	3.7008618560882636	115.0328117031916406
 966.000000	3.3646910013100908	126.7972802639528567
 967.000000	5.3481690707682477	126.5188054037806182
 968.000000	3.3986300007332981	109.4532696546180972
 969.000000	5.6346272177265595	135.5637359421785391
 970.000000	5.0943595463134406	94.5633392522831997
 971.000000	4.7434874697821341	57.3752216878916954
 972.000000	5.6511972078614594	80.8951525902390216
 973.000000	5.4533558434935214	87.9058150535725389
 974.000000	3.1721629951514498	78.6822177194110992
 975.000000	4.3765019810621242	129.4516244387263555
 976.000000	4.7646969361276374	134.0395678925926575
 977.000000	2.9195221302729659	53.1459124734986830
 978.000000	3.9324313407217510	154.8619405369651076
 979.000000	4.3198540372686187	122.6746081291229444
 980.000000	4.6140422140286290	134.9083921410569928
 981.000000	4.6460551684273925	130.3975231638421803
 982.000000	3.8650509097046051	143.5537346835370158
 983.000000	5.0213550604379318	135.1881739672650724
 984.000000	3.8883091535982364	141.5395717326749150
 985.000000	4.1342309034896951	144.9859849806113630
 986.000000	3.4568255861249368	109.0304263244296550
 987.000000	4.3142349628046315	127.7653756802023679
 988.000000	4.0370422038075118	152.9341593784189115
 989.000000	3.4408032807884776	139.6255898217000890
 990.000000	4.2512687509353375	144.8847246549092915
 991.000000	4.6086844901779882	105.9597804845309383
 992.000000	4.9097660929266116	82.2169424873615924
 993.000000	5.2411327067947715	105.3891605159956413
 994.000000	5.1375045515980196	122.3677465296240854
 995.000000	5.3390557831621930	107.8531165092667976
 996.000000	5.4379653881011158	109.6357995792740212
 997.000000	5.3381027751669974	108.0703930948296403
 998.000000	4.8389052001155370	97.8577328577301984
 999.000000	4.9337164315826705	113.0176019404950978
 1000.000000	4.9309717304986771	106.0743741568815182
 1001.000000	5.6203715143103246	80.0237449578693969
 1002.000000	4.7908960149005884	107.6516071468343512
 1003.000000	4.7159113788083618	109.3964546728875291
 1004.000000	5.2890418894941229	98.8544002159783730
 1005.000000	5.2495633399550847	106.8326378101367879
 1006.000000	4.8736447526268121	103.4999130595583239
 1007.000000	5.0340515132152026	124.2588014508679066
 1008.000000	5.5064767111831321	107.2129080491195765
 1009.000000	5.2613745597212080	102.4223248377869879
 1010.000000	5.1801919243765466	107.8271695887429189
 1011.000000	5.2257818066969044	104.4689670202996155
 1012.000000	5.5929339561158793	97.9747337320326181
 1013.000000	5.2720940251145016	97.3827173839041365
 1014.000000	5.0032930046847479	108.6480408310536632
 1015.000000	5.6202590333426956	86.5811632211514279
 1016.000000	4.7814195950406875	112.7691122263896801
 1017.000000	4.7073440585128630	124.5905869805666555
 1018.000000	3.9667600925016298	92.7959770118610265
 1019.000000	3.5051369520343254	125.9619323246884051
 1020.000000	4.1801924998807989	116.9142804656130750
 1021.000000	3.6455697238141860	120.2663306446465299
 1022.000000	3.8620632075890282	123.8644878174486053
 1023.000000	4.8406576518584670	116.1019421839434500
 1024.000000	4.7732251319701051	110.5335713305880745
 1025.000000	5.0232202876862306	87.6956451958411236
 1026.000000	2.8187331265822420	85.3127093202616749
 1027.000000	3.7063266630892282	100.9119210124889747
 1028.000000	2.9623979916203820	71.2866516397765650
 1029.000000	5.2719840026018732	119.9151639974664079
 1030.000000	4.8804790416397612	99.1854295956458287
 1031.000000	4.8142324964898533	135.0967661572742600
 1032.000000	3.4209173267965767	119.4188999921450147
 1033.000000	3.5253832824121534	101.8313917133593947
 1034.000000	3.7814285105621237	144.9712438148489468
 1035.000000	4.6887392187786441	145.6618662565589091
 1036.000000	4.5941579383154725	134.2081123115520711
 1037.000000	4.9252177372470847	144.3269562658277039
 1038.000000	5.4427328109138804	126.6888190564393426
 1039.000000	5.0483183993985570	92.3947167297702805
 1040.000000	5.3104801410363374	108.1380500532986275
 1041.000000	5.3439659888882716	90.3427780294114910
 1042.000000	5.2611411053152741	113.8322695942491549
 1043.000000	5.2661845616945762	104.2608190780054969
 1044.000000	5.1781448929823197	114.4920773239423397
 1045.000000	5.6000778149217982	91.0297508538681512
 1046.000000	5.3130342764922789	92.8680764288419454
 1047.000000	5.3565787952187254	96.7731953040650978
 1048.000000	5.4748085799135362	91.3275726377367931
 1049.000000	5.5331575860174880	102.1790876276508158
 1050.000000	5.3843998185211266	99.1001932832367913
 1051.000000	5.2253272762173353	93.9153102518535974
 1052.000000	5.1903985839820992	106.2200263621523106
 1053.000000	5.4718255643943712	102.7156080404062521
 1054.000000	4.9416305898482014	104.2662272126985670
 1055.000000	5.2155319071614610	107.8533720951269146
 1056.000000	5.7177710961733377	113.4745649897910624
 1057.000000	5.5614925605706702	103.4988535765232882
 1058.000000	5.3195467343170284	105.9551378246446802
 1059.000000	5.1705724990071333	102.9888130158712585
 1060.000000	4.7782019919536252	94.3545309037075555
 1061.000000	5.3921814894399720	105.9399437623170002
 1062.000000	5.2289104981706638	117.1327682868028148
 1063.000000	5.2294133097245687	108.9789808291937447
 1064.000000	4.7520661110531366	115.5924381738089437
 1065.000000	5.4832193843617008	107.2043307643716759
 1066.000000	5.3776716691209367	104.9009148102556992
 1067.000000	5.3220450243460347	121.0358876491683873
 1068.000000	5.4306921042294434	111.2626805052534706
 1069.000000	5.1849858013276116	103.6949484604534035
 1070.000000	5.6197067726482670	105.3049065393619941
 1071.000000	4.9593434820379105	106.7322168514486975
 1072.000000	5.2912786786884212	103.1144659837324440
 1073.000000	5.3927290024543737	102.2727811229379284
 1074.000000	5.0487786551880900	98.3723863120104056
 1075.000000	4.8457498679228923	87.2128197181374674
 1076.000000	5.3448700974127510	95.7434093845947842
 1077.000000	5.5641810072898545	100.9693300539653507
 1078.000000	5.3252690741047504	97.1157094559404754
 1079.000000	5.6017411434853068	105.1146504160583532
 1080.000000	5.3076551193672996	94.4854887850848968
 1081.000000	5.4010437574291617	97.4328447400043700
 1082.000000	5.3501893289817506	108.0929701583764029
 1083.000000	5.2764609478003646	117.8422528133739462
 1084.000000	5.6678178550385478	117.0242820043404208
 1085.000000	5.0799209768669913	129.1791553517500972
 1086.000000	5.4718082687101974	106.3609276520751337
 1087.000000	4.8332508219843229	128.4930356753130241
 1088.000000	5.4389738465294437	106.1351562983873720
 1089.000000	5.5481344501388339	116.3604589389588000
 1090.000000	5.4702200598495754	114.4703765903765884
 1091.000000	5.3953212415483787	98.6801220920781077
 1092.000000	5.0072051703030036	97.7192356827286375
 1093.000000	4.8914479736552412	113.5611970983601964
 1094.000000	4.9749722888350254	126.8932170309677190
 1095.000000	4.6312787735137579	148.1640991131392866
 1096.000000	5.1492001110007140	129.6393649465553324
 1097.000000	4.9807023501122929	148.9681677727122064
 1098.000000	4.6841524554413336	136.5549766545449302
 1099.000000	4.2120822676673555	157.5285742777818996
 1100.000000	4.4779084642196576	137.4170572187285018
 1101.000000	4.0371911135118230	148.6962925715343715
 1102.000000	5.4459688756035831	101.5389861509573421
 1103.000000	5.4594882245554706	107.3790466027194839
 1104.000000	5.0334207771869828	83.0824686070994431
 1105.000000	5.3829926015739229	125.3998010843637019
 1106.000000	5.4699467344436377	114.8896671418437592
 1107.000000	5.3835143463681217	84.1674218709695765
 1108.000000	5.4080843318979497	109.2214872546315547
 1109.000000	4.7261146951709110	109.2784913084770722
 1110.000000	5.0136653409758765	121.9346459680560883
 1111.000000	4.7040805093367002	129.9793083911894769
 1112.000000	5.3913043527534255	139.8904994890310149
 1113.000000	5.2434105165840563	113.2875086498269894
 1114.000000	4.5748268937841834	134.6043743325458308
 1115.000000	4.7025984645023460	137.9446412856303539
 1116.000000	3.9600608944918538	132.0150190006421553
 1117.000000	4.3069406096033802	137.3588824233587502
 1118.000000	4.5203314969465502	74.7862027527157665
 1119.000000	4.0817741018125737	145.4353229072350757
 1120.000000	3.9987169993392104	149.3165622815145355
 1121.000000	4.7564316165648295	139.4331372263062576
 1122.000000	4.9927170171439643	140.7259128246467981
 1123.000000	4.6973483695178135	131.6351241623450505
 1124.000000	4.3591678059344705	156.7115382186590864
 1125.000000	3.7123867510406576	94.0069388669581514
 1126.000000	4.3473523455823653	151.9116189560812131
 1127.000000	4.4954492149911554	149.2114799843646722
 1128.000000	4.9902626230265374	131.4784431427959817
 1129.000000	4.9449413037510546	131.7957871656637678
 1130.000000	4.3358253090487864	146.0363332250279598
 1131.000000	4.6073489580779192	148.5031644920125018
 1132.000000	4.8387874777640345	105.2642858504646028
 1133.000000	4.7272386215235525	115.4951989115011486
 1134.000000	3.0622038226595034	77.2889356723575958
 1135.000000	4.7830153710573260	103.2519057578195572
 1136.000000	5.4186946769923789	111.3445411741995201
 1137.000000	5.3319663828803039	94.0326085101388145
 1138.000000	4.8954158178248068	126.7172494383413834
 1139.000000	4.9867953393193618	113.2554232128221372
 1140.000000	5.1279348511459784	109.0376503537361685
 1141.000000	5.2844490337360002	104.6231011579796757
 1142.000000	3.6690016474859575	68.5119654110334864
 1143.000000	5.4544709832619960	84.8703743094615675
 1144.000000	4.7300302908407854	119.5028786902565656
 1145.000000	3.6442957340534727	91.9692558889184966
 1146.000000	3.2600591782336559	89.6469774646424753
 1147.000000	3.0678844327600028	66.2927090093502329
 1148.000000	4.1670774838791482	168.3753161182326892
 1149.000000	4.2286768591638610	149.3024726322393576
 1150.000000	5.2570736148798973	105.4855196057141171
 1151.000000	3.5922125577664570	91.3486123306807229
 1152.000000	3.1324482426383260	86.1570674901755211
 1153.000000	3.7173355550158163	139.5579572680420029
 1154.000000	4.8045721313338401	144.4361826326309597
 1155.000000	4.6731463662460868	138.7332014746342281
 1156.000000	3.8160084902856997	155.7310654949526736
 1157.000000	3.2671444634429965	79.6685995678443533
 1158.000000	5.3657547748305099	95.7695502175439515
 1159.000000	5.1959342868182938	82.1930714189744833
 1160.000000	2.9726600818037179	86.9960196693885592
 1161.000000	3.1703941826721458	63.7535833037348851
 1162.000000	3.1045834915278898	63.7426232240945438
 1163.000000	2.8658989971478324	28.7212359137706699
 1164.000000	3.4726034682067084	81.3907787594726102
 1165.000000	4.9430647377995358	112.2053781699523256
 1166.000000	5.2682953395067971	98.9055872324453844
 1167.000000	5.4371199989140759	78.3497390581347304
 1168.000000	2.8982937641955351	70.0393853207590809
 1169.000000	4.9687814533508616	95.6662706200237096
 1170.000000	5.1408222952666049	110.9598514607269522
 1171.000000	3.4544428448059157	60.4875743308739686
 1172.000000	5.3345782233122181	90.3388868085369694
 1173.000000	5.3105060380518037	101.5081124935372117
 1174.000000	4.7269301389197595	109.2438459562274602
 1175.000000	4.1857830899831878	124.0566484384344790
 1176.000000	4.8068897202596785	129.5851890919536231
 1177.000000	4.2154449528324873	147.0787151448418228
 1178.000000	3.9949185436084225	118.4264373314531298
 1179.000000	2.9549196139282601	98.3084233035537238
 1180.000000	3.6325325392069510	150.6022458822757812
 1181.000000	3.4183326870801016	125.0822246153257424
 1182.000000	5.2186874311774574	115.4880795094529304
 1183.000000	4.0334937464849832	156.7840748751416129
 1184.000000	3.5125877362775833	93.8466700221267729
 1185.000000	3.6643277145710833	133.0552098113681723
 1186.000000	4.2190331305829840	114.4174594966499825
 1187.000000	4.2678581897760113	133.0605725146292571
 1188.000000	3.6411578019886170	102.3387712795206426
 1189.000000	3.5452857493702128	94.5038227840634875
 1190.000000	3.4861010094031788	119.3885765000410544
 1191.000000	5.1102057796615599	136.1026496640700998
 1192.000000	4.2357748121922887	116.6507677648045416
 1193.000000	4.2775277090598571	138.1772169545407110
 1194.000000	5.5531085571459959	118.9543594544125682
 1195.000000	4.9055297139425660	128.6324008855862076
 1196.000000	5.1949671114973226	142.8477167878862133
 1197.000000	4.8293109143590138	138.2383708834539391
 1198.000000	4.7401017007344191	128.8385495263906364
 1199.000000	4.1262179448253313	150.3746994566166393
 1200.000000	3.4005431704871265	133.1110553641377408
 1201.000000	4.5671720027873501	142.4835613054948737
 1202.000000	3.8555436446601083	144.2937686482283084
 1203.000000	3.7729687589202006	135.9615442323424759
 1204.000000	4.2929177081857590	137.8901116301078673
 1205.000000	4.6547756269265603	133.5008868370782125
 1206.000000	4.9878141442849859	149.8694800098954261
 1207.000000	5.7607709354663470	119.6481053169740392
 1208.000000	4.2363260429881553	102.9637413649774373
 1209.000000	4.4328239754221030	108.9629761326332726
 1210.000000	3.4913076499172164	104.6764391217461991
 1211.000000	3.8142973153817539	114.8997612077559438
 1212.000000	3.4190418922572121	142.7670328129632935
 1213.000000	4.2145577068321067	121.9205170569347274
 1214.000000	3.7729255482019228	110.0747840608605941
 1215.000000	3.7077878195171183	84.7770694914765244
 1216.000000	3.5817248999512934	124.3679270169817812
 1217.000000	3.1176334332164495	52.1551985254511266
 1218.000000	2.9898232465914858	82.6771953838707958
 1219.000000	3.8284036006343420	125.5997148292504733
 1220.000000	3.9430665590085070	128.8026675746639000
 1221.000000	4.8056663444589232	127.2108191288632213
 1222.000000	4.0129405983575372	139.1424512563519613
 1223.000000	3.9771568794248240	133.4620558943261699
 1224.000000	3.2199444488333397	100.6197258875434386
 1225.000000	4.9640681196511141	136.1752753920195858
 1226.000000	3.3558185658047330	112.7456267848328224
 1227.000000	3.5566860927591786	110.9572914959794190
 1228.000000	3.7530417725628467	109.9446126026172692
 1229.000000	3.7731544689781846	128.5120477170341928
 1230.000000	4.4938266778131863	96.5817382772867461
 1231.000000	3.9904889582484646	115.1750923350839031
 1232.000000	3.4629783198559325	87.0821602254205231
 1233.000000	4.4143101725473981	58.4789370394740615
 1234.000000	3.3610160470139303	118.5011763087295975
 1235.000000	3.5995268368311191	140.9062615709426609
 1236.000000	3.2650136830418934	73.3370009484146550
 1237.000000	3.6805528595530772	76.3241669009381241
 1238.000000	5.4039273506863523	110.4941085950424622
 1239.000000	3.1337479768369079	97.2316348590905193
 1240.000000	2.8854652265025829	35.0975392103383683
 1241.000000	4.0962838365593983	123.9185588447424777
 1242.000000	4.7125948882475788	73.6700554499308424
 1243.000000	4.3860751645330831	134.7107527791228563
 1244.000000	4.7453871910659329	126.9669767292269000
 1245.000000	5.2535638265067659	126.8684349132893061
 1246.000000	5.2911223590340812	91.3611051521657771
 1247.000000	4.5395673776676286	109.8895880866423767
 1248.000000	4.3106140790574488	145.9610276491041532
 1249.000000	3.3373639661478909	110.2504867587521318
 1250.000000	3.7876131500488417	112.5741992661960467
 1251.000000	4.9255443153216367	78.8058406347811342
 1252.000000	3.1321991727736767	84.4284866913801011
 1253.000000	3.6000325173010581	123.8179143839466008
 1254.000000	4.5966190724389069	50.1415099768732944
 1255.000000	3.8961317128398059	116.4557520783392164
 1256.000000	5.1702989752017396	94.1603607432644623
 1257.000000	3.7364631558666987	131.9974820388477781
 1258.000000	4.7704091384662339	135.9826613225758081
 1259.000000	4.6016873633593445	132.8304155992370283
 1260.000000	3.6969815696772219	139.9099530215656273
 1261.000000	4.2344360506693342	118.4768872877246793
 1262.000000	3.6973910717097223	108.1338099770877648
 1263.000000	5.0760611323711116	138.1876465759352186
 1264.000000	4.3096761181861023	125.2803231180311769
 1265.000000	3.1731588115738378	89.1922339738817271
 1266.000000	4.9252862967922892	131.0412926915886658
 1267.000000	4.3395336048895921	147.7828762550033446
 1268.000000	3.1465626740387616	90.7674511312832379
 1269.000000	4.0625085188183592	149.4069223266781705
 1270.000000	4.5635935986940570	128.7071457171868758
 1271.000000	3.8383236964289673	145.1157994263117530
 1272.000000	5.1321891237151638	155.1812606863838369
 1273.000000	4.1550404826124128	115.1411221243353964
 1274.000000	2.7682843674334738	60.3776398644988461
 1275.000000	3.1055479823830621	75.8028644553439506
 1276.000000	3.0963669686055342	65.0060994964077423
 1277.000000	5.0093317183135309	127.4551406165531375
 1278.000000	4.6040732770205279	74.7981674537582535
 1279.000000	4.6980216976356601	92.2423541955227932
 1280.000000	3.4974497440768024	97.3583642902267030
 1281.000000	2.9901644784889512	94.4517506978426127
 1282.000000	5.0547590497869654	126.6007243966753890
 1283.000000	3.7102192719358191	137.4641480452411884
 1284.000000	3.5735093154454227	113.0653213355713973
 1285.000000	4.1514480544908556	129.6197298080469409
 1286.000000	4.5191267513742934	149.8051668365233695
 1287.000000	4.4669628034943969	168.8366707497808932
 1288.000000	5.4315627835369593	107.9631566954326303
 1289.000000	4.3314010665814235	148.0179130725525738
 1290.000000	4.8171981464579208	123.2045029329950410
 1291.000000	5.2776781303385665	147.9266532337026661
 1292.000000	5.1504404990594654	137.8988078566540594
 1293.000000	4.5800656524505658	142.4043967011726579
 1294.000000	4.3854846779621734	126.9570168602717501
 1295.000000	4.6474984979277751	135.2705496175136091
 1296.000000	5.2449806283464326	137.1364842841662721
 1297.000000	4.4494678826199436	133.7487562722718337
 1298.000000	5.1190924402425111	132.7828618802786877
 1299.000000	4.5493735903353825	149.5955178034072333
 1300.000000	3.8787335377542580	128.0721468896012993
 1301.000000	4.0846049373645918	115.9628561846782446
 1302.000000	4.8099191329798536	131.8469369431402924
 1303.000000	5.0142122023273439	138.2242685809299587
 1304.000000	4.9717180607327256	129.0209955942850115
 1305.000000	4.5433221151358971	142.4688691000076801
 1306.000000	4.4701075303977982	146.7453025412146701
 1307.000000	5.0409206853353101	140.9900001118747355
 1308.000000	4.5036738876135907	161.9860803630547821
 1309.000000	5.1961810804298922	100.4157653365743386
 1310.000000	5.0812258274312283	123.3096785150396499
 1311.000000	5.0132043145508378	106.3534542407067107
 1312.000000	5.1156076169342999	121.4647864198659022
 1313.000000	4.9289743206878125	134.5590762519528312
 1314.000000	4.5774748805954104	114.7587026277613802
 1315.000000	5.0007681381456068	112.5951796173808930
 1316.000000	5.2414535879850703	103.6382358765779088
 1317.000000	5.6533455499102550	106.2803711022425261
 1318.000000	5.0128896537488412	108.6907060688801323
 1319.000000	5.3522512394164581	117.8868093901680538
 1320.000000	5.3118543725355707	103.5141092889567460
 1321.000000	5.4428131094433532	105.2473615878023026
 1322.000000	5.1553738973078183	118.0845083500519337
 1323.000000	5.3830757215615446	112.3970609087607357
 1324.000000	5.2505953004861015	111.7625971457809442
 1325.000000	5.4354508102913002	112.8079677862867527
 1326.000000	5.4725416536555995	96.8755024035039156
 1327.000000	5.1020085375837212	106.4537537853147029
 1328.000000	5.5839685588530559	102.5313200877855166
 1329.000000	5.0532246719250216	114.5482238350407727
 1330.000000	5.2811721246861723	88.8992810460567142
 1331.000000	5.3994939996729512	112.3539856636608079
 1332.000000	5.5837861821028305	109.9012000444604809
 1333.000000	5.4211736604317800	105.2859032710442051
 1334.000000	5.1787713371248207	109.3058355806095818
 1335.000000	5.3181948101495058	90.7465545772941482
 1336.000000	5.1296010791848099	107.5735896655442048
 1337.000000	5.2731589952742910	108.4195076077852633
 1338.000000	4.8136561885592961	122.3211833894606002
 1339.000000	5.1558978786311158	107.0304740432660395
 1340.000000	5.4432067629451044	102.9755055005177411
 1341.000000	5.2660424415654559	116.3988000292063134
 1342.000000	5.0021912043592840	95.1038889234114038
 1343.000000	4.6813447517045290	111.8117413217144644
 1344.000000	5.4109632330605546	124.4606951565295532
 1345.000000	5.3412118107506945	96.7042244015803334
 1346.000000	5.5469180451596793	130.8589847317468013
 1347.000000	4.9430366792227272	105.5867508074674532
 1348.000000	5.2334953883824067	107.9535893106112496
 1349.000000	5.3346364634660528	96.1541132067891766
 1350.000000	5.5007365141674525	100.8469191725438066
 1351.000000	5.1363088231907428	98.9163784995022013
 1352.000000	5.1314651510160081	96.7944384057620653
 1353.000000	3.8265194216768106	153.5636285510201446
 1354.000000	4.9331498841298664	144.5773812485778649
 1355.000000	3.4763044192463930	105.1813927033355895
 1356.000000	4.4723446687927764	136.9572833007877080
 1357.000000	4.4443566840770208	138.1427117112156679
 1358.000000	5.4149189645111386	142.8180724783702544
 1359.000000	4.5620391072093964	146.6655533623105612
 1360.000000	3.5546745663027854	119.9557258196742850
 1361.000000	5.0576558787896122	147.6261842299086311
 1362.000000	4.8273944688350268	142.5964743136555626
 1363.000000	4.0693083346824119	150.4306441546277995
 1364.000000	4.3203455788496097	149.2374117473267461
 1365.000000	4.0441229642160890	115.1479041447427676
 1366.000000	3.5105226985569540	111.2119887426817400
 1367.000000	5.0205547752535837	129.8116991854168987
 1368.000000	4.3192869165824481	134.8778316128969266
 1369.000000	3.9810625685566365	162.5251902772844517
 1370.000000	4.9844326949623659	120.5533455222195585
 1371.000000	3.8228299482186330	130.0893551648818232
 1372.000000	3.5823459696508939	114.8757739830946178
 1373.000000	2.9155920873437027	33.6147317215542500
 1374.000000	3.4519003920076394	118.1497296820236613
 1375.000000	4.4906961182485423	139.8685366549626679
 1376.000000	3.5629349332211904	135.9029753064398562
 1377.000000	3.3532408745032209	117.9407245926428516
 1378.000000	3.7558981271527525	144.1627730342819973
 1379.000000	3.6349770260020926	132.2540172202929512
 1380.000000	3.4584118121697878	132.9481015972249622
 1381.000000	5.4003610397345154	66.6572928606034338
 1382.000000	5.0826858279578131	124.7093678546718962
 1383.000000	4.4921031842971360	124.0356944279454154
 1384.000000	4.0766039087764030	154.7980933319353483
 1385.000000	5.4413361442997497	104.0036205007888981
 1386.000000	5.3971074006982036	120.6910525734063242
 1387.000000	4.1976705753666144	154.8298726635351841
 1388.000000	3.9906411291533339	153.3215257499319364
 1389.000000	3.7177466641737564	128.3878270785412212
 1390.000000	4.8212680663755876	149.7707036893144164
 1391.000000	4.0852054780652720	136.4995005741751015
 1392.000000	4.0316487947401169	164.3922397996248321
 1393.000000	3.8276957313738369	145.2760998137237607
 1394.000000	5.1907460609024731	132.6921756692576935
 1395.000000	4.8350889052482673	132.0485230254457747
 1396.000000	5.0437962660937901	142.9752302806746229
 1397.000000	5.5936928697462518	122.9094371611772090
 1398.000000	5.4348527641759521	102.0463537647310233
 1399.000000	5.4173189664392547	94.7460709339061822
 1400.000000	5.2632032895113108	111.7335433164396079
 1401.000000	5.0234034250179826	120.4760777962622740
 1402.000000	4.9816414082053591	114.1917901493854828
 1403.000000	5.1836346601554855	92.4885464547194971
 1404.000000	5.4886252176451293	104.2646289188274835
 1405.000000	5.3153427893417771	100.8625659383420299
 1406.000000	5.3364768035735821	108.9774625920174600
 1407.000000	5.4113200431008472	93.1858884546796418
 1408.000000	5.2646137042899435	112.4662572795580928
 1409.000000	5.1951192212660358	116.5693435161168452
 1410.000000	4.7202002515491577	118.4566087089792745
 1411.000000	5.3643090306732955	105.4756603439180083
 1412.000000	3.3377164161685111	85.7103913996318880
 1413.000000	5.3888582892421306	122.2607894922711864
 1414.000000	5.2120167342352204	110.9211957293671418
 1415.000000	4.8855855255858440	100.4587119336790266
 1416.000000	5.4598861569809722	104.8013210189319011
 1417.000000	5.4023182772321663	104.1408054103461609
 1418.000000	5.5299251678465939	108.7057827838940796
 1419.000000	5.4578367895288036	77.9323562523954934
 1420.000000	5.1837650747321744	115.5150236660585250
 1421.000000	5.5128310375966176	99.5776634937038096
 1422.000000	5.3711255382351029	105.2627968262487741
 1423.000000	5.0509099441582714	120.0457231441443042
 1424.000000	5.6527186832371603	104.5091249454959410
 1425.000000	5.5093587885910020	91.4418163024935211
 1426.000000	5.6830394694149877	110.7957864550031530
 1427.000000	5.1049415140000329	128.0608880304225181
 1428.000000	5.5611167172303020	97.7823645681034463
 1429.000000	5.3070531814415025	114.3293318199280435
 1430.000000	5.0810058889112009	113.6243676525013768
 1431.000000	5.4917505112591725	98.4140090592324412
 1432.000000	5.4211883244243744	101.7090508693731294
 1433.000000	5.2211691802104401	114.9147181428588453
 1434.000000	5.0341902454649645	106.5040845400843637
 1435.000000	5.4429771916317913	112.1774855607756507
 1436.000000	5.0030041703419732	111.0576812923850696
 1437.000000	5.4166085326097617	118.0022925813085237
 1438.000000	5.3505762930584257	106.2459039868273152
 1439.000000	4.2987587944104462	145.6006808916473858
 1440.000000	3.9729116888299658	115.0737591982065879
 1441.000000	4.3178544608882445	147.7389610906539872
 1442.000000	3.9825335186898556	131.7809769925213459
 1443.000000	4.5039596048650994	152.5229162020126523
 1444.000000	4.9223369137838038	101.5890734662470578
 1445.000000	5.1062815592885240	114.4955287970531543
 1446.000000	3.7297506306099604	144.7434761856606826
 1447.000000	4.7037985213297642	145.0476484839981026
 1448.000000	3.9321010595004813	135.8455283230283044
 1449.000000	4.3205763215626876	144.9953114730927268
 1450.000000	4.0146065933659809	144.4768830127635226
 1451.000000	5.5770652025700045	133.0355028143947038
 1452.000000	5.0412116041968202	99.8428539867308018
 1453.000000	3.7849296754166768	160.2470446185187143
 1454.000000	3.7543058613693927	164.1607177003687070
 1455.000000	3.5170191127915107	93.2643123759811346
 1456.000000	4.0296876555161329	135.9510036046399648
 1457.000000	3.2243323951174143	90.9360418591961803
 1458.000000	5.5301658413664052	134.5535805967087413
 1459.000000	3.7046350990366408	158.9185960466068650
 1460.000000	4.3832122164465757	105.1188374853443008
 1461.000000	3.8035937890829548	108.1453293004918379
 1462.000000	5.4741374583798699	141.7630166300228325
 1463.000000	2.9456772160760458	80.1807851972896657
 1464.000000	5.3828615077138009	106.1393418641833648
 1465.000000	5.2744376065373419	97.2880866531220221
 1466.000000	5.0835821273390245	115.9454267490394699
 1467.000000	4.9471073523616944	91.6921837699315176
 1468.000000	5.4193668845653837	118.8344620244438090
 1469.000000	5.3931765551738167	96.8391527772854062
 1470.000000	5.1502926096438975	101.2240887319018299
 1471.000000	4.9105598885171009	129.7716679372108217
 1472.000000	5.0772583602042696	100.0768293771320145
 1473.000000	5.4844851572097273	97.3229987320462584
 1474.000000	5.1578803845287098	101.3149842608202107
 1475.000000	5.5125322895026247	116.6789032156632686
 1476.000000	5.1560987881169273	120.8857673228678777
 1477.000000	5.0965840960335269	106.7710679731400631
 1478.000000	4.4075827718672089	89.2907124365846556
 1479.000000	5.2539355320919361	100.8547084470864661
 1480.000000	5.3099912035878569	106.9146736312208645
 1481.000000	5.1064251016141924	106.5749434451927300
 1482.000000	5.2491468250318762	105.3812807534603877
 1483.000000	5.7285910865184384	103.8544548839970361
 1484.000000	5.2170282529813461	108.3846846305507086
 1485.000000	5.3962618973852292	114.6666466322178337
 1486.000000	6.0111826578398180	138.3397052612493781
 1487.000000	5.4354698270780242	102.9263224431428512
 1488.000000	5.2803926644292494	110.9088320874312075
 1489.000000	5.3619600476727731	106.4531415275243376
 1490.000000	5.3115959256125276	90.7048407405889208
 1491.000000	5.3579097494698757	130.6528643953845972
 1492.000000	4.8406191421752842	109.4839297748307985
 1493.000000	4.2617617762869218	164.5855610249134884
 1494.000000	3.4991677636419891	124.4877459513244986
 1495.000000	3.4375059203511258	85.1378365330698301
 1496.000000	4.8867462560799622	114.2414273161024738
 1497.000000	4.2033106126695685	153.5305322349617256
 1498.000000	4.6904759961293925	129.4544776856479302
 1499.000000	3.1948428764569865	96.3865396970598027
