 0.000000	4.8814155640971020	93.2229131909618616
 1.000000	3.6985306063973140	78.1890190814916792
 2.000000	4.4694267731660977	109.9572452508073326
 3.000000	3.5638240735550450	74.5400440388083609
 4.000000	3.8304458304050994	129.8385205719922908
 5.000000	5.5397705567752089	173.1400426395644274
 6.000000	3.5353247137992128	69.4898952325008281
 7.000000	3.8419761494184694	84.7571825952490769
 8.000000	4.0631006415204576	120.7433613993518691
 9.000000	5.4214302041244542	154.4428896082749816
 10.000000	3.7149378536229021	94.7974309413649792
 11.000000	4.2413312953790303	85.2280351492396306
 12.000000	6.3421267107254700	154.1577632674567440
 13.000000	3.9809405157596482	84.3924108488941016
 14.000000	4.5467516927189253	82.8682235758734436
 15.000000	6.5931349146557370	164.2172649190588629
 16.000000	4.1002286428750390	90.8445603840518743
 17.000000	6.9589225116081082	170.7780798401434765
 18.000000	7.1621343352855895	168.3133821556870657
 19.000000	5.6273155425913934	146.9118221231112784
 20.000000	3.5104214201894282	89.4360881134885091
 21.000000	3.7265152440356415	86.7015342639694353
 22.000000	3.7103869316891163	83.0805098895655334
 23.000000	6.6216822360783523	171.9670256387088898
 24.000000	4.5315657868330286	80.9372241201805167
 25.000000	6.2204478503629002	155.0360399119981594
 26.000000	6.5339215128115189	168.1234503891628549
 27.000000	5.6915031266920462	175.7839378167224993
 28.000000	5.7434994970542359	171.1563214882568502
 29.000000	6.7615276727707760	173.5988177112312769
 30.000000	6.3010632840020229	163.3472721683093596
 31.000000	6.4529946717334052	171.1050736043754625
 32.000000	6.0112303048278442	171.7100337333020263
 33.000000	3.3324483737776278	78.3389840621791507
 34.000000	5.4740192287713381	173.2430224276452009
 35.000000	6.5219329640602677	173.2934813195269612
 36.000000	3.8402321822673771	106.8889926206985166
 37.000000	6.3980259758505698	170.3471770550051758
 38.000000	5.8184742897407959	173.5000146830066114
 39.000000	5.9018542862831955	164.0792406124378431
 40.000000	6.2087370729420552	159.6858436602480538
 41.000000	6.2433245433317497	169.3681816547637879
 42.000000	5.9733051793672791	165.9671774306223426
 43.000000	6.3996010863184933	171.6588520119821624
 44.000000	5.9214537378161785	173.7113145686850260
 45.000000	5.7778094137855431	167.5392174388016429
 46.000000	5.8525906011216868	159.6665955254555911
 47.000000	6.4073201139895435	174.3246332340973765
 48.000000	5.8150142023114322	169.9779311186999564
 49.000000	6.4490026280329644	167.7356640741181764
 50.000000	5.6737989069628947	171.4031856826646845
 51.000000	5.9104455576997870	165.3504670599504891
 52.000000	3.4011076887394243	81.1880483647265123
 53.000000	4.1039525937833075	110.0775833290106078
 54.000000	3.4906105465608452	114.1725638417293567
 55.000000	3.3083543725418769	74.7278244686461051
 56.000000	3.2608400641817039	92.8923274971524222
 57.000000	4.9745500078491371	110.3356234048121109
 58.000000	5.5533465172996683	161.0922495872815716
 59.000000	5.6646673711063915	165.1273316425566975
 60.000000	5.4436015957630497	109.6695657910026824
 61.000000	3.8084180621533239	73.9033323418673831
 62.000000	4.6500357950749684	90.2768486369087384
 63.000000	4.4527481094405301	107.4406592761881569
 64.000000	8.5760369857978436	84.3540571889262623
 65.000000	7.7231581499989135	31.7968671130118992
 66.000000	7.3061884563117054	30.4675115726850834
 67.000000	11.5512622469110795	60.3637923494532060
 68.000000	11.1930790644345333	149.3314147934284790
 69.000000	7.8320332091831082	34.6880869588208611
 70.000000	2.9324338694847638	72.5064964337113338
 71.000000	5.8352343485073854	158.9344692627860240
 72.000000	6.8456986012397936	31.8286990044943252
 73.000000	9.3902711064604176	16.1233519401511671
 74.000000	10.4369574235555138	159.7188415084354460
 75.000000	9.7655147980821795	9.5792200707336974
 76.000000	9.9302311861354813	155.0736225319369623
 77.000000	6.9381038294320527	41.8086326615177768
 78.000000	8.1928586971947350	21.3662943093119964
 79.000000	6.8433295518699975	34.4271981024895410
 80.000000	6.6988690347172390	28.6257286206891308
 81.000000	11.0148647467364160	127.9632748550409218
 82.000000	6.1703225381107503	49.4341206797055577
 83.000000	8.5315903329956200	73.2013328974281734
 84.000000	10.5281937470473164	151.9816313650880772
 85.000000	7.3830274100652913	10.3753159406184068
 86.000000	10.4302077693208943	147.9633849672708834
 87.000000	7.9593936553787339	32.2495489457694759
 88.000000	6.3308939010211072	38.1054903317358651
 89.000000	8.0806926227709894	27.1681852291994232
 90.000000	8.0896620096740666	118.9441063762179880
 91.000000	7.4072148684496746	64.4474736657386416
 92.000000	6.3336108819368020	96.5954214430604310
 93.000000	7.0744644607293319	37.4089026215389424
 94.000000	6.7595117319336273	39.5793384678885616
 95.000000	8.5976672059372294	33.2441734891174292
 96.000000	9.5448462217350141	30.2940061715820264
 97.000000	7.0393232586803043	22.2635323781665306
 98.000000	6.7212848844650281	34.2945236869722407
 99.000000	7.0017780513495582	31.5986567803836635
 100.000000	6.4321150014414528	42.7133646190900720
 101.000000	9.9789136141411419	21.7696813555453730
 102.000000	9.9862485678242834	84.5189160492454619
 103.000000	7.0533188585203668	39.8529365477497208
 104.000000	8.1074337417886877	105.7008143014724766
 105.000000	8.5924428045367893	157.8587652515977879
 106.000000	7.1088382121350397	20.1648430711412630
 107.000000	9.6231964585325649	16.3353228545831257
 108.000000	10.1962562384187585	156.8961810848151686
 109.000000	10.3021992054555511	163.4178227335939368
 110.000000	7.5965368995191511	4.1781849474402009
 111.000000	8.2837570077485321	14.8614511553956561
 112.000000	9.7450832806020617	148.9365099986927987
 113.000000	8.7685402704871152	28.9996749132494074
 114.000000	6.4345866940061960	41.1230172983327691
 115.000000	8.8291429080237815	68.9955440665334976
 116.000000	8.4100558744414577	137.9499176556057876
 117.000000	6.9951771528487736	46.4620210917943268
 118.000000	7.2517973178784185	71.9189793509531512
 119.000000	6.8000457923961850	55.8709125871321817
 120.000000	8.8499743450930008	39.7330071341729649
 121.000000	9.6947227712188848	137.8062265212564057
 122.000000	10.7213586294143646	133.6834925289795422
 123.000000	9.5265934040928251	159.6341628686477350
 124.000000	11.7874275451769073	155.7937204118705665
 125.000000	10.1711079065629573	23.7516212830573465
 126.000000	8.6149264121626334	13.5926267655427750
 127.000000	5.6732488843069051	19.8780243961695930
 128.000000	11.2311711946959711	146.9657912371625059
 129.000000	7.8941739144242868	29.1172437902979766
 130.000000	6.2252372868524439	60.7853192072101791
 131.000000	7.5066910909663793	28.1403117853529068
 132.000000	6.4181744056800980	35.8484787683065633
 133.000000	7.9852893278185784	7.2363759503607810
 134.000000	6.3084835244317663	35.7202112559368175
 135.000000	7.8003250757061817	44.1691362994873771
 136.000000	6.0003727447889190	37.9373279015621279
 137.000000	6.8102394147304910	11.5582151635488231
 138.000000	3.6642889555404063	76.2038402490695859
 139.000000	9.1979439539986281	93.7656822733179496
 140.000000	8.1505470266309210	17.5857808689220292
 141.000000	7.3015124638429887	25.3439481095563224
 142.000000	9.7038071507546331	160.3055654246575159
 143.000000	6.1463707476702814	40.9472178965649789
 144.000000	7.3150900998407389	35.4901485214536478
 145.000000	9.0416432475136883	168.5434897335979372
 146.000000	9.3430055643306726	95.5116118312750473
 147.000000	10.0433175764691178	9.4181358620336653
 148.000000	7.4693512393559915	15.9476584755255999
 149.000000	7.6483872593174018	26.8532832483352593
 150.000000	10.6297078858552645	16.7269707502861138
 151.000000	8.1127106283074930	43.5883798417181083
 152.000000	6.6867985173440943	42.8810953740365051
 153.000000	7.2996260339479422	22.6588706981712562
 154.000000	7.6477837291111612	36.1802545191128218
 155.000000	7.1388239429482763	38.6686928854752239
 156.000000	5.6723660741110260	162.9666174740550844
 157.000000	8.0335677901937164	24.9945924736779261
 158.000000	8.2335366886633050	29.9703998701132264
 159.000000	6.9206396346004695	34.5043339747440712
 160.000000	7.6551929576686728	36.6783142617268538
 161.000000	10.0433770146615302	124.5892051900446802
 162.000000	8.4919862964003645	18.3228920580883994
 163.000000	8.3770198641254279	157.0527905777479134
 164.000000	8.4071716028854073	21.4588235321354261
 165.000000	7.2353911062665004	55.9559596252375968
 166.000000	8.1213959720601583	24.5389326858686161
 167.000000	6.1131261045838210	46.5045974030674074
 168.000000	6.8000421010028038	50.7157355951981117
 169.000000	9.7457832609739707	18.8580952398866089
 170.000000	8.0774038527297822	14.3018269493454966
 171.000000	7.2513640701629631	32.9899010983125152
 172.000000	9.3907906881261400	30.1632246888611917
 173.000000	9.2214002594124764	143.0060409247648465
 174.000000	3.9033062441535007	89.7913511667144633
 175.000000	5.7205087521496898	161.6041318916099101
 176.000000	4.2462732424444232	87.0547972259227691
 177.000000	5.9650780996804098	60.5207446537491904
 178.000000	11.4022089934598370	123.1569764337846493
 179.000000	8.6661343119573591	16.4246684055543426
 180.000000	8.8488007425777795	26.8929303915192861
 181.000000	8.2920900626622451	68.2705691787509323
 182.000000	6.7387180215492064	40.2044837649924034
 183.000000	8.0741051402543356	25.0371237863102749
 184.000000	8.3328143524138074	30.3561328677715210
 185.000000	3.7090668599475829	80.9453733347407933
 186.000000	5.5984487502624143	88.7162353698022059
 187.000000	8.1708348200689809	38.8369639844681842
 188.000000	10.8237036191423872	170.2578043462600021
 189.000000	10.4366351034138560	28.8296938811351424
 190.000000	9.8161425599081706	150.9479889944349225
 191.000000	9.9055991794572638	151.2859702672924413
 192.000000	8.3966450399970931	18.1096439535586455
 193.000000	9.4467374941285698	38.0984980588605140
 194.000000	8.5648470495667972	8.4397490377502606
 195.000000	8.1402727900740341	6.8357175065175113
 196.000000	8.3223551157507032	157.0160061824662989
 197.000000	5.3961004451133654	84.8103884334575326
 198.000000	5.9358558722523931	175.6684422504052918
 199.000000	6.8512392964746942	172.1710179426690672
 200.000000	10.1499659199160561	157.0894298221299152
 201.000000	4.4891995983449382	59.2105078843247128
 202.000000	6.6735333310449327	50.0224249455210384
 203.000000	6.4334309319787613	28.3267748762324914
 204.000000	6.8058466483397275	17.9599309821864495
 205.000000	4.0434149619427675	79.3458838304055263
 206.000000	6.0606789684190687	65.3577104078147215
 207.000000	10.6044521328245001	160.5931525099045132
 208.000000	4.8082227802283475	50.6318859189374848
 209.000000	6.1281599200263273	60.3166143099901717
 210.000000	3.4163260298466356	45.7872493013804274
 211.000000	6.1945403844064399	176.8410138525423747
 212.000000	7.2962435762382709	25.6714856476689874
 213.000000	3.4438489011992210	79.2373600536656255
 214.000000	6.9741097316355889	37.3314280807014143
 215.000000	3.2572519932567632	75.3412181142655157
 216.000000	8.1342169066483017	23.5598482842288490
 217.000000	8.8699058339110302	160.2064112977556363
 218.000000	6.8520825645357419	125.9333952927739233
 219.000000	6.4921790174235543	176.1190117781117124
 220.000000	10.0574124538883520	61.8818563606789240
 221.000000	9.3303927753279279	146.4990871877426457
 222.000000	8.8102979332665878	168.2761777903646134
 223.000000	3.6229681646978746	65.2352160071624070
 224.000000	8.4026704838966602	145.6322572753263671
 225.000000	5.8236394005789496	84.7397497179294987
 226.000000	6.0543376005593572	122.8101473470564002
 227.000000	4.9986293463495644	122.1599484518386873
 228.000000	6.6604333875105297	71.3323161511564194
 229.000000	7.1626103691813041	101.3754529468751286
 230.000000	5.7317581367689945	118.8044178822693198
 231.000000	5.5563578779079617	119.8268548368781268
 232.000000	5.9344496568213989	119.1596810046212482
 233.000000	5.8019533340934952	55.4899311027620286
 234.000000	6.6449667312211087	45.9779129997401981
 235.000000	6.3290330944119830	138.4743306309052002
 236.000000	5.6191587366126283	49.9979675390926559
 237.000000	4.2224587625756751	100.1468494377538576
 238.000000	5.9029810347356193	167.1248881514488573
 239.000000	5.6597001411658026	162.1176977337553637
 240.000000	6.8552430529208275	175.0250419593915581
 241.000000	4.0513320916359055	86.2430621550554548
 242.000000	3.9151847499049253	84.7882666560611824
 243.000000	5.1040752252623385	168.9686185397925158
 244.000000	4.0504647231120057	77.1721375293146252
 245.000000	3.7621485261833452	86.8486625117826350
 246.000000	3.8949668355045648	75.8158815208759336
 247.000000	5.9584365383869571	50.2726986988596707
 248.000000	6.9126902357953810	108.0210849272420717
 249.000000	5.2021752301691953	129.9812777832194968
 250.000000	7.8386780376376359	157.1801327875144239
 251.000000	5.7850754514500355	74.3732924733481440
 252.000000	6.1102200271795990	119.7796006562707305
 253.000000	7.0246762116813928	104.9191428123808265
 254.000000	7.5955422700763595	44.6290862582834507
 255.000000	6.3465453450093632	85.5840859251158435
 256.000000	6.9015443627787230	42.1622977136231896
 257.000000	6.8800144023567320	44.2037460816182204
 258.000000	7.4082852606666778	14.8364873567697941
 259.000000	8.5369909137349804	153.2049198857143040
 260.000000	4.9171028577088434	128.9693873142159646
 261.000000	7.9892347037126497	95.6455125985729495
 262.000000	12.9363595374729030	71.5640283221605955
 263.000000	12.4745147354153989	41.1530180663760348
 264.000000	13.7178631235308419	129.7358001126517024
 265.000000	12.2712901568551658	60.7007203374970885
 266.000000	13.0337140646927345	78.3137204026276095
 267.000000	9.1490145469475443	17.5368562787879796
 268.000000	10.3301899136311803	43.5019535283584844
 269.000000	11.3329292455267190	79.3624487486215600
 270.000000	11.3838808257932325	119.3293077975039154
 271.000000	10.4092413444578487	33.6027261312782457
 272.000000	12.0780180579944645	14.7580770360216036
 273.000000	11.3952564821957445	8.2418237625266499
 274.000000	9.4852642774070262	26.4611520331490624
 275.000000	8.2529917664711920	156.6918312088413359
 276.000000	4.8882170784869796	86.0362190805196434
 277.000000	5.6184133435165835	143.7547191882521815
 278.000000	6.1525971145607405	168.3736580972665422
 279.000000	4.4715417658580945	90.3488787656090295
 280.000000	5.7503965128777583	153.3252652829939393
 281.000000	4.5086221675535452	61.9175355672636414
 282.000000	6.3587634572026737	172.0295280058016374
 283.000000	3.6019818241995116	95.7633027492327784
 284.000000	4.5500141265359551	95.4169585342677777
 285.000000	4.0248601499499905	111.5490272512318484
 286.000000	5.8715278230041399	175.2979711944804535
 287.000000	5.8021799071636524	162.3642175178147795
 288.000000	3.8137523530905701	86.8319042727750059
 289.000000	3.7188763959148261	104.9256213864241261
 290.000000	3.4183398146061768	81.3590704755806939
 291.000000	3.8847593807585290	97.8902739093662149
 292.000000	5.5913980327359729	172.9187762864458762
 293.000000	6.6120205444225340	169.8949337056878051
 294.000000	4.0673002967905667	92.7095056963224096
 295.000000	3.4273463919198357	72.8917289602312053
 296.000000	4.8868012396847202	87.6753076416706136
 297.000000	3.7750377398975972	83.9936367267115855
 298.000000	3.9353700745586231	115.7685783394575623
 299.000000	4.0111652752286888	88.5532066048584880
 300.000000	4.1687789301615643	97.8303699109760316
 301.000000	4.1744468773391255	117.5621663168153219
 302.000000	4.3582137492995514	110.1745788478369548
 303.000000	6.3767290747222543	176.1961414321405641
 304.000000	3.7182534362766821	87.8264576756773607
 305.000000	6.0133759652628243	168.8768057165017922
 306.000000	6.0889066603556667	169.0402031574635089
 307.000000	4.6614922143526361	100.5904072119457879
 308.000000	4.5067601558052761	78.4035558541063438
 309.000000	4.8542712213565586	124.5462782203678103
 310.000000	6.4309817127078306	165.1025140434520040
 311.000000	4.1842933536458977	93.4368635765473812
 312.000000	3.9429630000982341	94.4019228854930930
 313.000000	6.3713592682219717	169.0681869739667036
 314.000000	4.4879633245477724	96.9682147747358414
 315.000000	6.2041190498491190	176.5069433882775058
 316.000000	4.9396499110145768	134.6026405321307209
 317.000000	3.7933257815406476	103.1666074385795326
 318.000000	3.9027454814639442	88.1728866793971946
 319.000000	4.0785253617766868	108.6402436833500076
 320.000000	4.0184976762998375	87.8256718839765824
 321.000000	5.3764042733028345	163.2087400536659914
 322.000000	3.9273915844181539	126.0384148448375186
 323.000000	3.6626665899368995	89.6001359429284179
 324.000000	5.9318990647199143	159.6829667731016684
 325.000000	4.3056185715358275	112.0286613090060115
 326.000000	3.7795179151878440	71.1860527351361156
 327.000000	6.1081298177341949	169.6571318379954789
 328.000000	6.1743174483852163	153.4636813842466552
 329.000000	6.2408097020535722	166.0335293431964487
 330.000000	6.0323070443532592	177.5018445385684345
 331.000000	6.2818855576236885	175.3225039149180873
 332.000000	5.9825159697829235	158.9690131631008114
 333.000000	4.1945316655440221	66.6966693272371316
 334.000000	6.3650017504047360	166.8908784654051374
 335.000000	4.5989609332669197	100.9304511098124806
 336.000000	3.9674865642517929	121.2803742999711289
 337.000000	3.8657336039187760	80.8814699465520590
 338.000000	6.1935397184864005	171.3547829933471860
 339.000000	3.9910061984281007	100.9672532962070619
 340.000000	4.4529836047005613	100.4809079184352925
 341.000000	4.3440565111066496	77.6368537365662661
 342.000000	6.4809352368859123	173.4060152012377500
 343.000000	6.2190383911039682	153.3134639482416901
 344.000000	5.9991855712323963	166.1188636147246029
 345.000000	3.9399018595151447	127.4598891688537776
 346.000000	5.8381309215877630	151.2522670620199676
 347.000000	4.2442115923564714	113.8518968807834284
 348.000000	3.9274828648430624	87.3428703790938386
 349.000000	4.7493932101442136	95.8696464938901016
 350.000000	5.6629071718909207	166.7216175646278487
 351.000000	4.0372068906315119	84.1089603428216606
 352.000000	6.0062970356812793	162.2219805264689114
 353.000000	4.7949596544282587	118.5221479630723707
 354.000000	4.7956359467661382	101.5140735321361092
 355.000000	3.7225561649375094	82.0622547338969923
 356.000000	5.2684578394280006	149.5138763023294359
 357.000000	3.4892174750299274	94.1550994505093399
 358.000000	3.5135571067225992	93.3190708100515423
 359.000000	6.5314924996890724	163.4048444655075514
 360.000000	3.8121613548752049	78.2186072428397665
 361.000000	3.2492508123401214	101.6794525925575670
 362.000000	3.3895790215870800	99.9963913949273291
 363.000000	5.0621328948522502	93.6616630767274643
 364.000000	4.7358328341492477	63.9159391572614197
 365.000000	4.6347891861343689	93.1927563894598023
 366.000000	4.1526176390975671	112.4495360592577669
 367.000000	5.8612908752176427	172.1265102543987950
 368.000000	3.3889747684566398	86.5801237824042005
 369.000000	4.5293643507640953	91.8732983237264165
 370.000000	4.0600787972751613	119.5727031517299395
 371.000000	5.5534799084690150	71.6115478838664643
 372.000000	6.1666855465448487	175.5140178467318322
 373.000000	4.4339360195681738	97.1255371739746494
 374.000000	6.5935945471764201	169.2166176507323314
 375.000000	7.0714701460699887	159.3672325621176071
 376.000000	3.9278255002681801	102.0135300118934794
 377.000000	6.3784957732191145	166.6267572280377181
 378.000000	4.0517665407443078	102.0442153179898668
 379.000000	3.8754906795993187	82.1313741565626856
 380.000000	4.0054623730948160	97.0888626238294279
 381.000000	4.1912214749741681	90.1295689709317998
 382.000000	7.1435729308013149	166.7870434137926168
 383.000000	6.0064412040472233	167.4851392063446269
 384.000000	3.7838940205638560	84.1347445688361830
 385.000000	6.7747534189432574	175.7249904576025870
 386.000000	4.8656240525973491	83.6178666286726582
 387.000000	5.6513783745508217	142.5255122650757471
 388.000000	4.4670182664284077	108.8147709120783020
 389.000000	4.9297836620546454	87.9866167559407160
 390.000000	5.8460613945540993	167.0171365228793263
 391.000000	6.3929373765112762	176.4083563262181542
 392.000000	4.7385192195644557	88.3069696415470702
 393.000000	4.3398803960020844	81.2640345765860701
 394.000000	6.8008596743519600	159.8270734832890696
 395.000000	4.3096506443608060	96.4926857505074622
 396.000000	4.5242455243190545	114.7830546747064488
 397.000000	6.2952386217496121	160.1415349568633815
 398.000000	4.0781971598604700	79.8638897336434610
 399.000000	6.2307586072840504	172.1762062685961041
 400.000000	4.6081520955387596	81.1228717605411731
 401.000000	3.5141700812877357	76.2400179323929308
 402.000000	4.4410458194051587	96.1947326422066453
 403.000000	5.9457447924720661	165.6134477877415634
 404.000000	5.6229219331489286	158.9773345858113771
 405.000000	4.4177146966025322	93.4088767456968156
 406.000000	5.2637966668963552	163.7921134830704375
 407.000000	4.1126824363301440	93.4533597906086442
 408.000000	7.1440932697121751	169.2539312772607616
 409.000000	5.1790937647618263	47.2150423992227104
 410.000000	8.0730344477392535	149.7751835722327201
 411.000000	6.1788969050216869	165.5353859144253477
 412.000000	5.2349997613800712	148.9710491285262606
 413.000000	3.8367976980005394	82.9928152345128183
 414.000000	4.2264703127220509	104.1907751216304518
 415.000000	3.0939778731869181	84.7580094890621183
 416.000000	3.8654828101861161	90.1288029348727946
 417.000000	3.4965434246403531	85.6750165804303663
 418.000000	4.3789224411006753	102.7031577631617267
 419.000000	2.9809648559432080	58.8271821279564904
 420.000000	5.9131776759130705	166.1377154048307148
 421.000000	3.3157087948122621	81.0615170813049275
 422.000000	6.8252404142079603	56.5795425506522491
 423.000000	5.2776851904080466	146.1240224130280581
 424.000000	3.3293279491740067	86.5040538954457787
 425.000000	6.1451708857436422	160.9435256731755146
 426.000000	6.0185500979638737	160.8122544492152031
 427.000000	5.6613522121327140	158.1599024704376291
 428.000000	4.1214638756211412	86.3910311638842074
 429.000000	8.7102004276090561	8.8786751731767311
 430.000000	6.9585958611065619	92.7029500289880133
 431.000000	5.0711391965642525	80.3801539267822989
 432.000000	7.0706949296532011	50.4296518195987744
 433.000000	5.2532951150622589	71.3312520624823065
 434.000000	7.4261300972178104	123.7408995452100129
 435.000000	5.4510278733976438	83.1079387514860173
 436.000000	5.4031428227197482	89.1520111691706632
 437.000000	5.6164833071078961	88.8887588399061883
 438.000000	4.6367661814763181	75.7323639928260519
 439.000000	6.0580622062092839	103.9916142700213157
 440.000000	4.5837141052179469	63.4907840436292901
 441.000000	5.2778286884882970	155.0751956114918642
 442.000000	6.6060768137568155	117.4069718260190598
 443.000000	4.9379457353417759	77.5072930942751412
 444.000000	5.3285404104946492	91.6420155641212375
 445.000000	4.6060832700772307	50.8968311121054455
 446.000000	5.5576764807997971	103.2360335947528966
 447.000000	2.7434124038117700	12.8503614574524647
 448.000000	6.6040793037960954	35.3773301325600187
 449.000000	5.7032604437057861	159.6306092454360055
 450.000000	4.6886311608858948	113.4125852134306740
 451.000000	5.9543131587830125	155.5228522384661005
 452.000000	4.5464711946244618	100.0715172066753240
 453.000000	4.4668381826069936	104.2461306614164727
 454.000000	3.8007327521505450	99.9781880163566967
 455.000000	6.2073204218129847	165.3576246096214959
 456.000000	4.9965841084336509	154.6108860096838384
 457.000000	6.1038268852311441	174.3176540566960568
 458.000000	6.7442980963642345	170.4604643898881875
 459.000000	4.1840403453669150	103.4377112416882056
 460.000000	3.5134821727819028	97.5089843722064700
 461.000000	6.3240086196393772	157.2149584193307419
 462.000000	6.2019202759743965	162.0710718158277075
 463.000000	4.6171308453166073	91.6231086938387165
 464.000000	4.5449092569091540	100.6755831247372299
 465.000000	5.7650345821615741	165.0846178368893504
 466.000000	3.3474065693146344	93.8939631778270893
 467.000000	6.1660086357567137	172.0864608996351137
 468.000000	4.2452462178496662	87.7042939370767130
 469.000000	4.3233113008523336	102.0740841907210523
 470.000000	3.8110538301103558	93.3396875087657207
 471.000000	6.2026216449481684	148.5924921312088429
 472.000000	3.8497130418728069	100.3750584720426104
 473.000000	4.8253548319447672	107.5005079389081573
 474.000000	5.8240765046190228	150.1210712732185186
 475.000000	3.5988772110477050	88.5815599687077508
 476.000000	4.2317700667472771	50.9124480961926622
 477.000000	4.1313134467974937	103.1617210467613006
 478.000000	3.6808424689751136	85.4599110463153551
 479.000000	6.0577303627559012	145.8219898087211845
 480.000000	4.6293839233026040	66.2065128327628969
 481.000000	3.2925282821540955	94.5449927634493577
 482.000000	3.7043209207822505	75.1302123672189310
 483.000000	6.2735632874817782	157.6290180179235563
 484.000000	6.6563663583565731	162.7388997837088027
 485.000000	4.0068968049326674	76.0763197745215081
 486.000000	5.7592585800521876	167.5623771282283485
 487.000000	6.9090485459654634	169.3113613208326171
 488.000000	3.6450706154400883	101.1988772805454460
 489.000000	4.6609009649725586	65.5544840544627334
 490.000000	3.9346474174891837	94.7087606514584621
 491.000000	6.0614328707526060	159.9004223400246758
 492.000000	4.3869645377913704	86.8468277135063715
 493.000000	3.1783172308560728	102.4991491527509595
 494.000000	4.1320379842916592	94.4292374734021962
 495.000000	4.2769286784691420	101.4826015483579198
 496.000000	3.6315226494478119	90.0613942761537203
 497.000000	4.1525001224520226	87.3824753037838065
 498.000000	4.3185422547153625	102.3836149826569795
 499.000000	3.7438492926631795	106.5819179390499585
 500.000000	3.9622992578413969	98.1249233309767561
 501.000000	3.9928180535065887	110.6839266684651619
 502.000000	4.2114223155982682	98.6742593495834939
 503.000000	4.4226272950886916	87.5491506591157957
 504.000000	5.5464213403007960	129.3954561471487352
 505.000000	4.2784423233541071	98.6788986095942136
 506.000000	4.2259402118863374	101.7798498134288394
 507.000000	3.7959052615112077	97.5100410795650134
 508.000000	5.9092121232002430	174.6559349702340285
 509.000000	3.4514750381976684	101.1795265949674416
 510.000000	3.8647860327489791	82.8664443143041609
 511.000000	4.2974428368231692	83.5757081276845781
 512.000000	3.2794347928990324	94.3951863334867056
 513.000000	4.6519016846165462	77.5296919520963286
 514.000000	6.5281678418656961	165.2020003476013414
 515.000000	4.6293620535550648	75.5941693281502438
 516.000000	8.5864282795002786	112.7020369370099502
 517.000000	9.3554158603479092	82.7725320205568380
 518.000000	7.7100157607164714	70.0073342577614426
 519.000000	7.4352224068175436	100.7146655679794662
 520.000000	6.5725578199876926	127.6523877976272843
 521.000000	7.3947658463222750	98.1911067201209420
 522.000000	5.2662614273604875	97.2939778059856479
 523.000000	6.4975022389220065	87.5329702990051999
 524.000000	7.6985557553212685	95.1792738820194160
 525.000000	6.7345957020834772	59.6694432944098594
 526.000000	5.7955694975596002	89.4472273707636845
 527.000000	5.9943496013850339	105.4922491377902247
 528.000000	7.0727849925266391	122.8563769499924803
 529.000000	4.0351148807258719	91.6894658188526250
 530.000000	6.2598428797806269	158.8108256938118927
 531.000000	4.6481503333318344	130.3459527338891917
 532.000000	4.5346445866771168	66.2647722137698594
 533.000000	3.9817125825654873	83.7517671360447054
 534.000000	4.0625181615251140	128.8191465652384977
 535.000000	3.9774433242755372	78.4529033483811418
 536.000000	7.0598933402244155	81.3739157884811704
 537.000000	8.1612798998368170	120.4620931976309635
 538.000000	6.4938568370051337	50.4862611247861253
 539.000000	8.1369923177691010	59.9548873347205529
 540.000000	4.2573450031530209	100.5542119726403740
 541.000000	4.3407277478547490	117.0339508713983321
 542.000000	4.6000112151556829	101.0718569530221487
 543.000000	3.8890605529757338	76.6185347851212271
 544.000000	4.1506446146717053	77.4463526819104544
 545.000000	3.3032373495354004	104.8452486594970026
 546.000000	5.8230618290059786	173.0133245763501861
 547.000000	6.4719892866619722	174.5196876548737350
 548.000000	3.6419350541184015	76.7252325463855840
 549.000000	4.1496313205966260	82.6323434838546973
 550.000000	4.0986305593564678	95.1986420898630286
 551.000000	3.8658562820637776	93.3112562428144230
 552.000000	4.1650369448544797	72.1692644485823820
 553.000000	3.5853995945547115	89.6335263477236310
 554.000000	4.8002356873396739	88.0504007260103378
 555.000000	4.5475895768902816	95.5293641078945654
 556.000000	4.3266289622378267	109.9017654532444226
 557.000000	4.5631180677165553	125.7355707732161108
 558.000000	3.5833431784548875	72.6166839997580098
 559.000000	6.4916999091001948	161.4691574555488671
 560.000000	4.8369776969923812	84.2726278650307421
 561.000000	3.4566560119901983	91.4050763508655848
 562.000000	5.8394216684424336	159.7021951103725144
 563.000000	4.8268861300182797	92.8435952968522855
 564.000000	6.0455681838983848	172.6672995439516001
 565.000000	4.9056388358541643	82.2808490846547897
 566.000000	4.6400974457294728	123.0183041745142987
 567.000000	3.5611530091140726	58.4796539126169108
 568.000000	4.3217842068294852	96.2408982480793753
 569.000000	5.5059847179996613	160.0928872350084475
 570.000000	4.2473735395278025	70.6634918279651743
 571.000000	3.4436670383189973	77.2836508763263765
 572.000000	5.5206114050072648	125.8179350286064277
 573.000000	4.5777550522529822	75.1811334149803230
 574.000000	4.0009838350183866	100.9753917262049328
 575.000000	6.0520603214992343	177.7133214049430592
 576.000000	4.7330001630950331	87.0289244482617192
 577.000000	5.9041614874480040	175.7487242507395138
 578.000000	3.7934667283988954	90.4463046499300702
 579.000000	5.1503525005049822	150.4951580612936084
 580.000000	4.3507930690085184	111.6978008147732737
 581.000000	6.7035596411423422	174.2062971664081772
 582.000000	5.7569499610711405	166.2140419938359628
 583.000000	6.0915669542502844	172.9970583681629250
 584.000000	5.9151707023217446	170.4474484222950537
 585.000000	5.5415545806882660	174.9931157885437756
 586.000000	5.9022482127801457	177.7641038380185989
 587.000000	5.4632811063039570	105.8898421957037783
 588.000000	5.6985594367620678	171.2901308424382307
 589.000000	6.4621774930882072	175.5241091730446215
 590.000000	6.4445124525888078	167.6241283348903437
 591.000000	4.2651847329331058	85.7488859475301552
 592.000000	6.1586518776688326	137.5988580210083114
 593.000000	3.5332849684884260	98.1211666817726353
 594.000000	6.0439509208728861	165.2697595502185095
 595.000000	5.4678674003239074	176.8839772547788129
 596.000000	6.0262870287068981	167.7738225856376459
 597.000000	5.0673306061607226	79.1869226477387684
 598.000000	6.0255449985754215	172.2441307398645165
 599.000000	3.5782381728934771	87.9994660271987641
 600.000000	4.6438755781761305	140.1253259188203799
 601.000000	4.3026648537472099	75.0919553737407597
 602.000000	3.9146008517272364	89.7767934311500113
 603.000000	6.1896569283399723	159.0802873585741963
 604.000000	3.6369499898015323	78.3340045087648065
 605.000000	4.2145887513959437	108.4415959306647181
 606.000000	4.8222020155503893	95.6344663574920304
 607.000000	5.8957724560134839	156.4074804712254547
 608.000000	3.6885068691299998	104.8931600173231260
 609.000000	4.9323179507189998	129.6900217102393640
 610.000000	4.5077667520021221	89.7321062661735169
 611.000000	3.9069683847306012	111.1394446562982949
 612.000000	3.7518129325394587	94.8974753922114473
 613.000000	4.0031430423239200	125.2414797972687097
 614.000000	3.6036901264972658	109.7870159327251969
 615.000000	5.2656785046291041	163.3417075704325612
 616.000000	4.3702026555774909	94.4053379220763702
 617.000000	6.2788564892602450	168.4329253477850443
 618.000000	5.3422136243617313	157.6927543937941607
 619.000000	4.0244254978015466	91.6366103889082808
 620.000000	5.4172277993863966	158.7281662703698828
 621.000000	3.5621423179482341	95.0849705648324033
 622.000000	4.0516890032359809	86.5679699278204851
 623.000000	3.8555031780681874	114.4693083285792312
 624.000000	4.2058341910480914	117.8363391252798493
 625.000000	4.3987430350735419	102.0915517906472161
 626.000000	4.4151435508578905	94.5484671241470522
 627.000000	4.2511774460054994	119.8525202848906588
 628.000000	4.1403691713745268	114.3430019469596033
 629.000000	4.1912185933462487	93.3497449420282095
 630.000000	3.5458818468567332	82.0516939570314179
 631.000000	6.2221665881244617	172.6436829684347742
 632.000000	3.3998446680547749	96.2250661465988486
 633.000000	4.0540511473730962	113.9267921265520158
 634.000000	5.7937629505179098	168.8460712056705972
 635.000000	4.3823887053957691	91.8860085040439145
 636.000000	6.2758545345927201	158.8090886842457223
 637.000000	5.8375920814234261	172.1312873417354581
 638.000000	4.5082960966782712	97.9718330477414412
 639.000000	3.4664222530790822	77.9740323650832465
 640.000000	5.3343486973040690	149.6326565036938518
 641.000000	3.6810328862152195	98.9055435339878670
 642.000000	3.8996136530187293	124.5785623443917132
 643.000000	6.0799626295072597	175.2691818655610518
 644.000000	4.4427367141290324	110.4234297316564124
 645.000000	3.4790418235946126	84.2027473771514678
 646.000000	4.3377223189533378	93.0049713088483969
 647.000000	6.0366201655906719	167.3678372811798738
 648.000000	4.3953200999133397	114.6946026166834685
 649.000000	5.8938336171024703	167.9725055239462677
 650.000000	3.7110335507660737	88.5015342415626520
 651.000000	3.5659816651238470	90.5292245556780983
 652.000000	6.6589147470857544	159.2285334016039826
 653.000000	5.9264630596779755	163.4484491963136179
 654.000000	5.4015678462565608	156.8574884327143764
 655.000000	4.8925665179483042	113.7339034608193344
 656.000000	6.0921833203368960	166.9393904766510843
 657.000000	3.4772447434726903	76.5539920452711868
 658.000000	6.3959608428475505	173.5200346066645807
 659.000000	3.8593966271838704	93.4551614172202108
 660.000000	6.0171868195369456	163.4655242054996904
 661.000000	4.1747693907005656	94.5650056263197882
 662.000000	4.4189931265357689	72.9024920999798667
 663.000000	6.1214808577115027	177.0570914435585905
 664.000000	5.3814942586484067	160.6259164380314814
 665.000000	6.6349682057346273	172.6430561010212728
 666.000000	5.5982038349167533	164.4709537211376187
 667.000000	4.2352219349216762	89.4193853544335724
 668.000000	2.8123938014814192	85.7942854556688985
 669.000000	3.8507318898920770	83.2369287319696554
 670.000000	3.3401282721443364	95.2448381149473136
 671.000000	5.8116599445981585	163.2555476535415551
 672.000000	5.5192678327834317	169.0807701883430241
 673.000000	5.8426443555663159	158.0144903778780758
 674.000000	3.7757997391386415	73.1994093712567633
 675.000000	3.8241222994977080	73.4642477045828741
 676.000000	4.9660128214945454	74.4523718010768931
 677.000000	6.7520206120013002	172.1268300146076626
 678.000000	5.2875616553145148	161.2963652418336551
 679.000000	5.4339952053412217	171.1976155202155496
 680.000000	5.4434731375661149	172.5015527315935344
 681.000000	3.9007675909209847	95.6950452929462188
 682.000000	4.1870728227325369	89.2787072865359050
 683.000000	3.8604614613326067	104.3967832088824252
 684.000000	4.0459767012100087	98.1702075165791967
 685.000000	4.1398771389624116	95.2505207070797582
 686.000000	3.3424048961313146	78.3015985072240142
 687.000000	5.4633055751806019	172.0675183842862737
 688.000000	3.6843706225655701	113.5432899200890233
 689.000000	6.0155129363288671	166.1265663908980628
 690.000000	5.6761472957970343	170.9749434969492086
 691.000000	5.5226196578413917	158.9262391212219541
 692.000000	4.1442273111586916	86.6924923567635943
 693.000000	3.9814252503517635	80.2858230714731036
 694.000000	3.9924477582294040	103.3796026001585773
 695.000000	6.5996871955413097	170.6901873805173580
 696.000000	5.1528994180088361	66.1676858977869671
 697.000000	6.7218759096854024	174.1004308433118410
 698.000000	4.9059719749413837	96.5611070851723099
 699.000000	4.0754091769009788	99.2397187320384973
 700.000000	3.3817419688394561	95.7085415849379615
 701.000000	4.9510390977487111	101.5522579667553913
 702.000000	6.3703370615631894	170.6534198945101082
 703.000000	5.9316589397671731	160.6449499132964434
 704.000000	6.1207267093024527	166.2832096709770440
 705.000000	5.9287081123845313	162.9697991353222335
 706.000000	4.7880804893825459	105.8025332734198116
 707.000000	5.0105230433871188	94.0888308029091576
 708.000000	6.1728128056697722	171.9191865075652288
 709.000000	6.1239742856681012	155.5119299415599414
 710.000000	6.7059356111207604	174.4161196532783151
 711.000000	4.7066412097849604	84.5228813773087495
 712.000000	4.5100031342577456	76.1506035429082431
 713.000000	5.7269815859502868	156.3636786934825977
 714.000000	4.1099025773932931	104.6666716358098768
 715.000000	7.5917027491264566	171.6154903461770118
 716.000000	5.7620950945389753	172.3062060758877294
 717.000000	5.9697306367668883	164.7406892635830502
 718.000000	4.0185636689285911	89.0830883302801197
 719.000000	5.6419487816626459	165.4239437923947946
 720.000000	5.2171559335579190	62.8646960789055385
 721.000000	4.9874800685348806	72.2382801886357271
 722.000000	4.6766640982053760	94.2172887429939294
 723.000000	3.6303375260611421	100.2889997429041244
 724.000000	3.7804569290641945	74.5729127180338338
 725.000000	6.1278980912694365	175.2360971609008118
 726.000000	3.8187002677065678	81.1779407078368251
 727.000000	3.5427273127717753	90.2757467097189448
 728.000000	5.5734696532352839	153.6359969534408663
 729.000000	4.7587777932109683	97.1847872378770461
 730.000000	6.6588654681016024	150.8222479408275376
 731.000000	4.0024391899211675	89.0622149865765493
 732.000000	6.1839284749987700	178.7222522015201207
 733.000000	3.9368267597917663	90.4335738041812363
 734.000000	3.6944145731458931	95.9814557749753590
 735.000000	5.8921732943764518	173.4557425003987134
 736.000000	4.9315828617388675	90.2681763297186706
 737.000000	6.5294826068983456	153.9112901387836985
 738.000000	6.5957274244703568	171.8478393575223890
 739.000000	6.9699434992220404	169.8354403679966254
 740.000000	3.9888671735905654	91.4598997900601063
 741.000000	6.0212021763026549	164.5446779207647126
 742.000000	4.1579259913745164	88.7836168483547823
 743.000000	4.3147115404466998	87.2538700507726759
 744.000000	4.9023460947490998	93.6314238140669630
 745.000000	5.7431828072614222	166.6493666706403189
 746.000000	5.3179927046795017	99.7356375886579229
 747.000000	4.7269775900341733	121.9247107510115598
 748.000000	4.2311056593061629	101.1621399275934152
 749.000000	6.9841269523880989	147.5440627099743551
 750.000000	5.6144422597226855	168.0019175839696288
 751.000000	5.3138624292893866	96.5616220989629284
 752.000000	4.2771506878485610	73.5954472971124147
 753.000000	4.0627887208208406	120.4995594944055313
 754.000000	3.7096476297966352	76.4963441009437730
 755.000000	4.3179018615354323	118.4342420938526459
 756.000000	6.3167873471892069	169.4630348508777331
 757.000000	4.0672888664682869	98.1027411760455976
 758.000000	3.8592523005516091	103.8747992851556603
 759.000000	3.9162408494000531	86.7311591994573803
 760.000000	5.9374931926089287	129.2391078580075146
 761.000000	3.2278124623973157	76.9607742402584023
 762.000000	3.6790068398683360	88.9693325708705203
 763.000000	6.5147506635299024	35.0489991868223854
 764.000000	3.9145196858156490	105.0773519820065616
 765.000000	4.7768763561888425	92.4234663290530278
 766.000000	3.3821447939556095	73.2838451808698039
 767.000000	3.7112693198567981	93.2835904683312691
 768.000000	3.6120723131677437	86.9693828436422649
 769.000000	6.6257514102980091	173.8396852954024894
 770.000000	4.3064367733935134	57.8997572957914457
 771.000000	5.6194961201036415	167.6480589305588467
 772.000000	4.1269215120813154	83.9759037501718524
 773.000000	5.9720484169966754	169.8386514204213995
 774.000000	5.4971566517931585	154.0053932060165494
 775.000000	3.7651292720849230	90.4448079242411183
 776.000000	5.7253918329002298	170.7906322770098484
 777.000000	6.1464212363024728	159.0512060503912721
 778.000000	7.3214320800673356	157.3851773993580423
 779.000000	4.5673987728073362	84.0421261328575468
 780.000000	4.0864681044901365	86.2133679376106272
 781.000000	5.6832707479090123	153.4123718102195824
 782.000000	3.7363813998331681	83.9004810211762617
 783.000000	3.6777083178696088	78.1519822671416904
 784.000000	4.3497224277391435	85.2615781423064192
 785.000000	5.1891969540450980	138.2909011801074257
 786.000000	4.6898775857092829	123.2315684640610982
 787.000000	6.5607289803554014	165.7475080888812613
 788.000000	4.4420976518460531	102.8011657313451508
 789.000000	4.3933780192486758	95.2019429277389264
 790.000000	6.2085199477795134	177.5607820886573904
 791.000000	6.6527583498341505	161.0842240808989914
 792.000000	6.0402582450227298	163.0828858853930967
 793.000000	5.1824407923029181	53.9055928378419225
 794.000000	4.6605697097318881	90.0231848318138077
 795.000000	4.5195146646378745	94.8356418414044953
 796.000000	4.5961762324309232	84.3843840243590648
 797.000000	5.1600013063895052	50.6002941481949051
 798.000000	4.5312674557309425	108.7074645784992271
 799.000000	5.6351206603608865	145.1045806570738250
 800.000000	4.0347783215834490	87.5864577789782714
 801.000000	5.0014799075356358	152.5337517780004646
 802.000000	7.2741624307755917	63.3879714963442069
 803.000000	4.3339674678020561	77.0183803339896542
 804.000000	5.9688844122927787	176.3665603169916380
 805.000000	5.3916029461715578	175.7702548131638594
 806.000000	6.2382010160745560	177.7534539582887305
 807.000000	7.0353398594725505	173.8987662486690908
 808.000000	3.7065426743038481	87.5865211413565561
 809.000000	3.8583774780306519	93.3256821390609019
 810.000000	5.4602912892125088	154.0829878057190854
 811.000000	5.9179523619974308	60.3865611224387067
 812.000000	6.4014942034403797	162.0680020119986580
 813.000000	5.8650570230712562	172.5584486452384567
 814.000000	6.0770899315483060	162.1133836736244405
 815.000000	4.2471786808606780	90.4703526763537695
 816.000000	5.6792783589539901	156.6699703763601690
 817.000000	6.1747646291720679	165.5077587728107744
 818.000000	5.4278643262231254	93.9589675038852619
 819.000000	4.1044876105351458	127.9235837141916221
 820.000000	3.9786687166637491	73.7225443288586320
 821.000000	3.3507231228900713	95.0106388544680698
 822.000000	5.2596319277198358	156.4862579834259293
 823.000000	3.9138619068626017	126.4167828031949909
 824.000000	4.7318089533807157	110.6582448799354523
 825.000000	4.4360269039370204	126.3306979282438078
 826.000000	4.5707789157867680	99.6856175500270609
 827.000000	4.0184875759100169	108.2699281941419827
 828.000000	4.2466009900084378	99.6397398480339831
 829.000000	3.9082349700759416	101.3097925221717759
 830.000000	4.2517490608108073	101.2195224558110738
 831.000000	3.7530974807678303	60.4945684908592511
 832.000000	8.9501711576192626	130.7706354257610428
 833.000000	6.5118223623317988	66.3952677430127807
 834.000000	7.2961847984438819	53.8937434431627622
 835.000000	7.5305807411362364	26.4148282916307835
 836.000000	11.0366139654305044	16.9023925961533337
 837.000000	12.4223452323958963	18.8836401186423188
 838.000000	8.4168899074971026	93.6958744435447954
 839.000000	7.9600256645373930	58.4214132762762546
 840.000000	11.6308933539118424	88.2574928582875629
 841.000000	10.6186387475873047	94.1868961467641697
 842.000000	8.2145974183776644	96.5456447159212559
 843.000000	4.4923453246810867	75.7248540562338093
 844.000000	4.7550783406145367	135.7132483221799930
 845.000000	6.1212915777896875	170.1358979830914109
 846.000000	5.8897766347295422	151.0567970811746363
 847.000000	3.8380019760312765	77.2845711037538337
 848.000000	3.6976129380221976	106.0887398850776151
 849.000000	3.4054776671039497	89.2823458305506819
 850.000000	3.7426727148172243	88.9984398867985931
 851.000000	3.7872375323049181	86.8167175066079864
 852.000000	3.6247436550841399	68.8806910397258463
 853.000000	7.4413329654802798	158.9005397470589287
 854.000000	3.8435895076929949	131.1645353563133938
 855.000000	5.8149732898790232	162.4799011748739588
 856.000000	3.8207831830794969	65.9599995204590499
 857.000000	3.5694049077531149	68.1717503106978313
 858.000000	3.0171304733891344	78.7851386039238122
 859.000000	3.4791545653389089	53.1030738316178770
 860.000000	3.0547387907959562	91.3056823929639734
 861.000000	3.1244699970137595	64.7206913013001639
 862.000000	3.6286278480003515	101.2588901382969624
 863.000000	2.9860100980803854	69.6119822140529863
 864.000000	3.7639917500259505	86.3726565681099174
 865.000000	4.1234628350333509	68.1518307187865560
 866.000000	3.4815465528129295	87.1295384613589050
 867.000000	6.6913536796733233	53.5536010301001539
 868.000000	6.4228038481895036	142.9592796225429083
 869.000000	3.7186806952998155	82.0201160775156382
 870.000000	3.8560114574316864	102.0570134945143792
 871.000000	5.6170208444386613	158.5949860565312122
 872.000000	4.0658740221983116	121.9344764282971596
 873.000000	5.4997329534203399	164.8360230481274300
 874.000000	3.4015692631263930	93.4588282815566771
 875.000000	3.4952494619954879	93.9066857225457738
 876.000000	6.4284679156306108	172.3258532746357332
 877.000000	6.9185775277071286	142.6482894521853950
 878.000000	3.7507546187877643	73.7498587358183215
 879.000000	3.2845198253020396	80.2685419146274057
 880.000000	3.4486178041145221	80.9968661227135129
 881.000000	6.3998019580473509	168.0377152549643824
 882.000000	4.1936621054611427	98.8037314901209243
 883.000000	4.2009925413295601	80.0505008202853645
 884.000000	4.5680856797016531	104.9791076296346830
 885.000000	4.4074461488434533	108.2877040650375733
 886.000000	5.8617762159563913	163.1745144416998414
 887.000000	4.5196630533903699	93.3315045614175460
 888.000000	6.0981308704973367	147.4488534346220376
 889.000000	6.1704215350728386	155.7411747000666082
 890.000000	4.9025498602553368	86.4638136301560536
 891.000000	5.9110451180087527	172.4619434715665989
 892.000000	3.9666165659601913	102.3376923768946938
 893.000000	4.1705902689894057	86.0262735673975953
 894.000000	6.0292992544309607	171.1397572651478640
 895.000000	4.3094762875665333	67.6908479581286429
 896.000000	4.7166168023489945	96.4297365609004373
 897.000000	4.2323758798323823	119.3702120191374547
 898.000000	4.6100418912837595	98.1975455264189918
 899.000000	5.1429725835357587	114.2097310862515371
 900.000000	4.4629416710963064	71.3313827736282633
 901.000000	5.7214235303615686	151.7270955916746971
 902.000000	6.4663732749296976	178.2535927564330791
 903.000000	4.2444382907612157	93.4191975548350371
 904.000000	4.4211892500900083	97.3810465072827043
 905.000000	4.3632964754133132	91.9776079952911090
 906.000000	4.2651727957126377	111.3057859577776867
 907.000000	5.7460422564680123	149.1323117094007955
 908.000000	3.9081016183145065	84.9522077580942181
 909.000000	4.0541788692690428	107.5880267466052089
 910.000000	3.7078726947661811	84.3741189869829498
 911.000000	4.3888762530179175	88.7048498919185704
 912.000000	3.5222184411176176	80.1213370830693918
 913.000000	3.2738558202463013	68.9406759670908400
 914.000000	3.1968386492705494	84.7911636553859296
 915.000000	4.0192703483120065	64.8495290174105179
 916.000000	4.6475354174736285	111.6421489968163883
 917.000000	5.1630560026126187	129.2296191361983801
 918.000000	4.1246398603989851	97.2713804651327365
 919.000000	4.0346336950288437	65.1652917773294007
 920.000000	4.9915137215456395	128.8096080426588799
 921.000000	5.1094518600431771	88.9151861682077680
 922.000000	4.3937134690777713	104.3995438354854173
 923.000000	4.0537143251040160	82.5536515735207530
 924.000000	4.0344153120442279	85.3864586501645277
 925.000000	5.1675429416969436	132.7325645695387948
 926.000000	6.8943540449891074	155.9147291028987752
 927.000000	4.1965671765080339	81.7319675374062911
 928.000000	6.3684948908097221	152.3724367328035783
 929.000000	5.3793961855819497	84.4667458332952492
 930.000000	6.1196010024871921	82.3763342665715044
 931.000000	5.2231182117420101	70.7967972960473588
 932.000000	4.4728792639871715	109.5362749187835334
 933.000000	5.4241893363040310	61.6684522928717485
 934.000000	5.3779898219863131	174.3741680195771551
 935.000000	3.3634243407870170	78.9360811571961563
 936.000000	4.2371380052534535	116.7710362167094900
 937.000000	5.0223869753866079	100.1165542767801782
 938.000000	3.5579379695759599	68.2102832789742877
 939.000000	4.6890267765703468	111.8673061991921855
 940.000000	5.1313266610313679	92.4872567276027127
 941.000000	5.0267668391533222	95.8983372279393933
 942.000000	6.0582769569555515	169.1528959800729695
 943.000000	5.7250316638754972	156.3815320476202260
 944.000000	4.3397707323093853	81.9624162932562967
 945.000000	3.9490794203663588	90.4789500616686837
 946.000000	5.8732945330895951	165.5886708662082185
 947.000000	4.7703925403685368	87.5486757419820663
 948.000000	6.1308753666327345	153.9308848149385653
 949.000000	4.5687892432391157	105.5405172877706690
 950.000000	3.3651284981047871	78.4280296132036341
 951.000000	3.8009461605998709	54.6540829102636252
 952.000000	5.3396621515297458	105.7272006368532828
 953.000000	3.4965137002126134	109.4508620074041971
 954.000000	4.4330280910604269	91.1382609046280123
 955.000000	3.7984850645034092	109.0602475288720399
 956.000000	6.0526054773630600	160.9873419928854901
 957.000000	4.1860087919007958	98.2690096077933930
 958.000000	4.2762849261912868	118.9799571209974260
 959.000000	3.9810071694231159	95.0231782371122478
 960.000000	5.1067937066858438	148.0515049207787399
 961.000000	7.1005140269908527	156.2479466921106734
 962.000000	3.8708465516160420	96.1970206329166047
 963.000000	4.8760088879163570	84.7603947544111378
 964.000000	4.6035904681637509	97.5619892420326238
 965.000000	3.7383642030289672	87.3481520617318097
 966.000000	3.2753857194665308	88.5674333575044557
 967.000000	5.4431114978752992	144.7447062672658546
 968.000000	7.2145344051468836	81.1579290925296135
 969.000000	5.3667304477144970	171.3876647972690535
 970.000000	4.1140982115961711	99.3643763587790687
 971.000000	3.8928328070276539	89.6289154490583257
 972.000000	3.6781743252237793	96.5056894148074491
 973.000000	4.3253369047657202	123.2751380214365895
 974.000000	5.6324488409783822	165.6827942152149831
 975.000000	3.9453501783688356	85.5577700409248649
 976.000000	4.2015080712212312	104.7147365973162465
 977.000000	5.8186899419231368	159.4945520584354597
 978.000000	5.6243285667419034	152.4798202169093599
 979.000000	4.0946264065175910	90.0231710956801408
 980.000000	5.7694698939927838	160.2541991362543286
 981.000000	3.1749334496024626	88.6352997940279437
 982.000000	4.0394868402557229	108.7911147212590777
 983.000000	4.5525271414605184	112.2317109034359390
 984.000000	3.7121354354293792	95.1619618473140889
 985.000000	8.0464579881926284	105.8543129618897751
 986.000000	4.6190514244851446	95.4600774909243626
 987.000000	4.6187329309373526	92.0971521420441235
 988.000000	6.2553017016621464	170.0628359437272366
 989.000000	12.0481847555703698	127.6420603245776419
 990.000000	3.7619040565568609	102.7077355481310548
 991.000000	5.4532255820785664	158.7989435250503902
 992.000000	4.0022900386434763	123.3453072319429964
 993.000000	5.7068159591855903	164.7478192255418605
 994.000000	6.0811548153011143	159.1770438972192494
 995.000000	5.9255025993737886	166.6255721575596453
 996.000000	6.1192854105295380	167.3733122018389849
 997.000000	5.9687620551311520	161.5415557834693345
 998.000000	6.2279930469829115	167.7229763636024416
 999.000000	6.5477432776831126	174.0692789682950092
 1000.000000	5.9566908772691001	178.1916223991724166
 1001.000000	3.8258615261391342	119.1393650472203376
 1002.000000	4.8601066544943308	134.6389508966600488
 1003.000000	6.1910176903924068	129.7688490763806044
 1004.000000	3.7753250403207610	104.4425193136516583
 1005.000000	6.2678815140871782	163.7483839455912005
 1006.000000	4.4759866889532587	104.5219627132944566
 1007.000000	4.6757112358797732	93.3102910551291984
 1008.000000	4.0123846116470805	97.6473134378907588
 1009.000000	3.3784773537424320	82.7465048713804805
 1010.000000	6.8760627411675594	166.7704481855056429
 1011.000000	6.1823082177266837	173.8251256407921517
 1012.000000	3.5295182901178479	88.4674367137787385
 1013.000000	3.9030615067676440	106.3641581302376267
 1014.000000	3.5937999406300225	95.0215441718551119
 1015.000000	6.4619231360081768	164.0902512445505579
 1016.000000	4.6517030294441675	93.5527113785335587
 1017.000000	3.5424303755370774	107.5815142848464916
 1018.000000	6.2074927347116633	161.4932760223504431
 1019.000000	4.1628674683041620	93.9862487721628810
 1020.000000	3.9008103557345568	98.9441189562907368
 1021.000000	3.6687003218552321	125.7799786085607252
 1022.000000	4.4458806084469469	107.9295114888066394
 1023.000000	5.4757896425981931	114.0681724762751372
 1024.000000	3.6780536403982333	98.2309483464087663
 1025.000000	5.9543164756838962	152.8194262703216566
 1026.000000	4.6695497709231830	124.2149967911681472
 1027.000000	4.6024165093128619	125.4065304594539896
 1028.000000	4.5654140724146020	109.9409411646401793
 1029.000000	4.0771289975397424	115.4864056215806301
 1030.000000	4.5903209462820618	95.1784552642957067
 1031.000000	4.3596375848823170	101.2041835183050722
 1032.000000	5.5351734396379078	134.7447236581739958
 1033.000000	6.3522601110019341	155.5829718869627527
 1034.000000	3.3867117016317052	86.5958655793422025
 1035.000000	5.7774718406168208	169.1942055316388576
 1036.000000	6.5409109837310071	170.7215184417305522
 1037.000000	3.9100146979340455	70.5267598556294075
 1038.000000	3.8337338918346822	92.5640705125756966
 1039.000000	4.5826381538835745	79.0370779930504739
 1040.000000	4.4092629327479651	96.0523878421937525
 1041.000000	3.9838488279175812	105.6512543504771457
 1042.000000	5.9460014429555583	159.3618323439355322
 1043.000000	6.8380029989215654	177.0429108826095899
 1044.000000	3.9398021993520178	96.4319191739392778
 1045.000000	5.7978233464099729	158.0623483222732943
 1046.000000	6.3515705160341112	170.0872648899856188
 1047.000000	5.9524761750104878	165.2561565592441184
 1048.000000	3.6017514054583213	75.2271859000243239
 1049.000000	4.1283585369538889	99.2795797508432543
 1050.000000	3.8061322463909200	96.1271080822609463
 1051.000000	3.6387246085900791	78.7193605814694735
 1052.000000	3.0128257973701329	61.0080274116494792
 1053.000000	3.6803964818937334	90.2955136624135974
 1054.000000	4.3698568634401260	91.0822005099339833
 1055.000000	3.8504416652937223	78.4945389800309670
 1056.000000	3.7784638598206532	79.7118176326359844
 1057.000000	4.0099355214688241	99.7728372212560686
 1058.000000	3.9268157585549406	71.9001719878596504
 1059.000000	3.5583032587367192	87.2315133786124051
 1060.000000	4.2130694768259049	87.8161835230106362
 1061.000000	5.7315490989287508	177.0694829767122371
 1062.000000	6.3099390968690416	171.0627027202164072
 1063.000000	5.9981745871999497	170.6772366036631752
 1064.000000	5.9966843741558966	162.7924588377543103
 1065.000000	4.7314298762220002	83.3284171682437744
 1066.000000	3.7114482926292296	83.5344819877713434
 1067.000000	4.7774060178870288	96.4506126882598096
 1068.000000	4.1414733119000404	73.8603952570966129
 1069.000000	4.2604365929312680	102.9513056012579000
 1070.000000	5.3977787072079568	83.5753739918515208
 1071.000000	4.2606736743642575	96.2611327372604961
 1072.000000	5.1730572501692311	72.7673845968559903
 1073.000000	4.6555527386222222	94.3155184522051258
 1074.000000	5.4867735822133001	157.9452446102325780
 1075.000000	4.2463938036960664	97.9540775093509097
 1076.000000	5.9000974780708617	160.6117259384842555
 1077.000000	6.2695079831827734	177.4365744690236681
 1078.000000	6.3817227276542425	167.4541439258658784
 1079.000000	3.4836696014399680	78.7558333940278175
 1080.000000	6.4055687352081332	152.0164194219807712
 1081.000000	4.2321607391745575	102.2375497998837801
 1082.000000	4.0291480966347430	93.8125789440031070
 1083.000000	6.0519125798218703	161.0187810519115317
 1084.000000	4.2108229468455383	84.6822822570473051
 1085.000000	4.5308974822811603	95.6380916822749185
 1086.000000	4.9203823362741934	138.4084716057919024
 1087.000000	6.3552333800901888	165.3557915951854795
 1088.000000	4.2273067880088595	86.5981742101174348
 1089.000000	4.6019201707191062	102.4691252238404786
 1090.000000	4.5664714618898534	93.1491417622074493
 1091.000000	6.9440110984368157	172.2419004580548290
 1092.000000	4.3974699838390601	88.2780920906757132
 1093.000000	4.0726044577155243	93.0123773927582391
 1094.000000	4.2389115021738322	82.7587748480856220
 1095.000000	6.3778889051060075	162.8087474940812172
 1096.000000	6.3096639527524072	172.5082647296497669
 1097.000000	4.5155103348128991	127.0278806496245920
 1098.000000	5.9360387234624454	165.3809021765922580
 1099.000000	5.1930913724145986	84.3432529586380326
 1100.000000	6.2442210285438140	174.9278733340218253
 1101.000000	3.9762268935756726	108.0636883167020130
 1102.000000	6.3220650726859891	154.6471667835799906
 1103.000000	4.3817927623367314	82.1328893077845379
 1104.000000	4.7667885869013649	71.4149185973897431
 1105.000000	6.6274262389496439	172.5845188808287674
 1106.000000	4.3130039046581894	100.3279683434503085
 1107.000000	6.2099514625385179	167.0390235167100741
 1108.000000	4.6658482776055035	111.9146667438173495
 1109.000000	3.7883248848833446	103.2236856733502890
 1110.000000	4.7137341953920000	137.2109198503442826
 1111.000000	6.9394266059049396	176.1391324918547241
 1112.000000	4.7030493613125843	83.9948688804051358
 1113.000000	3.9877397875874703	77.1214259142647336
 1114.000000	4.5908258811328322	96.9904140925087290
 1115.000000	4.2928747396755336	91.9270110131640763
 1116.000000	5.0853267996446530	122.5557667435035967
 1117.000000	4.3506727413165942	104.0663036620123307
 1118.000000	5.4556344993308077	58.5265102886107940
 1119.000000	5.9579274252723575	169.3717753281786429
 1120.000000	4.4448120280708832	100.1408650288958171
 1121.000000	5.3955097530114591	99.2420976673874833
 1122.000000	5.1873444699459332	151.4464502031287623
 1123.000000	6.5358469843047615	163.5175546579720844
 1124.000000	6.3328656973730499	165.7258492214018588
 1125.000000	4.0277332468630744	118.3526871076973350
 1126.000000	6.9962210493883425	91.8702448407879615
 1127.000000	7.8280015447438007	103.3432574986339034
 1128.000000	7.2612891782370390	113.0025146521910528
 1129.000000	6.6081118596443114	91.9395532058552334
 1130.000000	6.1189166186864767	77.5619931028840739
 1131.000000	6.6014578093447556	65.6263866831409786
 1132.000000	5.2239805599918254	136.9459656256154290
 1133.000000	3.9658269551209377	111.6581944971907205
 1134.000000	4.2374029542320475	112.2433459564797147
 1135.000000	3.9573880808203059	105.4652276813644818
 1136.000000	4.6951601260834241	134.9940393480221985
 1137.000000	3.3838151457468144	112.0428638009042857
 1138.000000	5.9592403702958219	76.5613710547971351
 1139.000000	4.6892495611595431	73.3279056960717952
 1140.000000	6.5421647248215287	73.1318229079542874
 1141.000000	4.9487301566610844	44.2428344723952307
 1142.000000	5.1771376522494048	84.7711940603988552
 1143.000000	5.5602951035580688	113.1825312405500910
 1144.000000	5.2347576443572583	79.0456795837805117
 1145.000000	4.6762686741476394	61.6092194780918447
 1146.000000	5.0188541300130316	95.7329067379543517
 1147.000000	5.1509188298477744	91.0302719362286012
 1148.000000	6.2496482719859747	118.8324532891226397
 1149.000000	4.3437487763039409	63.5644782873417000
 1150.000000	5.1754202021578086	73.7949070427074219
 1151.000000	6.0127294156701314	83.4214944441518327
 1152.000000	4.6727930406957485	89.9594449213181093
 1153.000000	5.3375176736746575	90.0999565690909634
 1154.000000	4.1372638149529628	83.6784630995000356
 1155.000000	7.7179507964521266	103.1775734408498977
 1156.000000	4.8378788519764626	62.6204487512933099
 1157.000000	6.1328228122462090	65.6236051848420630
 1158.000000	3.6157342875087388	122.2029882584393761
 1159.000000	4.1490144458646503	99.3087461970899881
 1160.000000	4.2175288578561467	106.6543716375626047
 1161.000000	6.4612863631927020	167.5362522399287855
 1162.000000	3.9736175295491005	96.0617076788980455
 1163.000000	4.9246972532452489	106.1211169537805290
 1164.000000	5.0906007964148916	130.2550941597735630
 1165.000000	7.6831297158717637	119.2877362479503205
 1166.000000	5.2816512436028180	92.6632793830608108
 1167.000000	3.8101079624552736	126.7521602656022992
 1168.000000	5.2352833266460275	132.9808582697268093
 1169.000000	3.6745056923893862	92.6886217345712282
 1170.000000	5.8447925058960459	176.2630619665650329
 1171.000000	4.7041209358910789	109.2623201814212024
 1172.000000	4.9205931088418797	73.1709987370334147
 1173.000000	4.6243596648490062	78.7504028701593484
 1174.000000	4.6807042382555410	95.3508801019606409
 1175.000000	4.0524862720646198	89.4628802232590772
 1176.000000	3.8613520933642498	107.9474523547891351
 1177.000000	4.4465191114084206	108.1431992227836645
 1178.000000	4.1500743897622607	104.4891792728971609
 1179.000000	4.7410307489064234	95.2500510227192336
 1180.000000	5.0785008275464110	103.1402582057113904
 1181.000000	4.7234423080749011	107.5902169911223893
 1182.000000	4.1266309100117660	111.7329347017416836
 1183.000000	6.5827975707111106	171.9060182091195088
 1184.000000	4.9182948636746575	81.7876814040366611
 1185.000000	4.0000783593592120	109.4610662141871558
 1186.000000	6.4431967957075784	143.1172853431644967
 1187.000000	5.7064115276952743	157.4612209000707992
 1188.000000	4.6538834721861617	71.4608356093714718
 1189.000000	3.7236711309461157	64.7085819198649688
 1190.000000	3.7566770239247593	78.9137216016117407
 1191.000000	4.2181845781971266	108.7136910234750786
 1192.000000	4.3182894241575260	110.1104810172784738
 1193.000000	3.1805355522005097	80.3392539646310837
 1194.000000	3.8205111601059092	84.0500715968814944
 1195.000000	4.8365971254187317	95.0400830300071675
 1196.000000	4.7162762625720758	85.8794421989725834
 1197.000000	4.5124889425769510	67.7516774415411760
 1198.000000	3.6435616229979462	89.2732301308109442
 1199.000000	4.6811355783111415	100.8124832940740703
 1200.000000	4.0609263829402922	107.0572385493362901
 1201.000000	4.0110152291771977	91.1557740910051990
 1202.000000	3.9671159146376520	108.6618398814170519
 1203.000000	4.6313250789656966	96.2515447995566973
 1204.000000	4.5699780800545229	96.8779145437586493
 1205.000000	3.7562672875840621	102.7440903376717216
 1206.000000	6.7420697970000276	156.6679826338855150
 1207.000000	3.9790066646502797	90.2203409851870077
 1208.000000	4.4329324464025346	105.7888182921886653
 1209.000000	8.5059516436093894	151.1637876910406248
 1210.000000	7.6077801978115120	50.6374331521150509
 1211.000000	5.6109927604015919	172.2193318400605904
 1212.000000	3.8881888453887226	79.9974704766191422
 1213.000000	10.2240331401224278	116.2302647162811127
 1214.000000	10.0575873661011066	149.9931027564032036
 1215.000000	8.0613302012480137	11.9267271488982942
 1216.000000	4.0430267161943396	76.7909034531144812
 1217.000000	7.0674759376325103	62.1703771647692918
 1218.000000	6.7431152259137663	100.2452238210661761
 1219.000000	6.2948738737868792	149.3064898265697593
 1220.000000	4.0442739333833613	97.8454935679508822
 1221.000000	5.4887113582970830	162.5109130071888615
 1222.000000	3.9485471243467098	92.5698914675882634
 1223.000000	4.4392395943686989	91.5575730508448800
 1224.000000	3.9756021014642271	95.2107301856031540
 1225.000000	6.3981593840629909	122.1636287335003601
 1226.000000	6.3119380732498280	167.7038128497277114
 1227.000000	7.3807223985773067	53.0283048896894371
 1228.000000	6.4635138835234898	71.6560640600281999
 1229.000000	7.2786210808959702	83.4026002793007848
 1230.000000	6.6134833883689730	118.6929041526981194
 1231.000000	10.0611561783254810	165.9618969762139216
 1232.000000	7.3889187464330091	82.1314053205145598
 1233.000000	8.4295719569162113	56.6996649789075349
 1234.000000	9.9913521657098148	49.2379956947914081
 1235.000000	10.8159898901908846	39.1051203300779378
 1236.000000	6.6709961800127822	46.5512480793400982
 1237.000000	6.0935787486508399	59.7156012129010492
 1238.000000	8.7503348846614379	75.7682170243551099
 1239.000000	8.7365799060137341	28.7432428151606132
 1240.000000	8.4249877418523749	149.9398271222923142
 1241.000000	7.1043087227086419	39.4175817654522405
 1242.000000	8.1355356451281295	4.4525466680307773
 1243.000000	9.0357898605421063	17.2593394751610276
 1244.000000	9.8256759524157591	23.8496718620248203
 1245.000000	10.8788220504254056	20.5583886559958557
 1246.000000	7.3208577965341286	37.3637443651692536
 1247.000000	8.9853836393236985	67.4353082346197965
 1248.000000	10.7230128327131720	6.8403582242079608
 1249.000000	7.4346378150531942	26.5192856723269017
 1250.000000	11.5627222110794428	139.3280277818250568
 1251.000000	5.5790987085385924	57.4439755891661150
 1252.000000	7.0502114544298102	45.5034108722465191
 1253.000000	8.3076757039174520	64.1407559971034971
 1254.000000	10.6914707079424502	109.7273802480925582
 1255.000000	8.3810741821059054	97.2443785180798130
 1256.000000	9.7566873303838140	55.6427973037808954
 1257.000000	11.0885975525892935	159.0719580731107499
 1258.000000	9.1796934491701645	37.2501965705740474
 1259.000000	9.3112472942957858	43.2554919346580107
 1260.000000	3.7551649881695734	86.1728193702048628
 1261.000000	5.8973811009670731	167.7085185123689541
 1262.000000	6.4895797630076322	142.1315166543822670
 1263.000000	7.1298899719974314	137.4126099163436265
 1264.000000	7.3367125390355437	138.7545876225202619
 1265.000000	7.9192790920699689	103.6118779746804819
 1266.000000	9.7055921248727248	40.1899095397518806
 1267.000000	10.9068236695079808	72.2259684781784301
 1268.000000	8.3760006536844767	53.1789907712105929
 1269.000000	10.3042557227590983	112.0940237533713884
 1270.000000	4.6688413367836006	101.4499407247420351
 1271.000000	3.5574476844805782	80.3317175060127795
 1272.000000	4.3540633476708193	125.7294552908096534
 1273.000000	5.6024302447009475	170.1880851384586322
 1274.000000	3.7806090258161889	106.8745949350412445
 1275.000000	6.2551079283966340	171.4315300948578340
 1276.000000	4.2729822831600170	103.1836951973493370
 1277.000000	3.9259237489627581	103.7247299546282733
 1278.000000	5.0658302495626470	108.8778147789956705
 1279.000000	4.1096187762007235	104.4176908960099723
 1280.000000	4.5640162672069611	109.8517669725309105
 1281.000000	3.4117254056751243	92.3320793303479235
 1282.000000	5.5378925402858084	150.1668923449913962
 1283.000000	5.9313018012485195	139.1471887395463796
 1284.000000	5.1665796753162878	168.0167603143055430
 1285.000000	3.5737118776111414	91.7118660958455223
 1286.000000	5.7383824648821289	162.2558250258601902
 1287.000000	4.3600895084129876	111.7625250450658427
 1288.000000	3.9648476667242423	78.2304544399524247
 1289.000000	4.4480699508080299	127.3370385485293355
 1290.000000	3.4617898255887756	84.1565905817188025
 1291.000000	5.8158756071903630	169.0025904925670943
 1292.000000	5.6644935132303855	161.2395889522542518
 1293.000000	4.0700433901150515	96.0134116913061746
 1294.000000	3.9208111527225364	77.0825887926346809
 1295.000000	3.8170666941026896	98.6493251413309906
 1296.000000	4.1066172544145694	98.1213903125926947
 1297.000000	5.2099871379855935	162.4887406027612258
 1298.000000	3.5797192131616042	91.1438996605509573
 1299.000000	5.1322848561592629	65.0333563357276319
 1300.000000	5.7943036886357113	106.0853716756761713
 1301.000000	4.2901312521092727	116.7374674291452976
 1302.000000	3.7689940520191993	84.5828585315510821
 1303.000000	3.8562653047059703	92.3849883093337922
 1304.000000	4.0834507397533937	86.3938125476447851
 1305.000000	5.6566649445255432	138.6944418365696947
 1306.000000	5.5233224086566075	69.1525324777584132
 1307.000000	3.7637780984144675	67.2363345706305751
 1308.000000	4.6708491212516341	92.9570573710813335
 1309.000000	4.4303520041793512	88.3872575858741243
 1310.000000	4.1245765996441728	83.0062579447143918
 1311.000000	5.9752087067885267	173.3748310942240778
 1312.000000	3.8814127056513570	94.3577822939429751
 1313.000000	5.7363876946802508	167.4810172684433383
 1314.000000	6.0819167041893287	161.3024297816895967
 1315.000000	6.8691872685532198	137.7330871143491038
 1316.000000	4.7106013711305490	73.9918750019863012
 1317.000000	4.3626413603576051	53.8433204055288428
 1318.000000	6.3100995764997423	167.3094757482750197
 1319.000000	6.1853514456233061	164.8497946005834933
 1320.000000	4.4272219743545076	92.9670499354423043
 1321.000000	4.4318321704475485	93.0991943675811342
 1322.000000	3.3834146080007370	81.4087982051070327
 1323.000000	6.1010689416472728	177.9838288141024805
 1324.000000	3.6509408664305210	84.2757606882852173
 1325.000000	4.0620646072373665	109.8927789959228534
 1326.000000	4.0746272767263134	95.0086189887259707
 1327.000000	6.1639328749349085	167.0053158499767392
 1328.000000	6.2388857660890640	170.0443079386721763
 1329.000000	4.7225069372453268	88.6452419170660164
 1330.000000	4.3276757996538056	96.1362787233587710
 1331.000000	4.3412084203036541	106.4937105740073520
 1332.000000	4.1266152814631472	87.8667051888886874
 1333.000000	5.8958041816481446	159.8547901384105216
 1334.000000	4.6587043251171556	127.9904568053130589
 1335.000000	4.3786371296671964	85.5597650460700692
 1336.000000	5.7707191621976319	176.3942467615741236
 1337.000000	6.5835957643595098	165.0293313491003744
 1338.000000	4.3045946228559870	55.6777349287720824
 1339.000000	4.4808807582761920	81.0712537992906164
 1340.000000	5.7865270429331312	171.2833730867939153
 1341.000000	4.2360632358102741	77.6105110470880817
 1342.000000	3.8425504699953308	69.9905673487680531
 1343.000000	6.6231421431915987	176.7273804938641604
 1344.000000	4.8233748498557114	119.6560669794720297
 1345.000000	3.9507266423518002	105.5476848163980037
 1346.000000	3.6035468572649072	111.1889074206596320
 1347.000000	3.9270846185000168	101.3270422815521528
 1348.000000	6.0897914906211890	168.4290756120180674
 1349.000000	3.9142461772628661	74.8518504008070664
 1350.000000	4.7649312248860731	91.6989349926636663
 1351.000000	4.0518348563058426	81.6000103783929660
 1352.000000	4.4835801800467019	97.5191610189586129
 1353.000000	4.4909405342432205	102.1907342053168719
 1354.000000	4.6787654935739260	90.6356530538331810
 1355.000000	3.9507306076099287	108.2297757944882335
 1356.000000	4.1144225142191795	101.1229666721684310
 1357.000000	4.0327935234175758	110.9235258456260738
 1358.000000	3.7195029645683850	102.8024389943858807
 1359.000000	4.0791352965939209	112.9171229566674839
 1360.000000	3.9118590857770190	108.5778870807337597
 1361.000000	3.7406469665424185	110.5649476000663185
 1362.000000	4.0365937942148689	98.8628710562834385
 1363.000000	3.5050595355221339	84.9073891550892057
 1364.000000	4.0995547821102614	99.0989221592970324
 1365.000000	4.9074231959297165	89.7948064788607923
 1366.000000	3.9853576894709333	100.4702356925285471
 1367.000000	3.7510130942048989	108.3554644677826104
 1368.000000	4.5403885429962410	103.4633245728419695
 1369.000000	3.8195577442988391	99.1675360249832778
 1370.000000	3.9608242832374079	94.1699689995506191
 1371.000000	3.3522173021441017	101.5338508511010502
 1372.000000	3.0915437932446670	114.1769530022110359
 1373.000000	4.6493936065976351	120.9896950556131969
 1374.000000	3.6312019015693435	102.7061174593735871
 1375.000000	4.2490368939006453	92.6888552646478416
 1376.000000	3.8600743245760554	96.2807241656038144
 1377.000000	4.1735743411272956	82.6406973766343498
 1378.000000	5.4023458932108683	73.8769857219808728
 1379.000000	6.6533152099277872	150.4334614355213375
 1380.000000	4.3579585430537087	67.1590844494325694
 1381.000000	5.2471185697773626	121.6868641684667125
 1382.000000	5.2832261360064319	85.1847859315642353
 1383.000000	4.8920307091613724	72.9721213381076268
 1384.000000	5.5747428488098763	102.3127228860974611
 1385.000000	6.1706117849484468	112.7427759155461899
 1386.000000	6.7645901721236621	95.0647439735367072
 1387.000000	5.2716384704827277	98.9278335480622815
 1388.000000	4.6420370361955561	65.1858189585194623
 1389.000000	5.1134814189981386	72.5288030257433576
 1390.000000	4.2968054294694449	57.6595780820046571
 1391.000000	5.4819056527131158	158.0662115860111214
 1392.000000	4.3452424079110070	99.6781939065218410
 1393.000000	4.2241490224372198	115.0729841699998985
 1394.000000	4.1301098466851256	89.3693030441431091
 1395.000000	3.5113688833764556	114.9030918430902375
 1396.000000	5.7084032635432100	172.3785090514406306
 1397.000000	2.9328671186983675	83.4265399452865353
 1398.000000	3.9707928058714002	109.2537748040178798
 1399.000000	5.3602104071540966	164.0020581088761560
 1400.000000	3.6310661153577697	74.2040609048740976
 1401.000000	5.6028160413327219	156.2791656522476558
 1402.000000	6.1860294490088288	167.7386002135364436
 1403.000000	5.9236384014513241	167.0530705048817595
 1404.000000	3.9890029037213282	72.0130829799788046
 1405.000000	3.6014266844464307	86.3545770515986106
 1406.000000	6.2353295260801174	173.7398214592593888
 1407.000000	6.0648059100915752	178.8298128569782364
 1408.000000	5.9877421714921759	173.3849048466940133
 1409.000000	5.2675750028742998	127.0997106418527380
 1410.000000	5.4965244263116917	140.4591291269193789
 1411.000000	4.6964992372874512	119.0759407359537363
 1412.000000	4.5284862120501552	85.9153849800622993
 1413.000000	5.5986776422771527	173.7744839841209625
 1414.000000	4.5663983989503203	86.3909319308956327
 1415.000000	3.5216197124190498	80.1545774437089449
 1416.000000	5.0013833333136422	140.2540763952988243
 1417.000000	4.2352771169401384	97.5933322096107361
 1418.000000	4.0907508759927200	75.8132785708224333
 1419.000000	4.4206762696729820	81.1683256258592536
 1420.000000	4.1071387630804015	82.8447215198365683
 1421.000000	4.9156766398950573	88.5553966125740573
 1422.000000	4.5783563786561805	89.5479343929990677
 1423.000000	5.2002109226937785	150.2573888487023623
 1424.000000	3.8743515726309243	81.5194635581327418
 1425.000000	4.0515099133397650	61.5765822225063459
 1426.000000	6.3304611312292485	163.7288168697808146
 1427.000000	5.6046594249172283	150.8099023499788984
 1428.000000	6.5424359475966094	170.3186977121260099
 1429.000000	5.1701050039726413	156.7861734064189250
 1430.000000	4.6989206306010720	124.7147009514486058
 1431.000000	3.9413139587109831	88.9959742292871852
 1432.000000	4.1151380384810006	125.0974790260966500
 1433.000000	5.8841931882066607	165.7831235964338816
 1434.000000	3.8842350215247290	105.4222500447970248
 1435.000000	6.2064397036448362	159.2590079357342461
 1436.000000	6.2018900408790447	163.5671163347109029
 1437.000000	7.2285089352472118	156.4101945597006420
 1438.000000	7.4177218481294336	145.6953756785478049
 1439.000000	4.5505980964315000	101.1536214747478652
 1440.000000	5.9219148963095973	170.9556025571514510
 1441.000000	6.0751992593365998	158.0212402808201375
 1442.000000	3.3283583584364020	103.4784398922140838
 1443.000000	8.3350862489302013	24.9431145266320300
 1444.000000	3.9814750290951437	100.3864667306595351
 1445.000000	6.7487696707247418	63.7655460221607058
 1446.000000	7.0986883987684983	52.3305939267784055
 1447.000000	4.5069181093015658	78.6608379484284654
 1448.000000	5.8362351596435449	100.6739798378400366
 1449.000000	3.6197951437308049	89.7354045741995918
 1450.000000	6.3891594934543443	58.8734985848098091
 1451.000000	5.9500711063053027	95.6356477719907190
 1452.000000	6.1560201614417815	131.7166798280650823
 1453.000000	5.4040176344418533	86.8723485441165337
 1454.000000	5.4823458676157086	102.1277582313286558
 1455.000000	9.4118315010742641	118.6849352145358409
 1456.000000	6.3254538688216941	11.8176579518400331
 1457.000000	4.5802723280422359	117.8794999914349546
 1458.000000	4.5683390666693802	124.5216827911843467
 1459.000000	4.6775098396141326	119.1090228481308202
 1460.000000	4.0562618641401924	109.2301052668372137
 1461.000000	3.9646172385101770	83.6413814439776502
 1462.000000	4.5150577022817115	89.7698579327248893
 1463.000000	3.8770813792692898	84.9347287064591541
 1464.000000	3.9175834516894645	94.8352912611248087
 1465.000000	6.8936844525490502	144.0939408003006008
 1466.000000	3.2377122451130678	54.3433696234594663
 1467.000000	5.8825142824222381	167.0027065755942317
 1468.000000	5.7726162302892119	163.7571613758766205
 1469.000000	3.2987034509055504	103.9470156481529415
 1470.000000	4.4003979321537470	132.1261412790146608
 1471.000000	3.6652926176358815	80.5877652548569898
 1472.000000	3.9715648908734087	99.4586884749210327
 1473.000000	6.4154171047994391	172.7049791545405526
 1474.000000	6.0138926766845380	168.0393057536887227
 1475.000000	4.1878222310288544	98.7303877016438349
 1476.000000	5.5728933696036407	160.0144844664234256
 1477.000000	4.7341023437228440	88.2682846079269154
 1478.000000	5.9199852189971116	162.5965573510274282
 1479.000000	3.4399241223380765	95.2544429155789629
 1480.000000	5.0064692376283206	96.3994405095335054
 1481.000000	8.8745272936300612	161.1657267196056580
 1482.000000	5.7381409738524480	168.2972766378835558
 1483.000000	5.2063575234383821	66.9742146213015559
 1484.000000	6.0449720586491340	160.7312248753168547
 1485.000000	6.3268516074525776	148.7652173719937423
 1486.000000	5.5604279741214810	172.7441631523415992
 1487.000000	5.8319124841256516	145.6367806230138342
 1488.000000	5.9955856797838400	164.6120679497165895
 1489.000000	6.2128157527322330	156.9838754782548165
 1490.000000	5.6488299649868621	167.4395460857068940
 1491.000000	5.5922155434997940	169.4546835519694241
 1492.000000	4.8717689220423495	103.3877902057845972
 1493.000000	3.7336738098480122	106.7782349429826922
 1494.000000	5.5076124987471671	134.8552215298281851
 1495.000000	3.3291932621203100	94.7274903421139527
 1496.000000	3.2918381691241132	71.1839596752492696
 1497.000000	4.9850841624268076	62.8280246271712173
 1498.000000	5.7035911029559507	139.3002729444925194
 1499.000000	5.1330526986047458	79.5183538526860474
