 0.000000	2.8862331705862676	26.8275630559306819
 1.000000	3.7696077790744038	17.9372624802336418
 2.000000	5.7821281387379564	22.0016926677086815
 3.000000	7.2343869421102074	37.1299297465251357
 4.000000	5.7052214727131707	23.0727345272475191
 5.000000	6.8927910596371156	28.8683063747168376
 6.000000	4.8602306519958427	65.4037462966445133
 7.000000	4.5557319256494324	49.2612354059688471
 8.000000	6.1988951204062230	69.9264973617896430
 9.000000	5.9616726383541137	52.1713099699852307
 10.000000	5.2868635060533347	30.6825498417968276
 11.000000	5.8978711865415692	50.9572998507699424
 12.000000	6.0584724683828437	42.5157967118826150
 13.000000	4.3539529428478696	51.0495133658712348
 14.000000	6.4404756831366639	39.0989277072957009
 15.000000	4.5529421330996271	53.5898618457669045
 16.000000	6.3579270817367615	38.4503846360139505
 17.000000	6.3324889007331899	40.1203176037335538
 18.000000	6.0524509055116829	40.7741631483838489
 19.000000	6.2757363332383287	43.4149577320191042
 20.000000	6.2555089432559878	61.7735620992919223
 21.000000	6.2712020297340292	43.9345683249774197
 22.000000	6.4879037511324773	52.0027548954847560
 23.000000	6.4687189270273198	65.8795471389586140
 24.000000	6.9689727887262460	48.9070013089690292
 25.000000	5.4622479843393261	62.7379670320508751
 26.000000	5.6781684935728549	36.9245111728477013
 27.000000	6.1855003352169726	35.3559700911114021
 28.000000	7.0197499583012677	67.0245763556780361
 29.000000	6.7996885049733971	51.3446660344603458
 30.000000	6.6726520280158157	53.3810868374103649
 31.000000	5.2816014412975694	23.8721071687034225
 32.000000	6.2288164252405460	42.8433468907562656
 33.000000	6.8536948578576871	33.8201986163519734
 34.000000	7.2794620499310154	32.6609916009182939
 35.000000	6.5152217643486576	40.9464954382052895
 36.000000	6.6567117788475612	30.9394164881639142
 37.000000	6.6673467931548505	35.0408473060649612
 38.000000	7.0985657351169200	44.0746331902850557
 39.000000	6.2915703979283526	77.4305530224488763
 40.000000	6.1245527667807735	38.7192222750161079
 41.000000	6.3833288121237644	43.3559124901845507
 42.000000	6.0853043831788591	78.9411360396227764
 43.000000	6.3178827285127408	68.5016487685598889
 44.000000	7.4039923781115791	32.7903354327705756
 45.000000	6.6762142462257312	42.3611594193695851
 46.000000	5.9888071501371662	91.5954520262066438
 47.000000	6.3089771087540507	84.4334030719710853
 48.000000	6.2797012955697911	69.2614144323616614
 49.000000	6.5560629692753842	74.3379764558368095
 50.000000	6.2887087510025905	44.4212027117010848
 51.000000	6.2426922122676638	87.9992259909738550
 52.000000	5.7987590363834336	89.1553946377298843
 53.000000	6.1133823778447169	118.2784236521818144
 54.000000	6.5312198506580597	54.1337209421666472
 55.000000	5.9404864427305411	70.3082816769310597
 56.000000	2.9980771483835746	11.7585989798698165
 57.000000	6.2012641002657336	105.5838119510138995
 58.000000	5.8425465889888120	78.2741546094037659
 59.000000	6.8084369198020500	113.5033580151240500
 60.000000	6.1206470985325536	98.4600326795913645
 61.000000	6.0103983424266030	103.0590741208457217
 62.000000	7.0192468568328232	54.4851621447712091
 63.000000	5.7416849610962322	87.1901098492548954
 64.000000	6.9531212585659450	118.3447181359081526
 65.000000	5.8842789308134087	81.0428728056333654
 66.000000	5.5860858260079231	92.4475620562249105
 67.000000	6.8915291467396020	101.0387703288859598
 68.000000	6.4382569969976284	98.2298397254272544
 69.000000	5.6806888897047410	93.3668245796496308
 70.000000	6.3353901971622379	82.1536608877538015
 71.000000	6.3904132205598376	97.9483704226412044
 72.000000	5.8654218442665771	24.3210820409894097
 73.000000	6.3609784682630659	14.9429960729530080
 74.000000	6.8339896498621018	39.4883536177007386
 75.000000	7.5267599317784049	33.8252436469566931
 76.000000	6.2107028264490891	27.0481736961551746
 77.000000	5.6556803492248306	22.7619033585466752
 78.000000	7.6857518867024908	7.3331747598302002
 79.000000	6.8234636716771222	41.4646196632324404
 80.000000	4.9413019975439232	18.8042925457577894
 81.000000	7.1211442908425555	31.1793812744243155
 82.000000	5.0369904837802446	44.9421817676316095
 83.000000	7.8640704581510832	38.1672124127073573
 84.000000	7.4659176033124570	14.6913603536452797
 85.000000	5.3708711437162426	25.4073120777736676
 86.000000	6.7882382774588574	43.8925270455460748
 87.000000	6.9587841166763269	26.9708008095358593
 88.000000	7.3134848328790527	52.2662843415725149
 89.000000	5.2447460194514006	14.6002926143179081
 90.000000	7.4557112906996723	10.6832944617179635
 91.000000	7.8739874480742831	44.0440317340329273
 92.000000	6.8339243018898621	50.1700059921221850
 93.000000	7.4798984492581599	42.2388367577542567
 94.000000	7.2940952319692460	31.7419565812431301
 95.000000	6.0256274385542792	22.5873901132696062
 96.000000	6.6289301428828296	33.7657138775398664
 97.000000	4.9827966659343277	39.6904259069407033
 98.000000	7.3151328824080339	46.8742794108544842
 99.000000	7.8602622323339171	17.5232657853023568
 100.000000	7.6033882790647995	33.4394864145873498
 101.000000	6.3660509838896244	27.0902042864015300
 102.000000	6.4207968789885461	26.6866683344433682
 103.000000	7.0554350910347949	37.4394929776616721
 104.000000	5.3469728446012539	24.7092696622904953
 105.000000	6.7759774752231108	21.5439762528439189
 106.000000	7.2684324279079897	21.0821824438550038
 107.000000	6.7019974971966212	49.0303228660253581
 108.000000	7.2763667753094410	38.8270244029537537
 109.000000	5.3333307978712163	41.4961094435087716
 110.000000	5.7813949273416174	24.8906231362006451
 111.000000	6.7439055353095831	29.0231729034353805
 112.000000	5.5183405414735578	13.1791932251455819
 113.000000	5.3288557402588621	19.0258607768311094
 114.000000	5.3952374111091581	23.2493054980735110
 115.000000	6.2466870707746471	27.0327407526557977
 116.000000	6.1685541370112693	32.4225917993824169
 117.000000	6.7192855352377654	43.7001899314637967
 118.000000	5.6359574684364686	39.1647575923811928
 119.000000	7.2194307413619327	23.7554264882367931
 120.000000	5.7113579873013949	35.9827859894666062
 121.000000	5.9600098501622227	27.9869711565003456
 122.000000	7.1459713831490861	14.0658945246433973
 123.000000	6.3594943730581663	33.1002928207444427
 124.000000	7.8274047840309473	27.6639302124657149
 125.000000	7.6893427807585857	48.9155163900709908
 126.000000	7.5316550518888432	31.7906855541124287
 127.000000	7.6228244977621271	29.5305850106491050
 128.000000	6.8871387917430873	52.1547478282821118
 129.000000	6.8172693229642904	60.3908057751651342
 130.000000	8.0102260162646104	28.8238946154823452
 131.000000	7.9626374094223991	51.7375010420878141
 132.000000	7.4787145832808708	58.5512595579644426
 133.000000	7.1415829479993782	27.9669023384759328
 134.000000	7.2854259220546300	32.2126539536933478
 135.000000	7.0684065305570414	31.6803041664924478
 136.000000	6.0999245114916745	34.9964227405966710
 137.000000	7.4120945030411569	39.9563299292799172
 138.000000	6.2002425482194994	45.1527078075740746
 139.000000	6.0164151362057394	16.4559024228829571
 140.000000	6.1128415124708386	22.4930128129246896
 141.000000	5.9303675354514231	31.1587453700382184
 142.000000	7.0986312421290441	26.7481150475722984
 143.000000	7.4512495295442260	26.1966523506005728
 144.000000	7.1024667337866143	25.2758876884471988
 145.000000	5.4385835613294793	30.1849712426446501
 146.000000	6.0249955986387800	42.3450217297721565
 147.000000	5.1565999398572524	26.6674801149166569
 148.000000	7.2451340612661106	12.9261974160185389
 149.000000	7.0638484853311905	35.6604208277155976
 150.000000	7.5061917301362397	23.2631225206508248
 151.000000	7.3568232751434515	30.9626866044196447
 152.000000	7.6106203788950237	40.2005885810390282
 153.000000	7.1807532643714662	41.4906040513072298
 154.000000	5.3818308264310541	6.4962842305060349
 155.000000	5.5148110905536596	27.1669643302325881
 156.000000	6.2406472687335413	41.0455088826605277
 157.000000	7.7927287282121451	27.6130500803351140
 158.000000	6.8737543167307162	32.8765628271700336
 159.000000	7.7644250614647206	20.2407854918903638
 160.000000	7.4009401103907768	33.1477569781494878
 161.000000	7.2286387820128839	18.2177373087196770
 162.000000	7.4875033178541672	26.4051796983109455
 163.000000	5.8279579446891523	13.2928206647993079
 164.000000	7.9696499656344644	26.9852994956671353
 165.000000	5.1692472038983999	43.0851536785891085
 166.000000	7.3224236766974569	15.9347364670871059
 167.000000	6.3671628524735029	46.5635403741819971
 168.000000	7.0395173177290484	22.6995174538017750
 169.000000	5.4809089522337846	19.8476634788798663
 170.000000	5.9248834860215398	30.6507070306408878
 171.000000	7.2978932178576503	31.9084998179540662
 172.000000	6.3719599293014682	24.9230700292426093
 173.000000	7.4723738247804805	18.9189551557204538
 174.000000	6.8272044546242636	12.8455892980664714
 175.000000	7.0488577125923726	51.3056310295582989
 176.000000	8.1932010273747107	76.5788055682065476
 177.000000	7.2206427357149625	35.8217261380222851
 178.000000	7.0457676838031524	14.2494644822600094
 179.000000	7.7083229652051948	20.6963416852987052
 180.000000	7.7750985243730515	34.5921550862505001
 181.000000	5.8207580749831624	42.0013595301660132
 182.000000	7.5173071444628334	39.0344912084289604
 183.000000	5.2344343592167650	37.4387767433567831
 184.000000	6.3862144611754701	20.0103773264486904
 185.000000	6.2632406545323649	47.0618540893160002
 186.000000	7.1965466552755970	38.2095607208036370
 187.000000	9.0426976038639708	64.9346966980758253
 188.000000	5.2216230454061296	33.6777872921312849
 189.000000	7.0813544124482330	30.3402048119242522
 190.000000	6.7052507376048132	45.5263726697582740
 191.000000	6.3624363678568816	31.6400246312291245
 192.000000	6.7745157133798379	30.8232828774287384
 193.000000	6.6595598859225360	32.6492161194124151
 194.000000	6.1552871563399503	23.5121737030020483
 195.000000	6.9288397374617219	42.7198139532563061
 196.000000	8.4875804842951172	65.8133848614503449
 197.000000	5.6218903577022914	93.3055773860095456
 198.000000	7.2673448338149127	56.6766526667770307
 199.000000	7.5705448044836690	50.4352833191180707
 200.000000	7.2764163964718058	41.6413978892948649
 201.000000	7.3009137587512027	42.0239705384179274
 202.000000	6.1019681859240666	45.4248234554675605
 203.000000	5.6705658641383261	12.8159742372608605
 204.000000	6.6761064818735409	37.5525882014015622
 205.000000	7.1689505754875720	44.9524564333499370
 206.000000	8.0943035293805234	54.8254849041459522
 207.000000	6.9959933671407493	51.8435004006809947
 208.000000	6.0436194956745943	52.0813586445621723
 209.000000	6.2188173420395092	48.0400835994041984
 210.000000	7.4152438183219198	57.5544433938477482
 211.000000	6.1440973017983023	26.4477802292130946
 212.000000	7.3569157943383994	23.7156991718968300
 213.000000	7.5169915458453032	25.0032968128188031
 214.000000	6.2259999626472604	29.2143519301515653
 215.000000	6.4225998062176259	40.7461397968431243
 216.000000	7.4582083074617680	41.9814489161218205
 217.000000	7.8523647341078409	40.0759701291023305
 218.000000	8.3486200301071598	30.4497050389395838
 219.000000	5.4158573025300543	24.7712976099485331
 220.000000	6.9310926921266498	35.4838390600137075
 221.000000	7.1112739188854253	25.4148094032798610
 222.000000	5.7307116068551895	24.7969170597634729
 223.000000	7.8815387306451541	44.5589069563139333
 224.000000	8.0782097789416429	18.8255823027798783
 225.000000	7.1803697437594387	20.8345021203070075
 226.000000	7.0068560644407016	30.6514683565215194
 227.000000	7.4233057782216196	43.2108967799022707
 228.000000	7.6009271959544931	17.3402733697142537
 229.000000	7.0894051419342192	48.8426968924127891
 230.000000	7.0487632479915625	44.2505692703371096
 231.000000	7.6997114889628788	58.7907120403476711
 232.000000	6.7767650928645571	38.8935121855396631
 233.000000	6.1349490851423196	21.9542433792310590
 234.000000	7.2141384367555172	46.4638967796377358
 235.000000	7.6317323568361903	32.4822225839560588
 236.000000	8.3876961244373689	33.8946903869423011
 237.000000	4.6910485710282988	22.6031133052061648
 238.000000	7.8354241248008041	43.6280212535543512
 239.000000	8.0878408499272521	43.8063091514652001
 240.000000	5.4664856457082989	13.8893739048403688
 241.000000	6.3158283878024699	40.9888778156698947
 242.000000	6.3827221614431497	37.1139684120856259
 243.000000	6.3129366937458791	48.1520853698411031
 244.000000	6.5963244174124629	36.3875276175661782
 245.000000	4.8627775042665826	27.8815364043826435
 246.000000	5.9178656415278228	31.1012017580882230
 247.000000	6.4608885892932708	36.2070896688875052
 248.000000	6.8015359370384534	49.8415267124428567
 249.000000	5.5694329255600721	24.0722576412221656
 250.000000	7.6437373085024580	39.7944927605228429
 251.000000	5.2422377647391043	20.6894683296934261
 252.000000	7.0412787779165509	22.8901710060530377
 253.000000	6.7110540242455681	21.8228920384209175
 254.000000	8.1787986772373795	25.2829004765383161
 255.000000	6.8675368926287144	18.1149789941415804
 256.000000	7.4243473853420285	28.9267627015624953
 257.000000	6.9555617551857187	28.6940051395985449
 258.000000	6.6638843347257293	38.5186764097312846
 259.000000	5.0725796211852288	28.6111706881223427
 260.000000	7.2695361338381765	33.5834331634154353
 261.000000	6.4302108015801673	17.2195080684986976
 262.000000	7.2714789489325451	40.6755432783142794
 263.000000	8.2852541091873082	115.4410932938083221
 264.000000	5.7783193510013611	78.8712868639534577
 265.000000	7.0852930346238461	83.0383858392734311
 266.000000	7.1331905565799358	44.8230167638108412
 267.000000	6.3769101364649377	38.7377440127714294
 268.000000	5.9836931099787272	47.2067309111824045
 269.000000	6.5446559076146889	32.1669109922648317
 270.000000	7.4247500131067437	13.2906790480016639
 271.000000	6.4651910529816332	79.2825140550608296
 272.000000	6.3195824689391538	80.7467436655402935
 273.000000	6.3575888685895023	53.1608402712144112
 274.000000	6.7303640218311465	90.2133746194352995
 275.000000	6.7384560614575921	103.7534142296753714
 276.000000	5.9002169878286690	78.1320795810620865
 277.000000	6.6462765448258159	63.6749776976533610
 278.000000	6.3192309501570394	39.2358078937364780
 279.000000	5.9312922245464756	65.0672190523426650
 280.000000	5.9079455314483127	43.5808606147601836
 281.000000	6.5462836438657224	55.8161138241612491
 282.000000	6.6340116925957409	45.5976398031747578
 283.000000	6.8994001796459923	27.1395687688419400
 284.000000	6.1577636081209146	41.6242066711353687
 285.000000	4.1430772172614736	48.1190600261537327
 286.000000	6.8445232213349909	50.4577395633066317
 287.000000	6.1940587420268232	48.9860877266217756
 288.000000	3.2755403732108976	19.9577509614426560
 289.000000	6.1630935362460724	38.6064424225162099
 290.000000	6.2026174766324003	59.1840250424247785
 291.000000	6.1059234486912919	47.9873771008683718
 292.000000	6.0696611243819740	75.6499092472069492
 293.000000	5.6396342959074452	96.2396343576347135
 294.000000	6.2148438673805950	57.6624557465527658
 295.000000	6.1293404971417722	38.0291901894322564
 296.000000	6.2886635475397448	47.0033667838322629
 297.000000	6.8349657868719058	45.9762644687032491
 298.000000	6.9734139455865529	133.6559792823312307
 299.000000	6.2113532752100644	52.1901067979048037
 300.000000	6.4589837036715627	62.6184281153076654
 301.000000	5.5115877948011791	42.3059799203699356
 302.000000	6.7067218666102715	57.4302881262243687
 303.000000	6.6163280285857304	51.6264470269669857
 304.000000	6.0198154150861489	37.5367851412837865
 305.000000	6.1594557535025212	51.2236694235473919
 306.000000	6.1125228510225575	68.3326062400007999
 307.000000	5.7983025361567453	64.8391419303985828
 308.000000	6.6930214266038757	64.1545159567732384
 309.000000	6.3606307644946218	52.2771509876668716
 310.000000	6.8104679409091222	48.1735069420490163
 311.000000	5.7431096220116080	49.1595584229287681
 312.000000	6.7578011399373281	37.4186547930375468
 313.000000	6.6361135313350070	46.8638519700528775
 314.000000	5.6162145264193004	38.3731178278638936
 315.000000	6.4542967921757688	53.5244225031800482
 316.000000	6.8353304699671291	46.3611522096222757
 317.000000	6.5204784977818981	77.1590906805284931
 318.000000	6.4869496503459487	46.5598836386669177
 319.000000	5.9266014386999286	16.1688579501777099
 320.000000	7.1682822498189420	47.2172234964864970
 321.000000	7.2314480275989697	38.3270707459915059
 322.000000	5.9901502903034487	36.1505127355383706
 323.000000	6.9477056031488775	49.9205618037578631
 324.000000	6.5680528957938575	45.9502982724179390
 325.000000	6.2306513522943092	90.2407807222510030
 326.000000	6.5479728252592970	44.5007665961482815
 327.000000	6.4517251222286092	54.5494666478503518
 328.000000	6.6697700454299742	63.1884824269618974
 329.000000	6.2566638382350348	74.0267994630050907
 330.000000	6.2261145808073204	88.1212193227470237
 331.000000	6.2349529801797843	106.5420876460543838
 332.000000	6.3590827111161126	62.7495052865323686
 333.000000	6.0234828639928111	66.4384296402284775
 334.000000	6.5442559337178832	63.8507344669197039
 335.000000	5.9206205506009280	45.0506790490186120
 336.000000	6.1831056551789629	64.7510083464171657
 337.000000	6.1738397957875435	47.5695951999406930
 338.000000	7.2362333094869218	55.9129027859219860
 339.000000	6.0582600809241187	69.7335635478168427
 340.000000	4.7256289471795832	34.2560961988457109
 341.000000	6.7775799815871345	33.8921247373613994
 342.000000	6.9198924659539385	40.1521226354177827
 343.000000	6.9684017246771495	40.5600711094709823
 344.000000	6.5323543793282148	46.9554013947710587
 345.000000	6.1377700525483441	53.6968228477758345
 346.000000	6.0266243594673359	58.6696984424474124
 347.000000	6.2861038727003153	41.1301153796297854
 348.000000	6.8928092953941373	49.8405343934089444
 349.000000	6.2310506502806229	53.7777497869769547
 350.000000	6.9490990615445352	55.3324029735888274
 351.000000	6.6546521614035852	48.1642784378940121
 352.000000	6.4309513167221315	50.6097262978519211
 353.000000	7.7970657174788629	34.0743385513531791
 354.000000	6.6721203350814511	21.1932383231840902
 355.000000	6.8059439822049805	26.5047900526293176
 356.000000	7.1206349093109491	50.0584243429758828
 357.000000	6.6429101433828137	40.9183984183835037
 358.000000	5.9373702649377824	25.3477593269168153
 359.000000	6.4843446902494462	49.3803946566102638
 360.000000	5.0653211949084369	41.5847312806018863
 361.000000	6.7032675589667203	24.9888669766553733
 362.000000	6.2896220982115052	42.7876687521552697
 363.000000	6.3615217012760823	44.0716991357591610
 364.000000	6.1449719628426500	76.5184075179417960
 365.000000	6.0589313247666254	37.3289096853108049
 366.000000	6.5381467373046736	25.2086271063368201
 367.000000	6.1560159583543603	54.0317521620360139
 368.000000	6.7398912015427355	19.9580207258927942
 369.000000	6.0494255774205170	42.8862183428821879
 370.000000	6.0785110858290210	38.0303658301548353
 371.000000	6.7904105320061472	43.5701877130384503
 372.000000	6.2332310973485159	50.0269682486950558
 373.000000	6.8120924922044512	33.5847409011169589
 374.000000	6.2249159085393071	38.0622563749649601
 375.000000	6.2447343141557328	51.0307915822620828
 376.000000	6.2683135070069484	47.6393802978535348
 377.000000	6.6595978702892076	41.2291270281929201
 378.000000	6.4739105877530063	37.0370324564336499
 379.000000	6.7211594124370651	61.8799581771062606
 380.000000	6.0855958315596697	98.3977555723779460
 381.000000	6.4900720622861989	67.2199657457287998
 382.000000	6.0550908424111807	51.1476009182706832
 383.000000	6.4114384104466158	45.1556614463707149
 384.000000	6.0217745019181352	39.0716151020563416
 385.000000	8.0156247078608498	55.0523533830310186
 386.000000	6.6659824789853470	43.8856663534108975
 387.000000	7.1836862664532610	39.5662146644903885
 388.000000	6.8845282952263913	48.8889902979547344
 389.000000	6.0532788126255506	46.1837721859050419
 390.000000	6.6544132298423291	34.4179415446307644
 391.000000	6.7303740506244480	37.0523121935740960
 392.000000	6.3599116272465048	46.5359457129862335
 393.000000	5.1835459645097570	54.5396105164003870
 394.000000	5.0230688791354243	52.8880543369610194
 395.000000	5.3769121616252518	42.2333785806156072
 396.000000	7.4232278279817940	48.9065495034007540
 397.000000	6.4250689757025130	40.2376957119516021
 398.000000	6.4903480884994389	50.8970766663626364
 399.000000	4.9071245009840272	24.5546714564602269
 400.000000	6.6895798425287207	21.1195900336540774
 401.000000	6.6701184918167806	57.0762623931877187
 402.000000	6.3586540641553801	48.0709855842346201
 403.000000	6.4520496660064950	51.5463536204576371
 404.000000	6.2256381623509141	57.9891310656022512
 405.000000	6.2759698323899755	43.9174573822351419
 406.000000	7.1150477754763370	49.7999869364194012
 407.000000	6.7329053008968529	57.2435909825311313
 408.000000	6.1439203484371578	44.2657614491151321
 409.000000	5.8267519154139702	31.0356746033952788
 410.000000	7.3746779380763288	32.5794795339870404
 411.000000	6.5033625161264927	32.4916119800031140
 412.000000	5.4667116972953185	34.8834894264562649
 413.000000	6.9259334947567597	50.3285640360286948
 414.000000	6.6459232347204518	21.2746671131288849
 415.000000	8.0710222280362895	48.0414711925755284
 416.000000	6.2229986575597884	50.2511190717352463
 417.000000	7.0231089828203901	45.2915172105794284
 418.000000	3.3159429241827088	10.8948142678816851
 419.000000	3.2202685668509003	19.5368361942639694
 420.000000	5.8724776919244146	55.4666223751292620
 421.000000	6.5810601071080272	40.4012099780442782
 422.000000	6.1190919089060145	39.3151023020789978
 423.000000	6.9351112658043172	30.2686606764795556
 424.000000	5.8219704365886944	39.9078108461305590
 425.000000	7.6924277766849150	56.1072251595710441
 426.000000	7.6391243374778997	61.4947537103435877
 427.000000	7.5646202404352429	43.6221134183927859
 428.000000	6.0291884278654173	56.4518532630131915
 429.000000	6.1250842592944075	7.3058662219356449
 430.000000	7.1340328736594563	34.0583037084800537
 431.000000	6.6233345738779317	73.1817199863471046
 432.000000	6.6859903471823614	48.8794476842497261
 433.000000	6.7351726856399603	23.6790975325383783
 434.000000	6.2894670267686150	55.5776275772828257
 435.000000	6.1762075313449847	40.3531681702794458
 436.000000	6.7403249970647794	39.5259802243854210
 437.000000	7.4059720449771493	49.9175264541581498
 438.000000	4.7796871365467695	30.5046360460503365
 439.000000	6.1864447373980598	42.4520967104093359
 440.000000	6.3355504204027806	61.5806160546304824
 441.000000	6.3645249507356185	29.9870970125013798
 442.000000	6.1320347202636265	32.9608052569271592
 443.000000	6.8334163715958374	38.2188989068849878
 444.000000	6.0445178593727231	36.6151883784882841
 445.000000	5.1846871583777805	32.3769890185504892
 446.000000	4.8249202727774447	36.9087022917355227
 447.000000	7.0354597866023942	38.5334546826657345
 448.000000	6.6161314313037893	30.3340211826712789
 449.000000	6.4508322714770658	61.7639719868438846
 450.000000	5.3523168714113769	30.2399204775244357
 451.000000	6.6139726578351627	30.0502697336183928
 452.000000	6.3267082481949748	36.9708909757422646
 453.000000	5.1739478270929276	31.3942426585494445
 454.000000	5.2545927573127544	30.4590590350292132
 455.000000	6.7572190048770571	29.1647445031256325
 456.000000	7.1621400588808450	34.3141246191495668
 457.000000	6.3689341363286802	40.9350623686549966
 458.000000	6.5838344146033991	37.7769260785914867
 459.000000	6.1922096368176449	44.0487875634279362
 460.000000	6.8324163841621512	43.1021378623358089
 461.000000	6.9713899874835521	43.4541941612407641
 462.000000	6.4674611427828417	35.1207565370727934
 463.000000	6.4812524315997235	43.7220147309062384
 464.000000	5.2484778920796344	50.5653742743994883
 465.000000	6.3478600235062919	45.0508351149787245
 466.000000	4.5971133458395368	54.7984848718009090
 467.000000	6.6413370725413614	28.7931740408809560
 468.000000	5.2455844203636701	91.9686008394653385
 469.000000	6.5572739303856498	84.6347562424940634
 470.000000	4.6801484568503238	38.7357891171905067
 471.000000	6.1166983465561984	21.7626949029950367
 472.000000	6.8641973515748518	37.1939864074713569
 473.000000	6.6054469442427086	26.7353693251957907
 474.000000	5.0907414255819878	37.0778051570072193
 475.000000	6.6783931725028145	30.5005989888924489
 476.000000	6.5331619705641355	43.9068988708439178
 477.000000	5.9915126238139989	39.1651612752848735
 478.000000	5.5724184815637852	23.3856413342039957
 479.000000	6.3899209963371515	26.7385387492106190
 480.000000	5.5012556624768898	62.8950379242896673
 481.000000	5.9324845119054839	42.1874913125421358
 482.000000	5.8075484681015475	34.3693851110612911
 483.000000	6.1483611458173684	40.7788950358149691
 484.000000	5.6493851291818729	54.2937620734464588
 485.000000	6.1060998169726437	58.3864234490178262
 486.000000	6.9890900447809772	34.1231258526749173
 487.000000	6.5735168161743349	51.2892939546066486
 488.000000	6.1696791748892066	40.8250365576751335
 489.000000	6.0727277353900577	101.5686048068226626
 490.000000	5.2970112340459350	34.5844471007395100
 491.000000	6.3126143984355032	59.9385649644030138
 492.000000	6.5880798949908943	50.2365001538667570
 493.000000	6.5363803414257147	17.7944905511598392
 494.000000	6.6898430230949577	42.1754381001105685
 495.000000	5.5094849322725459	37.1594105741764906
 496.000000	6.1255134851982849	68.8357297489094719
 497.000000	6.1997113451422932	42.1731989491541981
 498.000000	5.9946540545427176	62.7248788085916971
 499.000000	6.4748450123848000	46.9434800802727636
 500.000000	5.1199673822570970	51.7494542604185312
 501.000000	6.8816875239045663	60.2984179350381027
 502.000000	5.8713221396136372	30.7154831834849062
 503.000000	6.6488975644885704	49.3341493039135628
 504.000000	5.1053516292306895	45.9898505442709222
 505.000000	3.9398350061558189	31.8133625725133129
 506.000000	6.3259912236321894	65.6173524215230941
 507.000000	6.3878263338434040	81.7620225728785357
 508.000000	6.6865185675726302	41.2464756203837339
 509.000000	6.2280023214841043	24.2760261743001706
 510.000000	6.6212772669854507	35.6069916679566063
 511.000000	7.0977979080078102	31.6252917578358392
 512.000000	7.0808174502066628	44.8507395261044337
 513.000000	6.7297817944098552	48.7210290018195167
 514.000000	6.8613763472171909	51.6141029135322924
 515.000000	6.2110111333250133	52.3772019456073821
 516.000000	6.4820658096159942	54.4280365771977444
 517.000000	6.0420291790151532	45.9136102816804055
 518.000000	5.6323399277792845	24.3335244534594040
 519.000000	6.5635228935266516	53.2247843115959540
 520.000000	6.0978870254064699	39.7815577097449022
 521.000000	6.2801061795236999	53.3568778081829151
 522.000000	6.4790817287281186	38.3554978852941133
 523.000000	6.5155836334481716	35.8884994455689537
 524.000000	6.4974851456054115	40.4245700056629005
 525.000000	6.1749771941054465	93.9726216299085166
 526.000000	7.9885324075466642	60.2128549080087794
 527.000000	5.9018373821805348	67.2039404888928118
 528.000000	6.5341359058337138	37.8568995947541396
 529.000000	6.6343454083616695	74.7090455560075526
 530.000000	6.0387648458468401	30.1675505100984083
 531.000000	6.5197050164017671	37.0288632385650942
 532.000000	6.0720034580820430	79.3634013760756005
 533.000000	6.1272648939652354	53.0879220553016324
 534.000000	6.3724984205081281	45.3456415408413989
 535.000000	6.9106583002695681	79.4101646789836337
 536.000000	5.1048174493795262	41.7047863148952445
 537.000000	6.7491618969030212	47.6541028350829095
 538.000000	6.0811194591444906	36.5712238558870126
 539.000000	5.0135516465208987	60.7511494055647887
 540.000000	7.0142956562913819	30.3448548290333520
 541.000000	6.3858160364772729	13.2218113462637348
 542.000000	6.6186705874781424	48.1909487272939998
 543.000000	6.3977703235009544	34.9646204550790003
 544.000000	6.1417192524861717	37.3388289965547528
 545.000000	6.6999694291635334	60.3926301962308827
 546.000000	6.2924250477694743	32.4299133181423826
 547.000000	7.1674545754777599	49.0125477175858748
 548.000000	5.2485669701192128	41.5731145210763202
 549.000000	5.5614342412900992	37.2549436860702770
 550.000000	6.3226116539397195	38.5588992456492008
 551.000000	6.8475423976975387	39.2959855973734022
 552.000000	5.1609073732756405	51.1281637968512825
 553.000000	6.2671304715771274	48.6997037255158034
 554.000000	5.7657719828498699	75.7586076535988013
 555.000000	6.6251795645863591	49.9425715666537826
 556.000000	5.8653868578409147	88.8814271835650516
 557.000000	6.0016330961470254	47.2168781138872760
 558.000000	6.5850554934203700	74.0345168415074397
 559.000000	5.9338957870463345	34.8827646556915738
 560.000000	6.2869057872958063	107.6666394482775075
 561.000000	4.4485817286507219	32.0143084243044029
 562.000000	5.4104395758439905	20.9759682900031805
 563.000000	6.6236835079141780	39.6992287775635475
 564.000000	6.2376169549812452	51.3451979663411748
 565.000000	5.9495050314221967	37.2700474452977346
 566.000000	7.0635423102107380	71.0836481609710233
 567.000000	6.0444985549686079	45.2563418929840680
 568.000000	5.7510806657310694	25.1769151803674163
 569.000000	5.9266864302613653	37.0240760607558741
 570.000000	6.4839615891244398	55.1987456507684868
 571.000000	6.3316971409127349	59.5120456764829981
 572.000000	6.7025876066281018	60.9166366135650037
 573.000000	6.4371033421997383	113.6673877432901207
 574.000000	6.2632410084256103	49.4403078701350296
 575.000000	6.6801061002619830	48.4583480843494385
 576.000000	5.1366314291221284	23.9692193412250845
 577.000000	6.6437292163966069	38.5897354808895727
 578.000000	4.7835126987845245	45.5058644542421860
 579.000000	6.3782152367087859	46.5295400283556262
 580.000000	5.1262640200807015	63.5570192721695975
 581.000000	6.5539973212540952	40.5941264046834931
 582.000000	6.9084538110384450	54.1839351715284607
 583.000000	6.5902349965247122	47.8449236858665472
 584.000000	5.9841234137070751	54.4145868388507097
 585.000000	6.8617491592523558	33.9922178118862064
 586.000000	6.1300572962106115	25.0770954784864557
 587.000000	5.0585316167402965	34.1517438526731780
 588.000000	7.3325764324493523	28.9728169739129271
 589.000000	6.0136990934268448	18.9501441588655553
 590.000000	7.1143899461204176	34.8725804166033981
 591.000000	6.7778307041641126	44.1843916911177814
 592.000000	6.1741587451224529	46.2613333016295769
 593.000000	6.9516061996680518	31.7432481219654790
 594.000000	6.5065637764043993	67.7797120185157809
 595.000000	6.5174055159994868	19.1459598209432897
 596.000000	5.9558013791595652	27.6630904424901303
 597.000000	5.7652111876847236	10.9962104397982614
 598.000000	6.2726315953419860	39.8646523418304355
 599.000000	5.9728887306209595	52.3587966061510457
 600.000000	5.8468659889655692	40.5728097683509930
 601.000000	6.2650724846258692	25.7923593643032802
 602.000000	6.4725060070366300	48.5643410140234266
 603.000000	6.2663881783036324	106.8897673089473841
 604.000000	6.7524819209313458	29.5776082728619372
 605.000000	6.2850622796953965	46.9644437138211970
 606.000000	6.3284608628755219	39.7757153611449610
 607.000000	6.2594214909077053	45.0109236956544407
 608.000000	6.2703194978597097	58.6211705952527069
 609.000000	5.6596581665070547	50.6710310768989700
 610.000000	6.4856521058601277	53.8547791423472830
 611.000000	6.3263319576976436	42.3170275757171623
 612.000000	4.6663304695707319	36.3037905521759683
 613.000000	6.0375884689920296	39.5836919316561762
 614.000000	6.7045707631467764	78.9084412774969763
 615.000000	6.4714579843774835	39.0977749324301556
 616.000000	6.5466045711201426	59.7237738518831520
 617.000000	6.3885596791046719	28.9652761374539693
 618.000000	6.0720854968761406	110.9911074144865921
 619.000000	5.6372676264830908	72.6040142057862568
 620.000000	6.6844988464514801	46.1327436923124310
 621.000000	6.3178797933598272	53.8829871893152728
 622.000000	4.5029680262459184	42.5227025009510271
 623.000000	6.8029970598381446	31.1308974451093263
 624.000000	5.7567703886846884	47.9174461687822202
 625.000000	7.4222580215226817	30.6671219477385932
 626.000000	6.0809351965469958	55.0430986724145015
 627.000000	6.5436226530534825	30.3961121904095819
 628.000000	4.8810498062803740	48.6227085954770644
 629.000000	5.9610428809501519	36.0183633633151032
 630.000000	5.8917302208096176	77.9565241614162403
 631.000000	6.0412937524591630	81.7031313456615891
 632.000000	6.4639117096322209	82.6187848659563571
 633.000000	7.4809614492949112	45.0864943343182745
 634.000000	6.9327501075886548	11.4688473560433124
 635.000000	6.5057181412867502	52.0439092662885940
 636.000000	6.4866999989247800	84.3789794840416221
 637.000000	4.8986523141912626	88.9320750419878721
 638.000000	5.6652281026345541	75.7469263994005928
 639.000000	6.9233523275333422	28.3550551668653554
 640.000000	6.2496276337671910	47.0652768225414491
 641.000000	6.6098508476390112	44.2416328762085698
 642.000000	6.6039373746344276	46.9346841015521647
 643.000000	6.5846252784439940	36.5888862202706946
 644.000000	6.0181218457727210	56.6813721180780306
 645.000000	6.9442767308178173	36.6553872081829297
 646.000000	5.9958109529761368	46.1146292768741262
 647.000000	6.2984345342258283	51.6269100395149110
 648.000000	4.9037219071948703	37.1817224824856112
 649.000000	6.5213992999718498	62.7482647525389012
 650.000000	6.7054232314084885	29.6353261953674405
 651.000000	5.0167680922547735	44.8272217503986496
 652.000000	6.5715089504502959	52.7827037354651054
 653.000000	6.4392552031436274	44.9549514303068349
 654.000000	6.5549294678029044	24.4398503407502972
 655.000000	6.4182365298223552	28.2185514745847286
 656.000000	6.0117294256392269	43.5649921035551984
 657.000000	5.8391686696792631	45.7520729659964331
 658.000000	6.8332230742499576	25.8658300339388916
 659.000000	6.5607900783852564	27.9465752662403020
 660.000000	5.2118366961135170	12.6113930510489070
 661.000000	5.5716446489124980	29.4362358168222045
 662.000000	7.0179260097078684	39.7643617524998660
 663.000000	6.3566098506080335	38.8379767671210345
 664.000000	6.6727625947475264	29.6143046539847887
 665.000000	6.8090654213677801	42.0599448491017256
 666.000000	5.5039752004272140	44.0377530301622642
 667.000000	6.5218105683841809	40.8716306747012368
 668.000000	6.7014943280965742	66.4928004200441194
 669.000000	5.5013540174711970	80.2964880128381537
 670.000000	6.5209888470819930	58.1702682717420458
 671.000000	6.5191011165461017	61.9060180745997570
 672.000000	4.7838369341506635	44.9579949526491305
 673.000000	5.6433924076527093	62.1543862393986331
 674.000000	6.4273011593320355	83.6737519605326554
 675.000000	6.4816167868397203	36.8169220665421904
 676.000000	6.4403992033036284	39.4333315206949067
 677.000000	6.5739462216636362	46.2835810214278069
 678.000000	6.0302005437029864	42.2950258140963626
 679.000000	5.8961781762971279	58.8290780674825697
 680.000000	5.1567835284288686	34.3302741273863319
 681.000000	6.4702725893842237	47.9814374682737821
 682.000000	6.7786430192479088	73.9828324759657079
 683.000000	6.3276931335189195	38.4628144364536695
 684.000000	5.7704876173242532	27.6276681719196517
 685.000000	6.3628791945074470	56.5101877856451722
 686.000000	5.0270423884137809	26.4898893113530960
 687.000000	6.7343647010394942	18.1078366792648353
 688.000000	4.4102259170972102	58.0843268650106097
 689.000000	6.8383994079390709	32.8249682311500521
 690.000000	6.7391128559659199	62.2049774747785023
 691.000000	7.2404867068143499	50.1815172539480443
 692.000000	6.1384221387760283	56.8438181338267583
 693.000000	6.2622630021841310	82.9316638420649070
 694.000000	5.1283408898413336	46.3069726787488776
 695.000000	6.3618183568599083	61.3121342706844814
 696.000000	6.8992296735283114	41.4143270067930303
 697.000000	6.5528901822465535	50.9078516223200666
 698.000000	5.9991577823150033	64.5554208524265078
 699.000000	6.7228224818586879	40.7104435134563403
 700.000000	6.4634107789424373	34.6550779585949442
 701.000000	3.7787882195548548	24.8137675949411971
 702.000000	5.4143887399464177	63.6744109362461330
 703.000000	6.8361938297267386	42.7894787636745093
 704.000000	5.0577091253705433	44.1955628566021232
 705.000000	6.2265263207627228	45.5714978922258069
 706.000000	6.3703790998293659	37.0486798966224740
 707.000000	7.0308727501239812	55.5614396886411299
 708.000000	6.8417776161605524	20.1883683551487536
 709.000000	6.7600317574600917	59.8047524152534322
 710.000000	6.8843496740979182	25.5914539117656545
 711.000000	8.4275486224816838	36.6615022084181703
 712.000000	4.7064207197704286	47.5526960176983096
 713.000000	6.6553116592691142	55.2730404053074267
 714.000000	6.4727216051738328	33.2076475997028524
 715.000000	7.9345572726999940	28.1440727748087056
 716.000000	5.1655199877648474	31.1436394871587368
 717.000000	6.4045459237704110	35.1505938753697080
 718.000000	6.7722374930924261	38.3222231440627752
 719.000000	6.8792195757772729	42.0917767022121154
 720.000000	5.8938741449398986	41.1640829642177835
 721.000000	6.2490010066712385	84.4763799381522915
 722.000000	7.1657971019936966	31.2878972791557999
 723.000000	6.9948820273322001	31.5764253182635457
 724.000000	6.3115570428952186	71.7806764564518716
 725.000000	7.1134447545532451	40.3840044677511969
 726.000000	6.1518624496970080	55.7342247060964837
 727.000000	6.0792778699813974	44.8566232749997198
 728.000000	5.7111177753182174	42.2385207644906018
 729.000000	6.0183572544605868	56.4014812612652747
 730.000000	6.2634564046351908	47.6754467889367959
 731.000000	6.9258096781687604	42.6085923997575549
 732.000000	5.7494619087995176	38.3611203306894311
 733.000000	6.5936299848495938	54.0508362021883357
 734.000000	6.6184752466731886	51.3620156068959943
 735.000000	6.8378605449983167	64.9428522342266632
 736.000000	6.2456603528467625	40.7965738379389791
 737.000000	6.4106525838865336	28.2542036916011341
 738.000000	6.9245898169673712	36.2904369330891257
 739.000000	6.3563504256812111	38.3717511463469521
 740.000000	6.3429221487167649	38.0722433077556275
 741.000000	6.2912646753515720	49.3262065150023545
 742.000000	6.2651547320217311	42.7641277622420262
 743.000000	6.3763521739793747	48.3530779975386338
 744.000000	6.2498274390247772	39.8315140229808549
 745.000000	5.9644777071234785	58.8541907895644414
 746.000000	6.3681059120382333	39.5967185258155041
 747.000000	5.6885409064044028	55.1810303422015522
 748.000000	6.7035706572879894	49.6752558385639986
 749.000000	6.8674340272577927	56.5674723419772505
 750.000000	5.5675458120309944	37.1415050429169185
 751.000000	6.2818580817084921	51.0082005964278267
 752.000000	6.4985925344959883	32.0844344663275081
 753.000000	6.1703757105296457	46.4911469877689001
 754.000000	5.9325400863995545	76.6027632459391867
 755.000000	5.8241619112374101	58.6914177526509633
 756.000000	5.9279186461308910	34.5992137780485223
 757.000000	5.9273278204277275	47.2472977578466100
 758.000000	6.3665615751521765	57.7726368041980436
 759.000000	5.7239892566533994	50.5152002934741802
 760.000000	6.6334843926041245	51.7104427002073521
 761.000000	7.3991198217301637	44.2820388432928382
 762.000000	5.6842104379394378	23.7833607535442866
 763.000000	4.3040260121194676	51.1091903184393743
 764.000000	5.4782771868058271	94.4459305744955344
 765.000000	5.7207441071841805	46.2182073533146536
 766.000000	6.1285374900896077	42.8635851893000392
 767.000000	6.7029069819440785	57.5837322138589940
 768.000000	6.7492939146656603	52.3451735594748016
 769.000000	5.7952864796897154	75.1648712323800794
 770.000000	5.9156361980817733	48.6532272798070267
 771.000000	5.5557682312587788	47.2598946678649838
 772.000000	6.1707762684568053	30.4687416318308806
 773.000000	5.8904157535438326	42.6848169779036368
 774.000000	6.7231444183435904	41.6973896725428972
 775.000000	5.6894731293149476	80.6614319141274336
 776.000000	6.4126859310497393	37.9108388051136558
 777.000000	6.0563605191785772	43.2356239257834147
 778.000000	7.1244986961498338	40.6400002718084181
 779.000000	6.2265715941985027	35.3000241227364029
 780.000000	6.9028899308303044	20.6804409518387047
 781.000000	6.2596096191872208	42.5529085579075854
 782.000000	5.7586849621796636	47.9443731862717755
 783.000000	5.8715276862046393	40.5779713572325136
 784.000000	6.3017158247222751	33.7181775163911936
 785.000000	6.3542970922132067	88.9054023714124071
 786.000000	6.2188899377352707	67.7258772761779255
 787.000000	6.7658548446381284	55.0812448370546264
 788.000000	6.3334613489281226	39.3571008490851284
 789.000000	6.2015057115948213	32.9927499267961650
 790.000000	6.0636890010853701	103.4776584289670609
 791.000000	5.8656137214630695	46.2980493322579889
 792.000000	6.1975854587048644	83.9811353256592668
 793.000000	6.0510409217961953	83.9360241374775740
 794.000000	6.0970257822743674	80.7291024133195805
 795.000000	5.0628913142193142	64.4058745982091949
 796.000000	5.7902037154792962	89.2159320961798414
 797.000000	6.2380103121523742	98.1385210923038755
 798.000000	6.0640247562156189	49.0361923505712696
 799.000000	4.5818696529834542	58.0086989726679434
 800.000000	6.2471241626503282	79.1747830764873726
 801.000000	5.0980168224360325	58.1349235619381091
 802.000000	6.0248308686162995	100.4944735540641432
 803.000000	5.9739386359666105	44.4672674785346089
 804.000000	6.8168793862337074	97.9041397510495557
 805.000000	6.2600001209928120	39.9035910995359302
 806.000000	6.0993868577440224	36.9713951994087040
 807.000000	6.1994995450622730	26.2803198014252928
 808.000000	6.2739942930324970	51.9635920160613409
 809.000000	6.6996670875284918	47.0303327700126488
 810.000000	6.4193543784690208	105.4768107924242742
 811.000000	5.9969870969418118	57.3431386542161192
 812.000000	5.7152458119036638	64.7495384420651163
 813.000000	6.0755898865767133	90.7378018393936969
 814.000000	5.7044483870260505	79.6590401116656892
 815.000000	5.9629784452698820	55.3293027076066579
 816.000000	5.9083981889332104	86.4932972131989430
 817.000000	6.0355898941514310	93.3969506435925183
 818.000000	6.4685982019637374	45.7861612909419193
 819.000000	5.0812036366857951	61.3226886880855488
 820.000000	6.8706769590750172	59.6845544510069033
 821.000000	6.3001889841060112	22.9453860610232141
 822.000000	5.5724580228211407	72.0017226027032109
 823.000000	7.1702704128501047	37.4868106821107574
 824.000000	6.4416815891772821	26.8215819601487908
 825.000000	4.5624748296319071	43.2586422078369424
 826.000000	3.4128206153043070	18.4140415577313092
 827.000000	6.8268891918802996	28.0654950750707997
 828.000000	6.7560953699064887	48.8697721566760777
 829.000000	6.3911721170856683	61.2568226163770504
 830.000000	4.4375252595479653	66.6441269700487737
 831.000000	5.5468425605887957	96.7884687339993803
 832.000000	5.9123162760968198	104.0815307672200163
 833.000000	6.8286016487980437	100.2415178902157891
 834.000000	6.4187067450443109	82.9415274686214303
 835.000000	6.4402735598276930	93.7187511639215955
 836.000000	7.1786884948538665	60.1173625377041247
 837.000000	6.6908061279198376	87.8611467530139123
 838.000000	5.7786759381961428	102.3951978239654039
 839.000000	5.9954527788195016	112.1032281085892777
 840.000000	6.4217483678171936	84.5683572538420805
 841.000000	6.0098082979038878	76.6780189832154093
 842.000000	6.9011214449446339	32.6127264559067669
 843.000000	6.4036608313028553	10.0779964512509821
 844.000000	6.1009235402035245	53.1045578257139113
 845.000000	6.3942386576826280	57.2764613217410243
 846.000000	6.2938528413299943	50.3635542717509566
 847.000000	6.1813566866456071	44.8130673433724382
 848.000000	5.7214672177490451	20.5257913026296421
 849.000000	6.6574166349956094	51.2997186003698005
 850.000000	7.4219363737384763	51.6239773651308838
 851.000000	5.4244748947675472	42.6839502069121295
 852.000000	6.9237659340395563	45.0918019289699146
 853.000000	5.4059489363760909	19.7200222109547667
 854.000000	6.7684187761399981	47.5821950346135623
 855.000000	6.8045463602884899	42.7526418823931635
 856.000000	5.7527765202613805	47.1919354035836704
 857.000000	5.0384995048323198	48.6473613453100313
 858.000000	7.0287169884328362	47.7302954482492225
 859.000000	6.2385092668867550	78.2735626250298253
 860.000000	6.6231694376283698	31.6151989272578646
 861.000000	7.1864585637201754	51.9144028706412826
 862.000000	7.5322182533670210	36.2162806706902813
 863.000000	6.4625270663915257	57.8022401746644334
 864.000000	6.8481735337592777	53.9570724069690471
 865.000000	5.2792587873736592	50.7205989338719689
 866.000000	6.7680455569887963	39.0033056693499987
 867.000000	7.1647183490195445	43.3786785635192302
 868.000000	6.0578842008751135	25.0499463702286675
 869.000000	6.8407619772864736	34.7090351670139796
 870.000000	6.9653650643755274	40.4636232434833119
 871.000000	5.0969944784244774	15.5635611189493943
 872.000000	6.3116466283292878	42.6382638360396697
 873.000000	5.5248829527555641	99.8307369401673839
 874.000000	5.4214547736710692	99.6356441364484482
 875.000000	6.0594080937570354	44.6039035504234391
 876.000000	5.2343261156589547	43.9023951234605363
 877.000000	5.9922058392178750	108.2515450136114481
 878.000000	5.6613363846033176	72.2814703817392683
 879.000000	6.2880397753469364	35.2922202116459687
 880.000000	7.3049445647428684	50.1533126959000697
 881.000000	5.4012375980607734	40.5889967613942986
 882.000000	6.5286806119299508	66.9681745409328641
 883.000000	6.1600565551679685	30.7243618062290977
 884.000000	6.2880914451289911	27.0399886729566106
 885.000000	5.5824943161943787	56.1237627583351895
 886.000000	6.0764740861240334	73.1196232969353872
 887.000000	6.5248951205801182	64.6383688262257721
 888.000000	6.7036462249349444	41.3843716632023586
 889.000000	6.9357592981562890	42.8456598458754172
 890.000000	6.3180872943834947	72.7176942937400526
 891.000000	6.3331948020388111	42.7486532427912493
 892.000000	6.1762757691316255	37.2011335941012362
 893.000000	6.3951339457978680	53.3043783895910366
 894.000000	6.7283998494401569	61.5866709288293208
 895.000000	6.2512302989335300	69.6096359204042585
 896.000000	6.4279093199017501	58.3860308224706159
 897.000000	6.5794258613957641	26.2826183337197961
 898.000000	5.6861074494889445	43.1920178981274319
 899.000000	6.8157393936312003	34.8976145196720609
 900.000000	6.7998295871235621	60.8883957013372168
 901.000000	6.4160770919889698	61.7112241304490112
 902.000000	6.4608853089535483	47.0389131195843220
 903.000000	6.0213164860157011	90.4734343321188277
 904.000000	6.2455436136309688	47.7070184354444962
 905.000000	7.6201071628821095	57.6891239788004242
 906.000000	6.7314388148145037	40.5209359379786918
 907.000000	6.5036404990018148	75.5384582704304819
 908.000000	6.3545699884366389	34.4328413702351099
 909.000000	6.3454530939686444	54.2137735363706241
 910.000000	6.1225937236533809	19.2048842396374084
 911.000000	6.5579217080101255	19.1897432151062617
 912.000000	6.2851579795106414	44.9264352443091752
 913.000000	6.3906959037460123	41.2443326054195722
 914.000000	5.8597912387652658	40.9913810532663945
 915.000000	6.4148655836014816	49.6778120286898286
 916.000000	5.9228052182839015	33.2358433803498485
 917.000000	6.1483609267982242	27.7138254423163062
 918.000000	4.9218434592396827	73.9641526722640634
 919.000000	6.6997798537086517	65.8681104068474355
 920.000000	7.1341809639604943	32.0442934250092719
 921.000000	4.5198598440130917	85.9643609645991233
 922.000000	6.1571168653747526	21.8578872853440487
 923.000000	6.4975645080973559	43.7440012506559412
 924.000000	5.6744503036824341	92.4307257287000255
 925.000000	6.3256716961065074	19.8537934314817903
 926.000000	5.0435710138493430	76.3159774185955087
 927.000000	5.6165255033940999	45.4248592306751675
 928.000000	6.0073521618858781	32.0137481265930717
 929.000000	5.8761452298530568	52.2757034701321714
 930.000000	5.6602642664780474	89.1120605175599678
 931.000000	6.4028657964053020	83.3108930192440624
 932.000000	5.6964102724737042	67.8570669064568932
 933.000000	6.2467761988810224	77.2388622679396661
 934.000000	6.1558521513595945	29.9505310424575839
 935.000000	5.1705091680865527	28.9163049384514750
 936.000000	6.3623002962329220	45.4079592142825277
 937.000000	6.3908141324901484	29.9589651687948901
 938.000000	6.4396543623312956	45.9742361879024202
 939.000000	6.6600530116404553	78.9228179647539321
 940.000000	6.1978125825237358	87.4555427810270629
 941.000000	5.9686552583408501	30.8116565266443843
 942.000000	6.6500622094294446	63.8401428390455123
 943.000000	6.7419264816554980	47.0171965595674237
 944.000000	5.9572345670551261	43.3112661478486984
 945.000000	6.3368258115199207	47.7510876685187782
 946.000000	7.3256094030802998	50.8775415366469019
 947.000000	6.0002662066607035	71.7978511653629425
 948.000000	6.5315828101392022	106.0131341591883114
 949.000000	6.0870435130562779	98.1531445362560788
 950.000000	6.0914315904690630	51.7095509327111245
 951.000000	4.8343098725371201	57.2390777096222223
 952.000000	6.3566835312656043	62.9281934160701724
 953.000000	6.0409079129159053	30.9093984304022058
 954.000000	5.9079408423761297	37.9995595236226791
 955.000000	6.5294223265140561	17.4293763631811771
 956.000000	6.6241623789194950	61.8536368982624509
 957.000000	5.9438197585094583	41.2348686994211846
 958.000000	6.4506324182988335	82.7913890854567569
 959.000000	6.2749161958812891	25.6633717749515711
 960.000000	5.0041010314239482	49.1154502519012510
 961.000000	6.0723951701748877	72.3952402768644134
 962.000000	5.2829191770861046	33.0005449108570019
 963.000000	6.3100826737280205	28.1237756936111793
 964.000000	5.6353853097577247	18.6541269061092976
 965.000000	6.6098505914897983	57.5493482055053818
 966.000000	6.1451764685258166	83.2223639794777199
 967.000000	5.9438748878145722	52.2055406566443025
 968.000000	6.6788011169432293	113.0689828406773074
 969.000000	6.8558658080977057	44.1785641439950325
 970.000000	5.8330748404246773	52.9918319482536333
 971.000000	6.1669740186000652	51.8581617095672698
 972.000000	6.5553528831520200	32.2873299193405501
 973.000000	5.9440040959964771	27.5491667792371402
 974.000000	5.9163560387952776	65.2024724255826413
 975.000000	6.0121866748533526	70.6654642065548870
 976.000000	6.2238487265564215	44.4488192092432826
 977.000000	6.2551383250817221	92.1617626988694241
 978.000000	5.7348665080666850	82.1655897893470524
 979.000000	6.5530397877519704	66.8296423930503067
 980.000000	6.0867268829234646	56.5023232037668350
 981.000000	5.9152717584563197	48.6667807572571292
 982.000000	5.9218000473888814	105.7839607956387624
 983.000000	6.1288283962068757	49.0300530022559258
 984.000000	6.1592565207120344	81.3222249917799900
 985.000000	6.9972695676818173	52.2833419821171503
 986.000000	7.0025339237442124	41.8933370723960365
 987.000000	6.4584651751299482	36.6810351671483943
 988.000000	6.7310285648816626	44.3804382587307771
 989.000000	7.4889606752333364	115.8395910240482323
 990.000000	5.0314491084224011	39.0684046938936831
 991.000000	6.5190810375040158	43.7171096048548407
 992.000000	3.0761439827883716	16.1755681765896213
 993.000000	3.9245331407861155	57.2166327610405432
 994.000000	6.5272933656290695	39.2252428467236598
 995.000000	8.0673038667136741	75.9376345800180985
 996.000000	6.4712668413352477	53.7018603068826508
 997.000000	6.6142600457360787	41.7495953723184243
 998.000000	5.4527474430785867	75.3800501109466268
 999.000000	4.6837635727398030	46.2306802200967297
 1000.000000	6.1141882814860500	60.6402680490264032
 1001.000000	6.1782457853152728	37.7890516994298480
 1002.000000	6.2909037496532605	54.1853809055734246
 1003.000000	6.4686162714815705	41.7994768573619524
 1004.000000	6.1017010510076135	17.5861462764898988
 1005.000000	6.2538912787724561	87.7062236859699169
 1006.000000	6.0194093976727698	41.5753848323532793
 1007.000000	6.1158268979144452	43.9170786933837292
 1008.000000	6.3445530468332993	79.0451545604359609
 1009.000000	6.5991274729414657	30.3622656936662167
 1010.000000	6.2949935676070483	14.9898403690503130
 1011.000000	4.6869267586100829	46.6206181055121931
 1012.000000	6.2102596662367437	41.6070264195963659
 1013.000000	6.8567255876108373	38.1517420075887799
 1014.000000	6.4130459871028753	51.0105654585581192
 1015.000000	4.1664723010571221	45.7163542121190574
 1016.000000	6.3486237027266741	113.6377544397098092
 1017.000000	6.1848124642522908	41.1094446953850365
 1018.000000	6.1713781602124982	49.0365790458910737
 1019.000000	6.2124945936678646	35.4903253541983474
 1020.000000	6.4847064607510774	44.2671076778839847
 1021.000000	6.0382367924578011	76.6100779939014416
 1022.000000	6.6626332340290562	47.5341156162664618
 1023.000000	6.7595017264496828	106.4974250113328367
 1024.000000	6.8516000153379348	63.6039086702134284
 1025.000000	6.3323560342393046	112.1598283334006112
 1026.000000	7.5783806906655675	26.9175971754287673
 1027.000000	6.2559123417388847	21.5617413032365448
 1028.000000	6.1913628299796306	70.2443181334195828
 1029.000000	6.6500627076787859	38.9926653510924837
 1030.000000	6.1791184777212278	57.9722268620208609
 1031.000000	6.0472181197073294	38.4083051398561111
 1032.000000	5.1455980005172171	50.8175053422569079
 1033.000000	6.5606373221572456	91.4837179463920620
 1034.000000	6.1211995882969594	42.5230712843948027
 1035.000000	6.5308544848863548	37.8124722555598396
 1036.000000	6.4068960482915918	39.4985031183547619
 1037.000000	5.8096314782513812	54.0820821353954813
 1038.000000	5.9459604400561386	39.6807048603475607
 1039.000000	6.6316625322537108	53.8562596911315836
 1040.000000	6.1715425578096594	40.3349572512300085
 1041.000000	6.5541029025252495	52.9307881296280414
 1042.000000	6.8191852991924122	27.6074629031965344
 1043.000000	6.7195183944525168	44.6451305294500855
 1044.000000	6.6998100200604460	76.6158959323066000
 1045.000000	6.3166962918366689	53.5354270355973654
 1046.000000	6.3125161578969342	104.5739220422069451
 1047.000000	6.6042037333324659	37.2703354167277610
 1048.000000	6.7998407512565340	36.3476045607528704
 1049.000000	6.8230286858908862	60.3658886332593454
 1050.000000	5.5429993343287771	46.7572105882218239
 1051.000000	5.9401437730601865	35.6953873686609313
 1052.000000	6.2833990373392883	56.2352090662715085
 1053.000000	6.6824824377721574	36.1492071709796505
 1054.000000	6.0569840836358066	49.2500444516751088
 1055.000000	7.0476308265279339	35.7460638355759954
 1056.000000	6.7726024001179370	48.6616924863087945
 1057.000000	6.5414587616324260	49.7933891090338818
 1058.000000	6.4004300510959622	62.1745297731517468
 1059.000000	6.2055498205885060	42.1862703872627947
 1060.000000	7.0766388992178557	53.3653771118987379
 1061.000000	6.5540777380228938	55.6877289728050897
 1062.000000	7.4616975806833450	42.9435463766557746
 1063.000000	5.2070837723895833	34.0637431265284931
 1064.000000	7.4368649096114705	28.9193386281168898
 1065.000000	6.6361196459813900	45.4375829161726585
 1066.000000	6.4494037033670315	54.9018943908273798
 1067.000000	4.9995705841305851	54.3592863999015492
 1068.000000	6.9266310742369264	46.2250850036014356
 1069.000000	6.1985338118279119	52.3644798351350431
 1070.000000	7.0619604570750010	41.7070359749181989
 1071.000000	4.2723170809394464	46.4785808405479202
 1072.000000	6.5273380498778222	46.8881670572391158
 1073.000000	5.7001618825495957	58.8225145639877383
 1074.000000	6.6233397065331268	45.4796166375272151
 1075.000000	6.8358496977170393	61.9172617879475666
 1076.000000	6.9390597167898882	54.3940957885979799
 1077.000000	5.0493033107482397	36.5449967134475457
 1078.000000	6.2736388684591118	41.8082820333166296
 1079.000000	6.6829486987969293	76.2955858094850470
 1080.000000	6.6118332562708995	46.8680121194778394
 1081.000000	6.5202639443218064	46.5453584505624747
 1082.000000	6.7036325255855385	52.2894509086432464
 1083.000000	6.8981997738182628	44.6841613771341031
 1084.000000	6.8617878388762374	44.3264654151207935
 1085.000000	5.4510170837432597	46.2469998120166110
 1086.000000	6.5406832370101169	42.1467055554245746
 1087.000000	5.8011274084936622	38.7162757432632816
 1088.000000	7.5933467593581145	58.6222037096386686
 1089.000000	5.2224220983053193	23.0879393778751876
 1090.000000	6.4732785758704239	40.3351307741878315
 1091.000000	6.5528835676748276	71.8011688793304899
 1092.000000	5.0410634118462800	48.8991933804830126
 1093.000000	4.7021580769619353	62.5503528829396629
 1094.000000	6.5807473742172524	39.1114059281711661
 1095.000000	6.3461219437615570	54.0639417675704976
 1096.000000	6.4875924141405994	35.1972326631999408
 1097.000000	6.5325446383135652	37.5620109553192947
 1098.000000	6.4033298451795524	46.2663330573794269
 1099.000000	5.9891104383198490	45.0354595849301518
 1100.000000	6.6263774421351247	49.0449143429357832
 1101.000000	6.7144887554078858	44.4066996352911758
 1102.000000	6.6138115770589678	67.8375144083341297
 1103.000000	5.2724284238457200	55.1054863649051612
 1104.000000	6.1719177203000459	42.2383629618473435
 1105.000000	6.1989226911601127	58.7892564800745703
 1106.000000	6.9751944348081674	46.4130863895336745
 1107.000000	6.0602899221392015	50.9258989267054574
 1108.000000	5.9609131498880572	45.9457930295410222
 1109.000000	6.5869346367720336	57.7659208253157175
 1110.000000	6.7703686162341175	18.2498489340761694
 1111.000000	5.8006607259087826	46.7689583812017133
 1112.000000	6.1485834306567098	35.0331965464120287
 1113.000000	5.9782850848289293	65.3043249371145436
 1114.000000	6.4171643197172799	104.3287444870927914
 1115.000000	6.0453753779136044	21.5693657260887051
 1116.000000	6.3619473420570287	35.3168211330029465
 1117.000000	7.1232360972253410	46.3670396932121491
 1118.000000	6.3273752577063664	72.0912041035696660
 1119.000000	6.8015192638066280	46.5778764226878650
 1120.000000	5.9085444581590023	64.8164095077290057
 1121.000000	7.8754842202397608	69.4371558908168822
 1122.000000	4.8656691074542540	55.1682409813984833
 1123.000000	6.4101558163194978	48.8628907973357798
 1124.000000	6.2524084788689960	46.3736536996002826
 1125.000000	6.2177015837241614	49.2546551198854559
 1126.000000	5.4470115205392533	27.6555478328063771
 1127.000000	6.3271113862245860	47.0787887245541583
 1128.000000	4.6259594315061490	53.5057134913635650
 1129.000000	5.0731795885919642	55.3852183171757844
 1130.000000	5.4135813719598733	44.9920663724212204
 1131.000000	6.1249225801752125	43.6262320237544827
 1132.000000	6.9926466604020856	67.8937731163923388
 1133.000000	5.4602811787226990	40.5373662001117907
 1134.000000	6.5623294911805798	53.4744589339992018
 1135.000000	4.8491513949370431	41.2055706495735024
 1136.000000	7.7248528730889845	34.4969317372110709
 1137.000000	6.1970724292004045	46.8489181036036371
 1138.000000	7.1550006325512339	50.3252684181329926
 1139.000000	6.9864270852562305	36.0748153413158548
 1140.000000	6.4252363693699852	43.3668646423156758
 1141.000000	7.1044042115186157	48.3052981735253013
 1142.000000	7.4661189587105232	67.2153300613873768
 1143.000000	7.8974651254055672	58.1727805359747805
 1144.000000	6.9884812800400535	44.6270665321441129
 1145.000000	5.9800194836649814	78.3832269301083358
 1146.000000	6.4112231103349373	57.0689353825845274
 1147.000000	5.2659090811994576	53.7640106800683810
 1148.000000	6.3059658666427181	62.2052666222594439
 1149.000000	6.6591015078814459	81.3193189860792671
 1150.000000	5.0571332650589786	23.1870260389868861
 1151.000000	6.4360445213276529	65.0522018361509566
 1152.000000	7.4813074631341605	36.1006383073917618
 1153.000000	6.4884510083848443	45.3647206231007658
 1154.000000	7.2947864037621279	50.0851185873925431
 1155.000000	7.9622123944837142	53.8727459607248136
 1156.000000	7.1817125709979095	49.9383909626790796
 1157.000000	7.5919849058331241	64.3794207303939601
 1158.000000	5.8895632606079182	43.8887773871199158
 1159.000000	7.3288623441641105	50.1976875651054115
 1160.000000	6.2893636369774368	46.5569936801736901
 1161.000000	7.1422659487516880	32.7762774429420745
 1162.000000	5.3839648490521368	54.3496479198379205
 1163.000000	6.1310536733932759	34.2090032502575241
 1164.000000	6.0063516095351828	90.9817710332248026
 1165.000000	6.0557835260726245	53.5422662254955384
 1166.000000	6.4726297137529381	51.8829831347512140
 1167.000000	6.2042616200017111	31.1174403662799648
 1168.000000	6.1701107817300676	34.2444944197266068
 1169.000000	6.1654467723169004	70.1441102558347040
 1170.000000	5.6936405663884262	45.9405926080980009
 1171.000000	7.3715058640662985	30.7748626495834401
 1172.000000	6.7780864908442515	41.6873599801093633
 1173.000000	6.6563247989698340	10.9984556694989521
 1174.000000	6.1918334372855215	38.4852300872152284
 1175.000000	6.5268249700141228	39.3701386707918459
 1176.000000	6.6587317019280503	41.2750268618937071
 1177.000000	8.0721369049049656	60.2794927357725641
 1178.000000	6.2234055611406882	48.5984011025329323
 1179.000000	6.6551507837618749	55.2288506987385119
 1180.000000	6.1891303701953362	35.6886790136532852
 1181.000000	6.5572081832616558	49.0217133448621212
 1182.000000	5.7550751387545862	46.7375039616487697
 1183.000000	7.1212148471744223	47.1508979439252585
 1184.000000	6.4273978891860226	39.3097609947449200
 1185.000000	5.1737421231590854	31.3480521591996819
 1186.000000	7.1728289343901697	53.3121088206175671
 1187.000000	4.9996002761655269	45.4155688180236439
 1188.000000	6.6351575009233379	34.7013602932974266
 1189.000000	5.0520143798748736	20.8252548155739703
 1190.000000	5.0254515257035690	47.0172919744955209
 1191.000000	6.0671432239228986	37.1353623693994450
 1192.000000	4.8612700140427618	38.7836956209230550
 1193.000000	6.1103149466497779	36.9774562973249203
 1194.000000	5.9488114871595661	41.0403647444870501
 1195.000000	6.3727081994755848	32.4072403174185411
 1196.000000	6.3487906618755270	51.4215921911898590
 1197.000000	5.2953745511294876	48.0020792823104330
 1198.000000	5.6259873527154056	45.0806123527637510
 1199.000000	6.1826544377699744	31.2797625807177440
 1200.000000	5.3515651882099320	18.8309524117208298
 1201.000000	5.1282910271370197	44.4278641481469947
 1202.000000	6.1401613148157299	28.3540335379633177
 1203.000000	6.7187328201498984	24.0892084640038604
 1204.000000	4.5918488218368836	34.0482999940069817
 1205.000000	5.1341437466073865	49.3218076506364298
 1206.000000	6.4947574401956869	21.8211756294748795
 1207.000000	7.3269089756139412	55.4998132620249152
 1208.000000	6.0865247625808090	28.7249642194307739
 1209.000000	6.1329151355716087	20.1557935186139332
 1210.000000	7.8796795295895974	28.9541735509316425
 1211.000000	6.2756587766003724	49.3955305079484788
 1212.000000	5.5693575734854699	18.7103939925933389
 1213.000000	5.0043344763636473	96.6848514508087078
 1214.000000	6.0735164019640679	102.4674575853679670
 1215.000000	6.3562952098189198	12.2008279850214194
 1216.000000	7.0981287649295783	57.8625885323889406
 1217.000000	7.3520082438738168	23.1465286192595272
 1218.000000	6.3384140630047261	34.3421097454972255
 1219.000000	6.6631811081773744	39.6934799183850657
 1220.000000	6.1733389738771223	40.5446586487331615
 1221.000000	5.0641633182384647	42.8643671692699968
 1222.000000	5.7781838004019130	35.5931995951739282
 1223.000000	6.5852708922416907	40.2091531873939516
 1224.000000	6.0340696112673644	55.7387762611131024
 1225.000000	7.2464585227256650	23.1285030193147350
 1226.000000	6.7121112534457277	19.8277185499497648
 1227.000000	7.4127863327100716	40.3980602192225717
 1228.000000	7.4766685473255103	13.6047011826081246
 1229.000000	6.8868736248825559	37.7671761029041591
 1230.000000	7.1670857079969972	39.9260553185922333
 1231.000000	7.0875592236316045	20.7970522496762271
 1232.000000	7.4868823440250418	26.6330865948271196
 1233.000000	6.8539826253444618	5.5365507968193981
 1234.000000	6.3727513660768231	96.3540155211245093
 1235.000000	7.0618399395986708	39.0225694353468384
 1236.000000	5.3625621066615183	12.5464788228215127
 1237.000000	7.4965560111541905	34.4561483911500943
 1238.000000	6.9305360767229232	2.8941623944473349
 1239.000000	7.1498913290607238	17.2891330071661287
 1240.000000	5.5651565451168601	22.9531891013454867
 1241.000000	7.0194793057902976	34.9029042720344194
 1242.000000	5.9563540893706666	29.4565924060296709
 1243.000000	5.3284826680359849	39.1770353324190523
 1244.000000	7.0568857329018115	38.7138201059509584
 1245.000000	7.0726298934769085	50.7432610993156175
 1246.000000	7.7501760498225698	24.0006199933706910
 1247.000000	6.6462486835606605	30.7114600145997372
 1248.000000	7.4064008140693680	17.1813671286188878
 1249.000000	5.3415925120921033	27.5940780655011508
 1250.000000	7.3120804470930727	26.3767202972965151
 1251.000000	6.5282257424127295	40.1527697398018972
 1252.000000	5.9905614398633995	33.6611441344019227
 1253.000000	7.2236645432647757	36.5820426167971675
 1254.000000	7.2807122468976457	49.7387440043269464
 1255.000000	7.5431113117679347	37.4726845511741260
 1256.000000	4.9160231949279929	31.4104571116470197
 1257.000000	7.6833426442783317	42.7639791970852343
 1258.000000	7.0982227593566680	3.2692986413808285
 1259.000000	6.7085029635096101	19.3300757763398110
 1260.000000	6.1311978745772837	27.6499453155284129
 1261.000000	6.9141024813386442	41.6348813213496953
 1262.000000	7.3475283198621346	27.1753809759294427
 1263.000000	7.1303773733690647	36.1071886819236170
 1264.000000	7.8736771724044123	23.9517409381174389
 1265.000000	7.4448361634269862	38.3142922550135268
 1266.000000	6.3590076629933794	11.1263938865683940
 1267.000000	6.9615471208106037	32.2619935270120379
 1268.000000	6.1397861639123237	108.6885509450900571
 1269.000000	6.1311538612814767	90.7880796179173899
 1270.000000	5.9309768855388114	5.3805670958497558
 1271.000000	8.4529384273992836	78.6057876546972238
 1272.000000	6.2765932752318365	48.6586952478874935
 1273.000000	6.4588228146801612	57.0529456396185140
 1274.000000	6.7187527295361615	34.1885072494483495
 1275.000000	7.1793638767708234	30.0440980916675073
 1276.000000	6.7706901501758683	43.9724119648246869
 1277.000000	6.7822480615829042	42.3549611713764591
 1278.000000	6.4328207583237385	40.7566817854820158
 1279.000000	7.4166647824440304	50.8193004993872250
 1280.000000	7.0262635881478044	29.0039391502754711
 1281.000000	6.1007128166914484	58.4770892312714778
 1282.000000	6.5839516806251766	54.2341794033021358
 1283.000000	6.0482909531952949	43.7331272063958352
 1284.000000	6.2849892129054599	83.9829932261308016
 1285.000000	5.9036994153560780	53.8451224470803709
 1286.000000	6.2589120422119366	34.9665753574346638
 1287.000000	6.5399863834055196	76.2599678266813186
 1288.000000	4.8245389960228149	31.9022453336991418
 1289.000000	5.8341529315041223	71.4254750783395167
 1290.000000	5.4963800529252476	49.2221442226838235
 1291.000000	6.0228988634592318	87.3865501469982036
 1292.000000	6.5858753296716097	48.2504577003894042
 1293.000000	6.4500089348740595	48.3207165900923883
 1294.000000	5.6155850991412271	77.8507630890124744
 1295.000000	5.8301566753994969	74.8406430046345577
 1296.000000	4.4298692829059600	61.4612596643432312
 1297.000000	5.8944535530797530	88.8925832313423570
 1298.000000	6.4300184067217829	31.8821307672797047
 1299.000000	7.0834775258837457	61.2758111114652877
 1300.000000	7.1342257136282994	46.4775445317747256
 1301.000000	6.0243767404170976	64.6479165062263235
 1302.000000	4.6041243791764694	40.0803773925514122
 1303.000000	5.6304551505631526	85.3971898394816975
 1304.000000	6.0811413951056030	44.5856230685546677
 1305.000000	5.9064740600033403	37.1916907611236525
 1306.000000	5.3619997158323081	48.8584652757022297
 1307.000000	5.6529562050404500	70.8559415895983591
 1308.000000	6.5988258940043600	27.6552258515126823
 1309.000000	5.9695265319394366	104.4086132416815929
 1310.000000	7.5176693766043545	58.3659039343157957
 1311.000000	6.8866074079840285	55.5856277570064776
 1312.000000	6.7164620264825512	44.4307778402584859
 1313.000000	6.4509828806397929	28.6229186446116159
 1314.000000	5.9247443152716919	32.5660940786253832
 1315.000000	6.4084842579494978	56.3327164621651946
 1316.000000	6.4849013447136441	76.4824455725057248
 1317.000000	7.3560017311954260	43.1647938460093883
 1318.000000	6.8490413018441867	61.9093672096484084
 1319.000000	6.2513380271939889	48.8456590750750195
 1320.000000	7.4006485065870580	47.9674403368485116
 1321.000000	5.4276563976727514	35.5959623363028470
 1322.000000	6.5070964649302843	55.1759362317498585
 1323.000000	6.6100777287500954	34.6070640971672674
 1324.000000	6.7615002885893283	34.8704929722096892
 1325.000000	6.1834989300747285	56.0238914850299494
 1326.000000	6.7677336368200125	11.2125273019283895
 1327.000000	6.6654428966295258	35.1027249301056656
 1328.000000	5.1251839909104326	16.4815276625806746
 1329.000000	6.3779775490903976	35.7636048499358026
 1330.000000	6.5654534604521340	60.2900103821918663
 1331.000000	6.1548814031843122	41.9504541461876954
 1332.000000	5.7169248072728838	28.1696206848285442
 1333.000000	6.2211722455937748	45.4713884327111089
 1334.000000	6.3603359554629426	17.3126387889239197
 1335.000000	5.7986964585425502	54.3786806787352219
 1336.000000	6.0447712748411231	68.0068099327932458
 1337.000000	6.1874109558528092	34.5232565366130757
 1338.000000	6.6235653052400068	49.7483338627488934
 1339.000000	6.4479812874710731	35.3602448144391417
 1340.000000	4.8885270374540344	32.1180571410908442
 1341.000000	6.9524182882323613	47.4297964574125217
 1342.000000	7.4398735795686273	33.8390188141264048
 1343.000000	5.7189807996790201	51.7727998902663558
 1344.000000	4.1287470888001545	41.7396999074536268
 1345.000000	5.0294567637250083	21.9229564411549518
 1346.000000	4.3175611549197699	27.1939261926895028
 1347.000000	6.7630552363018861	48.2563974067687127
 1348.000000	7.5285806872903196	25.8980194138769946
 1349.000000	6.3254108763877577	41.6984998457282359
 1350.000000	5.9546320830316635	26.6432826469694533
 1351.000000	5.2103259218203934	29.8025803177306159
 1352.000000	7.4149875175268400	26.2518171746794451
 1353.000000	6.7867022247133058	49.2226214166060174
 1354.000000	6.6351345857438409	35.2264839394730984
 1355.000000	6.1522483348664601	71.9869011515691284
 1356.000000	6.2513534765296255	24.8382037913685849
 1357.000000	5.8341988905002085	45.6440939285040770
 1358.000000	6.4247406789320936	43.8325719935411655
 1359.000000	7.1955518195961963	32.8714403124055821
 1360.000000	7.0271715342867020	29.1395034573314149
 1361.000000	7.5320063388175393	43.4360402610567462
 1362.000000	6.1481573860997765	32.0984510269809675
 1363.000000	6.8123637361331060	37.2342541433333452
 1364.000000	6.9820934583299730	33.4165625485794351
 1365.000000	5.2578314711629925	22.5751634945173407
 1366.000000	6.4276419928304938	11.8786356153264876
 1367.000000	5.7733485274948295	46.3438746387945173
 1368.000000	6.7574605501941214	20.5503663755754360
 1369.000000	7.1180884150954551	33.0517565805899949
 1370.000000	6.2822548581940536	32.2436026956792716
 1371.000000	6.0630028813234356	41.2729700053659485
 1372.000000	5.7311082083413538	37.8971681820871993
 1373.000000	6.8115589119237825	38.5563957669045578
 1374.000000	5.0555733842740347	24.6162673054661525
 1375.000000	8.5519443958523773	42.3250494194492148
 1376.000000	5.7614525297977170	44.7347473187771811
 1377.000000	5.3850220916934157	41.4411915750320645
 1378.000000	5.2772317715134829	51.1521978558657224
 1379.000000	5.0297108476946226	45.3075922575233960
 1380.000000	6.3157225589416699	26.6778058647126386
 1381.000000	6.6396524469360303	63.4108296006393459
 1382.000000	7.3392996908876400	36.6391010880910244
 1383.000000	7.5025725673347639	38.6495576923173303
 1384.000000	6.3921300082271841	51.3907040344041377
 1385.000000	5.7783924591178470	34.6141856081854939
 1386.000000	5.3669696174316517	12.7329865703946723
 1387.000000	8.0462690545350224	55.5114036211697623
 1388.000000	7.0394508770585649	33.3732345470983773
 1389.000000	6.5114469586425789	32.2622753222362064
 1390.000000	6.8816675246395356	56.6162473890551752
 1391.000000	4.2426334953492679	24.8918229973523353
 1392.000000	5.0087103693434578	22.2004439248361507
 1393.000000	6.9875730918707468	18.8383365991782910
 1394.000000	6.8888365984957733	51.4584094773777565
 1395.000000	6.8482249356354599	42.5168328954210892
 1396.000000	6.1458167322696315	43.4635488803314161
 1397.000000	6.3715515600656500	50.3146069711868620
 1398.000000	6.4793308441329875	54.9472478240550970
 1399.000000	6.8701435952500463	42.0502086717924044
 1400.000000	6.1469518048229324	41.8241897869593799
 1401.000000	6.0362924452669757	37.1244476818833675
 1402.000000	6.7357563621089627	40.2391295410815246
 1403.000000	6.1208244944893968	36.1340670154351358
 1404.000000	7.2110678752820965	33.3393849356822614
 1405.000000	6.7859201108775942	43.4705378958084054
 1406.000000	6.6934186200393571	32.1855581435690681
 1407.000000	6.3536376959048360	40.4665916882806300
 1408.000000	5.8661658829061087	19.5396751554162336
 1409.000000	6.6507240243244921	14.3015059478588284
 1410.000000	6.7681571878330633	36.4260828557998195
 1411.000000	6.8296455607734066	44.1068647310444248
 1412.000000	6.8364388251756392	35.8074189516525507
 1413.000000	6.0990446671494682	33.2858762356254942
 1414.000000	6.6991388190529051	19.8443556617538093
 1415.000000	7.0320751736862688	40.2360721570569240
 1416.000000	6.8087035271071006	47.2236156797829096
 1417.000000	6.0688772442437671	25.4170323997117009
 1418.000000	4.7627804382837011	40.7164465312456514
 1419.000000	6.2917093701079274	24.4342489936700815
 1420.000000	6.2439302496268647	51.0345449712170591
 1421.000000	6.6918890022264907	37.2585226760124897
 1422.000000	5.9634732779712776	43.0258049223704973
 1423.000000	6.3963725556930990	29.5424706141389208
 1424.000000	7.3328584519291864	37.2430879300589481
 1425.000000	4.8081631275123176	49.0965521745071953
 1426.000000	7.2983551246063829	24.6331828630496261
 1427.000000	5.7478385387505613	59.4480012997124021
 1428.000000	6.2344950950652827	58.0773083513330732
 1429.000000	6.5799018987501405	47.3571223529126542
 1430.000000	5.6120352103854865	34.2196107538121623
 1431.000000	6.6689132831661802	18.8302757166245271
 1432.000000	5.4714025703443312	27.3527262911259470
 1433.000000	6.8415974922349108	24.2327833726632775
 1434.000000	5.2403350523899856	34.9460527557395721
 1435.000000	4.7935020926752188	42.2967796323993070
 1436.000000	6.6447087609794293	38.5321779810794283
 1437.000000	7.3073061437545430	32.9438639429837679
 1438.000000	7.0262025680962346	44.9074800080891521
 1439.000000	6.8895620634857959	37.5683630068737102
 1440.000000	6.5261384026024913	38.1052074987446190
 1441.000000	6.7083496871647830	47.7476226757728170
 1442.000000	5.8934579879766691	34.8982749863855872
 1443.000000	6.3747769464289634	53.0775375403626981
 1444.000000	6.4432811726965218	102.1714246508212511
 1445.000000	6.9844412158776175	51.7993199124151715
 1446.000000	4.9812403271499139	48.6159743349637097
 1447.000000	6.0374577624171408	52.1867541327327729
 1448.000000	5.1959256916684344	44.2111837820664562
 1449.000000	5.7026147889308456	26.6091578242543108
 1450.000000	5.7105912015207414	12.2415984451664883
 1451.000000	7.1187740432909274	27.5295070723394701
 1452.000000	5.8939462774849014	40.5043230462352994
 1453.000000	6.8210446187873801	28.3036246453425520
 1454.000000	5.4147546022302482	35.6530210963818490
 1455.000000	5.9074796022507066	38.0561960193545019
 1456.000000	7.3316045862981047	44.1820483244784157
 1457.000000	5.3733255116262653	26.0038770306717311
 1458.000000	6.3262512797774599	32.3407222619064783
 1459.000000	6.7154565265102342	28.4495895932771248
 1460.000000	6.6571292353017704	28.0699157951342784
 1461.000000	5.8436111319399151	91.1605207118199559
 1462.000000	6.7390622492764924	46.6431157538898447
 1463.000000	4.6857090764060416	21.0224618218223043
 1464.000000	6.8098259449952039	31.7756595867911074
 1465.000000	6.2552313868189691	42.7986940495510737
 1466.000000	6.0618276984782851	39.9310371400375175
 1467.000000	6.1870570139570473	43.2841273137301528
 1468.000000	4.7110711263548222	32.3036330853252593
 1469.000000	6.7926081871516235	31.5322253453642247
 1470.000000	6.2054894906697902	34.2043984111948589
 1471.000000	6.6815436106336641	72.0462459104695085
 1472.000000	6.7786135590344685	48.4458644381927854
 1473.000000	3.1919142500345208	22.5525452694099044
 1474.000000	6.5124676906397756	69.4733922635535492
 1475.000000	6.5281460498753328	50.7973100919949445
 1476.000000	4.4253467346269746	8.0583380951255776
 1477.000000	5.3578430830385928	28.0999871402173937
 1478.000000	5.1399382877932211	40.1383926765873582
 1479.000000	6.6205883647120851	23.6012599647128809
 1480.000000	6.8098995268858697	35.4566926416940760
 1481.000000	6.6144420725481456	35.2682014344809147
 1482.000000	6.2131325245102120	39.4813148796742439
 1483.000000	6.4176459187830570	39.9024812506396813
 1484.000000	6.6201336449528858	43.0145212787961952
 1485.000000	5.4914981789710282	28.9723721282341558
 1486.000000	6.6441270989592480	42.2665877420840275
 1487.000000	7.1780111170639076	58.4389481384983327
 1488.000000	6.0982639727008472	51.0146779535138819
 1489.000000	6.9879846610952363	34.0453688829962289
 1490.000000	6.1500046033850237	41.9995561529721328
 1491.000000	4.5821147008511351	29.5326691807011628
 1492.000000	6.5217060399062348	23.6526408463230950
 1493.000000	5.7072131278849287	22.4863492324284664
 1494.000000	7.2516378337181209	44.7773560672792144
 1495.000000	4.1354936476969417	38.9127845433871471
 1496.000000	6.5761446338816354	71.4552089839826010
 1497.000000	7.2675523811092857	47.4941065350916176
 1498.000000	6.3593079661752610	41.3133448487839416
 1499.000000	6.6342426058114974	47.7659114078238360
