 0.000000	9.7252559103445506	111.3973153708310093
 1.000000	6.6562185902074189	77.7920124122350529
 2.000000	7.9235217958284547	88.9364445197108608
 3.000000	6.5989237040179347	135.9873324513320654
 4.000000	4.0295448572991646	29.5993236038279122
 5.000000	3.8679970335127245	94.9164745819682310
 6.000000	2.8782321954662593	50.2138485186142418
 7.000000	3.5954662913564057	10.4065435941284647
 8.000000	8.6490323162630585	100.8589161578594826
 9.000000	6.0693792661314658	107.9925649459832471
 10.000000	6.7918554924893817	102.5145149750857314
 11.000000	7.8990180744419716	115.1871533221805350
 12.000000	7.2028398397772397	106.7665657748282086
 13.000000	3.0511027197039655	54.5485045302745988
 14.000000	11.2250228925099371	119.1996014924797294
 15.000000	8.5573418148556559	53.1467707807128278
 16.000000	9.8158930487118194	109.5491371973483581
 17.000000	9.4210083690299662	112.4077953693098806
 18.000000	5.6606533008333200	114.5604581742190362
 19.000000	9.3880011823508127	132.0312294720527007
 20.000000	7.1300824210027027	108.4942912750367725
 21.000000	7.5875769454763953	98.0626449919399334
 22.000000	7.7031100080382124	125.7121529222875154
 23.000000	7.6989547503124465	138.0116075181012434
 24.000000	7.8876781077134295	108.0364149377489156
 25.000000	8.0811882492162770	140.0772291584185041
 26.000000	7.5311637040224237	106.0280928741257327
 27.000000	11.6013680038549918	139.7644803016291064
 28.000000	8.1502351434414742	86.7037386702300807
 29.000000	7.4145711447210738	88.2048546620442551
 30.000000	8.1197132319575758	100.0004216849150538
 31.000000	11.0950935324305640	52.4285340455631257
 32.000000	5.9462081846066823	103.9480090214040615
 33.000000	6.6768300930473465	109.6934574440315089
 34.000000	8.9520385346406695	123.8150653889734087
 35.000000	7.5276025854321134	138.6057994900320409
 36.000000	9.2916194266364176	107.2098054876440187
 37.000000	8.7363908256007363	109.9015692327426876
 38.000000	8.4314834314700331	131.5184699788459284
 39.000000	7.2365615270525625	124.8434024458868237
 40.000000	7.0909137427141253	98.8821253770354076
 41.000000	8.4634881368157941	119.9270603168720584
 42.000000	8.6727553292463373	112.0297663199575879
 43.000000	9.3310437382333955	125.2769326329331250
 44.000000	10.8389768208279840	140.9551972296848135
 45.000000	9.2926423909674813	141.8432259616539852
 46.000000	8.4357702786042239	111.1029755213215822
 47.000000	8.2648924010330180	122.9111707590404023
 48.000000	8.2726561869669997	113.3285805852271864
 49.000000	8.1589207213248773	114.1980211944603951
 50.000000	9.1097575793343015	126.6515907367302418
 51.000000	3.7327994984839972	108.7494130840370303
 52.000000	8.6189160661975386	149.2310297474640493
 53.000000	10.4833874882870877	122.3433683235682423
 54.000000	7.1939830997608150	97.7388334998579040
 55.000000	8.6217055827726909	107.5293340058511689
 56.000000	10.9933510929171128	93.2559397589813983
 57.000000	10.7185872883727669	94.5909691457069783
 58.000000	8.3308649406572712	109.4736081135771570
 59.000000	8.8270960551415012	112.9126268552237491
 60.000000	9.5322954296164166	112.0971236807536968
 61.000000	10.0642049970777006	117.0936798138390031
 62.000000	12.7302684064659726	105.9504090210958935
 63.000000	8.9246671814627678	124.2080580656775624
 64.000000	11.8257305398788279	106.1634415020675277
 65.000000	10.4434262362391141	144.6920846642818219
 66.000000	9.3930920165730871	144.8845343666442886
 67.000000	12.9443097640400424	150.1824468444426088
 68.000000	11.5277468362909978	120.3686436489285256
 69.000000	11.0617830597877198	110.4725387836395640
 70.000000	12.6277836405408213	108.8841346987131544
 71.000000	14.9389882254722437	132.0750909751940867
 72.000000	15.9404488910955244	129.5410079734502347
 73.000000	14.8545169806115638	136.7228897740352522
 74.000000	14.8498056834942389	147.5352040746527678
 75.000000	14.6022590635362608	137.8109817979904506
 76.000000	16.4132166318319257	109.2489109927293640
 77.000000	13.9337224448322150	160.9648148216217578
 78.000000	15.5609038079616457	123.5059987694524182
 79.000000	17.1738079012231672	156.9370366232437277
 80.000000	12.6981464723402766	89.0746182290629207
 81.000000	16.5959052196047168	141.3038521469938473
 82.000000	15.7328151531986062	117.8491847748578891
 83.000000	14.6983687532161351	141.7052001281775233
 84.000000	12.5961791445087048	129.5259171530300364
 85.000000	15.2634571912739716	152.8933865712556894
 86.000000	14.4723055853273941	118.4184181304892292
 87.000000	16.1875782215779793	131.7673767628366761
 88.000000	14.1218917494299561	134.8364086551351306
 89.000000	14.6735815518666559	130.0865974569733794
 90.000000	15.2483079751191521	136.3392604997291642
 91.000000	14.7448167528961633	138.0353723614753108
 92.000000	14.8859741940992159	123.1447414298883700
 93.000000	16.2636861192141922	137.5827061735794530
 94.000000	16.0802488522042921	119.9133891594842822
 95.000000	15.4494458578468521	143.6163349970324816
 96.000000	14.3929283436638986	130.1779460473805159
 97.000000	15.4090987490256062	122.0757729038721209
 98.000000	15.5297944191655759	102.4440424897503448
 99.000000	15.2793183840805575	131.7562543551452450
 100.000000	15.5685495241312886	141.0196552130459793
 101.000000	13.6068324145188608	127.3896980896412003
 102.000000	16.5109239877501466	117.3512252014435830
 103.000000	14.6690513399895650	133.9192748359069469
 104.000000	14.0925838491041464	120.8850592502183758
 105.000000	15.7836721464772651	142.8512637125971594
 106.000000	16.3838427828443258	142.6102211670979329
 107.000000	15.6452932312148238	156.1802219180533484
 108.000000	14.7071778131350097	135.8648932907534856
 109.000000	13.4021498860495178	104.8218524024723735
 110.000000	15.6818520530186802	136.7961824192389599
 111.000000	15.9652161628791784	159.4382354391912600
 112.000000	14.6543260949882530	124.5527273242589104
 113.000000	15.0125777343123055	100.7235275884286381
 114.000000	15.4092882226081169	125.4852518590519423
 115.000000	16.3841227862818748	131.0564887115132819
 116.000000	15.9481021920795332	160.2286966944047037
 117.000000	13.6938527300213888	113.4658129157856337
 118.000000	15.6657569717683245	143.2750312820163572
 119.000000	15.6871687479793316	140.8694981885477944
 120.000000	16.8424622386391256	120.9749950467081305
 121.000000	14.6173579095447295	149.3095544259276153
 122.000000	16.8706978821275122	119.9005037080587641
 123.000000	15.4468689377639024	170.8766068789885821
 124.000000	14.8361734060829775	135.6594413052609980
 125.000000	14.8996923073766947	143.7631283507815851
 126.000000	15.8419830830317228	150.1840111666398059
 127.000000	17.4092352292048851	133.0951782641447210
 128.000000	12.6221736500786452	134.0509746433590408
 129.000000	15.8916584569981687	142.0681542055033901
 130.000000	17.1223538243324782	132.9458563224314389
 131.000000	14.6263762090790461	131.0129651585965576
 132.000000	15.5957117827515166	140.8454461167751219
 133.000000	15.3325478317810404	142.5952503916593059
 134.000000	16.1388750006768262	133.2761095790125125
 135.000000	14.9503328704568492	137.8720516629034591
 136.000000	16.0201526136209580	142.8170196939886978
 137.000000	15.5039211904103329	124.8328774607646778
 138.000000	15.5229507529757722	149.7242192539996495
 139.000000	15.0514522309456051	128.9401289176035448
 140.000000	16.5937790561432479	147.3873733399680077
 141.000000	16.3325307468356193	150.9213060980925718
 142.000000	15.2488123638463691	134.8575396404528703
 143.000000	15.3497634267549916	144.2409839534417131
 144.000000	14.3345325607740559	118.2287286411090719
 145.000000	14.5505024058010655	122.9500114631796350
 146.000000	16.1987212051292211	120.9723035088016161
 147.000000	14.2738488885062669	115.9828402771362477
 148.000000	15.8763493365322272	149.3016865086926828
 149.000000	16.7447684592231774	135.3522757286069123
 150.000000	14.2725206947675396	135.5829265493269702
 151.000000	15.5814073491957554	147.1370212307038798
 152.000000	15.4038716554678174	125.1089233320806784
 153.000000	15.0328877358320216	156.7393525409890742
 154.000000	16.0217225205678169	124.1894171841960315
 155.000000	12.7902884570033173	129.4105262343399545
 156.000000	16.0068995524653062	148.1761005262211768
 157.000000	17.3662308941186829	143.0651908882991847
 158.000000	15.0579934238641417	170.4301601330147946
 159.000000	15.5327139801723870	130.2891668963873428
 160.000000	16.2441741209893280	126.5148122397993404
 161.000000	15.7881479677794427	137.1641484541677869
 162.000000	14.7528573284794007	125.8892580048658374
 163.000000	15.9658499060007451	145.8103321712724494
 164.000000	15.1530358000480820	108.8526771526991155
 165.000000	14.9428237754245661	135.3597325726528879
 166.000000	14.2875392089180071	144.1419258260551715
 167.000000	14.2891927916505797	104.3739796131755213
 168.000000	15.4665813824171394	131.7073685425726239
 169.000000	14.1293532000175119	133.6530093625441680
 170.000000	15.5483246231142278	147.9535863546422547
 171.000000	15.8189208681346383	149.8641229918561635
 172.000000	14.6528989031604997	123.1452372996030533
 173.000000	15.8964308189846300	135.6344340245864828
 174.000000	15.2944889845757181	108.4598000394987309
 175.000000	17.1885855897921296	132.2563314203621871
 176.000000	17.5368330922877647	149.6740491348356557
 177.000000	17.3679096241602515	120.6753816793176952
 178.000000	16.8094752890458849	139.0812853554498929
 179.000000	14.3443692174227433	147.4904984762693232
 180.000000	13.6255266409992135	132.5108165717113593
 181.000000	15.9560484109434402	127.1824441009884197
 182.000000	16.3416877129907405	134.8371680787148250
 183.000000	15.7174111604882363	140.7175304539859440
 184.000000	15.4031536638567328	146.8140818880635834
 185.000000	15.9202182514430994	157.7799365470050930
 186.000000	15.6598098706981990	144.7702241353421755
 187.000000	15.9007628651654276	124.2438747044317324
 188.000000	15.2142873434097652	131.7626188607237623
 189.000000	14.1821794015198286	135.9083572946032064
 190.000000	16.3552258146729450	139.8353905904908459
 191.000000	15.6004967723746724	146.4899826341933249
 192.000000	14.9221730068308478	110.1411188149027112
 193.000000	14.2519291318499395	126.2331287116720944
 194.000000	14.6488434553430960	114.0464263077433458
 195.000000	16.9734237363351106	136.2194001270381136
 196.000000	18.3462927363929715	136.2771810612706815
 197.000000	16.9212377878293303	115.8036769325681092
 198.000000	17.9896133172950456	135.3411756526647878
 199.000000	17.2950269813837423	136.6160389561570128
 200.000000	15.7776077897189158	121.0328536923464640
 201.000000	16.1245944180869110	149.0182706919952125
 202.000000	16.9774915877834083	128.9478968815088820
 203.000000	15.9645473085808494	122.1963047847242763
 204.000000	16.7243867836980122	118.2893579748642310
 205.000000	16.2987051088179093	155.8130151928271800
 206.000000	17.1841392923383616	131.3144147339591541
 207.000000	15.4967803102732713	131.9988347488873615
 208.000000	17.7855949884615576	116.2941809027470015
 209.000000	18.4219432438465276	133.5591044437177288
 210.000000	17.4150496091052140	146.7678039986592182
 211.000000	18.4279033876153058	135.7869864294660829
 212.000000	13.5045503404081746	136.3521660575542853
 213.000000	16.3514330569414525	158.7003335975510367
 214.000000	15.9198892658750619	111.1360127207803572
 215.000000	16.5373221601411373	146.8189484043566040
 216.000000	14.8670949584759651	143.7419050432580718
 217.000000	16.7207698113569698	153.8554976085429473
 218.000000	15.4096138418647524	142.8799437555983332
 219.000000	7.8583994779415223	59.1532000067114154
 220.000000	11.4941244046663016	163.1119002280227619
 221.000000	9.8463032909450803	97.5630868889439853
 222.000000	12.1010147755992161	133.7708812417241120
 223.000000	14.3883429749096283	140.5167283217657825
 224.000000	13.8753627236925094	153.2692615683560859
 225.000000	14.3227529159564764	134.1202485515953242
 226.000000	10.8695172947836110	102.6421773229591423
 227.000000	12.0207891698458678	120.1549772262047782
 228.000000	13.3784160308927049	114.1581045634305838
 229.000000	11.8817151468439182	109.9858406056402345
 230.000000	11.6700951729591456	138.1524031133270114
 231.000000	11.3290529661500070	113.8784723832085604
 232.000000	14.7948735272905854	157.9290196049496444
 233.000000	12.3912582890233693	155.5913095973017448
 234.000000	13.0597450894593141	82.0946406566228717
 235.000000	11.1187578984188580	115.8574293956903460
 236.000000	16.4806260608441377	125.4306279310456205
 237.000000	12.2070853109265336	113.4513644028651669
 238.000000	13.9744231609352205	143.5515224682266933
 239.000000	10.3802524283590216	152.8469546179585450
 240.000000	7.1948914599153113	24.1030935781239464
 241.000000	5.9678912519059670	83.5148391082647095
 242.000000	6.5852766239486735	100.5242536880658832
 243.000000	7.1500196529754421	105.0221258789675858
 244.000000	8.6197384272329902	104.3634416562286020
 245.000000	8.7120337254840496	132.0813842826229347
 246.000000	7.4824032323074832	120.2324348596039840
 247.000000	7.3812989297849283	115.3691780601819374
 248.000000	10.0826689738190005	96.5431611242214842
 249.000000	10.3985372380182088	69.9091299038924774
 250.000000	10.8922554344656888	127.6794569478033168
 251.000000	9.0659915358665462	149.7285756983355895
 252.000000	9.0505582767489834	125.9994989846722859
 253.000000	9.8369497193748821	109.9856356919218001
 254.000000	11.0918674158317465	148.3822027585979129
 255.000000	8.2879261212066098	95.8461317275217795
 256.000000	11.5367826640730353	110.8492727033444822
 257.000000	11.4261855182631038	115.3471348581323355
 258.000000	15.3493677283524566	124.2852342640939298
 259.000000	11.3500720579764316	93.0284022767836518
 260.000000	9.1026550361888656	132.0693543423033702
 261.000000	11.2462698836024249	115.9347525841130135
 262.000000	12.6526392729339996	161.3871660013294047
 263.000000	7.3097447538823088	137.9163545341111785
 264.000000	6.4250879611276712	145.3353863956171779
 265.000000	7.6214964523812343	125.0703858990106880
 266.000000	11.1987591453663189	169.1840681088822578
 267.000000	8.9317736192302135	80.7139863450178012
 268.000000	12.0538749579135960	154.6127603421880394
 269.000000	7.9159853078346236	74.1607199519844897
 270.000000	5.9557635028226477	78.6114859616784258
 271.000000	12.4730224891705035	116.6997897514717977
 272.000000	10.0084573716134315	129.6973705888740369
 273.000000	8.2365079123287384	165.4428812312808077
 274.000000	9.4383918465793517	94.7408615711130437
 275.000000	7.1079641830705231	98.1385841683918301
 276.000000	9.5253814578826486	74.1444023001525494
 277.000000	15.0460040342184005	161.8275616123022473
 278.000000	8.8737892547963764	92.1288404707007800
 279.000000	9.9922013054220677	129.8006233328468682
 280.000000	9.2980878319337386	91.5888617153470648
 281.000000	8.4646034752472499	103.5502325269193591
 282.000000	9.2797808903080554	157.0870408877937052
 283.000000	12.2358660889167776	118.1294190240226527
 284.000000	12.2890121171636739	128.0458004264615681
 285.000000	10.0042541843134138	64.6487743688828829
 286.000000	5.8633448699851067	109.6597306385728245
 287.000000	8.8681356992259275	101.3679762523542962
 288.000000	6.4706354580360790	91.4205477282472430
 289.000000	7.3389030028462754	113.8178191435238205
 290.000000	7.4985751064034423	122.4734866877900288
 291.000000	8.4125126176689040	101.8141922068943330
 292.000000	7.5158787583786335	114.1126956010103584
 293.000000	7.5768403215069364	120.2583540946140630
 294.000000	9.0446359852297160	111.8443057104999383
 295.000000	7.0447468191091147	136.3373071632646258
 296.000000	7.8801866864577894	96.7125386429124347
 297.000000	6.8954965950925695	115.4379844245114555
 298.000000	6.3474450008448624	112.4680729870670177
 299.000000	7.0960954099233051	114.9237180477699098
 300.000000	7.9617815636234681	97.3629764170731988
 301.000000	8.2617389873391058	143.8473140702174931
 302.000000	10.9630248564458945	134.1358803597614155
 303.000000	8.2949341232676268	121.1219532580497855
 304.000000	9.5492249265081650	108.5065997472141248
 305.000000	8.3665836581346049	114.8346125326863643
 306.000000	9.7783275462292298	149.2601540502245712
 307.000000	7.6282811640677597	125.5705848116344043
 308.000000	7.5344465034970343	114.0109037104663798
 309.000000	7.6611721000714796	110.4959533851565112
 310.000000	9.2868138504645685	123.4090339304738677
 311.000000	8.6050091403272493	118.9378800961292484
 312.000000	5.4335006231862204	102.6904232654659950
 313.000000	7.9090320149644935	136.6875155277905947
 314.000000	7.8727803841615147	82.1130418110648748
 315.000000	8.9362719118765312	98.2866328298203911
 316.000000	8.4492739551308151	97.2005373474959100
 317.000000	8.9760341399119650	104.4747844931633978
 318.000000	10.1213391364954575	122.7856897152072122
 319.000000	7.4321358089307061	97.3725519896959923
 320.000000	8.4553913654756272	107.6844995160379312
 321.000000	8.7949443231893092	100.5924307147219849
 322.000000	8.4555178341625847	94.4491536727740879
 323.000000	8.5167428182410703	110.9213409308493112
 324.000000	8.9509587872485632	110.4860268594910480
 325.000000	6.8739727712249890	66.7323403138755396
 326.000000	8.9231586792649935	127.9884416349887601
 327.000000	9.0454021938743558	119.3552240602739403
 328.000000	10.4399697938420388	144.5569627972646742
 329.000000	8.3838048892765347	114.0797381010795419
 330.000000	9.0609455443920019	102.3231395430403836
 331.000000	10.3031368781462671	90.1929615684167914
 332.000000	11.4653570670366722	123.1835339119369621
 333.000000	9.7606029969598644	93.4283836065152116
 334.000000	8.0376286838657354	122.5377877333785364
 335.000000	8.9262175081621606	93.6095644589745604
 336.000000	8.8421818019802227	117.1211031050391540
 337.000000	8.5758554167686079	113.8246337910963319
 338.000000	8.9174421945053961	108.0186777660556317
 339.000000	9.3172009457731040	125.3054620151449967
 340.000000	10.6585714252584349	104.6080919686356197
 341.000000	8.7639666049772806	105.9412458327623625
 342.000000	8.3932226241558752	113.9415581165521161
 343.000000	9.2069900259764506	101.2036823451730783
 344.000000	10.8311038740485088	119.4916015021622968
 345.000000	7.5619257418703016	112.4618730833125539
 346.000000	8.8331087768246608	161.3153913592173296
 347.000000	10.2376839295567681	112.2860884049670602
 348.000000	11.7840890570826389	118.8666887329685267
 349.000000	7.6449994605929614	100.6759287708340764
 350.000000	8.7504313205999562	89.4864133850394552
 351.000000	9.5461993918004531	134.3976970609742523
 352.000000	8.8738182763297324	108.8481869827541431
 353.000000	9.9888128567037811	125.6358676058017068
 354.000000	7.4794892448498604	95.4259130455975537
 355.000000	9.2050381211960168	111.3414120084103729
 356.000000	11.2243382943030650	126.8958696548396148
 357.000000	9.2228805517215982	131.1539363502971582
 358.000000	6.5374518604522951	65.6706448627785164
 359.000000	7.7926234810544539	96.5654547686945364
 360.000000	8.0490673814417235	122.1964369507736592
 361.000000	6.1269821464939067	133.3475137501213226
 362.000000	9.5577371796079547	119.7143350837017977
 363.000000	10.1228633983136902	139.3295255099437782
 364.000000	7.1491986836862935	82.1204003348570239
 365.000000	10.5479691255783692	139.3440863304443837
 366.000000	11.2639933587880972	121.1296020767863695
 367.000000	12.4090108889360700	134.3519494690005729
 368.000000	13.5607721785627113	108.0850204520326940
 369.000000	10.7727044268824361	120.3085568898915909
 370.000000	12.0894841462076119	129.1718703799387242
 371.000000	11.0781637776492410	122.9986018961601815
 372.000000	8.0805942817021457	109.8035685440870282
 373.000000	8.1133909471601324	113.6643808247110599
 374.000000	7.9326036940818812	127.4254782119294305
 375.000000	8.5539257484411326	133.1847942165876475
 376.000000	9.2960911845107788	115.1587120680153475
 377.000000	7.9753694554896439	104.3774069475148139
 378.000000	7.7999675152775971	102.3904795743335541
 379.000000	10.3816945676709871	116.9060284116259396
 380.000000	7.4208303566111082	114.8583575619560122
 381.000000	6.9405179053171775	100.5646738974010930
 382.000000	10.7753551712482292	154.1615843174226939
 383.000000	8.4449641040305750	103.6469009507297727
 384.000000	10.0565044884973567	117.4893902928716045
 385.000000	7.6609806532131417	112.7334893523001824
 386.000000	6.1024865554143899	137.7856264564138371
 387.000000	8.2762777647011134	112.5271623330974080
 388.000000	9.1873345975021437	115.2202008708517553
 389.000000	7.9719410701031581	108.1092977877910926
 390.000000	11.3410062101042701	154.8849736236979595
 391.000000	10.0454393043589469	127.2083099119859213
 392.000000	11.1001117639109701	134.8528597475797426
 393.000000	9.2215100959512544	130.9890220525218751
 394.000000	11.0496998789134633	129.7819661631825738
 395.000000	11.3717237506032607	142.3354671162397835
 396.000000	10.0780460121776105	104.2556269255399286
 397.000000	7.4667199304464758	127.5511740190966918
 398.000000	7.2193068145105528	91.8291413020132410
 399.000000	5.8241470512186755	66.7910161719598392
 400.000000	6.5435539444489716	112.8041621890384505
 401.000000	8.9617446126124580	138.3261558175188668
 402.000000	6.7566483601821563	118.0230761023777717
 403.000000	10.2473283961668002	109.7557239795834079
 404.000000	8.0091304668266297	119.2317078596754385
 405.000000	7.3912576959783012	123.1451539064873941
 406.000000	6.0618695880982640	109.3355647222837632
 407.000000	12.1744714298232246	127.0231881276774146
 408.000000	14.3095425293159479	110.4315318585671548
 409.000000	14.1276112928074742	111.7254328555169423
 410.000000	12.8737715108942670	124.1964993076318251
 411.000000	12.0723292088371270	94.3812958031636668
 412.000000	14.0887026493102585	119.2483919707350140
 413.000000	13.7889885066339684	133.1591407575304515
 414.000000	14.6864190598667399	108.4279421527567848
 415.000000	16.2617100046533913	144.7474945642696298
 416.000000	12.5121960762704312	125.0577227885617049
 417.000000	13.1578261199344411	123.6348128392253045
 418.000000	9.8905643579814448	23.4979958991688704
 419.000000	6.2057593234911224	69.0473737547221873
 420.000000	8.7396304372037914	45.8616026002701744
 421.000000	13.9821559550085883	149.0596430072567387
 422.000000	11.7757056508210454	125.6249090716586352
 423.000000	9.4967811337577874	144.5788173841175421
 424.000000	13.9412092376544887	110.6054555740612813
 425.000000	13.8013171672225639	135.0341393092592170
 426.000000	14.6385872889414870	126.6599700967034607
 427.000000	13.4653969472413184	139.9445681730407500
 428.000000	15.3850535037821174	119.6936564790744200
 429.000000	8.4101109491871640	72.7695565678301364
 430.000000	13.7673544352657355	125.3721490566926491
 431.000000	14.3228303488662796	138.5448746514194340
 432.000000	13.4390074823891084	114.5279544864690706
 433.000000	14.2268212203403746	94.6026615727598141
 434.000000	13.0862428364405154	119.1245615627230450
 435.000000	11.9868455715322959	136.0365329467637139
 436.000000	14.5741725471656043	135.9545530756147969
 437.000000	12.7877966231730102	109.0328061991742317
 438.000000	8.8196054991090520	94.8016989356507338
 439.000000	7.6588024755444044	97.9447746452851931
 440.000000	7.9086252246264852	111.0463360556464494
 441.000000	10.6760933709303156	116.0896877556952234
 442.000000	8.5953861329278691	112.9820155144919482
 443.000000	10.9646929242677320	109.4641166075985126
 444.000000	9.8315867258915635	116.3752291730257156
 445.000000	7.6873454175911249	80.5577553363806800
 446.000000	8.6571367940122030	25.7951155445247196
 447.000000	15.1596331520108230	126.4745213441025129
 448.000000	9.3064964803967065	112.1143694694066966
 449.000000	11.4943336934100984	118.7029935692791298
 450.000000	11.9401503679065364	90.9476693265470999
 451.000000	6.9126334238987521	83.3824645991633844
 452.000000	9.8575589132052421	124.7868791946331442
 453.000000	9.0601900555730488	143.1433516270062682
 454.000000	9.0260661119505254	56.7429610452864353
 455.000000	5.9278900545250091	103.4093249911840502
 456.000000	5.5658740666529338	80.8770457288847240
 457.000000	8.5289202831167774	102.8000721163206777
 458.000000	9.4301339967351705	130.0417150010663363
 459.000000	7.7428866849092737	114.9151951707347052
 460.000000	8.1510442235117235	101.6692498264889224
 461.000000	10.0824944316592564	111.6171110057993587
 462.000000	8.5955250208815173	114.7775929568144591
 463.000000	9.6201554005082794	127.6995357758626142
 464.000000	8.5198900381298870	153.2647538870271831
 465.000000	7.7790498272324067	111.0517295173385577
 466.000000	4.0281405671596247	42.3929385443543367
 467.000000	8.6143716480200734	109.3332976584088954
 468.000000	7.9221718167338757	151.9907945092811303
 469.000000	8.8636963468898013	113.6027856910624223
 470.000000	8.4034838398028722	117.1596556517660019
 471.000000	7.4804307505768248	102.1201106838612844
 472.000000	10.3779674659911922	100.7655181886038491
 473.000000	3.7400560747561480	105.7996634262914455
 474.000000	9.3413722886285413	107.2712570221867452
 475.000000	8.6588570584058093	84.9907741349847612
 476.000000	9.3374512953148550	117.0180060885363105
 477.000000	9.0058846883558328	108.8258774315274167
 478.000000	8.7318627768714467	121.8138909169923636
 479.000000	9.1386070831116246	116.2397693658697335
 480.000000	5.7912360757455339	96.5761303619872820
 481.000000	7.9801650762773564	101.8932373749979803
 482.000000	9.7152310346014374	161.0026477334603499
 483.000000	7.8483119779069970	105.2611332633887855
 484.000000	9.2334304215318159	155.6409562110632123
 485.000000	8.8700100134318838	122.0386538710319400
 486.000000	8.9534828244399041	128.7300208937830348
 487.000000	8.9359230821274416	122.2603462743540774
 488.000000	8.7340533069525410	106.5245728228176318
 489.000000	7.6409149865682950	105.1011934814248718
 490.000000	9.4588446827269319	123.6110444040500056
 491.000000	8.7380037491773415	111.2660599729058646
 492.000000	9.3706735866572917	112.0966974355625609
 493.000000	10.4395283976692692	113.1070294176787598
 494.000000	13.2076871093987371	107.6561928631626444
 495.000000	8.6546937042039822	78.3920952049605546
 496.000000	7.6077913141428537	83.8609911334028340
 497.000000	6.7295673143748900	122.0521699028769547
 498.000000	7.4817603142406011	108.5874198041656342
 499.000000	9.1165138473764671	118.2565166362314244
 500.000000	11.2322609085057277	152.0596255198220206
 501.000000	9.8364048848993288	124.0807041504936734
 502.000000	9.4699349370469204	113.9775020037106970
 503.000000	9.4305638168463677	165.7410258568533550
 504.000000	10.8173993959461292	149.9789314845198476
 505.000000	3.7799723855680476	81.8882815199439591
 506.000000	9.0761263978995039	120.9171218734809514
 507.000000	5.5247648391438853	96.2439400521666073
 508.000000	9.9477163037997229	113.6611744440402703
 509.000000	9.5047699638568552	126.6830425756699299
 510.000000	7.4874368239163109	91.1590356265405575
 511.000000	9.3274212494907989	112.4887825723384225
 512.000000	9.4195202351634073	129.8537837047237247
 513.000000	10.3238360936125080	127.8657672833715253
 514.000000	10.9073390864386806	86.8141356868598706
 515.000000	6.8744491459862669	118.8431742797785660
 516.000000	6.7143540579292358	80.6072092394285136
 517.000000	9.3903731658344878	103.3953023581515112
 518.000000	8.9611559711159963	104.4894982574142119
 519.000000	10.3957377402259912	107.6861989608737389
 520.000000	10.1136974817229159	137.6025207420477443
 521.000000	7.3645820740726959	80.6810783249564167
 522.000000	9.9777059600048048	114.9600504708533038
 523.000000	9.1552817631055809	111.0319256484672081
 524.000000	8.7532579999200877	103.2561151479368391
 525.000000	7.8442943084209693	112.9224256601924310
 526.000000	9.1825698986240081	124.9640881119638038
 527.000000	6.9525662182560657	124.1551925709315043
 528.000000	7.0899656391590087	121.1405130425038692
 529.000000	10.0423340679591409	132.9197167391437517
 530.000000	8.3709992963128563	118.0985002960246959
 531.000000	9.7330527097694830	103.7182267277541285
 532.000000	7.6325989173900526	122.8639879102377961
 533.000000	7.3434148661683727	103.7747601601379017
 534.000000	7.5293960902173591	121.1388983294320951
 535.000000	7.3084387391701950	118.4437560494631612
 536.000000	10.6559663131834306	146.8449921540043874
 537.000000	6.7398383441470022	119.1574544272253888
 538.000000	7.2494546458294318	95.3003056186660018
 539.000000	6.6881031586991240	144.1963733632686342
 540.000000	9.0561852499645710	130.0188112045083244
 541.000000	8.3288118836219418	112.5252362694701134
 542.000000	8.7564607382959867	90.0239755391518770
 543.000000	11.0375963680206439	122.5418951729335220
 544.000000	6.5201352977408416	93.3485545282242128
 545.000000	7.1896842710601661	109.6086709188788575
 546.000000	6.9928585733749129	112.1219296130297067
 547.000000	7.2886104514121302	122.3548095030689495
 548.000000	4.1320329304605030	60.0928413782534392
 549.000000	7.8723177781431577	99.3973804881192251
 550.000000	6.8351317239642251	112.0424038189773199
 551.000000	8.8117645455530091	121.3433036957898139
 552.000000	11.2822365134957003	145.2049959930929788
 553.000000	6.7787954089744415	140.8246556596359937
 554.000000	9.1771934920889571	135.8353601209926467
 555.000000	9.2904423860305467	119.0100765470308772
 556.000000	10.3413827098115298	114.2154554967579969
 557.000000	10.0698619904710256	116.9225598518709432
 558.000000	6.9770099209189347	119.7786443345597434
 559.000000	11.8601363821941224	96.5126312509861606
 560.000000	9.5441891781764063	100.0081776316337994
 561.000000	9.1379918018933441	21.9727955920475324
 562.000000	3.4456596162060644	83.8718964670679981
 563.000000	3.7653485297863494	90.7874552868867255
 564.000000	10.5851480670209508	99.8761900654770756
 565.000000	10.2207437803284424	138.7128360299194298
 566.000000	9.3181310229735033	125.4518308057537865
 567.000000	8.3179096905292109	116.6091266762692555
 568.000000	9.5810032619085472	112.2047272849504935
 569.000000	7.5583884289069561	120.2902434795414024
 570.000000	8.3795866352079198	117.6170011646944005
 571.000000	8.6095493316127349	133.9223331050968113
 572.000000	9.9513475220017060	120.8836423288138491
 573.000000	7.5391927745115854	110.7025524505909715
 574.000000	7.8750724744630514	147.5180085464816955
 575.000000	8.6206055619130630	116.8620456899816844
 576.000000	9.6671607494252374	99.6123941646608984
 577.000000	11.5906180737706883	116.0193607321977964
 578.000000	5.9920121299979678	78.1659210297070359
 579.000000	4.1662826626457674	96.0043084414109131
 580.000000	5.9152830188042325	65.3772816492167266
 581.000000	8.2743343282850290	128.7704752444844303
 582.000000	10.2245812890165517	146.6526464637776712
 583.000000	10.3224088650045491	115.4449838816427416
 584.000000	10.5595273083745553	118.7520934680207461
 585.000000	9.5870495961935323	101.6915166401140311
 586.000000	9.0901948192608302	101.0420464107086076
 587.000000	11.1487978714795730	133.1671748389255185
 588.000000	11.6831185043088386	110.7917509914711189
 589.000000	9.8928402549727039	81.0819558071623447
 590.000000	11.9929936990343933	146.9921296520429337
 591.000000	12.4626777934138140	143.5450130906872914
 592.000000	12.2504641291880105	110.9247314757128322
 593.000000	9.5803212087281580	138.6580931106784931
 594.000000	8.5252981134186783	123.9379658343549409
 595.000000	9.5601246982182406	112.6577293702599860
 596.000000	8.3109732820359969	106.8608199741701554
 597.000000	9.1909666211357717	110.0820738832932761
 598.000000	7.8491173885510612	106.1329327630505333
 599.000000	8.5781101594529048	98.6457451735405897
 600.000000	6.5254305181020040	99.4205310611908430
 601.000000	7.7061305173160655	99.8838877037911459
 602.000000	9.5380472895296595	120.1500060059475743
 603.000000	10.2991179334821208	106.4331414188182947
 604.000000	9.4936439296063000	114.3098331807583321
 605.000000	9.3675136089873998	125.9565832274078900
 606.000000	9.9137594580133914	126.7896111834744488
 607.000000	8.5995369674366859	103.7484013648557521
 608.000000	7.4181614594083536	102.7690195181671982
 609.000000	10.5517055436944709	146.7318356274680298
 610.000000	7.3966995095098484	113.2784930970636594
 611.000000	10.9714948451494365	121.6512445213224964
 612.000000	10.0089509395392060	133.8157481823352839
 613.000000	9.8692116896506725	117.9614824752298006
 614.000000	10.6441685073494554	134.4137351323261953
 615.000000	9.8285890271711640	128.0822286964537398
 616.000000	10.3777730786955846	130.3760005579481174
 617.000000	12.6547127200229284	103.3177167943586738
 618.000000	10.5093483337872833	111.4790807279319580
 619.000000	11.7002365663591981	124.5955005687112873
 620.000000	12.6545007918221213	115.1200721489868926
 621.000000	9.7724577664582650	99.9472365795183322
 622.000000	9.7628487760425866	101.3733842472970963
 623.000000	8.9464801479242819	108.2623883020937967
 624.000000	10.2528861338306179	165.2013401475045669
 625.000000	12.8947972138705751	117.8074985593509325
 626.000000	13.9065387353798027	112.7978740808127895
 627.000000	13.0725911841357014	102.5831146567760044
 628.000000	11.8757364079158041	113.4245636232020615
 629.000000	11.8107461736116708	100.3137896120514370
 630.000000	7.7788530869822843	118.8397886603632116
 631.000000	6.9874755036165430	122.2622987502045646
 632.000000	10.4377615891030366	94.7102014481284158
 633.000000	14.1332346188403175	121.6136741659733502
 634.000000	13.1244501213451805	103.4149341201945589
 635.000000	12.8254397119995218	114.4602388803922963
 636.000000	11.3788594758425834	123.1625413000117248
 637.000000	10.8512996941638331	122.0555485474075681
 638.000000	11.0901190568049923	143.1308121786481991
 639.000000	12.7559796459637553	141.7053080105267497
 640.000000	13.3938647191191773	111.2948850430388035
 641.000000	13.7488061001702810	153.0516230632555619
 642.000000	14.4486940929237289	127.2107448930610190
 643.000000	12.3962340493284504	108.4225159838751864
 644.000000	12.7539345365720873	110.5800513792672888
 645.000000	13.7251337850351014	116.9808249785929206
 646.000000	12.3655319405152202	100.8095103143364923
 647.000000	8.6921788345957403	134.8661405012968260
 648.000000	9.7620024321427206	130.5564488562432359
 649.000000	6.7638121102653566	95.5382614820169778
 650.000000	6.1629762522391589	110.0137208356748033
 651.000000	7.6094186658632736	132.6903784638728609
 652.000000	7.9923193819567544	127.5712761510704780
 653.000000	9.5520430365317264	146.0372755956790058
 654.000000	11.0650213115628340	114.9673806361083734
 655.000000	8.8256919502982800	109.7166711423908509
 656.000000	6.9059703907579797	80.3397972969373200
 657.000000	8.0914040766364028	114.8499456041468250
 658.000000	8.0200740032518070	109.0545032840027204
 659.000000	7.5941339517929141	126.3784872763297926
 660.000000	4.9128710974707843	10.9298820337489531
 661.000000	8.2026342267528332	128.3959651738665002
 662.000000	7.9114920333585781	114.2121727718509305
 663.000000	7.6813773318999594	131.8247379852330141
 664.000000	5.7893257822707351	103.7314994591802275
 665.000000	5.8987504782939135	113.4364704052369603
 666.000000	7.7784367741023610	145.3445374914702484
 667.000000	6.3517167874242020	104.8882100534635811
 668.000000	6.7173538946981735	129.6576117838131950
 669.000000	8.0663657222620806	125.0003466869376751
 670.000000	10.3371876358464121	103.1875272819176388
 671.000000	8.9063965148715880	135.1169523117521862
 672.000000	8.5655047288144548	161.4170422995249226
 673.000000	7.5737127115590877	131.6322063441506316
 674.000000	7.5213588898182193	109.7754334928963402
 675.000000	8.9198449989320920	121.2681561448430472
 676.000000	8.6153477557750477	130.5849604980733716
 677.000000	9.7775686062307745	129.5573327411800904
 678.000000	8.9852610319284700	148.0691735037462990
 679.000000	7.5310165743725106	122.4547247230619291
 680.000000	6.9937513031938146	147.1963614085289862
 681.000000	8.8018625199952112	118.7324334239184935
 682.000000	6.4900873001293000	131.0872637537066794
 683.000000	5.8907724643499702	108.4296653411162197
 684.000000	8.6315006095350419	110.5976385636237183
 685.000000	7.2052605387468951	112.3036952789926772
 686.000000	3.3268953070022564	30.4246692793569480
 687.000000	8.0224975909542806	150.7020053336416936
 688.000000	8.5603773932723808	136.9211297104568530
 689.000000	8.3380747661047874	145.5303626389623446
 690.000000	7.8543937370230523	139.7390727365840917
 691.000000	8.0721483335432609	117.6387804062547247
 692.000000	8.6825123698243303	123.7991416098482489
 693.000000	8.0242451152339367	127.0421672266375310
 694.000000	8.3842336936289179	121.2811847563301626
 695.000000	9.5836687448326536	121.0907285263493804
 696.000000	9.7077160893598204	126.6797068554074599
 697.000000	9.5848897969646938	125.8744346388286175
 698.000000	7.6292386001607131	128.3943574225808959
 699.000000	3.7863928674111293	106.2978202096593066
 700.000000	4.1558589392209173	109.4443493291671956
 701.000000	3.5644728202599234	93.3079803987905905
 702.000000	7.3277414455770113	139.7650864159284652
 703.000000	9.4527666818159855	122.9654774071377403
 704.000000	5.9926963822830226	138.2970678464956507
 705.000000	8.6112650857752193	117.4475879174496811
 706.000000	7.8580189940128111	111.3029663781132683
 707.000000	7.6198639231297856	120.2346086043788205
 708.000000	7.3306261247640689	122.0855881119306900
 709.000000	7.1436676234340615	135.2070306626985996
 710.000000	8.9978645513890925	106.5041502690966979
 711.000000	14.1587065984975382	136.2115855816518888
 712.000000	8.2162971627935946	36.8725382307220571
 713.000000	4.5286059342603986	100.2253864766477847
 714.000000	4.4909154974888637	83.6439966725189521
 715.000000	6.5152293863868831	133.2753168208483601
 716.000000	3.1708676402212315	21.1565129722471283
 717.000000	7.0636762277287062	120.2472729703275718
 718.000000	8.1333014335078921	126.7518950190928564
 719.000000	7.4162161949166769	126.8463089082684405
 720.000000	6.0025461015258212	100.1961946926566469
 721.000000	7.9779028550829834	128.3553977932494377
 722.000000	7.2841398763532501	119.1983809478274026
 723.000000	12.1719383236391980	103.5305045687968004
 724.000000	8.2958147694155038	104.5198677622991283
 725.000000	10.3816999075442169	128.3478400383095561
 726.000000	8.3006127000562788	139.2035943477084743
 727.000000	8.6345730110488059	116.2090490422833966
 728.000000	9.8902447125272257	151.4897531780016493
 729.000000	7.2162718991789960	79.5387085856462903
 730.000000	8.3236187012889484	94.4168439270050186
 731.000000	6.5010261087281256	113.5440216965711500
 732.000000	7.3124403140835925	113.0292681730902871
 733.000000	7.2010542218006979	125.8247125710406493
 734.000000	7.9575442863141381	108.1760529869675338
 735.000000	6.7893343917280706	130.4053204391963163
 736.000000	8.0483860848993594	100.4776271443705866
 737.000000	3.9567282433249344	97.3151387936605090
 738.000000	3.9498682143394284	113.0448376919201081
 739.000000	4.2044656468652217	106.4425386885771445
 740.000000	4.4480822899736179	102.4703163041709360
 741.000000	6.8660595549783432	107.1721422253230571
 742.000000	6.8180589340350295	121.9899995308027769
 743.000000	8.3861359592610185	129.2086686968820857
 744.000000	8.0450001532282656	121.0263276194923918
 745.000000	9.7054201184464794	106.8653657504335399
 746.000000	8.2816518681881117	127.4002529589162549
 747.000000	8.1333712285618205	133.2966102565461597
 748.000000	10.5701952825518593	128.0083718167616951
 749.000000	7.5445356137499031	92.8936435487321148
 750.000000	7.7492810087941111	134.8849247078842950
 751.000000	6.1969575017533653	128.9326761348760613
 752.000000	7.4041685660286980	105.8304546886066930
 753.000000	8.4110040017621905	93.6413114778663811
 754.000000	8.8187471370350980	116.5571139197510746
 755.000000	8.6557532491124878	128.7277279721777745
 756.000000	6.8779309439969829	113.7961390194135447
 757.000000	7.2598273199289505	126.4128988788166055
 758.000000	10.2991857155491786	115.2735233338092371
 759.000000	8.5435815907599277	131.0777826407228588
 760.000000	10.2492324566595236	127.1180869234465831
 761.000000	11.1793673831883513	120.4181209277934386
 762.000000	7.6732243731338032	139.9916694000360735
 763.000000	2.9836050588264511	74.3044164370531490
 764.000000	8.1776361173592633	140.0052137000907635
 765.000000	7.2344027318911266	105.7087755821382302
 766.000000	7.4172291623813882	141.3178915534044222
 767.000000	9.1239432496964010	145.1943583318953870
 768.000000	7.3945869015638666	122.8872465512089889
 769.000000	9.4525886108063464	102.9857176728377510
 770.000000	8.5287750719348185	105.1632915136867865
 771.000000	10.0314526908682513	138.7102814303662512
 772.000000	5.5423295267748491	98.2389263340819383
 773.000000	8.0430726667269692	95.4454318100639938
 774.000000	7.4591496797374557	111.4760040731101327
 775.000000	7.1704825594201935	108.8472206107325064
 776.000000	8.1487553735373357	136.9223881213950165
 777.000000	7.4720756857426318	118.0146944963474596
 778.000000	9.4969856816896474	124.5285907545274142
 779.000000	6.4951046283048202	100.5830668552553249
 780.000000	9.7449127247356611	111.9443166253898312
 781.000000	8.8234074881885096	126.1451658670107747
 782.000000	7.4430873515888223	102.4621357443360949
 783.000000	8.2973676197397488	163.8376648325335623
 784.000000	9.4081314775328213	139.8725846111208853
 785.000000	6.7844379598366205	110.7421713281492259
 786.000000	6.8808597422408635	109.8284361210616993
 787.000000	9.1675056349363899	127.2815562988622418
 788.000000	6.9394926479719103	136.4070809843013592
 789.000000	10.6804174634259823	116.4301468394031360
 790.000000	7.0624710121926126	127.3858769164417026
 791.000000	8.6074835636057188	125.2303963659812638
 792.000000	9.9897639019050928	126.0834174219446311
 793.000000	8.9911123036581646	129.5963814546822448
 794.000000	10.2811328964123074	110.5607803989466049
 795.000000	7.7261223525290932	80.0405037468177198
 796.000000	10.3386030838073388	131.0172397455509099
 797.000000	8.5788643308230217	137.0944809309938819
 798.000000	9.1090056079203325	120.5163833732751471
 799.000000	5.5272729448480282	22.2739155358433152
 800.000000	7.3031702215345629	96.4365456887406651
 801.000000	6.0768236405370120	38.4880196481094572
 802.000000	8.2710980462815318	92.3987009764061753
 803.000000	9.2768189810780033	114.0834975659916779
 804.000000	8.7534918992137154	106.7830553182979969
 805.000000	9.8839982311674035	111.7406724497848245
 806.000000	11.8441352393556709	101.1370424994124448
 807.000000	8.3332365879615846	117.7765399432388449
 808.000000	10.9315010544202167	128.4049533228804592
 809.000000	10.3749893782600733	119.0618248458997641
 810.000000	6.9466135091919368	105.7753593073944387
 811.000000	7.2929661271886408	114.3623589758885686
 812.000000	7.4741055953006699	109.3758469617978335
 813.000000	6.5420815885035921	93.4846060743180090
 814.000000	6.9702728122403128	91.3870240131826392
 815.000000	7.5648960839799919	105.3536284476459741
 816.000000	9.5892703935430532	121.1097374518197967
 817.000000	7.8597050224831522	128.5895132169914632
 818.000000	8.0755974294056188	98.3051782263967908
 819.000000	8.3320769781273007	114.8633586082745524
 820.000000	6.8706393896543565	134.9483721746294123
 821.000000	6.4231990748139376	113.8305148122333605
 822.000000	10.8933058071057776	75.9334364072052210
 823.000000	5.7146084659837761	111.6387968364827685
 824.000000	6.3945771125571458	130.0278420112190929
 825.000000	6.6360294096614600	130.6933780635919504
 826.000000	4.2962436112606746	81.1019708271571318
 827.000000	8.2571994864076164	110.8265570051289188
 828.000000	8.2687682230543107	110.1875517359035541
 829.000000	8.5992646351037347	100.5876375307085340
 830.000000	8.8734138212973015	98.4491727266348562
 831.000000	6.6067649902524401	135.7144569900923443
 832.000000	7.2864258024486608	113.6876897497208603
 833.000000	4.2674653841861012	93.7388373082528688
 834.000000	7.2940989431836778	108.5174056673632776
 835.000000	8.0164053187557993	123.4614400193827350
 836.000000	8.0377581752104366	121.5218355051330832
 837.000000	11.0035137237752654	134.9580703136943498
 838.000000	13.7719290253221676	129.6596681036461973
 839.000000	11.6210485807493473	117.4878139220561195
 840.000000	11.5411926013341191	115.8176433267704653
 841.000000	8.9209065284779836	101.3422433471933033
 842.000000	10.5828803906460749	110.0272807898773664
 843.000000	15.1378160688284833	130.0094321769878150
 844.000000	16.7991576064675563	116.2552319930870510
 845.000000	16.7465973676691000	131.0215074919750293
 846.000000	17.3001510582334532	143.1546382317137045
 847.000000	15.8335306380614647	144.5231171962849430
 848.000000	15.9237222594289207	90.2178683903659930
 849.000000	16.1986774344275020	129.5231826722633741
 850.000000	17.6526482884854765	145.3713463062338747
 851.000000	16.6303157453727053	129.3281193073417796
 852.000000	17.0057026637477655	156.4116874251315323
 853.000000	15.4960327464033139	92.9550539416071757
 854.000000	16.9529627049381268	145.8570958091768546
 855.000000	17.5696951737821330	131.2663384440048446
 856.000000	15.6196063083845509	109.4261780877989025
 857.000000	15.8120919923818501	132.6488428989080148
 858.000000	17.9040212723537095	154.7909456986915870
 859.000000	17.0488852375525717	122.3762625282485601
 860.000000	16.2372516789080237	119.4364856347184372
 861.000000	17.4235854397820233	166.9925694512814971
 862.000000	17.0106829965675388	116.8329855632201770
 863.000000	17.1133082085045913	165.3090953028454066
 864.000000	17.3288935804553006	150.9513958406677148
 865.000000	16.3816815736995487	110.0706090987986983
 866.000000	16.1226988658202295	145.8752116936967127
 867.000000	15.3413387363883995	125.6436341709810023
 868.000000	11.2637805347085465	95.3346363334613898
 869.000000	13.9356134961301095	92.3729153526624600
 870.000000	14.9245649746968283	132.3106974337963493
 871.000000	12.6951543548557524	59.7745186400940298
 872.000000	12.0884643823323863	114.8291079697344514
 873.000000	13.1544520853964162	135.8429771753019395
 874.000000	13.2442447289802754	75.0111871111612487
 875.000000	15.8211490141933275	110.9492807851778338
 876.000000	13.1470000048759879	94.2200689907233482
 877.000000	12.2222474800571703	138.3780032503780433
 878.000000	12.7104547514375774	134.9676731094893114
 879.000000	15.6963159768226497	128.9834507378115802
 880.000000	14.7057928793955721	126.6644947266467227
 881.000000	17.1451449373725566	127.6350796319889582
 882.000000	13.6709263828349403	129.4281905424980152
 883.000000	10.5201510560074318	113.8202522300798165
 884.000000	13.6573025776967256	114.2031762351620046
 885.000000	13.3391191569604821	111.0696847170079735
 886.000000	13.7774589648325243	139.3873930623515491
 887.000000	13.5432516579519220	129.4116687637550172
 888.000000	12.9406769789040954	103.3290839405992187
 889.000000	12.8611881331176487	112.0697548667593679
 890.000000	16.1154536939104460	114.4713620197554036
 891.000000	14.3020611560025568	119.3637439004668295
 892.000000	11.3581902731839826	99.0468622175284565
 893.000000	10.5372181708982975	85.5567578167968037
 894.000000	8.4298747359923727	108.7841300949192913
 895.000000	10.7714834259013656	85.0674234408361087
 896.000000	11.7716835403301996	89.4377961026569608
 897.000000	14.0447737281076819	103.8889555253080630
 898.000000	11.5982805128278557	96.0416700622512423
 899.000000	11.1133070562038032	117.5378432782167408
 900.000000	14.5868855093123031	149.3128854642163788
 901.000000	13.4417532746419877	144.1337203218602383
 902.000000	16.4386320697037291	148.8218910446176153
 903.000000	12.7630155066095572	126.4579714393705530
 904.000000	14.1649621900065288	127.6308506487669092
 905.000000	16.9972891292298129	127.2996139661874508
 906.000000	11.9217552721040967	101.0674634787249175
 907.000000	14.6721473313172108	127.7421483176276240
 908.000000	13.3409359019602523	114.7151964262090473
 909.000000	19.1331800274445278	150.8499789956565280
 910.000000	15.3767189126690358	114.8305641492845126
 911.000000	16.8612099102070374	131.3372720294431986
 912.000000	16.1731815047584462	137.8577205121754332
 913.000000	14.7331149241707671	125.5323863171219898
 914.000000	15.4684013533908509	130.7735111167483524
 915.000000	14.3102155395815185	121.3544168367118345
 916.000000	14.6428001333461246	116.5298031770858245
 917.000000	11.0440930953947731	108.6960212727047406
 918.000000	8.0006087215056656	72.1391963966284919
 919.000000	9.0730018221597675	110.2642354302777221
 920.000000	11.1157374990174027	124.8606014478642692
 921.000000	8.3427578539703759	75.9162143264007341
 922.000000	15.6062969676302874	120.5386767991942207
 923.000000	11.6671956862263713	110.6590369361085351
 924.000000	12.3155235200235396	126.6924982177123979
 925.000000	15.6284923540104135	115.1810344265907702
 926.000000	11.6240965630374244	80.7943455359213516
 927.000000	11.4993196934661892	123.9572348037667666
 928.000000	11.2626583692605760	93.4222898182754449
 929.000000	12.6990074807188016	107.0799064474800986
 930.000000	13.5931085397158355	111.6600413907199965
 931.000000	12.6514475034301608	126.8477311889479608
 932.000000	13.4186459378966383	102.2623184654847819
 933.000000	12.6422439349677447	118.6474968480892471
 934.000000	9.6286484188181003	106.9618854580900802
 935.000000	8.1454763380666346	104.2424769565170095
 936.000000	10.3634044495607576	132.8481457123043299
 937.000000	9.6783605324047599	115.6455343727026843
 938.000000	9.6900480411932435	141.7010314802266748
 939.000000	12.7265981595088888	111.4930522449438541
 940.000000	13.3063162799421999	117.2082289270984887
 941.000000	10.7516825041978397	82.9757941321507815
 942.000000	10.4259403681940981	105.6439498005202893
 943.000000	9.8385501523653627	128.9958429679536778
 944.000000	10.3344041014813399	130.8335552109879245
 945.000000	10.9537002383889277	100.0626772824054029
 946.000000	15.1049457196298693	139.8740839967801151
 947.000000	14.4052368572590517	120.2530651501802197
 948.000000	10.3302246945506564	100.0442970996270873
 949.000000	9.6673368866468170	107.5220920513422271
 950.000000	9.9158258046556185	119.2507286602468497
 951.000000	12.8177014128143156	133.2778999673287501
 952.000000	12.7310066255337961	110.8485667456000243
 953.000000	12.1413896329909949	117.0295008528198366
 954.000000	9.9176201353394475	108.5311202755081865
 955.000000	14.0448703356519573	100.6473167240777258
 956.000000	9.1748523957124011	99.7382554059592508
 957.000000	11.2584098631917779	111.0576020646606992
 958.000000	11.7035171735524077	138.6426761859574128
 959.000000	10.3298271016254564	100.4037451305303676
 960.000000	12.9087986679739330	105.3000848398395135
 961.000000	8.9225746414147853	82.9332629300913595
 962.000000	8.0582463359438101	49.6349265759275227
 963.000000	13.4520956453580816	106.1377382154010292
 964.000000	7.4841804811369546	37.4575410719417050
 965.000000	11.3344194968610719	107.8172611845401434
 966.000000	11.0622474549327308	102.9109936867583599
 967.000000	9.6549376644566944	97.4567560656524989
 968.000000	9.9634960606747640	99.2239261554218217
 969.000000	7.6279701678916654	106.1266544342595921
 970.000000	8.1536225968230074	138.0597917584846641
 971.000000	7.5333266349963823	127.2787669885596529
 972.000000	7.2314704425727054	115.7795397899004257
 973.000000	8.3573521020423325	144.2362715894449821
 974.000000	10.6889080625030584	165.7881399290474178
 975.000000	13.1948653227255033	150.6892030163424749
 976.000000	11.8442771660806763	112.4817693488578101
 977.000000	8.8498106377535155	91.8374178618255002
 978.000000	10.1305265218148293	102.1707927058738505
 979.000000	12.0562267291727174	124.9616759055188027
 980.000000	8.0642044681559568	99.3474346854844015
 981.000000	8.4524629569059684	128.2791226725724414
 982.000000	11.8365327371045819	120.0968805067688265
 983.000000	10.0619544885182872	107.2006124611244360
 984.000000	10.8951287220344817	127.3996185717962817
 985.000000	11.0382776377641232	101.3413670579178216
 986.000000	13.2207802145237974	110.5964548596435151
 987.000000	10.0659469077972688	89.6939214277388146
 988.000000	11.8829033919749598	120.0866721421734553
 989.000000	5.5438883333510338	95.1681283958748594
 990.000000	9.7909686456147256	103.4313968398732158
 991.000000	9.3247781327454327	115.2712404381059201
 992.000000	6.1153540246640876	86.8297342681434117
 993.000000	4.7290618689766335	47.3917598319354738
 994.000000	8.2288805769019078	117.6778517080189204
 995.000000	9.5764373747976137	150.6555766835554664
 996.000000	3.7335764383854220	98.1365476111546968
 997.000000	7.5363490305787835	115.4426588755741392
 998.000000	7.9614085717676986	142.6915479039228671
 999.000000	10.0009249198549419	123.5418474444089156
 1000.000000	7.9486276778360283	110.1787788353929471
 1001.000000	4.5819356482675682	110.3536191909096260
 1002.000000	7.8859484810518250	105.6034026699603743
 1003.000000	9.6428347487267683	111.4060105414610433
 1004.000000	7.3700191574200682	121.7224269377995967
 1005.000000	7.6442681498042422	124.8938507223910079
 1006.000000	8.1797839150614102	126.2464724207510045
 1007.000000	7.3666064451105928	98.2772171383228681
 1008.000000	6.7593628800067602	128.4112663198667406
 1009.000000	6.1278580493047530	118.7931308876802348
 1010.000000	7.7250386800236051	114.9081342203387237
 1011.000000	8.2141681880541224	143.4082584454363314
 1012.000000	8.1446123534918300	132.4156851620931548
 1013.000000	7.3152812492635899	107.5141146012579298
 1014.000000	8.5036618659015915	115.1768633102035722
 1015.000000	7.2230618577847743	141.4728038038983584
 1016.000000	6.2345083953644469	98.3219716766486869
 1017.000000	9.6885341554679716	91.3085850118254996
 1018.000000	8.9335985598852030	103.9579425860112138
 1019.000000	13.0577200162418467	119.8411411975212673
 1020.000000	10.7245612438950673	104.0720666220537964
 1021.000000	12.9324738740286325	92.5989994882037735
 1022.000000	11.9583386365859869	119.0725910703336581
 1023.000000	9.5163275754984689	98.9832902432715116
 1024.000000	11.3146047873721205	109.6309876237484104
 1025.000000	6.3466238552301597	142.5345530555488835
 1026.000000	11.0229750508318460	113.1732154897068625
 1027.000000	7.6295995445165063	107.5614282188271176
 1028.000000	9.6868124174252728	129.3908589150688044
 1029.000000	10.6701045069280624	119.0949967749209009
 1030.000000	11.0404169156051513	126.9163517079758208
 1031.000000	11.7647604220124897	131.1249427892452104
 1032.000000	11.3639605188710959	107.1753708553720088
 1033.000000	10.8487394951457237	100.3820447261766020
 1034.000000	11.2328970513405206	123.2600488969449941
 1035.000000	11.1720613776953090	126.7799129599834913
 1036.000000	9.4373498799641187	129.9419817918495141
 1037.000000	10.4152216161494202	102.6463582741535845
 1038.000000	8.5059758708312003	113.7704460280765488
 1039.000000	10.9417074314957894	147.4675367261674523
 1040.000000	7.5394838398017701	112.0549703117409592
 1041.000000	8.0266479943559954	126.1599272348038454
 1042.000000	9.8994267685447497	124.2570442515585540
 1043.000000	7.8761466134827494	107.2052607494673708
 1044.000000	9.4025205146855697	127.0293693615844006
 1045.000000	8.1721256300616520	135.1472665367360264
 1046.000000	8.3227265141114817	135.6107618380416966
 1047.000000	6.9019337073306870	109.7794221304767319
 1048.000000	8.0354281669399850	112.9445596900740441
 1049.000000	8.3817834678586909	114.4479366506630669
 1050.000000	8.8755012608954509	164.3986961378707576
 1051.000000	7.9290092091685329	124.9380246079587948
 1052.000000	8.6670285647218197	107.6312241897518760
 1053.000000	8.5815768550953955	130.1005105259775974
 1054.000000	9.3090420286331881	88.4590811147287184
 1055.000000	9.6366236355674495	131.0933895555823483
 1056.000000	9.5272258411717399	127.1649167884167184
 1057.000000	8.8400782425096409	111.0084321093917339
 1058.000000	8.1380702666057072	132.9211080914700460
 1059.000000	9.8251736769557905	130.2044701981244543
 1060.000000	10.4946395364895242	108.7260767522505205
 1061.000000	8.4996075374967575	139.6638957581048430
 1062.000000	8.9516499172934108	124.3583208262682831
 1063.000000	9.2163268158437255	129.6605022617680447
 1064.000000	9.8156735584816186	126.0346499840008505
 1065.000000	9.8291439449123601	133.9055983007419286
 1066.000000	8.2592340998062994	129.5341778558012891
 1067.000000	9.0420521322211034	129.5410445150243959
 1068.000000	8.6304051193602866	112.5757998535378590
 1069.000000	3.5771478218069914	96.2184962668534354
 1070.000000	5.8569769089389387	104.4742232955792218
 1071.000000	3.7533702568481986	66.4440102164261788
 1072.000000	4.0390167436704356	108.5939036326722942
 1073.000000	7.4288234325241591	115.7717158865463034
 1074.000000	8.6432261019502903	117.3355806343566314
 1075.000000	8.1959326585265764	117.8832193205626311
 1076.000000	9.3186791105743634	120.1610049942281648
 1077.000000	6.4603241548134287	91.3213816790900808
 1078.000000	8.9172099601345067	141.0954940374355431
 1079.000000	6.5601627475324182	135.2870906502296862
 1080.000000	6.1907549061372862	114.0109570524424925
 1081.000000	4.0334948722572417	111.7015272190914033
 1082.000000	3.9890481667858735	100.5686649738055110
 1083.000000	8.2591871653679689	121.9374638642058954
 1084.000000	7.5415202240817640	145.9608542548659500
 1085.000000	9.0267779009408180	123.5349602789223411
 1086.000000	8.3626825973645325	108.8954928835253781
 1087.000000	8.6757709642887555	115.4414171689861206
 1088.000000	7.1550321825653560	105.8541127908298733
 1089.000000	8.5805092336189066	111.5701304406189251
 1090.000000	7.2691782850524280	113.9266072893634174
 1091.000000	7.7949173776986953	111.8513887792268804
 1092.000000	8.3752259746752689	116.0384525593138108
 1093.000000	9.2764966238888835	138.0221296847489043
 1094.000000	12.7313241282334157	116.9477742153052731
 1095.000000	9.0365555626588225	104.2185540862235058
 1096.000000	11.2108911158764606	134.7963931004914002
 1097.000000	12.7491339325419712	118.7816048684282464
 1098.000000	11.5806461261299525	128.1698563835559810
 1099.000000	8.5695113975961288	103.2763990926648461
 1100.000000	9.7522229486969270	125.8605117290371709
 1101.000000	11.5457347705678082	103.4051491246473375
 1102.000000	3.7926384370556283	96.4544616862531967
 1103.000000	7.9982098545680351	146.1041769582050449
 1104.000000	8.2384139094218138	121.8323420948157008
 1105.000000	7.0767992981622427	125.2442666709188472
 1106.000000	10.7052003088589842	153.9366647685665157
 1107.000000	8.9154694847714442	134.0432518231210963
 1108.000000	7.9817268394198342	125.5895527479722773
 1109.000000	9.7604357960293608	124.6629282291339393
 1110.000000	8.6035195708350365	111.7971279408940006
 1111.000000	9.9456399022583657	152.5279719367894700
 1112.000000	8.7109452216830885	107.9605281311599185
 1113.000000	8.4750304490533939	135.0872880141798476
 1114.000000	9.1290114022096134	128.3503591835639384
 1115.000000	10.4134466524389868	113.4511311978738348
 1116.000000	14.0464847786881162	135.8115389627359946
 1117.000000	13.5706617986545428	127.1634341202101126
 1118.000000	10.6199775995482071	145.8398839419916726
 1119.000000	12.4377408612583551	122.6466525091340287
 1120.000000	12.5488203163433738	95.9278332366639148
 1121.000000	13.9398387377249442	150.2209416531531474
 1122.000000	10.9248653287382158	99.8998165683732111
 1123.000000	11.2805229512791101	111.5154866370825459
 1124.000000	10.7068219249669987	105.2150825831084973
 1125.000000	10.2526687118008848	120.1337506130405046
 1126.000000	13.2779274702305923	105.3495434781116415
 1127.000000	13.2640386319821673	119.1191114762420398
 1128.000000	8.4380748251241258	118.6427120700482192
 1129.000000	9.7013011387038848	84.9873549759187483
 1130.000000	12.0074799009875139	109.8674598836548881
 1131.000000	16.1981225587583282	94.6350958934941957
 1132.000000	12.4891443125536821	144.8898264417622102
 1133.000000	12.5884310046298840	82.4621970813275311
 1134.000000	11.4550858808828195	123.5260414607381847
 1135.000000	5.1160346832065793	36.1311015795723165
 1136.000000	11.8021299758367135	121.2926644632087232
 1137.000000	7.6967410829900595	81.9038637434995849
 1138.000000	10.7782292036692677	122.9165319690059448
 1139.000000	11.5186958197867320	126.6957617277091117
 1140.000000	12.4594230368377801	120.5130096425892532
 1141.000000	10.8373191095453336	107.0871190445551377
 1142.000000	11.6369967043923008	119.2322567477343540
 1143.000000	8.8836668570325852	114.4710307240895730
 1144.000000	14.0569015177267822	135.9305220238978222
 1145.000000	11.5240956699902259	136.4007979926527412
 1146.000000	11.3886709534010926	129.4614511655549336
 1147.000000	10.8425257007621170	113.1378896091060255
 1148.000000	16.8327259237560654	130.7455787390486819
 1149.000000	15.2326464990052379	136.1974728465595206
 1150.000000	8.3340867258948084	71.3706768585798415
 1151.000000	10.5864642209404796	122.9691883469098173
 1152.000000	11.4566941235175985	121.7014105643491462
 1153.000000	16.5479588569719382	125.1842037346989116
 1154.000000	14.9592996266791562	137.3554309279714403
 1155.000000	14.6764736337211996	128.9085304665455567
 1156.000000	17.2066410231792410	146.9874099828994645
 1157.000000	12.6531511577909939	138.6594458573569568
 1158.000000	9.9199597241390745	87.1065339842703565
 1159.000000	10.1883016719944965	126.6293186323454734
 1160.000000	11.6678833066920209	147.7375111485599462
 1161.000000	10.4171847115385443	127.6386095674194507
 1162.000000	10.1779459328751436	143.1319552580646643
 1163.000000	9.8042710164554592	138.4540812387803328
 1164.000000	9.0309320322820170	115.9841963127762483
 1165.000000	8.5563336384411688	106.0802246308382024
 1166.000000	9.2314977314812054	120.8454272575451114
 1167.000000	6.1665550698316247	109.9220984152641449
 1168.000000	10.3542605622842441	111.3294453723338790
 1169.000000	7.4662361685134613	109.3381573888530056
 1170.000000	7.7276382840967983	152.1005586081255103
 1171.000000	7.5429089489619114	117.1398811551111976
 1172.000000	8.8003018932636454	99.7915172022223516
 1173.000000	6.9462981354116247	106.3493043941334975
 1174.000000	11.6121623222266681	115.1974673504821851
 1175.000000	9.5236663084664421	99.4256075602172160
 1176.000000	13.0429307551259566	147.5349244638703112
 1177.000000	15.1397542614197018	138.4080246251634776
 1178.000000	13.4030247166625269	107.8715752980022700
 1179.000000	11.4532686895685583	110.4977371114459999
 1180.000000	13.8781528923414452	112.0784269541393599
 1181.000000	14.3019923019647717	91.7688366972145246
 1182.000000	11.0041474476889096	134.3719582002965751
 1183.000000	12.3641869369185446	122.8288725075052668
 1184.000000	12.0480097889960387	111.3649912237588921
 1185.000000	13.3104833518563961	108.7747463172763247
 1186.000000	13.8327978940869709	133.3010205213749373
 1187.000000	12.6376298391469515	125.4669948978819605
 1188.000000	14.2224417440225022	123.9212909240521441
 1189.000000	12.9107310531080035	110.6202206457600852
 1190.000000	13.1614927265549877	129.5149198999658324
 1191.000000	11.6493850251815783	99.9165734191742700
 1192.000000	10.0875774614158296	102.6198503163431184
 1193.000000	12.0410675013323445	111.9819130990301232
 1194.000000	10.5172093105968507	96.7800938387394893
 1195.000000	8.6367277472851463	112.3936839481774541
 1196.000000	11.2612100737791128	120.6540669372407990
 1197.000000	12.2142079256773108	79.8412053434092428
 1198.000000	10.8628439594389068	88.1655037831539374
 1199.000000	11.8957529041814443	90.6678466858203791
 1200.000000	14.4826326305171662	102.6788409545616645
 1201.000000	9.2115438731380124	74.1456949443113871
 1202.000000	12.5707945425197654	111.1469047522237759
 1203.000000	12.6996932580757207	116.9348906527372947
 1204.000000	9.9352199285331242	65.2146364844865616
 1205.000000	11.0663308056167118	88.5107771802802858
 1206.000000	13.8203875514014367	115.8704331967439884
 1207.000000	8.7216770736814340	127.9411723882759162
 1208.000000	12.2863203043889850	102.2639603688513859
 1209.000000	12.6215290609638551	110.8972149829616143
 1210.000000	13.8045388345697813	119.1251011743016619
 1211.000000	13.0908048361576199	132.7321503699018308
 1212.000000	12.9557607521538234	23.9984582760515934
 1213.000000	7.6579871111135551	95.7011643858804035
 1214.000000	9.1659433203460505	96.6132122472358077
 1215.000000	8.7747423379605500	80.5677839974522954
 1216.000000	14.4439545188908021	115.6520333280183479
 1217.000000	11.5731604727145179	119.0652705301673819
 1218.000000	13.6333642402202724	147.9681520548808180
 1219.000000	13.8440779660863171	110.2991053484057602
 1220.000000	13.8211749658030953	114.3727406424986128
 1221.000000	9.1025656380219466	107.5660731950077746
 1222.000000	10.7328557682093244	120.2707771238392809
 1223.000000	11.2783039936413108	88.8232078251910622
 1224.000000	15.7175140067786323	143.7991866844843969
 1225.000000	15.1988601627656799	129.2016352334087799
 1226.000000	15.4207126660652278	130.1277875899365597
 1227.000000	12.8344011345394460	110.4143722080455916
 1228.000000	14.9809093578650003	131.4006806981770978
 1229.000000	13.0633298742540855	128.9322985182987793
 1230.000000	11.2749484074870505	137.4509287888503195
 1231.000000	15.2418982932491662	116.7065832513035417
 1232.000000	15.4871952216031872	150.0259219493982528
 1233.000000	16.1812803244368091	119.6046311693227722
 1234.000000	10.7272231730834680	93.9220738810336115
 1235.000000	11.9950207890814031	125.2626717441993947
 1236.000000	11.7603626572434123	91.7910957947370179
 1237.000000	11.6877448589697028	135.5846419808783878
 1238.000000	16.9524595138020615	150.8996980965457908
 1239.000000	16.5632654788204441	141.2068685435806685
 1240.000000	14.8621207013144065	115.7361076999840321
 1241.000000	14.6635371048414118	156.3463491961347245
 1242.000000	16.4779484344870184	126.8819519259689912
 1243.000000	15.5845956842902567	130.7671922144907342
 1244.000000	13.5290083945337454	119.8709578431836889
 1245.000000	15.1386673994286767	166.0181410349826194
 1246.000000	15.9969316877296581	137.2448058372085882
 1247.000000	15.8631226557239096	132.7855750857744397
 1248.000000	14.0741176823475662	147.9885603274647679
 1249.000000	13.8802878822756526	103.3197711054647669
 1250.000000	15.2568384806693711	136.3352252398010194
 1251.000000	16.5980015664075395	149.7175313523624141
 1252.000000	14.7670447070174831	143.7848691060476369
 1253.000000	14.6941143348324541	144.0595194217856658
 1254.000000	14.4020360357148469	133.8422733065876571
 1255.000000	14.5221716460869867	115.9514992005451290
 1256.000000	16.1129197441296803	134.2326237194579903
 1257.000000	13.2228284099571063	129.3118048339995312
 1258.000000	13.8801871553355838	98.6440328954486034
 1259.000000	13.7677643128862073	150.6492611532133026
 1260.000000	14.1327626928272778	129.8613704857449136
 1261.000000	13.7527903012732597	129.1474689229472972
 1262.000000	12.2250749403964818	104.0642686557794576
 1263.000000	10.4949973823663676	131.0436412786747269
 1264.000000	14.2965039774150711	156.9339556958683488
 1265.000000	15.1624601146045013	126.1721497347287624
 1266.000000	4.9570457575071947	117.7119138955837627
 1267.000000	5.8610695587607751	88.2500063643264383
 1268.000000	9.4501011509365558	79.8259229549305616
 1269.000000	8.3893876415561497	77.9099995992896766
 1270.000000	11.1164656606889825	68.7591589788609241
 1271.000000	12.5499975645246522	129.1046128202009982
 1272.000000	12.2880922211965675	113.9282866959536875
 1273.000000	12.5551221499931636	134.7593531401900009
 1274.000000	10.6104137292334375	127.1897376520269773
 1275.000000	11.2324387827986616	123.1763685137206323
 1276.000000	12.4092914152300988	128.1336799603672318
 1277.000000	7.8132512421106481	126.2102506786336136
 1278.000000	8.9996253881467005	112.1379339412553975
 1279.000000	12.3922185637649243	142.0049631304324009
 1280.000000	9.1470231262413115	99.3110221586924240
 1281.000000	12.0155915854517357	146.8041304542634293
 1282.000000	12.5394689440986973	147.3367881177048844
 1283.000000	12.7428080631646274	129.6743240984297927
 1284.000000	13.5023146223490329	118.1814727280886359
 1285.000000	12.6972011920309971	117.1046209782885654
 1286.000000	10.6891450897843097	101.1995698022554393
 1287.000000	15.3928845378106711	130.6848903990090776
 1288.000000	9.3176349864847321	98.1443063341127271
 1289.000000	12.5842643156871308	112.2415126457056118
 1290.000000	10.3077186115478501	133.1006272953471807
 1291.000000	11.3923061980564544	114.0238518720165786
 1292.000000	10.8828481999018116	111.8884521090907072
 1293.000000	13.1116425796247249	122.5031625383300025
 1294.000000	8.7603875171962109	114.8016893039991402
 1295.000000	10.3239614076264719	104.0711772199317977
 1296.000000	9.7949738959959411	62.1744355692682973
 1297.000000	7.7805875038410122	89.9380282667253113
 1298.000000	10.1539692165058639	103.2644577155405585
 1299.000000	14.9383786493769453	125.6417730170064857
 1300.000000	15.1228086949470377	120.4387230614891280
 1301.000000	10.2046844057136017	118.6825122008420976
 1302.000000	11.4180447248705264	116.0827752612354402
 1303.000000	8.5452065490980402	138.0578847971880805
 1304.000000	12.0256342306136439	125.3731373077339981
 1305.000000	10.9470678243746846	122.6133514429171214
 1306.000000	10.3983677610631684	140.7965044069888165
 1307.000000	7.3567266266893405	135.1991306483425035
 1308.000000	13.2596763765521306	111.5300750102376668
 1309.000000	9.1995147927397962	111.3024578716705548
 1310.000000	9.3492026077232868	137.6839690078397211
 1311.000000	9.5997648714217672	113.5456362354183710
 1312.000000	6.1623861083449372	87.7161722981792025
 1313.000000	9.8542929208886036	128.6109701134054148
 1314.000000	9.1980459440943800	108.4612850921952258
 1315.000000	9.3944926852091601	121.1946463007755455
 1316.000000	7.9170364741731047	123.3427067237246462
 1317.000000	7.4102946534311425	123.8273577579363973
 1318.000000	9.7220926719254841	133.5962297982819678
 1319.000000	3.9442799252998668	99.9794794035475292
 1320.000000	6.6568914520432196	109.7902980803804240
 1321.000000	7.6016958591731125	147.6011124697765240
 1322.000000	8.0298822573686071	119.7832072244832773
 1323.000000	4.2757139074947892	102.2765601637459412
 1324.000000	3.7881720603371853	104.0156808397618562
 1325.000000	3.9611055790710945	98.0887839696564612
 1326.000000	4.6484688772790097	132.4601004270738542
 1327.000000	4.2198021837170669	106.8162822977474065
 1328.000000	3.1021660165753335	58.3637109840813224
 1329.000000	9.2147495934227415	116.4282868152177741
 1330.000000	7.3233561314812317	123.0481165345125021
 1331.000000	4.3865299477967703	102.9967951728608142
 1332.000000	3.2344555067168557	78.3174972632379820
 1333.000000	4.0184738782733582	109.7176031777397895
 1334.000000	4.1857492528269473	88.4066097367526282
 1335.000000	7.2511055419268473	137.4239902085781182
 1336.000000	7.9617376610730144	144.5035823656849630
 1337.000000	7.0712779281886311	108.6167425277887446
 1338.000000	7.9270239112197434	113.1384497026537730
 1339.000000	6.2759390704975528	108.5362318982769096
 1340.000000	7.4863220471521510	125.7334632607613116
 1341.000000	8.7092419364102547	111.6981893247909028
 1342.000000	7.0023443747386365	115.0033749581261162
 1343.000000	9.7151185407834610	160.9102128101503695
 1344.000000	4.0051829563439076	54.1097889296293602
 1345.000000	2.8441264607638863	59.0210434021013413
 1346.000000	4.8077188159017226	21.0313265236954408
 1347.000000	7.4862064730746374	110.0213115609306271
 1348.000000	7.1088680691830790	122.5687094814907567
 1349.000000	6.9324630365219102	144.7301615451966939
 1350.000000	7.2065932314829979	114.0362668284931686
 1351.000000	7.1654256108893470	114.7599220834830192
 1352.000000	7.5042499060095986	107.6454643197217962
 1353.000000	13.3433874503245651	130.7707823062521015
 1354.000000	10.1689777250304498	111.4232456783067988
 1355.000000	11.0090140786805968	115.8817374382027623
 1356.000000	10.5516625748256505	116.2893389136060591
 1357.000000	10.2931577944736574	124.3848560144398050
 1358.000000	8.9849249155525772	115.1282159238209459
 1359.000000	10.3899975085576841	136.8356209132005290
 1360.000000	12.7884599625794078	109.1035980173390811
 1361.000000	12.0997065091440277	109.4243345650607893
 1362.000000	10.3953430646634679	113.1538390335131794
 1363.000000	10.8616378818040342	101.9166448868039225
 1364.000000	14.7805870063218361	138.8702298778278532
 1365.000000	10.5110722590956751	127.7281780625432219
 1366.000000	9.3989356203455721	104.5767517944010905
 1367.000000	10.5313191578092908	107.1204768758330061
 1368.000000	12.8358536848735465	129.1915986734384774
 1369.000000	12.0010343855079338	121.2463953571683533
 1370.000000	11.1748009419839995	122.9296110056261568
 1371.000000	9.7561355251545017	132.6010763588865871
 1372.000000	12.5565012830433602	130.7507806745188077
 1373.000000	10.0031040573987404	114.8223990969841282
 1374.000000	11.7715652555303372	126.9854306362758649
 1375.000000	13.1701407238826089	138.7767582240432489
 1376.000000	11.6867628004822119	140.1222640980800804
 1377.000000	12.7137378263797807	139.2850445216675155
 1378.000000	14.5378810149998650	136.3390516716722800
 1379.000000	11.2690551803673333	120.7227937071772033
 1380.000000	10.0620368045983497	76.1824658114306459
 1381.000000	5.6079091331431208	127.0164708949697570
 1382.000000	9.4536768284342791	121.7354085547502933
 1383.000000	11.4894318885975402	111.7982419915007455
 1384.000000	9.7038633594687447	98.2989454375252194
 1385.000000	9.4248278646590329	130.2998558351217184
 1386.000000	9.7769201883719656	76.1738776845286907
 1387.000000	11.7105666715236261	128.3416812546735741
 1388.000000	11.9967406205755118	107.7418846799103136
 1389.000000	9.4556203756471522	88.9684363334351360
 1390.000000	10.1442007588838425	103.9706967590018678
 1391.000000	8.4721594295601719	94.0271215189976175
 1392.000000	10.5581851271993976	111.2202308128047150
 1393.000000	10.8403980735927661	122.4183916157786314
 1394.000000	10.8984297612062004	135.2755098547777948
 1395.000000	9.8735079617320949	125.9994286746101864
 1396.000000	9.5289882846034448	83.6821790985000860
 1397.000000	3.7613163295418879	93.0856207879512425
 1398.000000	3.6663702777620353	101.2753754409666982
 1399.000000	6.0678227656503871	125.3463667222284812
 1400.000000	8.8192298320051474	154.7079300195721316
 1401.000000	7.2685630871583884	125.7181397039297934
 1402.000000	8.4278254576760361	101.7774365815128306
 1403.000000	6.6543737348026886	121.1213015463749372
 1404.000000	5.6301836835287089	107.4853324857204768
 1405.000000	5.0775074503353999	119.8318145497195246
 1406.000000	5.9791226791923870	161.5360964114710214
 1407.000000	6.8408777049686353	128.6637230784331223
 1408.000000	7.5397010165388174	141.6734104976206368
 1409.000000	8.1629253662166228	108.5477997802254464
 1410.000000	8.5135453035788675	131.1819148676476061
 1411.000000	6.8971827502480201	130.3711195434605656
 1412.000000	9.1982329162052991	126.6667199431663988
 1413.000000	7.0425496409139479	143.7728051762403538
 1414.000000	6.9620166158671903	113.5454142035145964
 1415.000000	8.0280725207840220	113.8817349168633370
 1416.000000	6.6119939352842989	131.7211432032721632
 1417.000000	8.0244522853302591	113.2189522868736447
 1418.000000	3.0113325443553918	39.0274907601491350
 1419.000000	4.1781240495912817	105.3329035210733764
 1420.000000	8.1872571731265396	144.0224633344328140
 1421.000000	8.0912976040269005	127.8487042157390903
 1422.000000	7.7106872301823843	148.6588362743986238
 1423.000000	7.2420447568187098	122.9004591357362557
 1424.000000	6.5700716755918442	118.4147120500711878
 1425.000000	7.8373055376827780	137.3219320170937863
 1426.000000	6.9808494830056773	116.7569704857752697
 1427.000000	7.9147994340856522	132.0525990882594272
 1428.000000	8.9104807141613165	163.3976463623474444
 1429.000000	7.9475689127825140	123.1961690030037460
 1430.000000	7.9258227292978578	151.9670825785876787
 1431.000000	4.3138810310388820	117.7718040803460724
 1432.000000	7.8048100749350624	103.9374597997214238
 1433.000000	7.7927278463403296	124.3947111302009887
 1434.000000	9.5799722356615273	139.8653549152523965
 1435.000000	6.3883324129077526	140.6449426718881170
 1436.000000	7.8039327038026691	112.5804626958023817
 1437.000000	8.1399784377955964	124.6568994393912817
 1438.000000	9.0684784212532250	172.2165732372666298
 1439.000000	11.2683746056741221	139.9904724786583756
 1440.000000	11.4231623277700400	99.7527296847684255
 1441.000000	9.5714563901666292	115.8293001269759088
 1442.000000	9.4482498950150564	94.3077342629434554
 1443.000000	5.2518255002002698	127.1052167823687142
 1444.000000	10.3453238760887540	111.6270231883902682
 1445.000000	12.0324477132373477	109.6749850380466427
 1446.000000	12.7588898133826945	112.2131237973448208
 1447.000000	11.8919168191752718	124.6219653876331250
 1448.000000	10.8603198480301728	61.0651981848855598
 1449.000000	11.3918795879570087	100.1608010104698110
 1450.000000	11.1558575422628703	68.9558317144927031
 1451.000000	13.0899924012052455	129.4041584969360770
 1452.000000	11.5085129425515511	122.1072505006762583
 1453.000000	13.5519754450546088	135.8278536397743892
 1454.000000	13.4043852829379340	108.3117508359626271
 1455.000000	12.9821675998873101	111.1200232665404570
 1456.000000	14.4666134533282040	114.5965491287903291
 1457.000000	11.1540900304543413	113.5340845115796924
 1458.000000	10.3111742251455425	94.6587666565940395
 1459.000000	10.6292609275603134	118.6067269969770592
 1460.000000	12.6981781975046015	112.1365449201515361
 1461.000000	8.4854227309071302	82.4544699677917521
 1462.000000	9.5988441735630836	100.4457076856635922
 1463.000000	10.5263251904101303	113.5874100453602864
 1464.000000	6.9131084314314002	93.3359487329833115
 1465.000000	7.4515793734243916	113.9037573424493672
 1466.000000	7.2430560936432506	116.0970310899405433
 1467.000000	7.9164499062842486	140.8397427585481978
 1468.000000	6.6722717888061798	151.4749167362933235
 1469.000000	3.8395875861173465	99.5464520111905244
 1470.000000	7.4820062071081699	111.3431608026760955
 1471.000000	7.9054459727979163	90.2593117573582475
 1472.000000	7.2222604785295061	109.1337846000991760
 1473.000000	3.4423545860340599	96.7661630546354132
 1474.000000	4.1965284030346668	105.3443340727109785
 1475.000000	3.9065141244982535	88.9035629717378413
 1476.000000	4.8303752739744539	47.2291005809510409
 1477.000000	3.6700930359767661	55.8193657909602621
 1478.000000	5.6698746667458169	61.4962433107381088
 1479.000000	4.4126158971401459	93.1972795583680806
 1480.000000	3.6349062322381975	98.4441076794329888
 1481.000000	7.6802490129981278	124.7278223443382217
 1482.000000	5.1997448353291373	114.0410113957515676
 1483.000000	8.6300417387153949	125.6235093949877069
 1484.000000	8.5563124404762370	116.0073945896274665
 1485.000000	7.5199323559242801	147.9123521586247989
 1486.000000	6.7327497043035196	90.2347129014927702
 1487.000000	4.1927674830787351	119.7101694453223502
 1488.000000	3.8974424262248548	100.6923577527797420
 1489.000000	4.3489007956005814	105.1849169366823702
 1490.000000	8.8983594995347755	113.4692247663132605
 1491.000000	9.8378583300637068	96.1615214753737746
 1492.000000	7.4807877212658731	117.5923440573533583
 1493.000000	9.4293250839165079	113.5408725891520305
 1494.000000	10.1301354244342896	101.5567146803339398
 1495.000000	7.9856426538202392	56.9309000138660934
 1496.000000	9.0004723686924777	113.4370527318304482
 1497.000000	13.9930459935065130	127.3201100282279725
 1498.000000	12.0233012260934746	109.7631305100553192
 1499.000000	13.2733672122704558	127.5838938709550803
