 0.000000	3.1608230256912275	42.9106596336766870
 1.000000	5.2302262428840232	28.6354764163844777
 2.000000	3.0402110630668240	63.9721146626527712
 3.000000	3.0769725975212290	33.1317813786431259
 4.000000	3.2738228769350570	68.0680961308168122
 5.000000	3.0587751674038492	14.9447165105696627
 6.000000	4.8126039692375642	23.8840930674470258
 7.000000	5.0872329888337440	15.9221772818684428
 8.000000	3.5750827441111794	37.9673614032212470
 9.000000	3.2751719189960791	49.4590378950979925
 10.000000	3.1410463629153385	38.7541527029316057
 11.000000	2.9191297685451074	19.8717683466376229
 12.000000	3.1091622486044574	27.7347054707583140
 13.000000	2.9923305196645487	36.8801563172348779
 14.000000	3.1838329882226057	59.0636671323807576
 15.000000	3.6638559435553710	27.2487823158701588
 16.000000	3.0330765507642559	34.4878866628169760
 17.000000	2.8427849689156526	43.6344092653151847
 18.000000	3.8937069973969325	24.2171971726756396
 19.000000	3.6855707236440098	47.0691068373277801
 20.000000	3.7660215312776413	42.5790550603216502
 21.000000	2.9317005725937144	47.9606624953539153
 22.000000	3.1494380973095875	27.4871397254066494
 23.000000	3.7003279333150934	34.3772809124279775
 24.000000	4.3617949862381682	13.7810980842385220
 25.000000	3.4516199667126450	36.8331233319665614
 26.000000	3.8694954413761451	52.9241307171210309
 27.000000	3.1589535103303681	66.2930486078163881
 28.000000	3.7837957931381565	44.8646709889190731
 29.000000	4.2669587136310074	49.8050047417480641
 30.000000	3.8807431657267943	61.2001768663036074
 31.000000	3.4898082891210955	50.0561127299060047
 32.000000	4.2792087042184264	44.4801627762001885
 33.000000	3.6102758035758833	51.3131369419689634
 34.000000	3.6325955342543264	48.0625656465443569
 35.000000	3.2903810115864207	35.8077078964415705
 36.000000	3.4948382969164014	29.5073878262545861
 37.000000	3.1040789824623567	58.3185740022491643
 38.000000	3.1566760073393678	77.6010261254183149
 39.000000	3.5554786087488770	36.9154814549409025
 40.000000	3.9241638752110819	31.8786811386830493
 41.000000	3.3989985559638214	38.1747524585272799
 42.000000	4.1354436653252202	22.0523855343029993
 43.000000	3.3507408016291160	52.2485852033695437
 44.000000	3.3176348817290804	57.0062427445898265
 45.000000	3.7464990445747448	30.5622748092685299
 46.000000	3.7904148855155348	25.7840362396684100
 47.000000	4.7983713912275707	21.2171930918380269
 48.000000	3.5039753428759908	39.1389193769410895
 49.000000	3.9564920548573763	46.2449472348983477
 50.000000	3.8849196096887337	18.2726452625973650
 51.000000	5.0355237194852771	23.8015216398610789
 52.000000	5.5222387070374053	13.2740429076191049
 53.000000	4.3141351825183269	18.6812058866893551
 54.000000	3.2952707363657980	61.4919258179823487
 55.000000	5.2383719794112764	12.6972465789005184
 56.000000	3.0694541360545897	41.2248706812287651
 57.000000	4.0016295493377001	25.3266841374183684
 58.000000	4.4206015557770755	10.4730445048103036
 59.000000	4.9838743168971709	8.2680582387090169
 60.000000	5.1117263739578247	28.7407979047055164
 61.000000	5.0339856049795282	22.9623088815288838
 62.000000	4.3098455434348226	18.7494103359719020
 63.000000	4.6595350048397410	16.9793424060660527
 64.000000	4.3026340018044991	10.2359078980079232
 65.000000	4.1483226090816228	39.6031553661459839
 66.000000	3.8997286707788090	39.0287298215439762
 67.000000	4.6117483019438570	25.5718852815064395
 68.000000	3.2712197667642378	21.8846132994637799
 69.000000	4.2918847448389945	20.0827474307457976
 70.000000	3.8982173024881157	21.2090841878747653
 71.000000	5.0476546353917113	13.9641880576986352
 72.000000	3.1473886262048021	54.0467432062371813
 73.000000	3.2721784802741611	76.2955705203292638
 74.000000	3.4415149279178987	39.8663146705818292
 75.000000	3.0090242341117781	40.5789902777110854
 76.000000	3.0397772902860818	36.6098290969367213
 77.000000	3.0088777115742200	58.4374599430729234
 78.000000	2.8753346353439975	54.7310276537493792
 79.000000	3.1079783848173896	70.8584241896601554
 80.000000	3.4382145074482358	58.8777058355100422
 81.000000	3.0783664017362282	69.0524001212039593
 82.000000	3.0334141912218708	64.6165549095883449
 83.000000	3.4304169522422878	57.4640843213980048
 84.000000	3.1914981519879713	70.5814993239775959
 85.000000	3.2296758143474267	57.6148235371315849
 86.000000	2.8799791652886553	64.4380134634797059
 87.000000	3.0620847580198500	60.7189922081376920
 88.000000	2.9501768553620011	78.3335218784125829
 89.000000	3.0966803385881017	76.1716612802962061
 90.000000	3.2377462164237079	58.9699796530889557
 91.000000	3.1502399179553300	65.7701676382404941
 92.000000	3.2730093927765762	46.1771488770181975
 93.000000	3.1112645089498678	40.6544363049209494
 94.000000	2.8157256279357723	41.3789199382325137
 95.000000	3.2498121455454787	61.5615152657579330
 96.000000	2.8973020898894060	64.1209742399155687
 97.000000	3.3081212175402825	60.3881319297294397
 98.000000	3.0777261365734030	59.9213523808453630
 99.000000	3.3690260965908854	56.2707693324967835
 100.000000	3.1285783901737432	47.8188638376179540
 101.000000	3.4660632477297981	69.1180192182274737
 102.000000	3.0942417184547595	63.3854450987161044
 103.000000	2.9228221459562160	60.3369337925798419
 104.000000	2.9854511924116816	47.3416603354050949
 105.000000	3.3135005053450204	56.4611070318064918
 106.000000	3.1364206092437228	63.7766854014171116
 107.000000	3.2086783905638576	51.4058084865047533
 108.000000	3.3039780165513535	66.9476325235713148
 109.000000	3.5010685998466058	60.7157802228717145
 110.000000	3.0336424800908084	70.6059857329845073
 111.000000	3.0976955646322146	72.5084297817787302
 112.000000	3.1623969589430545	57.4075119088815882
 113.000000	2.9945420659416926	65.5494182882619185
 114.000000	3.0437841928420264	47.8823705791004670
 115.000000	2.8241679011214673	43.5686899030852146
 116.000000	2.9639811110717922	51.4257913120192143
 117.000000	3.1662573083336345	52.8673687654991227
 118.000000	3.0677275068952352	57.2391573843411550
 119.000000	3.1064777573687392	47.7255585554929951
 120.000000	2.8251334930951444	40.7444031153008552
 121.000000	2.9880492158542222	51.4416179645894545
 122.000000	3.1073815593026648	52.7972542050308249
 123.000000	3.1061406228143777	57.4504088911468926
 124.000000	3.0024999990633470	42.6105966390495894
 125.000000	3.2006493088701302	71.0220981561986093
 126.000000	3.3143129355729122	54.6837658578924533
 127.000000	3.1460044948332992	65.1464636385202454
 128.000000	3.3809354963876652	67.8208451686482618
 129.000000	3.0565405839054165	55.3430686288060798
 130.000000	3.2620075955030345	58.4075602238585532
 131.000000	3.1635632932619595	55.0624689019501119
 132.000000	3.2904196193149402	74.5383577534458226
 133.000000	3.1388431198336662	39.6104319493512662
 134.000000	3.3581677331661273	51.9494174996733591
 135.000000	2.9866868376341760	62.2446633857702807
 136.000000	2.9034061524707284	44.4398989167564196
 137.000000	3.2022307071935594	59.7773534513532354
 138.000000	3.0881325299699562	66.0759472823441456
 139.000000	3.1726532934970151	61.0594475908371095
 140.000000	2.8678221130633186	42.9227066146791003
 141.000000	3.0680529099838978	57.7383990473026074
 142.000000	2.9202703951503515	34.9082123100706383
 143.000000	3.2475302690574663	38.0800159583261291
 144.000000	3.2333094598428884	68.1826435708680521
 145.000000	3.1165339291579892	55.6021274248674473
 146.000000	3.2291711380188590	65.0773598550144357
 147.000000	3.2472293864142117	52.1322306194731766
 148.000000	3.3588650583823583	60.5296928236071636
 149.000000	3.1419555832931247	50.5219493826623420
 150.000000	3.2664697296954484	65.8495532235514531
 151.000000	2.8928433369635158	64.8648594164762500
 152.000000	3.1875479439503795	54.7292939010897186
 153.000000	3.0133343749537058	46.2238358893975203
 154.000000	2.9696324459225645	36.8275163821294882
 155.000000	3.0285422014239343	56.4538966677755809
 156.000000	3.3132697168224432	53.2954917990606276
 157.000000	3.0045179777537112	64.4112502722072549
 158.000000	2.9206952805759068	44.9019423186762765
 159.000000	3.1644270150029126	56.3324435149745000
 160.000000	2.9967136627208131	73.4989429362192794
 161.000000	3.0214670892640312	62.0337846274563560
 162.000000	3.2378303977157410	64.5468048286007985
 163.000000	2.9981941330712525	60.8252771394162863
 164.000000	3.1702721945709267	42.6311429333913452
 165.000000	3.1762231727452166	41.0404129400021986
 166.000000	2.9475137958327844	72.5406388370163171
 167.000000	3.5661478115505747	55.3285195834107952
 168.000000	2.8976127110607033	23.3929872231144316
 169.000000	2.8943796010135681	42.8129237819822208
 170.000000	3.3625329695433024	66.4367030013522850
 171.000000	3.1414548538630371	60.6691570543982408
 172.000000	2.7044192679377876	42.7183466793445064
 173.000000	3.1301950854511968	64.4847228285534868
 174.000000	3.3737002872111579	66.4863926119556936
 175.000000	3.5648645245243182	64.8388321324858055
 176.000000	3.2363862286321274	21.4412726493000321
 177.000000	3.1586127303316887	59.0121597627139920
 178.000000	2.9084988763701864	64.5007485201953585
 179.000000	3.1010195873282393	61.7576149436099939
 180.000000	3.4515885219727687	53.9174449053810463
 181.000000	3.0829879078863582	54.5316316207334211
 182.000000	3.1828212304929870	65.0031679091020180
 183.000000	2.9848497535080267	57.9031997808084498
 184.000000	3.1248785863053907	72.7569724377752891
 185.000000	3.3065550203542680	62.3289103354413214
 186.000000	3.2812544393544876	77.2554738065354343
 187.000000	3.1060355637221546	44.5764318119053939
 188.000000	3.1901019325562006	76.1153104572699135
 189.000000	3.2998311771932212	69.3972806532148638
 190.000000	3.0900563042672133	60.2747956328982468
 191.000000	3.3203172244065082	70.1109789781200163
 192.000000	3.5574728698315319	63.4815658347857834
 193.000000	2.9457375101073295	29.8577777866642862
 194.000000	2.8581425946714405	33.6285479239917038
 195.000000	2.9998729997911626	52.4340131148401412
 196.000000	3.0639456089157395	72.2445017288263642
 197.000000	3.3928595324578121	72.9239000592015998
 198.000000	3.2329945092389374	51.4778167674718077
 199.000000	3.2177068214231390	70.1447998021272809
 200.000000	2.9098631319002237	72.9988291555276874
 201.000000	2.7826583033727088	63.7160203804301091
 202.000000	2.7553157878929864	57.0496548910108601
 203.000000	3.0393942750476257	51.5047122295548263
 204.000000	3.0686731475836262	54.2672101123461630
 205.000000	3.1095489987853786	70.0485585855115431
 206.000000	3.2117028720694236	66.9292474028803497
 207.000000	3.2791066552157551	70.7552926929851367
 208.000000	3.0706648029547412	43.9688475806549945
 209.000000	3.4392654527376214	70.0330815473481039
 210.000000	2.9320166916869237	71.3762568513516271
 211.000000	3.1494887556992968	64.9010871699658765
 212.000000	2.9562039001311664	49.0255453557237502
 213.000000	3.0765389036311475	46.9983583999732275
 214.000000	3.0117813005240888	50.0678318954383599
 215.000000	2.9277860564436371	41.9819466117362197
 216.000000	3.1226468433735959	52.6931486463584378
 217.000000	3.4999356298992437	66.3112969689426421
 218.000000	2.8070786073055887	40.2158285447401340
 219.000000	3.0673626979941582	77.7085308369034493
 220.000000	3.0182149596265000	68.6042103028067629
 221.000000	3.2514593935053067	58.7768885250029030
 222.000000	3.0314316014444671	32.7820782558899566
 223.000000	3.3121323239012317	45.5160856893515984
 224.000000	3.4085501183109921	68.9249808572195803
 225.000000	3.3010060003706063	52.5990589786377143
 226.000000	3.1031128161446109	60.9981169162670511
 227.000000	3.0114519579960235	23.1883188361321402
 228.000000	3.0674689732220353	69.4323605540676994
 229.000000	3.3271068214636168	36.3481818140568862
 230.000000	2.8754632937342977	67.0390989035280853
 231.000000	3.0916447945063230	67.3837871216998678
 232.000000	3.3600972162850309	54.8151928811611668
 233.000000	3.1675593041097341	50.9448984860778182
 234.000000	2.9763796270712484	49.5310027451110670
 235.000000	3.3684291410868532	77.9455145412571966
 236.000000	3.3255750507265645	50.3307104368149112
 237.000000	3.0164259506938227	51.5756781809563165
 238.000000	3.1815070244581842	61.8292782716008844
 239.000000	3.0876576696073466	30.5644245071774208
 240.000000	3.2721545689151976	53.4528830255085694
 241.000000	3.7210423976852298	48.9011314561513188
 242.000000	3.1402041115283597	61.0079880700726420
 243.000000	3.1664983236525650	37.8790333666924823
 244.000000	3.4270874573081840	57.9441597062126874
 245.000000	3.2298169974592330	34.2522521268448656
 246.000000	2.7234926897706133	34.4638634879668473
 247.000000	4.0181979730603565	42.8819403251380322
 248.000000	3.5909418679987963	53.5658867540881403
 249.000000	3.1234020502678104	61.1993785527888008
 250.000000	3.2591655948659768	58.0865556447984517
 251.000000	3.5814342609520531	74.7096263129627971
 252.000000	3.1089549495998283	36.9146533448536616
 253.000000	3.2812511979533570	62.2220793616281327
 254.000000	3.2674934438969645	49.8473806424124177
 255.000000	3.3446238426405484	55.7127572169086704
 256.000000	3.2016921866851558	70.2633013439623966
 257.000000	2.9951125144549149	75.3045084634375428
 258.000000	3.0050501468331423	52.9273303662669719
 259.000000	3.2502142623610957	54.2769534045026916
 260.000000	3.1411428708007691	58.6560006746538676
 261.000000	3.3965957913248790	66.9521004154486832
 262.000000	3.2574138921927553	73.4248674830805612
 263.000000	3.2444318779312931	57.4285270959616270
 264.000000	3.0844856245998873	61.1400513823345193
 265.000000	3.0136581971159635	27.9991759764968720
 266.000000	2.9769465571750531	38.5880849025818407
 267.000000	3.1192655351880716	45.4629642950171444
 268.000000	3.0879175828854857	58.4616141200379928
 269.000000	2.8897391772188739	42.5200915621509239
 270.000000	3.0937654603923530	53.6837439595256569
 271.000000	3.4966366253911438	40.5432034018356262
 272.000000	3.8615781543183312	48.3662126136943584
 273.000000	3.2384592871523932	13.3518049713779590
 274.000000	3.4157139079761332	31.2249668676040812
 275.000000	3.5446572128852107	33.0861851864000300
 276.000000	3.8834825404069049	36.3990471824493795
 277.000000	3.4385131584419919	29.2402378374795262
 278.000000	3.1889065847940667	27.2495008143336293
 279.000000	3.1899180971865269	35.2594603195773857
 280.000000	3.4999483623188756	55.0282679086286493
 281.000000	3.4942259080045641	43.7260892623836810
 282.000000	3.7289810210312422	50.3093615171837030
 283.000000	3.2275501085028013	43.0306398206782887
 284.000000	3.2588536084782302	36.7196350949405144
 285.000000	4.6328737846445369	37.5695508655381900
 286.000000	2.9189021819243788	46.4859957727460937
 287.000000	3.2710082445021826	37.4533294096189593
 288.000000	4.7104281432589561	39.2670079775470811
 289.000000	3.3178209325584396	16.8626246960363346
 290.000000	3.5579271418730984	41.2562098880950430
 291.000000	3.7139790761164710	50.7223455939582095
 292.000000	3.1665339995000794	44.3486824661278263
 293.000000	4.6737428831516787	43.9164516454104046
 294.000000	3.8788779129693784	32.7862801276165783
 295.000000	3.4765157529850450	28.3060964364384517
 296.000000	3.5129196680869432	35.7853367099978357
 297.000000	2.9343528472232419	44.7710166363653173
 298.000000	3.9849298145573187	45.5701612977684363
 299.000000	2.9028937011647553	28.8207332507083152
 300.000000	3.4821592388229261	48.9490821234153941
 301.000000	3.0559283189865245	61.4392064508069495
 302.000000	3.6959684810096083	36.7756736174656282
 303.000000	3.0155726469721467	57.6551580816105371
 304.000000	3.2271062575967377	35.9214661835753475
 305.000000	3.0296925215527697	54.6771859399118654
 306.000000	4.1316274774585136	37.3122351483340822
 307.000000	5.5582347978848619	16.8925443863768976
 308.000000	3.0704841554723901	52.0686181062930871
 309.000000	3.5512191498417667	39.4569219730586553
 310.000000	3.3634400706022620	31.9276932966844811
 311.000000	2.9609199205056242	27.6631984069381929
 312.000000	3.5721804415045488	54.6368481462927349
 313.000000	3.6508283767208840	60.5263401631398210
 314.000000	3.2585013343109703	24.8393401208257103
 315.000000	4.3002945134038892	37.4282009202395614
 316.000000	3.3418587121702710	59.1790444643626614
 317.000000	3.0515513641366057	34.2159817547161254
 318.000000	4.0854199842167391	51.1080829604926521
 319.000000	3.3065266278986982	56.5962405100910075
 320.000000	3.2441155300943252	71.5601692504460374
 321.000000	3.5100452288563946	42.7654324660809664
 322.000000	3.2729778866134471	54.1532997768304085
 323.000000	3.2938103461838826	47.4717563876403403
 324.000000	3.5900419428476820	31.1662940451594750
 325.000000	3.3404383747081781	39.0743840430609737
 326.000000	3.9499510279713550	40.1575554090340745
 327.000000	4.0760796292786221	42.8642978480547185
 328.000000	3.3725963889393693	47.1971771557346074
 329.000000	4.4799541161906120	31.9379365797354637
 330.000000	3.7060542749522982	17.2859412872674909
 331.000000	3.3893985234547310	27.3324945325438193
 332.000000	4.1291079896319713	52.1368345139945149
 333.000000	3.3882957511945233	44.7684064614773547
 334.000000	2.8647433718625246	34.8819879667679800
 335.000000	3.4987321314949509	44.6266227750038524
 336.000000	3.6096688473021277	38.1145798183621594
 337.000000	3.2700608166245217	51.9299329450942082
 338.000000	3.1606677629663893	53.2357707304710317
 339.000000	3.4574626091106211	34.9619799670735176
 340.000000	3.3673948260587210	48.0855943796098018
 341.000000	3.7227760851386273	55.7480795152057169
 342.000000	3.0697454079552440	39.8004694889442305
 343.000000	3.4071573301053624	51.6439543720392180
 344.000000	3.3765232228104614	37.5865008924164670
 345.000000	3.5144327872217684	60.7516685731340402
 346.000000	3.1921053181866199	34.1382642445543070
 347.000000	2.9708570703845840	46.1677228340340378
 348.000000	3.2970300665242154	45.5207484013033934
 349.000000	3.0823012189402608	33.1914390236930217
 350.000000	3.2455904766037422	49.2199594122196800
 351.000000	3.1926753561651209	36.8292185989324707
 352.000000	3.7146473459958740	43.2451957273383698
 353.000000	3.2443152846477923	57.5683648590550803
 354.000000	3.3791620965681997	59.1731237090086069
 355.000000	3.1354211676500379	32.6866533059490223
 356.000000	3.1421522009646874	43.3476020903041785
 357.000000	3.3452099090694674	44.7848238626013426
 358.000000	3.2530359143431169	37.5582572353878845
 359.000000	3.2031977587776126	54.3287972604938432
 360.000000	3.3869616297956586	64.8858397952618162
 361.000000	3.6715436063555424	58.7113536720034688
 362.000000	3.3342330545770391	17.3378855098153508
 363.000000	3.3105138602121991	53.7072454123301526
 364.000000	3.3747352783308568	49.9719803207303528
 365.000000	3.3921230706247396	50.5306163771979584
 366.000000	3.1566372592597101	50.6348168284373230
 367.000000	2.9548720769645982	43.0254570917607282
 368.000000	2.8568180002008012	66.3245227390625587
 369.000000	3.2702643103415818	50.5871570266169215
 370.000000	3.0236420097717769	59.7865501194934836
 371.000000	3.2761682175060112	33.1025542412717186
 372.000000	3.0548659705011865	44.7161008517574317
 373.000000	3.2754314569332714	50.1088808524118861
 374.000000	2.8670718908476953	25.7389468020883783
 375.000000	3.3305063558804813	58.4392545842471662
 376.000000	3.2127743758727365	44.9847492016909598
 377.000000	3.0528953149516731	51.5180803281710951
 378.000000	3.6246439836731028	54.1471577938617941
 379.000000	3.6896492398904090	44.5980526889239002
 380.000000	3.7193765651760202	28.3047197899475975
 381.000000	3.5748559695562490	59.2179441845638905
 382.000000	3.2100842494563189	40.3849181538419373
 383.000000	3.3709197726973557	40.3945585514045717
 384.000000	3.6679531785827857	59.3014294044631498
 385.000000	3.0067112416303061	76.3023198770351456
 386.000000	3.2955069384961542	50.4997807739977702
 387.000000	2.9549250989976286	40.3157328229258098
 388.000000	3.6265791844925701	55.4522650667540233
 389.000000	3.2508221388089629	51.4626162003108050
 390.000000	3.4338720152635460	38.4974541995347579
 391.000000	3.0435585471858686	9.4964184867080235
 392.000000	3.8515580818872368	45.3081668865432619
 393.000000	2.9336755610966647	52.6576187536031028
 394.000000	3.5109601707736346	20.1815612036043603
 395.000000	3.9924795305234775	37.7779430098562727
 396.000000	3.1532586518133447	46.3168939603694696
 397.000000	3.2074445696970382	48.3819625321262663
 398.000000	3.6055843552968896	47.1726239950884292
 399.000000	3.1899284494906794	59.1633060018351387
 400.000000	3.2269697289744212	40.8643146247609366
 401.000000	3.6419845846859809	40.7536182429446967
 402.000000	3.7367728866140206	46.9535560904225235
 403.000000	4.0625683398224330	28.7518177691552523
 404.000000	3.4149865196368125	48.8251679845485569
 405.000000	3.8223096026317904	30.7663110080851254
 406.000000	3.0809846258388531	45.5170917606202465
 407.000000	3.7067443244489584	36.4650474776215106
 408.000000	3.4897932070308681	45.5310053576399412
 409.000000	3.1946421960663249	59.5490289995579190
 410.000000	3.5369267094123491	28.4642082576096982
 411.000000	3.2068022389772226	83.1562406831082512
 412.000000	3.2366258436200290	60.0281038505486748
 413.000000	3.5722937425383021	49.3447936490039751
 414.000000	3.1930628440902926	59.1327589484829588
 415.000000	3.1392540576320163	52.9005296220509962
 416.000000	3.2813414210069043	59.2612281638770924
 417.000000	3.4309622776704294	36.9915224063464905
 418.000000	3.6727458904392347	51.6642155255664761
 419.000000	3.7444006130060274	60.5750533642063687
 420.000000	3.4136334237685286	52.7828707211757546
 421.000000	3.8664243425974361	48.2895810232047040
 422.000000	3.0865465343160707	52.4750607452956075
 423.000000	3.4103626165962160	45.3650415395029256
 424.000000	3.3913427677044798	70.6758500788804866
 425.000000	3.4542086415035329	66.7750962893442335
 426.000000	3.3941816388479524	58.9147374174601453
 427.000000	2.9142784580163137	53.6744687899874720
 428.000000	3.0483001496564039	51.7550569299307028
 429.000000	3.0855381250952569	41.1529158810838851
 430.000000	3.1127871890113736	59.0959348096581465
 431.000000	3.5164649983536398	35.1335848465005256
 432.000000	3.4625897649958981	52.0707662449651707
 433.000000	3.1656695297031483	42.5034851141225261
 434.000000	3.8248899214963936	46.9802786516360982
 435.000000	4.3418661250107373	44.8922630847168591
 436.000000	3.3390410807197308	43.9366628968147950
 437.000000	3.5750712110192926	20.8039108792062279
 438.000000	3.4206369515667148	71.1172003748626906
 439.000000	3.0806298569020436	45.0416458078845494
 440.000000	3.4385693206307844	63.1625805660330570
 441.000000	3.1955413295694859	46.0529910947355461
 442.000000	3.6585822862139206	42.2218795069864541
 443.000000	3.1776230098162817	46.6486311182039231
 444.000000	3.2885301275186407	68.2714297130314094
 445.000000	3.4194668861104871	63.1179386459589011
 446.000000	3.6269083339312371	65.6720566402349561
 447.000000	3.3227158994188417	53.9173736590111616
 448.000000	3.3539296174876103	38.6918517168031144
 449.000000	2.9427337752338985	27.1942234854670346
 450.000000	2.9423770600081705	57.7601954801127988
 451.000000	3.7111459217717595	48.5389360462156958
 452.000000	3.4850217812313704	51.5243694109549324
 453.000000	3.3931268051542425	59.6686041676165075
 454.000000	3.4984076622777036	37.2912291734581629
 455.000000	3.4863922557438745	63.9548706557923197
 456.000000	3.0783594778148302	49.8682362551216158
 457.000000	3.0168240171177763	31.0299049997188661
 458.000000	3.0971279291021867	62.0583730624733789
 459.000000	3.9954702724560147	41.3640773091891845
 460.000000	3.0944381017610079	59.3612396717632862
 461.000000	2.8696556960883526	63.1225629982851473
 462.000000	3.6243503921674183	37.9189081401536612
 463.000000	3.2157469529237210	39.5359533274387900
 464.000000	3.3386883975922705	61.2758612431598948
 465.000000	3.4815835064726381	61.7688991735932689
 466.000000	5.3272305059562166	13.1692942931590835
 467.000000	3.1770297771943943	38.5755307191712689
 468.000000	3.3663439312407477	38.4186268466739023
 469.000000	2.9330760544532639	22.3454550076607177
 470.000000	3.0952486959924381	46.2022276374537739
 471.000000	3.4057421267216825	15.1912860197973316
 472.000000	2.9851257041806734	54.0272852734613167
 473.000000	3.8882153639105814	51.9712023822310130
 474.000000	3.3684059131304664	66.3312251996719908
 475.000000	3.1454741812049414	39.3037974291586067
 476.000000	4.3399246489728993	38.7502268264649672
 477.000000	3.2869415389278602	61.5522237100452969
 478.000000	3.2591983524494319	57.5879344306452197
 479.000000	4.4705947574997706	10.5363351051574625
 480.000000	5.0231251699648078	36.6537805141821877
 481.000000	4.0893734738808467	57.9628676639323572
 482.000000	3.3122119727921291	46.3426693304770652
 483.000000	3.4523591780095799	41.0354300779395942
 484.000000	2.8588086497122469	68.9295409668851704
 485.000000	3.3382759821822940	59.6454258983300463
 486.000000	3.3458899752364584	34.5454643033805837
 487.000000	3.2316819674363337	55.8898382690276350
 488.000000	3.1797156948198575	63.4645856088841214
 489.000000	4.9047409331936613	6.3024980277250506
 490.000000	3.4201282520006435	65.8727824418477752
 491.000000	3.8279677779686301	25.0412527505740456
 492.000000	3.4639534669540279	27.4563657242611612
 493.000000	3.3350646736719303	66.3943759011589805
 494.000000	3.3611772516239165	53.4172423508568102
 495.000000	2.8603117838082524	56.1148928877852029
 496.000000	3.0958821704100967	38.4377082283749019
 497.000000	3.3431419098314517	15.8317054242164943
 498.000000	3.5214388929190630	42.2788864089197318
 499.000000	3.2519307838214773	36.7299551407940328
 500.000000	3.5584070492573323	51.2080851306695024
 501.000000	3.1325887995903252	53.2376828591459486
 502.000000	3.0592385464280651	54.7837898062364133
 503.000000	3.6673920730065435	54.3293668243565122
 504.000000	3.1082242333299228	34.8569134463438957
 505.000000	2.7747774800344320	56.4757996869154653
 506.000000	3.3330824566216704	45.5140985479477820
 507.000000	5.2987952463553532	9.4885616880847294
 508.000000	3.5603560804154601	44.4314482827421386
 509.000000	4.1172185660691190	37.1589258706472947
 510.000000	3.3319989770391572	45.1592234726664117
 511.000000	3.1465177053316458	49.6962104676478873
 512.000000	3.4043114505384438	61.6602087746922223
 513.000000	3.5963950571169976	21.8406518491706265
 514.000000	3.4520587025210694	30.9874169925063825
 515.000000	3.3991260912213033	51.5973537056189286
 516.000000	3.0295148132955556	32.5939739532163344
 517.000000	3.1297799047239812	68.3750239113367684
 518.000000	2.9536380107708085	52.4339749906712171
 519.000000	3.1212079767478484	56.4312681974993211
 520.000000	3.2118782169660491	66.7980549087178304
 521.000000	3.1931118812536550	30.5156159206786413
 522.000000	3.1027361077736728	64.0173385899870340
 523.000000	3.5027439505961699	41.3337232727939465
 524.000000	3.3212027864821128	12.1631630843742471
 525.000000	3.5087200013317679	28.3953210841294492
 526.000000	2.9094352324738542	43.9199956099062376
 527.000000	3.0470925649805864	37.6942542024422664
 528.000000	3.2838813752512870	40.6975796163674772
 529.000000	4.1640358122117300	36.8351508575229047
 530.000000	3.4762790484186419	42.7364888681601940
 531.000000	2.8884970409627031	34.7291262243573442
 532.000000	3.0548930510038197	35.6576751801929959
 533.000000	3.0449617915829381	38.1337254271954578
 534.000000	2.9755592265064443	37.1113075911002852
 535.000000	3.1821307196352850	36.5759008402324355
 536.000000	3.1753831006587454	68.6013754152684498
 537.000000	3.3163310408585511	62.2969781459549665
 538.000000	2.9283040519855699	60.4756248398709175
 539.000000	2.9456844955519745	52.6299431187141664
 540.000000	3.3364748963882618	46.9280905586834365
 541.000000	3.7646792821762407	57.6823979624432184
 542.000000	3.4517962925475802	50.8542193657841892
 543.000000	3.2221581833555235	44.9417056279214648
 544.000000	3.3756767314908314	50.1974656800729520
 545.000000	3.5194364079373823	45.1437029773170764
 546.000000	3.0296536924600312	42.8749925842038806
 547.000000	3.4003378413762899	39.6010547083387507
 548.000000	3.1420247917650594	50.1535657307371139
 549.000000	3.3695823549729473	62.5430566976128972
 550.000000	3.2430065257901215	57.5329131149560169
 551.000000	3.2940734252645436	58.9837917496351309
 552.000000	3.0261515851546230	61.6874037054548126
 553.000000	3.1136835093858228	45.3826035824725125
 554.000000	4.5800910897214582	22.8347378217056871
 555.000000	4.6802975836536751	13.3334628406446711
 556.000000	5.2099496613116276	24.1509701967886770
 557.000000	2.8693191156498106	25.6924535931790388
 558.000000	3.5722455533992594	60.1119466918804477
 559.000000	3.3698204034865182	30.9818112176996863
 560.000000	3.4529348315369268	34.5458811520860536
 561.000000	3.3746860315568270	42.9931806277486430
 562.000000	3.0333379263716052	55.0414594521394633
 563.000000	3.2124501539278918	33.1364835719689950
 564.000000	3.1147078871205762	46.8021665693828481
 565.000000	4.2218622662382721	58.3712837894762515
 566.000000	3.4124395679393462	43.6336190044865759
 567.000000	3.0576666533920864	38.0273727280587934
 568.000000	3.2199703747780264	54.0375200192135452
 569.000000	3.0407806953065650	65.8395244865360354
 570.000000	3.4256690365124141	40.8199172589541774
 571.000000	3.1455873080182584	43.7726659705657823
 572.000000	3.0720100742813776	24.3566493313315107
 573.000000	3.5342587040796287	51.3824977390766549
 574.000000	3.5905324898593314	49.9728200178003590
 575.000000	3.4747868822306041	29.0534882797030889
 576.000000	3.2037869184880301	37.8366336894160327
 577.000000	3.1565555676111448	65.7879369424499600
 578.000000	2.9529286751435269	46.7035683126772483
 579.000000	3.2125839436397219	49.2865095115291751
 580.000000	4.0272237974002607	19.5150686387104884
 581.000000	3.9829349131781928	39.0908327828813071
 582.000000	3.0712474634674432	32.4198032773770421
 583.000000	3.6108044525494849	42.7844990207028957
 584.000000	3.1575119284046291	44.8731985438884067
 585.000000	3.0384449244374405	41.7698902786154349
 586.000000	3.3307850526922480	67.2373559590428869
 587.000000	3.1902166572358217	44.6846593857117966
 588.000000	3.3404914978659983	47.2941360619661850
 589.000000	3.3155016303075033	58.4145840875070803
 590.000000	3.1722682620720657	46.3857015469531575
 591.000000	3.4334265522120377	60.6659627734002669
 592.000000	3.6227902493720490	50.5035883525873999
 593.000000	3.0910968482468055	43.9568024791743994
 594.000000	3.9358152180496879	40.3353119501753667
 595.000000	3.5488803448069581	58.6470895445950902
 596.000000	2.8533201033355118	53.7582972107054928
 597.000000	2.8438259746080843	49.0728916360613141
 598.000000	3.0705640687127658	53.9235551743493744
 599.000000	3.3983271800605697	71.5529519022033185
 600.000000	3.5700412658434439	36.9928188697579685
 601.000000	3.6266608415288273	58.8203595224397731
 602.000000	2.9638532657788290	38.8736448466321178
 603.000000	4.5924424029661832	9.3676117307690276
 604.000000	3.0675820293326752	33.6915846869248981
 605.000000	3.1817367659177833	63.0006514029250155
 606.000000	3.3017271138177589	36.0012385123182526
 607.000000	3.0666346852662509	20.4034507887226084
 608.000000	3.1401553851330726	34.8638472390811387
 609.000000	2.9772787988904028	37.6469239780287523
 610.000000	3.2077603862942952	55.1617890732815113
 611.000000	3.3653281835030877	35.2150950481563427
 612.000000	3.2121788071760573	32.2376482260266073
 613.000000	2.8909819747044745	30.8186733767958287
 614.000000	3.9709142164640769	43.4862724732835488
 615.000000	3.6857166977826208	48.2612992376838861
 616.000000	3.1202119783821245	28.0000212617996453
 617.000000	3.4433775956662394	36.6238223985264426
 618.000000	3.9571226258432564	43.2024973078855510
 619.000000	4.6212264077968097	19.0008492682479471
 620.000000	3.3417618480155329	21.6947333158259710
 621.000000	3.2197399485057150	50.4335742279844510
 622.000000	3.1366840157460514	54.1955110791319186
 623.000000	3.8695218988705360	80.3577610870770940
 624.000000	2.9395037739496512	43.8259017900210210
 625.000000	3.1722443300528536	61.1756383295952446
 626.000000	3.1684747992773894	67.6582621022272690
 627.000000	3.1441939220911892	50.2959520589432998
 628.000000	3.2851474923540813	44.9705076651169406
 629.000000	3.2555112248550611	62.2269817776425072
 630.000000	3.1992341248302765	15.7538922399316164
 631.000000	4.1404349636976709	44.5410662266698694
 632.000000	4.7051765128441803	17.6988817775039138
 633.000000	3.2837656337612726	50.8303614595451450
 634.000000	3.7847670185410855	46.8941061113250726
 635.000000	3.0916944449480392	51.6640545409831304
 636.000000	4.2022385310689234	45.6860051489195769
 637.000000	3.4170528012843366	47.4220928758009848
 638.000000	3.7504627875953402	60.2508171017564678
 639.000000	3.4213553508351735	57.7496601977637170
 640.000000	3.1114208947153550	26.3725166589319144
 641.000000	3.2909924806257376	40.8115232554361569
 642.000000	3.1120876331386040	49.9174057889678977
 643.000000	3.0275192539834372	61.8295855744738532
 644.000000	3.8417607483194334	38.9729300118579260
 645.000000	3.1340320735600149	40.1728939286432194
 646.000000	3.2690406948436959	43.2369945491248870
 647.000000	3.0391204653431187	48.9146962682899584
 648.000000	3.0791467995622939	57.8664724241598520
 649.000000	3.1497004484254529	19.3184357177024140
 650.000000	2.9150578446673983	52.7363902073274318
 651.000000	2.9679106420901982	51.9397286215090617
 652.000000	3.4238508514442758	30.4106380679459676
 653.000000	3.3342166189299878	38.0666720518309489
 654.000000	3.2568241884275979	45.1641827392784592
 655.000000	3.2080843300923534	50.3226351056472367
 656.000000	3.0023563293456994	35.2292726765287796
 657.000000	3.0103077643838181	33.7385364950065139
 658.000000	3.2860919681550311	24.4523926990537461
 659.000000	3.7593017082260385	33.4359574996655908
 660.000000	3.8795880429126504	56.1280524343076195
 661.000000	4.0005324194577172	34.4473676450134860
 662.000000	3.1923600086260611	5.3548085910129544
 663.000000	3.5187083414462177	49.3943301035317859
 664.000000	3.0021090042821110	9.7057490629119627
 665.000000	3.3803600891400638	49.1360035161308417
 666.000000	3.8512105043751630	13.4059964320094878
 667.000000	3.1927217480902654	37.5427623059827624
 668.000000	3.1756795264680013	40.8094230782021725
 669.000000	5.0885823386918885	26.1236835687993505
 670.000000	3.4596943826841380	66.5574415955714613
 671.000000	3.3415112932712896	35.6110873844304763
 672.000000	2.9024993032247313	74.4320848949946168
 673.000000	4.8047039635167099	24.1048028086181887
 674.000000	5.0884765672658778	60.5657441208997653
 675.000000	3.2184788038848251	56.6424669964574150
 676.000000	3.3821619728230741	46.9000363590495226
 677.000000	3.0799732320723172	33.7002609356450762
 678.000000	3.0097724985383354	45.3125685279755146
 679.000000	3.5830193869552165	74.8732116930848974
 680.000000	3.4570072420812585	30.9670529274444561
 681.000000	3.2805788969075929	38.6466103947184081
 682.000000	3.2006808409894525	46.9040580947036574
 683.000000	4.1000751133113829	41.7241036882019500
 684.000000	3.1967593591887820	56.0577443220872738
 685.000000	3.6976168086971279	45.9158577361788502
 686.000000	3.2515490184120517	49.3242726894896464
 687.000000	3.1047641066125520	72.7168172963472585
 688.000000	3.4075987622187967	67.2666791576331491
 689.000000	3.6446934819771655	57.2957828646311782
 690.000000	3.2023870099628025	46.6404110190652545
 691.000000	2.9160438189516933	27.1501158361772639
 692.000000	3.1904517212451902	29.1483989148887872
 693.000000	3.0780013754655604	35.4699490062197640
 694.000000	3.2011189188103284	42.6611735636141987
 695.000000	3.3001725930697616	36.7879489853642383
 696.000000	3.3220305175962261	38.7612440312832689
 697.000000	3.2121682867799950	60.0338263507787957
 698.000000	3.4339562083388038	54.1640937207422866
 699.000000	3.1293021595426649	36.3898348337259563
 700.000000	3.6183970316591489	54.6733364407085674
 701.000000	3.3546610062836386	47.3394144423432692
 702.000000	2.9922034215979156	37.9090192627748763
 703.000000	3.7764985561511661	26.6364467103977347
 704.000000	3.0206675084937347	45.2790744221124442
 705.000000	3.4388973653396837	38.8329180294501555
 706.000000	2.9723485119131179	42.2275179651770998
 707.000000	2.9482661025802797	27.8161697444677429
 708.000000	3.3153329802247780	68.1148168232038529
 709.000000	3.6803681731243314	63.6929909942712413
 710.000000	3.3610385983310938	36.4145617887775188
 711.000000	3.0805368823214079	62.3885728132898549
 712.000000	3.7022768533586388	52.7361826898346777
 713.000000	3.8708600417075965	57.4592671069583076
 714.000000	2.8415498757613773	43.5374089838631448
 715.000000	3.2398413831774238	52.6015325211763951
 716.000000	3.2225371610726787	55.0557744965801987
 717.000000	3.1547934865998615	73.7530727035204023
 718.000000	3.3644161259269940	70.0749840020685610
 719.000000	3.7874491063335731	23.5424679121033193
 720.000000	3.2387263946452625	42.0661532940576990
 721.000000	3.8518146990308049	43.3262290694789556
 722.000000	3.0966685891507053	60.2566087292104697
 723.000000	3.9398917023132300	54.4703654892475697
 724.000000	3.6200456850511369	37.2693116709884009
 725.000000	3.6753892806010038	67.0280518507480991
 726.000000	4.9666291577034443	19.6054964291165561
 727.000000	3.6464869385764738	32.8243276112847298
 728.000000	3.3812432398650114	56.7608166579721143
 729.000000	3.3946135726300519	14.2601507862343055
 730.000000	3.8162357357388261	51.0183072483344802
 731.000000	3.5405733108443393	63.5754551495902263
 732.000000	3.3783318936457873	37.5751783348009951
 733.000000	3.5309790706915267	48.6610052312442747
 734.000000	3.6321815387214511	22.2830577166961064
 735.000000	3.9001484439816760	41.5906120437171865
 736.000000	3.7412856588643737	30.8379542336833481
 737.000000	3.0471752658122968	51.6944956837992322
 738.000000	3.6023554668433291	44.6349310565865096
 739.000000	3.6272646012391747	4.5699022686451940
 740.000000	3.2675347136683071	26.7757005265212342
 741.000000	3.3671113322144781	31.1090943879254098
 742.000000	3.6971610645943116	45.1760609525360621
 743.000000	3.3715795112976115	56.5003912116406610
 744.000000	3.3163986558959837	35.0951208939671631
 745.000000	3.6286489702851634	32.4159878125546754
 746.000000	3.0955138980305166	49.8976953860757817
 747.000000	3.0303249628426472	48.0483042212070757
 748.000000	3.2965004033266707	35.6798024475750708
 749.000000	3.0033596812676535	44.4620258136664290
 750.000000	3.2911193204951399	61.3298598401010508
 751.000000	2.8706924586779303	63.2487844662119301
 752.000000	3.5179490594302463	56.4216328688892190
 753.000000	3.6042774337840506	30.9666626091083970
 754.000000	3.5417015484612904	34.3517060014486901
 755.000000	3.0943473396059340	23.1150451433392448
 756.000000	3.5860520120178152	41.5384639359338621
 757.000000	3.8600971021977815	27.1345581581859676
 758.000000	3.3970407424221487	24.1295552464667651
 759.000000	3.3920112630500379	43.6246198307041482
 760.000000	3.7235935538380671	23.6182183484667689
 761.000000	3.4744560692217679	45.4675889469215804
 762.000000	3.7584637105954246	44.5800423082294230
 763.000000	4.8838153148060508	23.5900628040947709
 764.000000	4.7780280017240102	6.8851892962906049
 765.000000	3.4118755753472185	27.4509022472565221
 766.000000	3.2641393833477519	24.8586359721314523
 767.000000	3.6690399459921057	37.2362250377794624
 768.000000	3.0076362270135846	27.3692796979923116
 769.000000	3.9701505195952236	23.8443069132476353
 770.000000	3.4704231140787574	52.4746842999884109
 771.000000	3.6936663141611534	60.3384442671148378
 772.000000	3.5255940296516153	49.3243840625053451
 773.000000	3.0945928393575821	28.6590857163754436
 774.000000	3.5277422676996855	27.0779001054520165
 775.000000	3.6609395967772951	38.0820834969663622
 776.000000	4.5814361500819221	29.0792748111369406
 777.000000	2.8896371747615617	27.9290014309790138
 778.000000	3.3585938387301053	44.3240964494110301
 779.000000	3.2021638965267161	37.1639878938399306
 780.000000	3.6403288471633508	54.6721518793028025
 781.000000	3.5826375767271021	44.3252232622082829
 782.000000	3.2571016908919486	50.9445121555364153
 783.000000	3.0846087854525965	48.9771267348636172
 784.000000	3.4352101686426861	39.9743528236827501
 785.000000	4.0201611094694591	39.3361289373873149
 786.000000	2.8831975041060516	23.3096534193622347
 787.000000	2.8995150958102998	20.8250922584775822
 788.000000	3.2456482262580919	59.7413422544292700
 789.000000	3.6604919316577886	49.0690960502971620
 790.000000	3.6940727317743729	26.3079812094881902
 791.000000	3.2170953289598976	33.6518211955715287
 792.000000	3.8236144832618666	44.9946748118061635
 793.000000	3.5584477251051596	28.1223441490259916
 794.000000	3.7917998591623645	46.6847344944127656
 795.000000	3.5687781402558896	46.0876452600678022
 796.000000	4.8631042786582652	40.8780717908324220
 797.000000	4.7681355113304997	24.0334258130958744
 798.000000	3.9279592397420529	46.9831142044374417
 799.000000	4.7280834633244524	29.1661543402154280
 800.000000	3.4300432762682926	33.7324900999143722
 801.000000	3.3641464242511590	25.9640926731515265
 802.000000	5.1254676536035912	23.6785930508757190
 803.000000	3.1561585710411761	34.7098901164475251
 804.000000	4.5314784882471679	35.9812986350505639
 805.000000	3.6495537313444761	41.2308384130494403
 806.000000	3.0238446145251792	44.1518870692619601
 807.000000	3.0095554309900603	47.8536077115877845
 808.000000	2.9300498297948616	38.5310767524968867
 809.000000	3.3705963552356311	45.0688742039886847
 810.000000	3.8547608195392025	43.3866917814302440
 811.000000	3.3310206326419949	39.5684642653321816
 812.000000	2.7716492774778136	38.1976508351758355
 813.000000	4.3608714603856304	29.5842582744562890
 814.000000	5.8964462625846013	17.5509013258057394
 815.000000	4.0236891540165471	39.3544765978593318
 816.000000	3.7781863107158293	44.5723784826734857
 817.000000	4.1572169274442121	24.0573801365765689
 818.000000	5.0071296982144249	30.4150938290924273
 819.000000	3.3327681374174136	20.7705953209321592
 820.000000	3.0275428656079528	30.1921899034425394
 821.000000	3.1809715741472733	41.6261842478601523
 822.000000	3.0460544987122251	49.1564732627683441
 823.000000	3.1087189032697671	47.4981626912307036
 824.000000	3.3623209313689233	63.0818534131521176
 825.000000	2.8408238487152082	52.7941091149913575
 826.000000	2.9643995745716389	62.2667267285633272
 827.000000	2.9128913007477237	70.4793035963837013
 828.000000	3.2427179875400296	75.7240262707199037
 829.000000	2.9601983417626059	40.5284684078654323
 830.000000	3.1386761728751384	42.6755737923263325
 831.000000	5.0991792831348608	23.2815005319150430
 832.000000	5.4975475290268072	26.1398477765807229
 833.000000	4.3299989198875863	30.6206758450663585
 834.000000	4.0848636131044112	40.1521456648635535
 835.000000	3.8091083313123537	55.1215210233995663
 836.000000	3.6635914570153916	41.2741654572459709
 837.000000	4.5435130839196987	23.3021722815165333
 838.000000	3.5558105817775982	43.6471013654269200
 839.000000	4.6246085207701348	11.6243104935661563
 840.000000	3.9975187550686146	35.4994669078793379
 841.000000	3.1875660904330210	30.2879120209807979
 842.000000	3.1303822798825012	54.3622765069196987
 843.000000	3.1102456539546481	64.8936735137390031
 844.000000	3.8163115928224554	38.7760197899713717
 845.000000	3.2321283779514309	52.0605506778251907
 846.000000	3.2316349242138256	33.5524139700726209
 847.000000	4.0708106458183764	61.5250150985229425
 848.000000	3.2958598613203391	41.1006837812571177
 849.000000	2.9997852353951364	20.8198116650588645
 850.000000	3.2442641610056793	48.4919522370304321
 851.000000	3.7009849951974298	49.3125057398782189
 852.000000	3.9750473451677104	47.8123012584384242
 853.000000	3.5531830016004800	63.4247385235271963
 854.000000	3.3234680861052563	58.2464419950080270
 855.000000	3.0792358436521940	41.4655177442542424
 856.000000	2.8396902711309009	48.5397528435936749
 857.000000	3.6403811722808839	44.6174558006422330
 858.000000	3.4529427004655413	56.2557868709532443
 859.000000	2.9495428881279877	55.1536779474325272
 860.000000	3.2114682264049321	54.7772148067163300
 861.000000	3.2368929510836728	63.5328132358748974
 862.000000	3.6438272919813075	62.1900524535198684
 863.000000	3.3124178063392287	53.9483663111409442
 864.000000	3.4267210825322070	23.3565658867293564
 865.000000	3.7766472264695499	52.6193209199108765
 866.000000	2.9738965120458269	55.7503246594882143
 867.000000	3.8024068029038918	61.3229345361739462
 868.000000	3.6335231765538114	36.9160294743070097
 869.000000	3.8257317389452941	27.5871870069971123
 870.000000	3.8180577040226602	45.5806689135728789
 871.000000	3.2084895642205176	58.1791509339527551
 872.000000	3.1416822433687699	63.3028193447327538
 873.000000	3.5299260617186157	53.2786201229311445
 874.000000	3.5317667983299619	40.9254092954034832
 875.000000	4.0202143979860292	46.5590322174269886
 876.000000	4.5232986375717621	6.1982083862559705
 877.000000	4.2841583566456656	38.1202625059893023
 878.000000	4.2077603746496335	10.0074716079064387
 879.000000	4.1421807018136141	30.4083634579644979
 880.000000	3.4196928000088698	54.4052735635914075
 881.000000	3.1810277193280405	9.4460750145445900
 882.000000	3.5218987840739033	48.1051769261374034
 883.000000	3.3511567594302831	38.9483642846563498
 884.000000	3.5553228703762545	61.1484135213618458
 885.000000	3.1132079958290295	56.6414026976914187
 886.000000	3.6141649149150994	39.7530846126352060
 887.000000	4.0387000080956161	27.4437904769511931
 888.000000	3.1872849728031891	32.5296587596679387
 889.000000	3.2103020639245301	50.3947292231219706
 890.000000	2.9512946315886439	20.6737906438655727
 891.000000	3.5473782413243558	37.8399710369423019
 892.000000	3.8529504629269056	29.2122768323177695
 893.000000	3.3798600606063345	50.3075437038048960
 894.000000	3.0932968597600730	51.0726537726930587
 895.000000	3.2843446078360348	62.3418221959884704
 896.000000	3.7050506504290395	30.4188697477745222
 897.000000	3.6144921390836187	45.2395051836390678
 898.000000	3.4618464637436972	66.1330800141307975
 899.000000	3.2058490340549959	42.2587430577655709
 900.000000	3.5685576555550691	34.3250987585572886
 901.000000	3.7082583457411871	54.4648600542895593
 902.000000	3.0678754591307662	53.5152572926241703
 903.000000	3.8560257254478465	31.1829488823746033
 904.000000	3.3467586426915159	45.5708045577806615
 905.000000	3.1343510069233003	28.1305018011332209
 906.000000	2.9058951432782063	41.3148607413431534
 907.000000	3.6045512494207164	33.0685363789817188
 908.000000	3.2459686024541976	40.7497245621837010
 909.000000	3.7026158728142469	46.8338332913849626
 910.000000	3.5431256278730525	26.5690596018083625
 911.000000	3.3353274898116707	44.8822960221218921
 912.000000	4.0267140977348239	24.4413928729645988
 913.000000	3.0134421956963111	30.1919107461697536
 914.000000	3.2396019448542841	51.7237935435903466
 915.000000	3.3356593903200862	33.7336302749760932
 916.000000	3.3640739729657478	12.9166851657443544
 917.000000	3.7130969465091668	42.2676913469072417
 918.000000	3.1289948355632800	17.4773108273175524
 919.000000	3.9246153290980277	42.3707441562590645
 920.000000	3.0658409578152193	28.8488625844910587
 921.000000	4.1714794953379499	17.8844385653221423
 922.000000	3.8475102088902968	27.4819402930362457
 923.000000	3.1803464979955467	40.3571420202005413
 924.000000	3.7734394283829187	19.1598591091625394
 925.000000	3.1125127674782855	37.3427339044436906
 926.000000	3.4087903594144158	21.7738360276947844
 927.000000	3.1352791936512174	54.3239886618680572
 928.000000	3.1305971519943396	27.6853482628517042
 929.000000	3.8657674891355414	34.5017776112779870
 930.000000	3.5305215055072146	27.1075205063306157
 931.000000	3.7986403561939861	22.2017738981172386
 932.000000	3.6282399297141299	56.5457769217505302
 933.000000	3.6257484548051941	41.6187165379087958
 934.000000	3.2400171109729259	22.6806214468170708
 935.000000	3.4819879859685741	39.4240401470199515
 936.000000	3.6548989793803401	37.1324914275034246
 937.000000	3.5312946103435823	54.0586810176743455
 938.000000	3.7706282081303004	35.6382184760091150
 939.000000	4.1109859716622106	43.1471676971250133
 940.000000	3.2292525331882662	47.5918148974206474
 941.000000	3.3753837517196423	46.0796046613204737
 942.000000	3.5218828525191173	18.9996006154321435
 943.000000	3.2279463904659487	36.5209406255048634
 944.000000	3.2830915960982860	51.7620141244324827
 945.000000	3.8426580943252464	40.0427830183626270
 946.000000	3.1413660556586995	34.4139707390468743
 947.000000	3.4377257205519629	21.5703158221800209
 948.000000	3.3282929993083235	13.2988245862940175
 949.000000	4.0702774380182136	37.8181740784686156
 950.000000	3.4774833592536760	44.8085471803607618
 951.000000	3.4387990624390681	46.1321969254752275
 952.000000	3.4194437915640479	29.2002054626109100
 953.000000	3.6179901486944090	54.6014387281345819
 954.000000	3.7553695893465995	22.4774587947466387
 955.000000	3.1689796890260786	49.8735218213805922
 956.000000	3.4612086868563448	67.9520995247077622
 957.000000	3.8918745787929612	55.4143431128285044
 958.000000	2.9756966350609657	31.3209382337480235
 959.000000	3.8769693394591456	36.7018370137589613
 960.000000	3.0508192444409743	45.3179317078945871
 961.000000	3.6455211503685674	55.1162731586296530
 962.000000	3.0961650006840484	56.7252325646046671
 963.000000	4.2677418746951119	46.8416293195915898
 964.000000	3.0352817893919344	64.7517372462655061
 965.000000	3.1218657544337804	32.9241217640813204
 966.000000	3.2326796311702766	25.0878462343289641
 967.000000	3.2730627800749246	43.4731347952838405
 968.000000	4.4311775420119552	17.3926060270620724
 969.000000	3.4864812921499526	52.2600637540088400
 970.000000	3.6666781657586882	56.4548451143566439
 971.000000	3.2666314918156822	43.0420445489270094
 972.000000	3.2189546342934809	42.1676461692873943
 973.000000	3.4729546382515668	41.7283625810987076
 974.000000	3.3917716549818220	25.1474703313089947
 975.000000	3.3680204905350113	45.1133823605249802
 976.000000	3.6273680349226645	59.4155072241892697
 977.000000	4.2636115545588860	36.3895038728929876
 978.000000	3.5693397698793805	23.0946695188262652
 979.000000	3.1786177854033926	55.4447548320294459
 980.000000	3.0903894911714285	38.9953092908876044
 981.000000	2.7258607541981843	34.6405828861039708
 982.000000	4.2192564385621072	37.6188108683757321
 983.000000	3.0510477810685503	53.5642492358946072
 984.000000	3.0479682553881369	17.4283323055294659
 985.000000	3.6402152531591780	56.9357465600750885
 986.000000	3.1860285737511584	30.0139950085778935
 987.000000	2.8013852194389921	56.0218486339369122
 988.000000	3.1598594619198845	70.4420807610155748
 989.000000	5.1852760392106649	27.7840211160210515
 990.000000	3.2359410925252359	59.9517871269184610
 991.000000	3.3743406473313753	55.6844890432432464
 992.000000	3.1471940061773345	65.8039911421618768
 993.000000	3.5621286038845947	48.5206526695379523
 994.000000	3.4520768550887273	17.6289067547495222
 995.000000	3.3042931092545098	46.7671794609419464
 996.000000	3.3712844826662183	30.2559380927101813
 997.000000	3.1932907684812610	38.0527534614202239
 998.000000	3.3308828658923546	25.9714262066236472
 999.000000	4.7358798920837586	14.8954300397985833
 1000.000000	3.0466764824012817	22.5908073237007159
 1001.000000	3.8726511023802614	29.1806455263239002
 1002.000000	3.3741016731968236	49.8635302567149665
 1003.000000	3.0698586452545666	64.5146428295131500
 1004.000000	4.0631657410860935	32.7144702701722565
 1005.000000	3.6707630276299854	28.0397369205854261
 1006.000000	3.0729182521819052	37.1167062000874637
 1007.000000	2.8438734838002122	31.5427275321477794
 1008.000000	3.3361612750084375	33.1587928777807690
 1009.000000	3.0058801979094087	26.5791526786959480
 1010.000000	3.9315218309784954	48.1243135560650046
 1011.000000	3.0649398794182927	65.8013673418706020
 1012.000000	2.7795142278760738	39.1894105790969149
 1013.000000	3.1810021835490256	50.5486375932895555
 1014.000000	3.0023033044384722	49.2493786775157787
 1015.000000	3.1223256380978563	51.1427113197068195
 1016.000000	4.0567969355214366	12.2791009618124463
 1017.000000	4.0059378729908950	38.3480517351193271
 1018.000000	3.0517626091710781	35.6911874410442636
 1019.000000	3.2571724845770857	39.2826743311415498
 1020.000000	3.0611286443779004	49.0259673839328514
 1021.000000	2.9417287577355546	50.7672189630959281
 1022.000000	3.0847890333099866	44.8519610697238988
 1023.000000	3.9217855093949776	65.7560211688834926
 1024.000000	2.9363206495288434	44.7477435272995763
 1025.000000	3.9125143285555688	19.6766558081624225
 1026.000000	3.3658589939560892	60.2673771137967123
 1027.000000	3.3329649573886577	35.2015444516095783
 1028.000000	3.3867558592443112	47.7761649735977301
 1029.000000	3.6158181997949321	37.8325627090498529
 1030.000000	3.4662244634198442	55.4058348558530014
 1031.000000	3.7451112398143254	51.8679016998989084
 1032.000000	3.1254204657888787	66.1938326599357225
 1033.000000	3.5737641106846119	20.2841785221428097
 1034.000000	3.5426262620224347	27.7416398187392872
 1035.000000	3.4031415762909303	49.3677184022343738
 1036.000000	3.2454185731038256	48.3826203447396779
 1037.000000	3.7029503012347265	22.9304491015769543
 1038.000000	3.7198352413324822	48.9682967186904534
 1039.000000	3.4040233843969632	48.3861693196421072
 1040.000000	3.3302604952312889	54.6389051083914268
 1041.000000	3.4370201862958392	69.7883258966035527
 1042.000000	4.0447138955646791	2.5568342463037368
 1043.000000	3.8024920169505063	24.9700932185219813
 1044.000000	3.3494400884470457	52.2778986519000171
 1045.000000	3.2071382852625399	34.1099400498845284
 1046.000000	5.2014460684924337	14.1878081056282213
 1047.000000	3.3421224342264040	47.0080227580186829
 1048.000000	3.4192117592175442	65.9246721560379854
 1049.000000	3.1540292946800279	52.0313740760231838
 1050.000000	3.0831910898723636	40.0649637706826240
 1051.000000	3.3036616357004642	36.6423951847396836
 1052.000000	3.1805978087195403	36.6118016260416539
 1053.000000	3.1925045743243192	35.3989928470815016
 1054.000000	2.8619746073455472	39.6280255230552996
 1055.000000	3.8191495394645094	21.4565248592235491
 1056.000000	2.9480278098055690	59.5430021481964644
 1057.000000	4.0268856685068393	30.2812011606572753
 1058.000000	4.1293669441330572	45.8039662469768700
 1059.000000	3.6829586350933021	50.8591822867101655
 1060.000000	3.3603071090697969	66.1987837738934388
 1061.000000	3.0691078699927776	44.7078151432477569
 1062.000000	3.1365907366064296	49.0346402230561296
 1063.000000	3.2456474181558219	34.0913127224609980
 1064.000000	3.1263920471374309	54.7589278057748174
 1065.000000	3.5155896842428853	36.1818265801778125
 1066.000000	4.1506150899509340	49.7667723521227572
 1067.000000	3.0886069733913533	61.8663072359623953
 1068.000000	2.8948194527763600	47.3598415682976679
 1069.000000	3.4559086981640585	43.5567706715318366
 1070.000000	3.1793460472920527	63.5536497312612738
 1071.000000	3.1393267004720786	23.6897418672670312
 1072.000000	3.6360202306635587	56.0427162026657157
 1073.000000	3.6346151693499475	35.5417880876098877
 1074.000000	3.5345586887976355	44.2190016345091124
 1075.000000	4.0669370973298040	71.8500500354946467
 1076.000000	3.5164888440154423	37.7723070032765236
 1077.000000	4.1484163533905329	37.6409128481648736
 1078.000000	3.8373364469014284	55.7693358161237995
 1079.000000	3.4807353431816224	22.3743389977771585
 1080.000000	2.7762288344791459	44.6491378751427987
 1081.000000	3.1036480758232239	15.4211357292385571
 1082.000000	3.3315006395460300	41.9617549576553586
 1083.000000	3.4995980110538500	67.0051310405411158
 1084.000000	3.7034394348507949	47.9305999522262312
 1085.000000	3.2014734822919162	34.1118097356338694
 1086.000000	3.8821161965953999	44.9067821077338465
 1087.000000	3.7800438503784175	22.4175155541332742
 1088.000000	3.0460843910708726	36.1034158572299759
 1089.000000	3.6554950928201322	45.0219538972375233
 1090.000000	3.1013569433170725	24.0608843038610303
 1091.000000	3.7277761421583357	50.5230811270759546
 1092.000000	3.3535320083625462	38.7732033561324272
 1093.000000	3.2766823532043334	71.3539426312672447
 1094.000000	3.0616827534194822	22.9763671124247537
 1095.000000	2.9074095924478436	41.1981607729718462
 1096.000000	3.6137368410958879	24.9357246075236674
 1097.000000	3.1437654212127786	31.9793913574317799
 1098.000000	2.9609394619648914	49.6786931027747869
 1099.000000	2.9666774955755288	48.3929341831707802
 1100.000000	3.9972095196890729	52.0450237413297003
 1101.000000	2.9748665302970103	59.4282135434834657
 1102.000000	3.1480635287132004	48.6674848335190120
 1103.000000	3.2828754932164190	39.1183981810392822
 1104.000000	3.6496451499640541	42.7084416757780332
 1105.000000	3.8565443083078610	53.3017660534026305
 1106.000000	3.2160374114890375	38.3209919862112258
 1107.000000	3.1490949463750622	75.5305814102895852
 1108.000000	3.2550612829401353	49.0800807355941799
 1109.000000	2.9448224683151887	30.8370542224066924
 1110.000000	2.9353750216620811	43.7110976724390810
 1111.000000	3.2969824625949680	65.8355846169510812
 1112.000000	3.1038761347070860	50.3780640524768160
 1113.000000	3.2574598573218867	56.1922135489939478
 1114.000000	3.6904102126073561	29.8005655921436130
 1115.000000	3.3796582318906641	71.8291927534579031
 1116.000000	3.2052015131095883	30.1239060972650350
 1117.000000	2.8356697686828167	42.2197292079578972
 1118.000000	3.2276705145651063	42.0442411905982283
 1119.000000	3.6707711168422783	47.6178687382454484
 1120.000000	3.2292461527568306	33.6943834163189990
 1121.000000	3.4338809883399777	49.3885593524344415
 1122.000000	3.1943665103391066	47.4284406023268161
 1123.000000	3.6558204016675013	67.3142227227051393
 1124.000000	3.2339927033666318	33.9544014448616167
 1125.000000	3.2702921456763465	47.7423365186870114
 1126.000000	3.1377831854049605	60.0284559199388070
 1127.000000	3.0337605154019540	38.0287423182119539
 1128.000000	3.5395102340274676	50.1674841512335092
 1129.000000	3.1627318884229942	50.4375103106033578
 1130.000000	3.5091330582680080	26.4350891114513047
 1131.000000	3.1823326083766830	46.0970612459859410
 1132.000000	3.3681692868051512	62.6051561504003189
 1133.000000	2.7977112115693012	37.9379003408311917
 1134.000000	3.5117900920726002	38.8287058306305823
 1135.000000	3.2120842985818756	61.3022609913139434
 1136.000000	3.3043048106282624	44.7558729096258787
 1137.000000	3.1987493924800927	57.0210683029855545
 1138.000000	3.0283478116566371	39.4212269019888026
 1139.000000	3.1580867783899120	47.3767638464610457
 1140.000000	2.9501270402180730	53.1514110628351233
 1141.000000	3.2073004245155383	40.0465814866873586
 1142.000000	3.0263779186160393	63.8322782771602562
 1143.000000	3.5729570665778247	39.5050542900021355
 1144.000000	3.2826751341544074	54.9034140391622003
 1145.000000	2.9524421204592968	40.8081413023072628
 1146.000000	3.0129408000889693	59.2451907831954543
 1147.000000	3.6115244287313160	54.8991865175682676
 1148.000000	3.2489025663060871	33.6025422014265018
 1149.000000	3.0167865895447314	33.1610942740221901
 1150.000000	3.1788032018071943	52.6142686107119602
 1151.000000	2.8749579788390816	66.3609735037597943
 1152.000000	3.0581736372671404	74.0236341726322564
 1153.000000	3.2192146844486951	50.2170187160459420
 1154.000000	3.0971500773840956	66.9508211304946315
 1155.000000	3.5090471904101088	23.3744937292348709
 1156.000000	3.7027767599013295	53.2048199323912598
 1157.000000	3.1557378278477795	59.3482778940879712
 1158.000000	3.1300350344262786	65.8157423598203906
 1159.000000	3.1387348496849965	43.2638231006504554
 1160.000000	3.8083209226927766	57.9498296778439368
 1161.000000	3.9542860063981040	54.6501912640448921
 1162.000000	2.8258118168887405	41.1900707720559751
 1163.000000	3.1173926319726113	25.4068600496690919
 1164.000000	3.1840282766961807	44.7151120493104486
 1165.000000	3.0782437930941255	66.9592720457210504
 1166.000000	2.9439500511739198	53.0435047999575602
 1167.000000	3.4962414307337810	52.4036862660462219
 1168.000000	3.7298177120606826	44.3479208387097401
 1169.000000	3.6481999391551407	45.7719043740811742
 1170.000000	3.1806685135754162	36.0490252908193156
 1171.000000	3.3792473153925346	53.2237395910546383
 1172.000000	3.2432127472125880	33.1966127410412923
 1173.000000	3.9786718460259842	57.0115403140856074
 1174.000000	3.6698816954826077	33.8593823983178197
 1175.000000	3.0618751357640122	42.2465713537179681
 1176.000000	3.3870187756430132	24.8915192305457253
 1177.000000	3.0656811180184573	38.8909797670280000
 1178.000000	2.8868828760847620	25.7210771228252213
 1179.000000	3.2123280369473859	38.0189198701845612
 1180.000000	3.2239655710439945	33.1320365872938964
 1181.000000	3.0652751146606594	48.9025547814165407
 1182.000000	3.1997767663128185	42.1624250297087997
 1183.000000	3.2198482848946313	44.4172827256685707
 1184.000000	3.4528903743549217	34.1871050612976717
 1185.000000	3.0199459377397742	42.4325424361744581
 1186.000000	3.1578462538331662	43.3861528983480298
 1187.000000	2.9816603428226807	30.4048560689959686
 1188.000000	3.0154063837466065	53.6740109051355887
 1189.000000	3.5001148500217902	43.0410216260933680
 1190.000000	3.2077910854152640	33.7714135316018940
 1191.000000	3.0969602976036379	27.7042703873191840
 1192.000000	3.4712930030916054	49.8194194882875365
 1193.000000	2.9183719064739138	36.3968783006868648
 1194.000000	2.9451615939546163	46.0761366605546812
 1195.000000	3.6214813834996220	54.8074468096796608
 1196.000000	3.4249080950793651	63.8866055705020557
 1197.000000	3.8230923354128228	45.5997599085624756
 1198.000000	3.9718470132953407	45.8561365255337421
 1199.000000	3.1144503941741419	36.8900159878972715
 1200.000000	3.0439035214356620	55.6927025651123557
 1201.000000	3.5502301411834511	25.7467822328121372
 1202.000000	3.1366014721344677	42.9799891164515770
 1203.000000	3.3303276267255248	58.8708025734357108
 1204.000000	4.2437888173478768	40.3413432355132215
 1205.000000	3.2909648182939812	69.0622815116695250
 1206.000000	3.4266661378363423	27.4908144052728289
 1207.000000	3.5488724942366083	40.8997294162457479
 1208.000000	3.3725282154079470	48.8740113053922869
 1209.000000	3.3808671750004935	47.5952559410617937
 1210.000000	3.4026629952933662	60.3531597918744325
 1211.000000	3.0587357625350884	32.6332107214082612
 1212.000000	3.4579268069268609	63.3072653756076846
 1213.000000	3.6331672799410226	26.3763798612322091
 1214.000000	3.7580989957845508	22.2773418626881607
 1215.000000	3.2113209679600665	64.7196384669453408
 1216.000000	3.5780213166198034	38.6654897172015239
 1217.000000	3.3923703887706429	69.2069463548863553
 1218.000000	3.3705347792599785	54.2684414301205891
 1219.000000	3.7841656430151103	37.5416880418950143
 1220.000000	3.1637291361131759	53.4374171139618142
 1221.000000	3.0793903625777741	38.6878066628100044
 1222.000000	3.2360153808854246	49.6098623703491910
 1223.000000	3.3062084672070964	28.1374640215630336
 1224.000000	3.1481825248202764	48.6964879628083622
 1225.000000	2.9237735227740038	63.1917977253033740
 1226.000000	3.2823237528508047	60.6231464022004900
 1227.000000	3.1579412112866692	65.7273432059379559
 1228.000000	3.0385518521109320	63.2295379775541591
 1229.000000	3.2150339705168292	49.2047788044773711
 1230.000000	3.3012716034419403	80.6482771422665081
 1231.000000	2.8175570233298033	56.3980462103605760
 1232.000000	3.4242074831859051	50.8118871465864856
 1233.000000	3.4829030490286290	32.3418357795930547
 1234.000000	3.9661584332934834	39.8434013409172962
 1235.000000	3.0528779106454373	45.0197663898262590
 1236.000000	3.3988147636373549	56.4180271751824733
 1237.000000	3.1011213164914797	55.6630592342048374
 1238.000000	3.1081991251835239	68.2076706818418756
 1239.000000	3.3506708446326297	40.6144595664949577
 1240.000000	3.1658488446789641	63.0299964278894151
 1241.000000	3.1241574524371614	58.4097254597120497
 1242.000000	3.6076263371691599	71.1787964259214618
 1243.000000	3.0525613297580674	63.8975451961957361
 1244.000000	3.2343612069668444	54.0988781505733272
 1245.000000	3.0426929313243560	45.5984914552210512
 1246.000000	3.1336824795475633	71.6753678289623792
 1247.000000	2.9969557966636908	47.8137239101841374
 1248.000000	2.9453421539742406	75.0043533862549481
 1249.000000	2.9361354575517886	60.5976708841203049
 1250.000000	3.2265142446460082	48.5261384243622160
 1251.000000	2.9890950928072910	40.5609449924655507
 1252.000000	3.3291275439724632	68.5859305727296373
 1253.000000	2.8902688619832086	58.3152424084966299
 1254.000000	3.3208742919990000	59.6582625254216623
 1255.000000	3.3143681051949807	61.4232114228594526
 1256.000000	3.2892934583526401	77.1264553907216595
 1257.000000	3.3156456884359846	67.1351542054523378
 1258.000000	3.2499081918146588	53.2282430010250778
 1259.000000	3.1505369101600733	40.6253322187251626
 1260.000000	3.1038440600813750	39.8659054920388769
 1261.000000	3.3050965440882472	52.1127977454251265
 1262.000000	3.4309063940225024	75.1030442908279525
 1263.000000	3.0367477292358842	46.5711342069602665
 1264.000000	3.1414970838608629	49.1498558517103277
 1265.000000	3.1167987631975054	55.3651173715857965
 1266.000000	2.8873333776363146	27.5454505438255524
 1267.000000	4.2530232406118547	36.4106530757869962
 1268.000000	3.2002837359409662	34.4315126615613849
 1269.000000	3.8936774547291466	46.7812997335865361
 1270.000000	3.4821420838810422	57.0512069425620894
 1271.000000	3.4397199283529476	16.8441239125491791
 1272.000000	3.3944136719824507	33.2296819433082931
 1273.000000	4.0570111368492832	50.3591126793495221
 1274.000000	3.8264520209988580	7.7426864577366530
 1275.000000	3.0635316683688365	59.4381935715893945
 1276.000000	3.6072379132608723	36.8431458168112727
 1277.000000	3.9107412961079406	50.2987180135659173
 1278.000000	3.5997328529315258	23.1646174822929254
 1279.000000	2.9865472169213572	62.5048354397666799
 1280.000000	3.0427467035392963	74.9496675904069747
 1281.000000	3.0294021234339690	21.6754979794701796
 1282.000000	3.2359257869075537	43.8365730904415898
 1283.000000	3.1134921792339361	19.5578422886339638
 1284.000000	5.0806482078970836	7.1269688337673074
 1285.000000	4.9148247204863171	22.4267133884035275
 1286.000000	3.2140425257007239	28.4056410325957813
 1287.000000	3.8577780053050490	27.8889680181368647
 1288.000000	3.5514791817996287	32.7278775745307087
 1289.000000	4.0781858117764260	30.0595459502860081
 1290.000000	4.3133518855592881	22.0055705535466188
 1291.000000	4.0179184452193812	38.2071038737541073
 1292.000000	3.3226527062722244	15.1805575067167524
 1293.000000	3.4468855667022713	59.7968663773707476
 1294.000000	3.5685667100686147	22.8270413547791975
 1295.000000	3.4279637004299897	48.8769498581131359
 1296.000000	4.4640492565626033	28.2052841972229089
 1297.000000	3.7065180732040268	30.5238060325094978
 1298.000000	3.3975804092991226	48.6405564418458596
 1299.000000	3.0043266587431159	56.9063956059459883
 1300.000000	3.1402398347745981	19.8681573004899690
 1301.000000	3.9996015691107956	55.3362470455979150
 1302.000000	3.3885242311799364	46.0751861027900418
 1303.000000	4.0938721962399063	41.0096059054988586
 1304.000000	3.9041110013122124	54.1555736904560234
 1305.000000	2.8480064762284258	42.2478141833992993
 1306.000000	2.9222700563788151	63.0445923507258073
 1307.000000	5.0122844042351451	22.8404646519441314
 1308.000000	3.3821509494418902	47.9896800107124761
 1309.000000	4.5466667651506096	40.6586180905914318
 1310.000000	3.7083647412650285	35.8323960251517519
 1311.000000	3.0083686419859057	76.2522123606369462
 1312.000000	3.4707353574419417	46.4710053524695752
 1313.000000	3.5436627446876767	49.4371843054229032
 1314.000000	4.0661509120343258	54.9899966561284828
 1315.000000	3.1811827800563921	31.4319473639020828
 1316.000000	3.2873276099991635	16.8124105585929158
 1317.000000	3.5477489904169084	49.2110084903425502
 1318.000000	3.0359989758277273	40.3292666436975651
 1319.000000	4.1612040786799271	51.1511731383301367
 1320.000000	3.2188095061668291	51.1285822038867650
 1321.000000	3.2805649638457570	55.8326373211101838
 1322.000000	3.4291079002441274	34.0462659444588098
 1323.000000	3.2629894159697046	57.6467528336632569
 1324.000000	3.8138449009543334	46.4849668129646432
 1325.000000	3.5755621494953025	28.4928682605120684
 1326.000000	2.8690322366211052	44.6580134289813202
 1327.000000	3.4601319798859085	37.2220196156941370
 1328.000000	3.3620245682659431	55.8677691481569241
 1329.000000	3.4811711493162076	84.0856559050675116
 1330.000000	3.0219196350029156	3.6318506382221756
 1331.000000	3.4691969463450185	69.9440233040101020
 1332.000000	3.3497868594999369	50.5192912179532811
 1333.000000	3.7444208984201852	49.9616170946963507
 1334.000000	3.0905870303499792	53.8809564646747816
 1335.000000	3.1708506147198783	29.1919105192896211
 1336.000000	3.3562547796121427	22.5740052376388576
 1337.000000	4.2132294513043886	26.3394550738128999
 1338.000000	2.9365871444069422	41.5042708264297175
 1339.000000	3.6597521390681846	35.6588556221213651
 1340.000000	2.8283684493891812	35.0699622187588886
 1341.000000	3.4134001716895166	38.5768664902909961
 1342.000000	2.8656801719279223	50.8797231768517975
 1343.000000	3.7328032443050647	45.4987426123232410
 1344.000000	3.3841337273444028	58.2846210012675812
 1345.000000	3.3519458044235195	45.9135478910840504
 1346.000000	3.5803966484093377	59.6368232293521743
 1347.000000	3.4857308325751872	62.0666935524452299
 1348.000000	3.1915582227272710	63.6671096525522131
 1349.000000	2.8188848118789114	55.6819741945846545
 1350.000000	3.5328014878778493	53.4174767021405330
 1351.000000	3.0282270709220347	62.4721312126471418
 1352.000000	3.4195275336806570	62.7123167232334993
 1353.000000	3.1735438357340953	68.1422639263689121
 1354.000000	2.9724127540089547	75.9693486525817718
 1355.000000	3.3505031040116702	45.9140484675059497
 1356.000000	2.9556758528247951	64.1671552857788186
 1357.000000	3.2691832316131793	62.3036619180664388
 1358.000000	3.0526011889516038	64.2996640534901331
 1359.000000	3.5098059502485786	77.9602176776933788
 1360.000000	3.0887313231000162	50.4161485741034880
 1361.000000	3.1560964049625251	55.3406105472335810
 1362.000000	3.1909938282393431	35.3499429028818213
 1363.000000	3.1695553888194179	55.3177977611943277
 1364.000000	3.1631718969380977	56.4750893101956279
 1365.000000	3.0389234075839999	58.2894714477776859
 1366.000000	2.9279066094695150	45.0011178651182036
 1367.000000	2.9679366690451485	72.8004066447547018
 1368.000000	3.1773438693005187	74.8286939565373643
 1369.000000	3.0645244723787477	41.0780014043435813
 1370.000000	3.5425878620609548	50.7436358719967302
 1371.000000	2.9689357171516622	57.9832361883055256
 1372.000000	3.2187277308665689	59.1029749097802295
 1373.000000	3.3494612731184961	49.4675477523439611
 1374.000000	3.0915646305599429	54.4536369782716037
 1375.000000	3.0395461182314367	32.9810901708504218
 1376.000000	3.1467928399132430	55.5505975166997814
 1377.000000	3.6007937551469871	65.4348477493932847
 1378.000000	4.0607108065263837	50.3658512321479748
 1379.000000	3.2433851623181122	52.8627818583787814
 1380.000000	3.0694216904016587	56.7384937997564833
 1381.000000	3.2342724001165752	56.2541096483553105
 1382.000000	3.4832509430807543	71.5999917766983316
 1383.000000	2.9798069914998702	65.6313259223132093
 1384.000000	3.2627107952676022	57.7028304183162106
 1385.000000	3.1181147750970224	44.8400682155290440
 1386.000000	3.2617020151031468	64.4500853216656679
 1387.000000	3.3890751529097223	72.5054558366006887
 1388.000000	3.1180335959117764	42.5114876825342378
 1389.000000	3.0850423704987233	64.4107554091968240
 1390.000000	3.2603982746153273	64.2104445134798709
 1391.000000	3.4485460301185316	54.8652065627077263
 1392.000000	3.5127815120691435	48.5721275524620637
 1393.000000	3.0262428711781753	47.6941847938856256
 1394.000000	2.8976268932831641	31.7004777465988070
 1395.000000	3.2302430810678429	43.2309222219006983
 1396.000000	3.2313820770795831	48.4432021761710985
 1397.000000	3.1488168827577381	61.2616267160412065
 1398.000000	3.5538706549287746	69.1779621249802261
 1399.000000	3.5538532296794649	46.0162106368834714
 1400.000000	3.3211427561394848	58.7585905719878383
 1401.000000	3.2080149364231305	72.7793273686421429
 1402.000000	2.9741040013161086	70.8303534633082847
 1403.000000	3.2556391319779019	64.1714766914595742
 1404.000000	3.0792306623086803	50.0924825104377760
 1405.000000	2.9460730190109690	54.7566817263800800
 1406.000000	3.2265955413004530	40.5954639821179057
 1407.000000	3.2291112580572490	43.5556816868479189
 1408.000000	3.4671554969739269	52.2109160203902007
 1409.000000	3.2331422487973271	50.7702546287794121
 1410.000000	3.2901987825759602	57.6182361903943701
 1411.000000	3.1445140454725156	62.4681336253413235
 1412.000000	2.9181502934104997	35.3233056432032981
 1413.000000	3.3463883741984137	70.1525295865153282
 1414.000000	3.2487081524240247	44.0017108427331607
 1415.000000	3.1576544345893529	73.7140483599595768
 1416.000000	3.2344739892194432	68.7212566655103529
 1417.000000	4.0069683891740793	54.1341224211511900
 1418.000000	3.4916321546214966	58.7639802384374548
 1419.000000	3.4440236589994102	48.5666331211270972
 1420.000000	3.4095604276511642	56.8310135698858403
 1421.000000	3.2054446675645023	44.9924921768105150
 1422.000000	3.6421760452481817	43.2186232503105145
 1423.000000	2.9893597815616029	48.4753349351555016
 1424.000000	2.9303832757799100	55.1123254545053243
 1425.000000	3.2718118455599754	63.8966913409777959
 1426.000000	4.0292720027133191	54.4106841001694619
 1427.000000	3.0298868222156847	60.9880840416537922
 1428.000000	3.4242250399062315	73.4823645324191972
 1429.000000	3.1936928275984857	68.5922594897362785
 1430.000000	3.1188671985637471	67.6044021389932794
 1431.000000	3.4539114389466392	60.6210056440470026
 1432.000000	3.2356538896275993	49.0450299497781828
 1433.000000	2.9202792334172254	49.9833298673435138
 1434.000000	3.1600221395263182	63.2125480613879205
 1435.000000	3.3338819558931463	56.2198300574754484
 1436.000000	3.5532880898064372	55.2528645488635846
 1437.000000	3.1607267737103011	66.2179176179296007
 1438.000000	3.4042151541286603	72.6877668711945262
 1439.000000	2.9202618562019160	45.8148110827941650
 1440.000000	3.3688988220714671	48.1315260420870175
 1441.000000	3.1326239309533856	57.9858508351725987
 1442.000000	2.9955913070828379	53.2086355023810995
 1443.000000	2.6182461580738954	30.4586628379267381
 1444.000000	3.8504114648281980	21.5994455137166312
 1445.000000	3.3760990674477229	63.3608907730390740
 1446.000000	3.4537421353409399	69.1586335190504258
 1447.000000	3.0233968482134674	40.8197226007790448
 1448.000000	3.1062678842159310	61.0149178064671673
 1449.000000	3.5214098651846211	56.5169069448649140
 1450.000000	3.1718678914499754	72.3283601729292087
 1451.000000	3.2968735008312828	56.9463465537059932
 1452.000000	3.4586493098878184	59.3058489012740750
 1453.000000	3.5797026326946595	58.4351690562042592
 1454.000000	3.0926398813064222	49.2949947901943801
 1455.000000	3.1555884018887466	57.2863173810489172
 1456.000000	3.5056983420324253	39.4029636080666421
 1457.000000	2.9069217492411679	56.7779750700605348
 1458.000000	3.2005056144129984	36.6409384418166155
 1459.000000	3.1339161423643658	60.8864529210145378
 1460.000000	3.1846250786047352	76.6704336026650566
 1461.000000	3.6419819797108857	26.0513016439501257
 1462.000000	3.1727330673083589	45.3046017002812391
 1463.000000	3.0119666678211980	46.4516948972140256
 1464.000000	3.2610039560857835	57.6810397086589433
 1465.000000	2.8623269761631600	43.9566644149239210
 1466.000000	3.2809117080857657	51.6042571379108210
 1467.000000	2.9374037878343340	20.4992369505364707
 1468.000000	2.9671198124291451	27.9538460283902452
 1469.000000	3.2105489532042140	58.0083117328978233
 1470.000000	3.2822592434412199	48.0003192408147754
 1471.000000	3.3662879361851314	43.1796805174912492
 1472.000000	3.5158191289219491	27.9113109224974210
 1473.000000	3.0766872545373176	38.1006435858434997
 1474.000000	3.0244041547632805	24.9023070073218946
 1475.000000	3.0857429745781446	65.1714404418612503
 1476.000000	3.3960410489408042	69.3034026034527955
 1477.000000	3.1328495018625775	64.2135950753999509
 1478.000000	3.0382713801568664	51.4031593749261617
 1479.000000	4.2030868802237675	58.6677475718259274
 1480.000000	3.8105703897049632	54.2893279752591980
 1481.000000	3.0787751199596118	65.4313026864757035
 1482.000000	3.0138728848021574	33.0128241820349899
 1483.000000	3.1976247274704472	28.9425709133146825
 1484.000000	3.7928274230532688	49.3382671649697500
 1485.000000	3.3917190345920609	57.3301603768727404
 1486.000000	3.4022005744093500	45.9979337994511752
 1487.000000	3.3699333623201739	68.0024823378366108
 1488.000000	3.0521011511951630	47.7492540202108273
 1489.000000	3.4355873642178900	71.3784144414100723
 1490.000000	3.3876433358120432	53.7470232246519117
 1491.000000	3.0986326008816665	52.0181579706072910
 1492.000000	3.1320731777066291	38.7993919952078841
 1493.000000	3.3809751838949365	73.7648798239943204
 1494.000000	3.5094065592783812	56.2191245010345995
 1495.000000	3.7493313831904191	51.5079108509129071
 1496.000000	3.1699103895385097	39.1727803595042587
 1497.000000	3.0633707642538717	53.9995675981036811
 1498.000000	3.5004803232024453	63.2139373624782621
 1499.000000	3.3405301187582013	45.2049845136016017
