 0.000000	2.9189334361170101	17.5868432165802631
 1.000000	2.9551066055940893	21.8175902995188835
 2.000000	2.8893964330002793	15.4771637469658288
 3.000000	3.0528551636848604	16.0243470661955314
 4.000000	3.1064156836235992	28.2076947511782805
 5.000000	2.7957351844858498	19.5643966287763647
 6.000000	3.0485589656164951	27.4034355128278833
 7.000000	3.0346391013513632	13.8403797246452029
 8.000000	2.7135900222332872	13.7553301267864470
 9.000000	2.7942844576433781	27.6806997611067800
 10.000000	2.9656187744145233	8.3592504649901400
 11.000000	2.6892101931132286	4.6730084035890798
 12.000000	2.8944709350018272	18.4156681116157586
 13.000000	2.9136384572536556	22.3375305389920129
 14.000000	2.6975832047588773	22.8435059131616924
 15.000000	2.7921695769605916	14.9047509794836230
 16.000000	2.7407336036331431	6.1007179250620709
 17.000000	2.8302092793112235	23.8370666789008965
 18.000000	2.9943958515052853	35.7543516079129802
 19.000000	2.9107605785637816	25.2988138867980581
 20.000000	2.8773596907490133	46.3277706179575830
 21.000000	2.8681262286194995	17.5166503369767099
 22.000000	3.1960554795391416	19.0441017915027544
 23.000000	3.1682818484031827	42.9573293115037700
 24.000000	2.7202699170751479	16.7758936412517698
 25.000000	2.8662645680308767	29.0496682252783955
 26.000000	2.8748157233821865	18.5434205735033117
 27.000000	2.8822450004114084	18.5643214148056757
 28.000000	2.7483115701578646	11.1835997927168762
 29.000000	2.7119401334271256	1.7629352251206285
 30.000000	2.7208866033918517	10.2991683075061360
 31.000000	2.8037294252840468	12.7820893352001121
 32.000000	2.8128922503358758	18.6367185475941142
 33.000000	3.2207585194429527	11.2581246635945433
 34.000000	2.7577525719447618	29.4108965139704708
 35.000000	2.8961562883850616	33.4351602217547281
 36.000000	2.7218281431520897	13.7078188621734967
 37.000000	3.0158479593515541	16.8337620269994659
 38.000000	3.0025488911593921	7.1755530463459820
 39.000000	2.7964233296681620	25.9748141552432230
 40.000000	2.9684388251415341	9.2853593673634123
 41.000000	2.8742017932482531	26.8393256142129530
 42.000000	2.7875055210604449	35.6394528757482476
 43.000000	2.7919364174526597	1.5198262964194669
 44.000000	2.7308362435634241	18.8395731058734270
 45.000000	3.0139870903902741	26.1604449507305219
 46.000000	3.0348733819761242	43.9802034117989535
 47.000000	2.6847010174100454	15.2470746969236757
 48.000000	3.0831953147960713	15.5824896265419568
 49.000000	2.6763619908884078	39.9373820135233473
 50.000000	3.2682431109420254	5.8670609297315082
 51.000000	2.8086878042437378	13.9148709165297078
 52.000000	2.7513225864485191	10.7149405873678063
 53.000000	2.9688277421002542	18.3988556135526267
 54.000000	2.8136311798434543	6.0452193644800332
 55.000000	2.6738904010112230	4.7636390853137982
 56.000000	2.9684009472713795	18.2569885483952987
 57.000000	2.9968199452353246	25.2261024517712826
 58.000000	2.6981520440163731	8.0563978300590406
 59.000000	2.8566754290017204	33.4050528590924216
 60.000000	2.8649773506661940	31.8053555844043103
 61.000000	2.8456131929285271	8.7116728360781224
 62.000000	2.6676540508102073	21.2194021933336785
 63.000000	3.0496916126210714	27.1324659016835597
 64.000000	2.8371795765605055	4.0020816285333751
 65.000000	2.7924240322034106	16.5318567472751567
 66.000000	2.8716061939975597	13.4978846388374336
 67.000000	2.7906018371204944	11.0731852622015481
 68.000000	2.7233288980715793	13.2502471832872857
 69.000000	2.7016075268060762	30.7811400781389466
 70.000000	2.7418899765359885	37.9407679229695134
 71.000000	2.9988108131208508	18.5969391280769401
 72.000000	3.1207640251546280	19.3451234187656382
 73.000000	3.0442872475064213	20.0016884440281899
 74.000000	3.0020912810798812	6.0075646335459112
 75.000000	2.8488904464475935	49.8386581952963468
 76.000000	2.8474548117102905	6.7667729326424819
 77.000000	2.9289857869308320	24.4784181996741665
 78.000000	3.1881120408340711	18.3939508143422188
 79.000000	2.9647940121681846	7.9438430142214429
 80.000000	2.8823795663194143	32.7280658863517431
 81.000000	3.0564797008639819	16.0504204667611816
 82.000000	2.9826758264305737	7.0093424792572137
 83.000000	2.8918904885213581	13.1857947773633555
 84.000000	2.8898560532314788	38.4163269420791949
 85.000000	3.0120693879566760	16.7975727277600129
 86.000000	2.8511171371615434	6.6104890483711642
 87.000000	2.7950179637120400	10.1578731643664071
 88.000000	2.7327377619277935	9.1814513149379877
 89.000000	3.0454082054402170	33.6803979963393090
 90.000000	2.8811349981360541	20.0984179583826688
 91.000000	3.0543961351618649	8.7212809710682961
 92.000000	2.9270232429831284	18.5755987736544625
 93.000000	2.9915264285074032	3.0885322567307014
 94.000000	3.0758304704282451	26.5676032595316940
 95.000000	2.7883151264318626	11.2735640975630815
 96.000000	2.7422569362037437	14.2496499786062429
 97.000000	2.7304393752005165	17.5872724804359279
 98.000000	2.8606982669809775	32.1096686146518664
 99.000000	2.8606341799949253	11.6587918644289914
 100.000000	3.0059784195528922	34.8789052037103318
 101.000000	2.7108945981076475	25.5503360925528966
 102.000000	2.8476562343291243	20.3563786497185220
 103.000000	2.7725330133571249	11.7632166790232873
 104.000000	2.8062868707619617	20.5445186517917762
 105.000000	2.8020940272654311	17.4863362264241289
 106.000000	2.9295320361203645	22.2491772321536416
 107.000000	2.8635034330401212	11.8835625585516311
 108.000000	2.8632325066385129	30.7740055703806092
 109.000000	2.6816000828625230	9.1029963032788999
 110.000000	2.6542940986553671	13.5476385350091846
 111.000000	3.0464938186786426	19.9102046973651454
 112.000000	2.8432386426261349	18.8914766045106148
 113.000000	2.7882613376391827	11.4932988694182256
 114.000000	2.6754722245629394	12.2510491008913220
 115.000000	2.7887690860541232	15.4004816355653418
 116.000000	2.8953739061550769	12.9277956202643622
 117.000000	2.7835635194435424	22.9555393659404103
 118.000000	2.7921099887767191	6.3417132727165040
 119.000000	3.0077370013861353	17.2371610779089224
 120.000000	2.8178277743322644	13.3992508846031626
 121.000000	2.7640406431343094	9.4041570187954449
 122.000000	2.8505713037136595	15.9929796397737221
 123.000000	2.8658873546555519	7.7052115388235336
 124.000000	2.9445195321368618	21.4977617936377783
 125.000000	2.7406439932086055	26.8977353005885220
 126.000000	3.0595816987091111	16.1988680660344073
 127.000000	2.8594709530822642	8.6571630942920876
 128.000000	2.9466888257038977	44.8636178034509499
 129.000000	2.9158848341889216	19.5601402865342493
 130.000000	2.8279618841408030	17.7264684019508820
 131.000000	3.1230606576088746	12.8760251731924882
 132.000000	2.7045052642389136	35.5872804151503033
 133.000000	2.8364071088080456	10.4808717436517895
 134.000000	2.7630275217718454	21.2840797385588019
 135.000000	3.0325746868887817	19.2390309251704537
 136.000000	2.8397064698138128	19.1331381710171229
 137.000000	2.7885396860774785	32.0319728799368590
 138.000000	2.8292499633420531	16.1081742129465795
 139.000000	2.8709929093413225	29.5027513968613562
 140.000000	2.7413787273708294	6.9696775996696374
 141.000000	2.7731762716253217	26.8547590658507431
 142.000000	2.6103585639800055	9.6351178008940224
 143.000000	2.6868097543689604	20.7731145484350179
 144.000000	3.0545283754908352	39.3571783162008728
 145.000000	2.8874379379359394	27.7386351404718141
 146.000000	2.7963363619578585	6.9885866417479008
 147.000000	2.8824606969588076	12.9352281458713776
 148.000000	2.8277955247205777	8.5896332067757442
 149.000000	3.0979179768253533	19.6310632774240901
 150.000000	2.7321810378276861	21.5800454012637033
 151.000000	2.7833612036522766	11.5034570403305452
 152.000000	2.9413906968057142	50.5019222674629589
 153.000000	2.9681850397196139	4.2315208561922475
 154.000000	3.0976494675337496	29.7926260230680384
 155.000000	2.9884323950007570	22.0343378163918828
 156.000000	2.8802574499841476	24.6620499649438614
 157.000000	2.7731433402568699	15.0359451394051575
 158.000000	2.7634943879218601	5.9716773638708105
 159.000000	3.1230454299067896	11.0916707200167934
 160.000000	3.2108661014876403	11.9778409142504358
 161.000000	2.7259058629579482	17.0055863363767799
 162.000000	2.6608313234689023	3.3657405079678711
 163.000000	3.0510277177813938	9.1284406142126500
 164.000000	2.9787886899599005	15.2240944689517335
 165.000000	3.0519974511645267	15.3877927193607320
 166.000000	2.8339113335819710	16.5929475988066883
 167.000000	2.9355866635639822	14.3042698142498921
 168.000000	2.8539724034993879	10.2641082034206761
 169.000000	2.8539341390005690	2.1821206193541514
 170.000000	2.8391076707774894	5.3850555546424062
 171.000000	2.8240490524501913	8.0630216424417824
 172.000000	2.8866130008648772	31.7160417417492226
 173.000000	2.8492850619624424	4.8741819903013948
 174.000000	3.0809517887697262	19.2693310190654756
 175.000000	2.6600251858638226	8.4420306835930887
 176.000000	2.8477291175191670	5.1570703718769266
 177.000000	2.7697316352176111	5.2590103063419349
 178.000000	2.8158322106361622	21.2293745168087469
 179.000000	2.7369247613115544	7.2603314605260891
 180.000000	2.8712049974870557	16.7227215868825283
 181.000000	2.7901125419434232	3.2432173628623104
 182.000000	2.9492537931548024	14.7980023007073669
 183.000000	2.8403997542106354	15.9071897234689175
 184.000000	2.8397586860686426	6.5692672301751429
 185.000000	2.8816144039183338	12.6780349841111502
 186.000000	2.7313610449524472	16.6376999633645255
 187.000000	2.8202107596135737	8.1317333108179923
 188.000000	2.8367576936852346	8.6761704120208947
 189.000000	2.8533582000135835	9.9081006137573979
 190.000000	2.9527442613482124	19.6781794038763564
 191.000000	3.1214262574570562	35.0589515636177680
 192.000000	3.6895157107996144	25.4764127194817149
 193.000000	2.7850494422392238	23.2808780941452937
 194.000000	2.9760774836635262	23.7445425839635504
 195.000000	2.8436403260020438	12.4090228608472728
 196.000000	2.8706306090621636	30.5498131563843458
 197.000000	2.9172231607737964	33.1734779230613981
 198.000000	3.0400052851770183	27.9412718947836254
 199.000000	3.0233071061305878	19.5275430214997243
 200.000000	2.9010784876530571	6.1760862822529816
 201.000000	2.9571051434159186	14.8735571075865494
 202.000000	2.8411408955465265	8.3065623578327177
 203.000000	2.8905581713769744	20.6094701324337279
 204.000000	3.2832554903532087	35.6716445758116265
 205.000000	3.6474558677952889	26.3483287638244121
 206.000000	3.2135290631587692	20.7452052608066992
 207.000000	3.6034716807155305	18.7165544450948858
 208.000000	3.1322607882466342	28.2094507016211651
 209.000000	3.3673354133730866	13.0709180473953950
 210.000000	2.7682737242989242	11.5160571650856127
 211.000000	2.8195926688955519	13.6093932245876488
 212.000000	3.0867160999694114	44.0307061595208893
 213.000000	2.7557154635640302	10.5523229722637382
 214.000000	3.1611144369579063	16.9277200817863331
 215.000000	2.8432004282852787	20.0994042620530422
 216.000000	2.8283931296936582	7.0446794373887656
 217.000000	2.8141198235877778	15.5443588216117234
 218.000000	3.0511856222728002	22.9790182827336764
 219.000000	2.9225895007837579	36.4238380698909623
 220.000000	2.8912730355105292	40.2038768252814123
 221.000000	2.7978806390569142	20.1977282348732388
 222.000000	2.8055504060060117	14.0670432630493281
 223.000000	3.0094013662336616	22.5497510429523800
 224.000000	2.9769342989147525	25.4393522032040380
 225.000000	3.5975282337360093	54.3629832259614290
 226.000000	2.7078972415637610	27.0972277899612095
 227.000000	2.7212023954886009	6.4989950097756832
 228.000000	3.1061787338812223	14.1809657089012262
 229.000000	2.9660682450339069	15.2369060682287625
 230.000000	3.0061819527536597	24.0514670977765377
 231.000000	3.0729848344976802	29.8517565269626459
 232.000000	3.3915294730636756	4.1677530240268652
 233.000000	2.8443172161295909	9.0859121716098912
 234.000000	2.7903395852363495	18.5805216602450969
 235.000000	2.8132430317565609	8.1724030873322135
 236.000000	2.9792068715065976	14.1131275688361768
 237.000000	2.9774729368561688	20.2684082927086422
 238.000000	2.9839546935233883	11.6417637839717258
 239.000000	2.7867473799012670	6.1392837152920947
 240.000000	3.0142829732805771	23.8843137261415848
 241.000000	2.8553805034419097	14.8960699945660906
 242.000000	2.9950887367216179	16.0581557308505296
 243.000000	3.1791705400560240	16.3500041988521616
 244.000000	2.9928052056171794	7.1468352475689869
 245.000000	2.7994149871520650	22.9360030349567126
 246.000000	2.8764969521343420	9.7883877420048293
 247.000000	3.1674914329598329	24.4052872463238373
 248.000000	2.9423438999349245	30.6686479989821805
 249.000000	2.9072243131082818	30.4740737010038174
 250.000000	2.7449105906061271	9.4135329537684527
 251.000000	2.9023575321663326	14.0273359667799582
 252.000000	2.7833392987053007	18.5478115341807097
 253.000000	3.0341671427328416	4.4732889311565600
 254.000000	2.9232907492912417	6.8464957749208963
 255.000000	3.0716957563674869	13.0128803275755160
 256.000000	2.8376618286814974	23.7909703137293320
 257.000000	2.7519129305724395	2.3771401229442120
 258.000000	2.9852489935698956	5.1514822378070164
 259.000000	2.6280146496274059	18.4044377963103614
 260.000000	3.0983724657008516	21.2770805991576424
 261.000000	3.0721032917117013	1.2321334056520925
 262.000000	3.3919306501940740	29.2829462071447324
 263.000000	2.7925960733833972	15.3284910171908564
 264.000000	3.1959065997835272	17.9089808378683415
 265.000000	3.0098904657686911	16.0069298189741573
 266.000000	2.8901435669495248	11.4747400957284071
 267.000000	2.8948188948251010	40.2056595027399339
 268.000000	2.7967872098000357	12.1139449736802476
 269.000000	2.9315631612735507	17.2319576372217966
 270.000000	3.0485302081505603	9.9420388028665343
 271.000000	2.9453419229171560	23.1082467270870779
 272.000000	2.6235805054676917	11.7503937718674933
 273.000000	2.7463716362782602	14.6528237076662151
 274.000000	3.0836576077271980	29.8400895427547823
 275.000000	2.6548517849386855	10.3847974224186146
 276.000000	2.9179597299785600	21.4538097352827606
 277.000000	2.9137638576628353	8.2075651282744957
 278.000000	2.7472330201542636	34.7771388617123307
 279.000000	2.7983013748918650	16.9738838066919868
 280.000000	2.7685942707575504	19.5741577285478456
 281.000000	2.9769488655870844	12.8224409178008898
 282.000000	2.7494621300612812	23.8322311856341003
 283.000000	2.9459337042089291	20.2191522970811945
 284.000000	2.7195452599009324	10.7045709865067806
 285.000000	2.7952031790652865	54.7202582988598323
 286.000000	3.0412225607022187	14.9708716486406104
 287.000000	2.7660257217214377	9.8657197136236050
 288.000000	2.9894644786723412	24.1583224974891095
 289.000000	2.7806332458075946	3.2808212399436343
 290.000000	2.7352313365991030	7.4499911047542184
 291.000000	2.8257387622933323	22.6054323920755849
 292.000000	2.8259037091042880	21.2192928377374699
 293.000000	2.7596339085855024	12.3241589204488946
 294.000000	2.6704111542890745	38.2283395178772309
 295.000000	2.9375403547609729	12.0265079433979452
 296.000000	2.8469707212911883	11.9226561647079734
 297.000000	3.1485558849405750	21.3229837595587526
 298.000000	2.8677046316723613	18.0253677076621841
 299.000000	2.7578896913597899	22.7787676571997508
 300.000000	2.7171634025344380	41.7425978943387292
 301.000000	2.8159993590895267	12.7676744635078023
 302.000000	3.1521703959133784	12.2637381325444608
 303.000000	3.1647516224575267	18.0613646419738814
 304.000000	2.7818262666746669	15.5391970390680854
 305.000000	2.7586299175024900	17.4705969232447558
 306.000000	3.0383111907007976	17.0175833607423783
 307.000000	2.7669867076866566	18.9300711605129948
 308.000000	2.9261665493236491	20.5400392887572139
 309.000000	2.6661893348680521	37.0130413490202272
 310.000000	2.8553314387409388	11.1005971244576074
 311.000000	2.9918775609752926	36.1968234810781553
 312.000000	2.7375798645953791	12.0343710208084644
 313.000000	2.8382323745207771	24.7308406278362440
 314.000000	2.8318236345564083	29.8889221514615144
 315.000000	2.7681744445771463	24.3243435000796069
 316.000000	2.9333870305743384	10.3444148476457656
 317.000000	2.7557520843271375	12.1244672605152459
 318.000000	2.8926784401622840	5.3622788316320680
 319.000000	2.7977253585012951	12.1310306029623405
 320.000000	2.8035831722235294	19.9696882505481881
 321.000000	2.7416184620975508	18.3795465846258423
 322.000000	2.8159660880964541	27.2486296293994599
 323.000000	2.8078709782006892	14.9168310526974039
 324.000000	2.6692395715468678	26.8060843881785331
 325.000000	2.8978584960759521	9.4542302441734307
 326.000000	2.8005837694368698	15.3576106780652708
 327.000000	2.7163466871751218	22.6219408346258319
 328.000000	2.8712714248188349	17.0130757674231461
 329.000000	3.0339938015972212	23.3231619313344822
 330.000000	2.6905676056223125	17.0760019545367356
 331.000000	3.3722404053066044	33.7702211710509630
 332.000000	2.8634730917468940	10.4303079299918409
 333.000000	2.7779941632966119	23.3865202347069783
 334.000000	2.8111602044281545	22.6794565047429160
 335.000000	2.7403957414823927	17.1305520249839276
 336.000000	2.8568080859872027	33.3296650884429084
 337.000000	2.8178327789794970	10.0003517308203413
 338.000000	2.9215787127829027	20.3984616505123029
 339.000000	2.7484814689795050	18.0807942520915788
 340.000000	2.7827250484100481	23.1633802424968849
 341.000000	2.9756604684098611	23.9180607528051326
 342.000000	2.6822629500612925	11.9181575146145349
 343.000000	2.7211002050463033	12.6247768441124890
 344.000000	2.7488026428581467	5.6257215863597025
 345.000000	2.7914289538554047	21.6185271586888632
 346.000000	2.8784051347778123	22.1655886162760112
 347.000000	2.7948799820537338	26.6405164268682029
 348.000000	2.7419816622112845	19.0064407843798620
 349.000000	2.8498442458857904	15.4603020173604477
 350.000000	2.8382805810734189	6.3419580023966944
 351.000000	2.6232748370585051	30.1231980473112344
 352.000000	3.2934313599751226	22.3133887982324381
 353.000000	3.0058074756628970	15.7903875843000776
 354.000000	2.9041977350187937	7.9787591430375642
 355.000000	2.9240555125250802	13.7604914564366254
 356.000000	2.8088345839388178	38.6872016450747935
 357.000000	2.9274108857620496	12.3188273819451695
 358.000000	2.9519349432745536	9.1861898196776224
 359.000000	2.7264289684200995	7.9881945273128281
 360.000000	2.7706989207443939	17.9287683890156302
 361.000000	2.8515426586476411	12.1845329824208193
 362.000000	2.8048307634483383	8.5001632375123961
 363.000000	2.8404282803634961	23.8829440327439215
 364.000000	2.8636376697958026	20.3694329700039987
 365.000000	2.9371242960209214	36.8835000240296154
 366.000000	2.6930082622277984	17.5785695682108383
 367.000000	2.8622469825154058	21.2017262558303514
 368.000000	2.9713804395596175	11.9452335705931603
 369.000000	2.9234392832095097	17.3258770561546385
 370.000000	2.7341307307937699	29.8622588585956805
 371.000000	2.7962816613713524	2.9689241505649306
 372.000000	3.0089023863156985	19.5969019028752029
 373.000000	2.8489215592249626	0.7898500402052377
 374.000000	3.0223781799885003	20.8831225098425364
 375.000000	3.0643416586323773	12.1177943305464453
 376.000000	2.7205029160414758	7.1061675000809146
 377.000000	3.1727737403447862	6.7535750313643348
 378.000000	3.1186369408293482	7.8785317625806499
 379.000000	3.0041364203373191	36.6208697790692099
 380.000000	2.7808723509034579	17.6354712952483226
 381.000000	3.1422536668578691	10.2952654278881539
 382.000000	2.8600192636879078	14.0713604640996266
 383.000000	2.7403637090358259	7.1125215268998261
 384.000000	2.7365171861920095	20.9011104699443706
 385.000000	2.9200233889689859	3.7862664743649077
 386.000000	2.6774574391124433	20.6468426367667348
 387.000000	2.9103990586713833	32.3153591673548419
 388.000000	2.9716397067985634	21.3577980757590353
 389.000000	2.9285618769658179	17.9501511571597234
 390.000000	2.7744245645560182	13.4121923952451425
 391.000000	3.1317987978157813	10.1636189938421353
 392.000000	3.0701054201830300	15.7957611772694122
 393.000000	2.8560169765663268	23.5562418953270765
 394.000000	2.8206245515284287	19.3313140928722191
 395.000000	2.9040374875551591	15.0486140831160640
 396.000000	2.7556055042969438	19.6739167914144559
 397.000000	2.8372548161918192	11.0852272004045744
 398.000000	2.6483147848617357	17.5976387051913434
 399.000000	3.2449134627195839	6.7069193374026383
 400.000000	2.8689810017415609	4.7970999512467642
 401.000000	3.0214142727100062	21.2939330831469817
 402.000000	2.7837237979102571	4.8784036773168680
 403.000000	2.7150793405025149	26.5762831468029788
 404.000000	2.8375195748573958	25.9710492007823746
 405.000000	3.0039990371076519	18.9435415507174127
 406.000000	3.0900597773155911	23.4685012249350109
 407.000000	3.0229261430506793	12.5367006689167226
 408.000000	3.3777097417127631	13.0051246603981951
 409.000000	2.7099802135312778	7.9553358516514550
 410.000000	2.8802741530010372	33.0014650924074999
 411.000000	2.7202607081384769	14.1825870321052605
 412.000000	2.7052378385918128	7.3008407810958147
 413.000000	2.7905351863700401	18.1752110228695187
 414.000000	3.0223878763090806	10.3957502747092860
 415.000000	2.8234710398819871	8.7644516426287851
 416.000000	2.9510064857958911	12.5422239163667371
 417.000000	2.8342995629974341	26.2119542017742617
 418.000000	2.8291973301772235	14.0367835149490645
 419.000000	3.0002713194462989	6.9783936844183643
 420.000000	2.7619297697182961	9.1579577949952977
 421.000000	2.7936206057850019	13.1041690993041016
 422.000000	2.8256133544898967	2.6219910228976744
 423.000000	2.9249597015614079	13.5233876382666551
 424.000000	2.7679244414298547	11.0662338213157909
 425.000000	2.9820215402709538	19.1882320212884849
 426.000000	2.8202081618329777	19.1453788507558045
 427.000000	2.9472507860019483	17.6869199382697673
 428.000000	2.9983169940799144	9.0870067910475143
 429.000000	2.7774164937308488	18.1253035517188437
 430.000000	2.9140324959092871	8.5902666696832171
 431.000000	2.8752704741389987	20.4501287148922302
 432.000000	2.7799884650242275	26.2320063395416412
 433.000000	2.9850234777019500	0.4681529734940852
 434.000000	3.0919764867214443	7.8678759530583022
 435.000000	2.9589480626243452	22.9128470611810258
 436.000000	2.7963378365231346	8.8012817178351668
 437.000000	2.8964122830724905	22.6341333800993709
 438.000000	2.8443087007194294	16.6314529044419146
 439.000000	2.8897185652836095	12.8178512118821004
 440.000000	2.9715068433005234	38.0510093816863275
 441.000000	2.9710416029446671	9.9556142207968037
 442.000000	2.8456392989424311	1.7505597733687637
 443.000000	2.7812820790673873	7.3551256380090138
 444.000000	2.7544029540233899	10.6825909327116619
 445.000000	2.7130939261980549	8.2234171528683078
 446.000000	2.7435966440641750	12.2162900244668151
 447.000000	2.7273506695238972	28.8897069675744831
 448.000000	2.7815143358699657	16.7562867006693068
 449.000000	2.7351997673835555	29.3789436818762510
 450.000000	2.8248776959458413	19.4486622639655309
 451.000000	2.7875469726600794	30.7094103496707760
 452.000000	3.1097942901327746	38.0708241401809744
 453.000000	2.8440774098456081	20.5888906259343401
 454.000000	3.0101631056385632	9.9771095441350326
 455.000000	2.8734877397764320	16.7717529698776104
 456.000000	2.8491062256990305	16.1869799687626710
 457.000000	2.7036930473825471	21.8320554693824249
 458.000000	2.7907965999579991	18.6430548466734649
 459.000000	2.6157651163358322	18.0660250714261963
 460.000000	2.8585847821538777	4.7897910447457832
 461.000000	2.6918525036583723	21.9862814136157567
 462.000000	3.0208433536590942	8.5391831964963671
 463.000000	3.0620877515364442	17.8045529566909408
 464.000000	2.9523115765491323	6.6892560217092694
 465.000000	2.8428063792994056	14.0871156227306926
 466.000000	2.9292451841824900	24.2954055621975158
 467.000000	3.0030500273365965	29.9441437864924751
 468.000000	2.7389302466906544	16.4807764779818342
 469.000000	2.8459369367424436	17.2448857654341907
 470.000000	2.8228287116610882	7.9330464638998137
 471.000000	2.8967788783377646	15.1918471392611707
 472.000000	2.8564282827482277	22.1637199309856214
 473.000000	2.9176948270859446	21.8370569058179456
 474.000000	2.9196426284318142	6.5331664995347865
 475.000000	2.7834757561765620	7.4981919438536693
 476.000000	2.8741336345281798	17.9551830124509593
 477.000000	2.9326991862639309	11.3992408780130745
 478.000000	2.9777705258883986	21.8765796508547794
 479.000000	2.8614850824363196	17.5339713254845719
 480.000000	2.7477381404415508	21.0719844529947125
 481.000000	2.7678583269611994	24.1383099165266515
 482.000000	2.7981748164338240	15.3141129929818476
 483.000000	2.9038641870892894	12.4364250283115894
 484.000000	3.0468553064244106	13.6113010791973181
 485.000000	2.8586357464530239	15.8833144018354631
 486.000000	2.9827109264999931	11.6896693144176425
 487.000000	2.9691552577048608	11.3397195042256271
 488.000000	2.7888122593093345	14.1749575509183217
 489.000000	2.6478691533469645	19.7235450461051585
 490.000000	2.8570157390014415	18.5292915357742913
 491.000000	2.6357920809614983	8.4345324111505988
 492.000000	2.8182527198362481	15.4130268553300596
 493.000000	2.7089338523406012	8.7509418879454017
 494.000000	2.7218604202537637	20.8756257144785593
 495.000000	2.8792857054030336	23.8454621888148210
 496.000000	2.8938230576240707	17.9430717345192079
 497.000000	2.7601967866876476	19.2067849379347706
 498.000000	2.9570815870652210	15.2167983915392995
 499.000000	2.9650520564352747	34.7622731401371254
 500.000000	2.7608400159907833	19.3461189168067733
 501.000000	2.6912123066356508	11.2386613406132199
 502.000000	2.9329191367825462	11.3657840148806315
 503.000000	2.6632904722822341	24.0168721503382017
 504.000000	2.7786254722420032	34.4640206335863013
 505.000000	2.8928858700009914	24.8002327887034255
 506.000000	3.0945456680311416	24.6324510057880559
 507.000000	2.8865324352258632	15.6602282386716922
 508.000000	3.3296332174796972	22.7151048000836226
 509.000000	2.9881456884619966	22.4190560753508237
 510.000000	2.8531213544795118	20.3668555127776756
 511.000000	3.1592523852189238	23.9287473403019817
 512.000000	2.9996233979953844	10.9124863043682581
 513.000000	2.8357592472054929	13.2630971993800983
 514.000000	3.0059887105417076	23.8353174804119305
 515.000000	2.8478248034683382	13.1205653953705905
 516.000000	3.0840225810746342	3.8535030747801500
 517.000000	2.9790175583910070	18.0163672180013918
 518.000000	2.7938165639956347	13.5646553547336168
 519.000000	2.6686126329398001	1.1016219822947733
 520.000000	2.7595789217440059	23.0034407269164660
 521.000000	2.6597203755745129	5.9490135298602809
 522.000000	2.7592570983169655	7.9014558410884774
 523.000000	2.8661632740299146	10.0537746897399813
 524.000000	2.8550100233656863	11.8561325319095090
 525.000000	2.7106579077487050	17.5969450336152420
 526.000000	3.0622837489571029	7.4048847927462873
 527.000000	2.7301184854004696	7.6408867583628819
 528.000000	2.7300232209214541	3.8183322556589872
 529.000000	2.7538855955419068	20.7416947351343879
 530.000000	2.7142437128260966	13.0620355893959186
 531.000000	2.6457554500974148	12.6208912948854675
 532.000000	3.0042507009450610	24.9004053567675783
 533.000000	2.9076938918398905	17.4946927226210960
 534.000000	2.7790131485561784	13.4507517444242808
 535.000000	2.6690164686785773	21.9654422192033394
 536.000000	2.9928944612487354	25.2259094771237926
 537.000000	2.8439699389774069	1.9895823179679439
 538.000000	2.6370560884721659	5.9773374223071585
 539.000000	2.9149547182370039	7.6425902832596364
 540.000000	2.8391145770798634	18.6083210544978783
 541.000000	2.6357686845147548	13.9779541800746756
 542.000000	2.9528830113224220	9.8853495786131305
 543.000000	2.8216144383060908	7.8847405454306738
 544.000000	2.7396824804881525	13.1970455557990078
 545.000000	2.8256179887594266	6.9498818035205261
 546.000000	2.6253511463351007	19.7926451265526282
 547.000000	2.6479109217853605	9.4560694466279642
 548.000000	2.7984912262031951	18.3318387273245946
 549.000000	2.9237918796498583	34.3670426060975842
 550.000000	2.7909900454715300	13.9827291572585466
 551.000000	2.9613862824614126	10.2870414827073375
 552.000000	2.8556194665087657	21.3255161860425630
 553.000000	2.8747981434798122	16.6209904310563275
 554.000000	2.8560840108677037	16.7287698617527951
 555.000000	2.8922907907683140	16.9511296603457424
 556.000000	3.0486778133044159	17.5485530593572889
 557.000000	2.9914578424046558	11.3496171615783510
 558.000000	2.9871722453694218	18.9979538808618145
 559.000000	3.1997299564082424	3.9508488140362772
 560.000000	2.9222948097590602	8.8396955685443572
 561.000000	2.9756856865796988	6.4033809867484877
 562.000000	2.7738382833872737	12.1215391782709503
 563.000000	2.7738013446959657	16.6792004909240745
 564.000000	2.6615953828257810	4.9656940531900773
 565.000000	2.8745811508161752	24.4076069858325582
 566.000000	3.0631727618028339	16.5830386443757902
 567.000000	2.8305352505073360	26.9583931574722442
 568.000000	3.0039704330953714	22.6665490500938915
 569.000000	2.5827253811798623	14.3328382661143507
 570.000000	2.8114000357728641	13.3206628825129769
 571.000000	2.6629216885234612	17.2387095323106507
 572.000000	2.6061208679255810	17.9992932064708384
 573.000000	3.0075519751625301	29.1352852835430554
 574.000000	2.7222493416270623	17.4677903918574202
 575.000000	2.7598823214788806	28.2519372700788836
 576.000000	2.7954334034080639	12.2685292975999971
 577.000000	2.9205391296971062	26.0000372388615801
 578.000000	3.1600722160508612	13.2118019619238964
 579.000000	2.6618238573343587	45.0740231678069563
 580.000000	2.9849633738245771	22.1863617980105232
 581.000000	2.8307676557198125	26.8555844040143938
 582.000000	2.7656757020601805	18.3290384028812525
 583.000000	3.0259058596410355	20.8534251832752773
 584.000000	2.8627768927772173	13.5432210067151857
 585.000000	2.8663700182224114	13.0252676367482536
 586.000000	2.6382216006832722	20.8678327915411899
 587.000000	2.8254401929116111	8.3370865492312873
 588.000000	2.7567968670528189	26.1197228340490710
 589.000000	2.6771568828204533	18.3802580326425016
 590.000000	2.6301167289983565	13.0926164885777041
 591.000000	2.7679032247282178	8.6011681590497346
 592.000000	2.7454092027843822	21.1689518393194192
 593.000000	2.7917047343508563	24.3881719921353124
 594.000000	2.6649272606322274	20.3741594292388299
 595.000000	2.6643855189494201	8.7271046472869500
 596.000000	2.7678225690214053	19.7367885501598153
 597.000000	2.8815101859188994	13.9832924108318082
 598.000000	3.2449109444565334	20.4034696912169409
 599.000000	2.6434573269640200	33.6189960758669031
 600.000000	3.2213928209286471	15.2071564369576890
 601.000000	2.8388418065031780	12.0004513900085499
 602.000000	2.7964634166086375	26.1774413652419469
 603.000000	2.9029702005974438	16.4352811719495548
 604.000000	2.7304218359623404	9.9852338207209357
 605.000000	2.7829850939582719	16.4339135792206434
 606.000000	2.6915994698229975	14.8079604806299585
 607.000000	2.6949284385111114	15.2407441685141976
 608.000000	2.8301324577384732	7.3772292498915135
 609.000000	2.8373152408781084	14.4920948988386726
 610.000000	3.0237664520203964	20.7652000758880035
 611.000000	2.8575079147109537	23.5520033772840236
 612.000000	2.7149625586874837	14.4823405635258382
 613.000000	2.7329281517070592	13.8097675863150187
 614.000000	2.8276434336900440	12.1417409050601464
 615.000000	2.7708710187830321	45.6380862250468624
 616.000000	2.7984661304242953	15.1380949795499475
 617.000000	2.8548494994765439	1.6675806167781104
 618.000000	2.8410610234440363	9.9221031547591565
 619.000000	3.0814360934499314	11.3904671131898567
 620.000000	2.7593803903630718	22.5375165814339766
 621.000000	2.9245886758130988	8.8457557538315825
 622.000000	2.8728392893799342	0.3222230188923447
 623.000000	3.0206099591632198	13.1410730730475791
 624.000000	2.7315400777135403	15.3667158729070934
 625.000000	2.7183623632067002	23.3867738352570882
 626.000000	2.7757607973093261	21.2859149162134145
 627.000000	2.6502714172607216	19.4105079245596812
 628.000000	2.7068117782639698	21.2159065651065646
 629.000000	2.7385391407269744	5.5194269080869560
 630.000000	3.0470973185371113	24.7053365780019760
 631.000000	2.8458562322077019	13.5942732759741034
 632.000000	2.8803513399398657	33.5074388219341870
 633.000000	2.9992030427794956	4.9231966548935020
 634.000000	2.9388145465655175	15.1019892288992708
 635.000000	2.8140659733613651	15.8686362193697619
 636.000000	3.0492929903441586	24.2414988312389710
 637.000000	2.6954237369447642	3.7555907530058619
 638.000000	2.7883237648405608	20.2237208927451491
 639.000000	2.9401542004115275	2.6531597846556849
 640.000000	2.8256203908101623	8.9650005594698712
 641.000000	2.7637874436052696	7.5242399271398597
 642.000000	2.6810500408482993	11.0866471167484519
 643.000000	2.6468653130083393	12.7963917184691240
 644.000000	2.7456922660735512	20.3109646157679720
 645.000000	2.7674365322386940	14.3716171727624555
 646.000000	2.9618582177489352	9.9177365034154263
 647.000000	2.8035166419035251	22.6468896020386126
 648.000000	2.9534264510730828	23.2936077562830803
 649.000000	2.8727657594300231	17.3078319799701319
 650.000000	2.9589356191601266	8.0160002696584911
 651.000000	2.7642554102316752	10.0572180210562010
 652.000000	2.9318134429514542	12.1194172848721280
 653.000000	2.7561991668288552	5.6015842621206389
 654.000000	2.8096367028590912	32.2684678273170675
 655.000000	2.9883733845240541	9.6080959958292169
 656.000000	2.8220836022537910	27.0303909427240114
 657.000000	2.6732136149610395	12.8625558790753587
 658.000000	2.7397448607841981	19.0693400919766987
 659.000000	2.7499787339023150	29.8292123564054634
 660.000000	2.8913455168777187	30.1648456578851949
 661.000000	2.9080746595859668	22.2768976711553819
 662.000000	2.8481447250378960	12.2359981752383931
 663.000000	2.8710958736706402	33.4459339271687668
 664.000000	2.9959646335191557	10.6841890564303981
 665.000000	3.2672600478519271	24.7887935717540699
 666.000000	2.5992679515245367	12.2587076984140708
 667.000000	2.7676402553672275	23.5139375110456683
 668.000000	2.7557334650506395	18.7471531396001296
 669.000000	2.8041623244633471	3.5415291792207313
 670.000000	2.9148581065506516	22.7817142770435339
 671.000000	2.6595636494065387	21.8284373994247005
 672.000000	2.7317480390189322	17.8878067181441622
 673.000000	2.8501974785454927	9.6073050914637861
 674.000000	2.8110623005654429	26.7309607794724684
 675.000000	3.0445254330398916	8.4990777140175453
 676.000000	2.5605135515982669	24.2073471130331370
 677.000000	2.7823011778487454	9.9898501100541637
 678.000000	3.0417988104449916	12.3759299244252645
 679.000000	2.9801670121243458	19.3896674969553544
 680.000000	2.9354547218666118	21.4126032236664798
 681.000000	2.6625706766345991	13.7121360347347832
 682.000000	2.7783376365811669	20.1065193422536481
 683.000000	2.9950128857312626	10.2582476731267320
 684.000000	2.9231375863424849	35.3752969147162730
 685.000000	2.6971653653308256	11.1262881022998101
 686.000000	3.0383149901846802	19.2358324022749230
 687.000000	2.8152231149412583	12.3978884234063003
 688.000000	2.8496810424144567	32.8484243123280635
 689.000000	2.9450058167554909	42.9628195242590891
 690.000000	2.8200644188581472	17.1904566206520428
 691.000000	2.8959207082729592	12.7849957759513302
 692.000000	2.7585277904451324	13.2684447666426877
 693.000000	2.7123851503078664	10.6116658610885679
 694.000000	2.9356982354065759	17.6627749748928977
 695.000000	2.7596686614380821	39.5221070246874717
 696.000000	2.8289454433262975	17.6083583066410654
 697.000000	2.8076673235362386	3.4332208251570364
 698.000000	2.8864526377989126	22.0222149871131307
 699.000000	2.9334442601292676	16.3746679332361396
 700.000000	2.8397795998239044	11.1386051523138860
 701.000000	2.8321343175308940	13.1416693142924430
 702.000000	2.8559938746091746	18.9722268856850462
 703.000000	2.7763267811074694	7.8853699073755763
 704.000000	3.0099801828070518	12.6614825650130172
 705.000000	2.8230214692395132	13.7334841144028132
 706.000000	2.8871879785827197	21.4208943185167016
 707.000000	2.8307206177541815	23.5548856908396260
 708.000000	2.7285511687512161	13.9154120709533800
 709.000000	3.0319624344462981	8.0928153247317027
 710.000000	2.8275230060717149	11.1743370157410027
 711.000000	3.1581977407166528	12.0304252620867942
 712.000000	2.8831501078353243	10.9377302427424468
 713.000000	2.7066397257153372	16.5441977916873952
 714.000000	3.3136190043318301	24.4333645762106357
 715.000000	2.9135409277162569	25.3494122022790975
 716.000000	2.8581028562837121	33.9343989301440843
 717.000000	2.9246373339557321	15.4917921100173999
 718.000000	2.8888256532265122	7.5639472611013332
 719.000000	2.9010870367646966	12.9398777700268681
 720.000000	2.9423866629058515	26.8245407055500209
 721.000000	2.8248045053235367	20.3473274743932677
 722.000000	2.7846158049960441	13.1816614222496469
 723.000000	2.9769929816716285	28.2615854693122230
 724.000000	2.7351000570389874	16.6049537095819346
 725.000000	2.8503542712357790	17.4128035809408743
 726.000000	2.8692168335537338	3.1711211391068730
 727.000000	2.8944433059024601	18.3519756589976737
 728.000000	2.7654529274244961	7.7677511456363959
 729.000000	3.1183250865192083	4.1263280998240361
 730.000000	2.9568266182308180	14.2972062489786538
 731.000000	2.7467038250741256	6.9509540277244923
 732.000000	2.8806381705945339	23.9434243370946547
 733.000000	3.0170492826245008	16.2705501450094232
 734.000000	3.0110678105965105	34.0845874786489276
 735.000000	3.0030360253383916	16.2799174370848050
 736.000000	2.7143376454417973	21.6752943665825057
 737.000000	2.8419628173546361	17.3977934852152885
 738.000000	2.9991498882254608	16.2783108685981404
 739.000000	2.9805533933728126	13.8273935966809347
 740.000000	2.7472540023460739	16.2294927641728464
 741.000000	2.7318723419035118	3.6191201266973394
 742.000000	2.6508832833870066	5.7054456896597685
 743.000000	2.8438137507738088	3.8529630125112249
 744.000000	2.7950193661122666	37.2939149893421416
 745.000000	2.9723197169247237	15.1900526981765722
 746.000000	2.8800823510248748	36.3867897783402441
 747.000000	2.9537068158955755	23.0838525796480099
 748.000000	2.8958135023353044	34.2830205172044487
 749.000000	2.9220254682667908	12.4442303310118518
 750.000000	3.0439153752201826	7.8906058214201096
 751.000000	2.9945297006096210	10.8035406356090959
 752.000000	2.8318760192756400	11.4564550463765329
 753.000000	2.7223637607671547	6.7832946417186690
 754.000000	2.9081823985205029	23.1995350003285807
 755.000000	2.7804806707477270	11.3730923058831763
 756.000000	3.0762349764674504	7.9860507867148272
 757.000000	2.7401222974455965	3.5258171658664139
 758.000000	2.7476267940843693	13.4761833573424497
 759.000000	3.3369203441342989	16.3316131902809332
 760.000000	2.8859949377739245	7.5222008997335195
 761.000000	2.8830462372713930	17.2710034501027110
 762.000000	2.8593551841522902	3.9945141509611233
 763.000000	2.9513863185528213	17.2835263322872947
 764.000000	2.8609001855280152	5.0719261430745064
 765.000000	2.8631149172004444	2.9586095084582382
 766.000000	2.5714871874818916	1.9986757232371417
 767.000000	2.7523452606193146	8.5928404133761660
 768.000000	2.6907139567826546	12.8337404608590759
 769.000000	2.9764574086863114	15.1863110046123779
 770.000000	2.7297707525529367	13.6394313221001937
 771.000000	2.9843959773163173	19.1823651447268446
 772.000000	2.7491187272074442	33.7232050207901182
 773.000000	2.6430908976009673	15.4404622731900361
 774.000000	2.8890482675032803	20.8535090269682257
 775.000000	2.8331849417708388	20.4237030541881950
 776.000000	2.8354921439085006	25.4697526043107700
 777.000000	2.9727505704118737	13.1518935692643311
 778.000000	2.9201310756887207	5.3696313350934304
 779.000000	3.0435200726125862	8.5244704878495554
 780.000000	2.7919458818592311	18.6050405102818388
 781.000000	2.8127199186864194	13.2802445355700911
 782.000000	2.7716512365488755	16.7284286391268893
 783.000000	2.6242794467732398	23.1399414774307957
 784.000000	2.8597802893966624	16.5132304915847499
 785.000000	2.8306720883659051	4.9027425251175600
 786.000000	2.7806946691869689	5.8695029495396511
 787.000000	2.9085535523661017	15.2662352333892102
 788.000000	2.9852864999243676	19.4703879906570876
 789.000000	2.9139929161876879	31.4376053132351103
 790.000000	2.7570567324370865	27.5916493178937401
 791.000000	2.7707910934243034	14.0649629354697652
 792.000000	2.6810565805869713	9.8350571533160007
 793.000000	2.8866154380428317	28.9698163877876311
 794.000000	2.7079353050616461	43.8099917933834604
 795.000000	2.7918722907618525	19.8233668318341074
 796.000000	3.1003885260914608	14.7661670674721393
 797.000000	2.9784852004732500	6.1280653207151943
 798.000000	2.6999524388021756	11.3429723977705805
 799.000000	2.7538941783658419	8.1444862211807560
 800.000000	3.0238283502004073	17.0966834049101806
 801.000000	2.8217960545119007	13.9441975986332523
 802.000000	3.0196762011982727	27.8512819446592061
 803.000000	2.7446220329966247	3.6238949825905991
 804.000000	2.8305187286745537	15.7584163347523258
 805.000000	3.0255834968762190	26.8696861383800467
 806.000000	3.0354890319490990	23.9865401722927913
 807.000000	2.7267477017569637	3.9436571154872695
 808.000000	2.7939328940863311	16.8183252474069320
 809.000000	2.7685324537540641	10.3764461468097124
 810.000000	2.9770524027816019	16.3231782684749476
 811.000000	2.8137927244155567	40.2431037131136975
 812.000000	2.7697659821990701	23.5034131803506341
 813.000000	2.8812708504932725	9.2637870541936138
 814.000000	3.0392317042219346	7.4936399620038969
 815.000000	3.0997372391875775	15.2361653493199185
 816.000000	2.7809765513908129	14.2306544074068029
 817.000000	2.9252920919280858	14.7150743428861119
 818.000000	2.8101268185149189	7.9104769134957849
 819.000000	2.8730359310544329	3.7814771087100496
 820.000000	3.0127449876749299	20.6256435615460134
 821.000000	2.7671662093165952	19.2509432619514769
 822.000000	2.6898992532564825	29.7164865144228827
 823.000000	2.7866606403437322	3.2035072048003315
 824.000000	2.8851410844338177	19.0656404966481148
 825.000000	2.7706563698173454	16.6203047170315585
 826.000000	2.9206784436752948	13.8377450688688270
 827.000000	2.7777270678350137	26.2017034798911652
 828.000000	2.7984327751252533	20.5369483039148690
 829.000000	2.8222073804783685	8.7586100223944641
 830.000000	2.9147519183417403	15.6398751087163248
 831.000000	2.8973165733699360	12.1723612812540694
 832.000000	2.8058437301273331	19.3105307754198066
 833.000000	2.8899118689129266	15.1198597958251071
 834.000000	2.7521210950621553	33.7832965132346885
 835.000000	2.8946515972481066	14.7375900880573738
 836.000000	2.8309827414723041	7.5599842297778537
 837.000000	2.7181972317532099	19.5045134870086656
 838.000000	2.6657405105586980	19.5360505238929534
 839.000000	2.7254931864022622	3.8222295621640967
 840.000000	2.8263409633817607	7.0218697320814556
 841.000000	3.0706507017720712	16.0693261362955297
 842.000000	2.8889207675041795	4.5399303558335191
 843.000000	3.0214273377567609	20.2214167733573618
 844.000000	2.9856856748325789	24.2291920727890044
 845.000000	2.6937186606384116	38.9955296981108006
 846.000000	2.8640817789170567	7.9175745698965159
 847.000000	2.9067060646983860	6.2905948629084492
 848.000000	2.8511542876723635	13.3856130697498656
 849.000000	2.9572384981250921	20.6153673418743608
 850.000000	2.8154150509901958	6.7693516626404460
 851.000000	2.9481622727832328	2.1813319750306448
 852.000000	2.9387413451952242	7.3677980524780935
 853.000000	3.2720452349657072	13.3607396079936791
 854.000000	2.9678546565075572	3.4321765382664466
 855.000000	2.7540882893124703	22.1639507817737638
 856.000000	2.8232664492720900	14.6505759585668045
 857.000000	3.0312888672599070	12.0241924586446771
 858.000000	3.1175354557707342	19.5726252827727762
 859.000000	2.6507318245556539	22.3252960402242593
 860.000000	2.8356851723400003	15.3282195117082836
 861.000000	2.7695997601343607	14.5272996736951256
 862.000000	2.9942613926680015	27.3355453004991773
 863.000000	2.7445617667280406	13.8209158967891597
 864.000000	3.1017633121872392	14.6084265006938665
 865.000000	2.8217001125022096	9.3616458194549921
 866.000000	2.8497123646120337	8.9404701265277993
 867.000000	2.8403415242498080	16.5227438219918099
 868.000000	2.6369141455155587	19.9908229494349428
 869.000000	2.9427046834073640	14.0366321435537600
 870.000000	3.0120535524842196	9.3682428629619210
 871.000000	2.9577303992324921	18.5493732132255502
 872.000000	2.9130928239950693	8.1203665247212768
 873.000000	2.8954781009926167	6.6143374643506263
 874.000000	2.6967685007313698	10.5050989340131196
 875.000000	2.9687856734608933	39.5820584396615516
 876.000000	2.9552093912793933	28.2860064017045545
 877.000000	2.8580554784605625	22.2718797554656192
 878.000000	2.7498522019949703	13.8929279095021059
 879.000000	2.8704278563080692	4.5750994221372991
 880.000000	3.1134688207859949	18.8879693073462818
 881.000000	2.7634135660094570	16.7790308476574523
 882.000000	2.8088547008809526	16.8066113822746672
 883.000000	2.6624133051906362	11.6462068194599340
 884.000000	3.0700121444199198	17.6698897217718525
 885.000000	2.7957244162549335	7.2826394014806795
 886.000000	3.0902176964346277	16.0479781855773922
 887.000000	3.0016466467129335	19.4470261625033629
 888.000000	2.8608914904211176	7.4673083077329636
 889.000000	2.7200035921883994	4.3340032064776892
 890.000000	3.1298623730951070	11.8637948302757366
 891.000000	2.7535464203695441	30.8406128900028307
 892.000000	2.9057089907894040	7.1695886011024186
 893.000000	3.0768655308467157	8.9913807816629969
 894.000000	2.9893797349022404	23.2728865645567282
 895.000000	2.6969374506562946	11.5809450251691430
 896.000000	2.9569697896628129	11.3642787200589623
 897.000000	2.7337296928212376	11.8721761970554667
 898.000000	2.8341845738541758	24.3273779333212588
 899.000000	2.8190492068420649	9.2771317774259501
 900.000000	2.7297945375445205	8.7958870332185199
 901.000000	2.9359271645215839	4.6174951938000675
 902.000000	2.7731478811041566	11.2465386504222806
 903.000000	2.8241213365245263	30.2356448534892195
 904.000000	2.8683909867353772	11.9775801353730742
 905.000000	3.0493164100301704	4.4111933404057879
 906.000000	2.7501124932363843	17.6831945114363123
 907.000000	2.8701322402983283	0.7474852387405804
 908.000000	2.8777468925647449	10.3912409603669289
 909.000000	2.7831294218848295	20.3061834035524384
 910.000000	2.9327389058913984	11.5591857894664827
 911.000000	2.8913393547966377	11.1333782327005792
 912.000000	3.2279395311858994	24.2018328181449931
 913.000000	2.7374168018471794	2.5770183689029409
 914.000000	2.7570974503475116	9.1111577030621902
 915.000000	2.9224890541566961	6.3881100393407735
 916.000000	3.0187165981315056	17.2961908356084564
 917.000000	2.7318057166354501	10.4086229589664185
 918.000000	2.8828475006515686	16.6690671932370265
 919.000000	2.6566508221984741	24.7041996713094818
 920.000000	2.7184085300600116	34.6406623738530470
 921.000000	2.6842010161048351	19.1666577574155497
 922.000000	2.7763355362580069	16.0781214952859273
 923.000000	2.8059567271673709	15.0600951200721340
 924.000000	3.1096246258695635	25.2921614757191833
 925.000000	2.6622887549654064	15.3370823247850012
 926.000000	2.8076169807703524	24.9151043710627960
 927.000000	2.8716231121792668	8.1735124942543109
 928.000000	2.7952559358963844	16.9602838618638145
 929.000000	2.8352396477266959	18.4067413037182348
 930.000000	2.7874747848702750	21.7477209951679811
 931.000000	2.6635213804033091	16.7163253034425168
 932.000000	2.7734185405660527	17.6263737527220314
 933.000000	2.7312533208578818	7.6470199610400300
 934.000000	2.9292559471653958	20.0072012276553437
 935.000000	2.9452946959007011	9.6690181152739569
 936.000000	3.1618223995211063	10.5476834387434053
 937.000000	2.8130697783235483	29.9244464550148166
 938.000000	2.7644385872603947	12.4461511242768097
 939.000000	2.8982336647512024	9.1239308238847059
 940.000000	3.0111465071630983	7.4942098483500672
 941.000000	2.6438132756378407	15.9076816648529018
 942.000000	2.7885281705599962	18.4027173192027362
 943.000000	2.7777082670256292	19.2737273398625177
 944.000000	3.2703495478164308	8.5450388169394387
 945.000000	2.7970129996604829	25.3149168473473480
 946.000000	2.6962612207805754	15.6440856517293128
 947.000000	3.0231590280719325	20.5889430842454715
 948.000000	3.1461736003687637	15.5831435018109516
 949.000000	3.0880346994072077	14.1124090015690911
 950.000000	2.7864249236378797	15.8869359200320446
 951.000000	3.0956875547098957	39.9079925617659228
 952.000000	2.7903978172910291	13.5906756107199271
 953.000000	2.9339489607377103	11.2198692262522854
 954.000000	2.6738750672206555	15.7611006518380350
 955.000000	2.6843577518787214	18.8401321789111194
 956.000000	2.9580236270074614	3.5310993246141607
 957.000000	2.9802281560280872	24.8330467145578950
 958.000000	2.7690452203727425	27.9663108422254538
 959.000000	2.9998087008927223	22.4178798472141239
 960.000000	2.8811223171457736	26.2074260211068122
 961.000000	3.0506817978532865	6.9991713169706884
 962.000000	2.7125743617423947	10.5985971985361402
 963.000000	2.9445866373973373	12.0264737468627061
 964.000000	2.8339054350748878	20.2301894667761530
 965.000000	2.9285983861693277	5.1160241321864532
 966.000000	3.2583139391636977	35.1196576173241510
 967.000000	3.0618553641810644	21.5048610931331723
 968.000000	2.9150723511951537	17.2970656373598786
 969.000000	2.8935791973169649	13.7815015888534163
 970.000000	2.7787314681825128	4.6827164608109513
 971.000000	2.8137059895448542	14.9051409543519924
 972.000000	2.8547650336601800	13.2518991313746426
 973.000000	3.0293352520700751	34.2527996333547264
 974.000000	2.7984499978485964	31.9234389311887981
 975.000000	2.8440709476468848	20.9125680477028197
 976.000000	2.7592887769876735	15.4814775866728667
 977.000000	2.5722527750224047	17.5557358341732481
 978.000000	2.7725369315375001	12.3768479249033874
 979.000000	2.8156923032593388	14.6903367471624051
 980.000000	2.7531115414413865	3.7331497651641996
 981.000000	2.8344634587647861	0.6885546540390806
 982.000000	2.9562290399254101	16.2268262770876959
 983.000000	2.8468425139275633	10.6604979112673277
 984.000000	2.7443961712623901	14.0517618851118300
 985.000000	2.7291036739693300	29.8721999196986303
 986.000000	2.6011996694498034	10.5120587292173013
 987.000000	2.8905919847754342	8.0452725807685681
 988.000000	2.9465572534868154	3.9307534391100205
 989.000000	2.9758462736694060	10.1799205916259439
 990.000000	2.9441260985631450	25.0496594832910944
 991.000000	2.9445267143334015	21.1381731179820918
 992.000000	2.9104738309219771	12.9461402624506832
 993.000000	2.8071806710161193	11.9938367680658473
 994.000000	2.7345012426204822	12.1912385136510864
 995.000000	3.1416563692767725	9.0181062293735010
 996.000000	2.8234573792897431	16.8112317260111581
 997.000000	2.8354095239355068	10.0001237402724144
 998.000000	3.1192056259888030	40.3277816963950784
 999.000000	2.9666867217340247	24.7458458847940790
 1000.000000	2.8012651181989359	19.1312687260973462
 1001.000000	2.8418858390598785	23.3508215728423636
 1002.000000	2.6881572622450411	5.4699552523830448
 1003.000000	2.9746902344455952	25.0456481991048747
 1004.000000	2.9013507697424736	14.2706347966800990
 1005.000000	2.8354231302468875	24.4119888627620298
 1006.000000	2.9104085489530696	16.7921384490264813
 1007.000000	2.8320304050661389	10.9314196041284788
 1008.000000	2.9055091377662405	11.5101583097207936
 1009.000000	2.7792871262705896	12.2653093750614914
 1010.000000	2.8224953955135810	9.3831655907829088
 1011.000000	2.6551942342006840	32.0637190821019544
 1012.000000	2.7992796660575290	19.8837356661688602
 1013.000000	2.6511672024922341	24.1576339633025157
 1014.000000	2.7609126637032282	17.1291440048030097
 1015.000000	2.8568030526442358	34.4996281444586828
 1016.000000	2.6448520402869078	32.9073549102853917
 1017.000000	2.9336765925173918	26.4254269474791670
 1018.000000	2.9128647480405143	12.7984512725297179
 1019.000000	2.7341826309429402	1.4127527027694953
 1020.000000	2.9411372846314516	24.8092568160923861
 1021.000000	3.0372775738313025	14.2147092845889347
 1022.000000	2.9557761448456836	19.6695138264433638
 1023.000000	2.7501854487951465	1.8342350399102827
 1024.000000	3.1258363612880045	9.5329088187565389
 1025.000000	2.9772590813656010	20.8201990257468594
 1026.000000	3.0160505358175023	13.1122610826838866
 1027.000000	2.8424166661211081	7.9523711461847881
 1028.000000	2.7610938006814618	26.3410481407252632
 1029.000000	2.7966538122847791	3.2944044742126835
 1030.000000	3.1839820977286548	11.0257432800521826
 1031.000000	2.9809791169126543	4.6451474356797462
 1032.000000	2.7741114338866870	20.7850386370421347
 1033.000000	2.7585249641338745	14.6765409018040032
 1034.000000	3.0316011213247145	15.4082582675420667
 1035.000000	3.0195958148447950	19.8908639170689412
 1036.000000	2.7795279084594147	12.7972563558795400
 1037.000000	2.7566439231132409	15.1975819141075021
 1038.000000	2.9468716143785065	8.5748000238168061
 1039.000000	2.8313282684962635	14.6123129181039815
 1040.000000	2.8691393790847579	17.1958244925659187
 1041.000000	2.6974604063244501	9.9567477135521472
 1042.000000	2.7681588700500948	25.5131055392396036
 1043.000000	2.8747399380672269	17.7450525726953856
 1044.000000	2.7211004512699626	31.7159259916419671
 1045.000000	3.1534962868545029	22.3199204313888231
 1046.000000	2.8014341772589146	15.3532951308270640
 1047.000000	2.8848144213004363	16.0760603905292498
 1048.000000	2.7045252178530621	8.2599069274533008
 1049.000000	2.9057967015349475	14.5548295694103444
 1050.000000	2.7247772339370067	25.8896561128956648
 1051.000000	2.9982454016952000	50.8416964696284595
 1052.000000	2.7048207971857421	18.2590999929832378
 1053.000000	2.9243267961426938	38.2531442647789675
 1054.000000	2.8464114194922230	13.5796804246111265
 1055.000000	2.9548216587761846	17.0487176735615833
 1056.000000	2.8197045054623122	15.5681894827532403
 1057.000000	2.8385775714386967	30.1343124418905575
 1058.000000	2.8314639411632117	14.2455780866788189
 1059.000000	2.6897548175171777	9.7740584266051940
 1060.000000	2.9773356411291352	17.9527231622028296
 1061.000000	2.8422513518317247	5.0462095560086766
 1062.000000	2.6568000162380003	14.4256861247310724
 1063.000000	2.8458459264837321	29.3113065467735225
 1064.000000	2.9273752809655016	21.4992403255762952
 1065.000000	2.8316441710049238	35.1645627017823301
 1066.000000	2.8346858804583728	2.3556773084532097
 1067.000000	2.9362876460833602	18.4776951056839209
 1068.000000	2.9382643228679313	12.9430376792323898
 1069.000000	2.8448713479234189	15.6080175885408039
 1070.000000	2.7370105608096118	22.9261143389409767
 1071.000000	2.8169871838886418	17.7215228681239694
 1072.000000	2.8436600881676339	6.1977453169597823
 1073.000000	2.8485815375170502	13.5001006374280905
 1074.000000	2.8117557548923733	12.4117686283636033
 1075.000000	2.8129180459122494	21.1753276823676799
 1076.000000	2.9532901516808070	6.7567729432732051
 1077.000000	2.9442833176472099	18.8188961503673227
 1078.000000	3.0979801720975346	21.3883993474612737
 1079.000000	2.7448203096506414	17.2998592251618106
 1080.000000	2.7478934602011313	23.6373422925132672
 1081.000000	2.5830810958570858	4.0299028763726881
 1082.000000	2.6973265247823686	8.4903391903139322
 1083.000000	2.7915266239552241	14.8509455682912517
 1084.000000	2.7989145917368710	14.9996768660872135
 1085.000000	2.9232978912892125	18.0714780312162304
 1086.000000	2.9150094066334709	16.8609844368803863
 1087.000000	2.7361673858683884	3.4363371525899993
 1088.000000	2.8872999213296957	13.7925486552166490
 1089.000000	2.9472272624570057	14.8513368259505114
 1090.000000	2.8795732872465747	16.3773533057945997
 1091.000000	2.7750592115658423	18.9938425752607145
 1092.000000	2.8947467932206621	16.2072760317002746
 1093.000000	2.8684952445752900	10.5489563240432176
 1094.000000	3.1133770232187485	19.6772178073541681
 1095.000000	3.2125908389496529	19.8724513337982671
 1096.000000	2.9794538791692875	30.7627319804498711
 1097.000000	2.6880490956595504	7.1759070665595175
 1098.000000	3.1936931089515488	12.5266802135046476
 1099.000000	2.7888022349198724	21.6900848498764844
 1100.000000	2.9214441651297403	15.3382468330716790
 1101.000000	2.9792577673189831	7.4003322325898750
 1102.000000	2.9549473866280151	26.3474608413670524
 1103.000000	2.7446166733091708	12.2839010373008932
 1104.000000	2.7668715366727690	17.5324684047397170
 1105.000000	2.8829697608155276	6.1244282030580450
 1106.000000	2.8957418948978484	27.1372564152810014
 1107.000000	2.9735064571991834	32.1662119556884818
 1108.000000	2.8518751436345462	28.1034189784463138
 1109.000000	2.8438918912439446	12.5795734828662091
 1110.000000	2.9192032674775628	22.2253720365818026
 1111.000000	2.7120563559844699	21.5751853168050900
 1112.000000	3.0910669202636445	15.0262561230317431
 1113.000000	2.9043994183588970	28.1149449096467094
 1114.000000	2.7577890207230289	12.9163159766223998
 1115.000000	2.9673259823756957	13.4380912593344135
 1116.000000	2.7338948119880815	23.3690928108086382
 1117.000000	2.8431041267218529	6.6336121572260822
 1118.000000	2.8249978868454413	12.8335803689602130
 1119.000000	2.8757616687865384	4.5563654683723769
 1120.000000	3.0775007318462624	14.7454299388816423
 1121.000000	3.2017179592692684	13.4555765356493282
 1122.000000	3.1668659338671028	18.5796353396801237
 1123.000000	2.8582701038697076	20.0083728155301515
 1124.000000	2.9105115562250612	35.2862929142812050
 1125.000000	2.9201585978920361	29.7283077118059680
 1126.000000	2.9394532380149094	15.7385409626233752
 1127.000000	2.9464406890393890	14.5025073842593883
 1128.000000	3.1029671678840587	19.8050473282650898
 1129.000000	3.0619844967577525	15.7338363313995728
 1130.000000	3.1236785833643297	21.5497041866390191
 1131.000000	2.7997333304819279	14.5345956405676588
 1132.000000	2.7758445077914029	16.9015850229302771
 1133.000000	2.9884716220108825	11.8112580417102606
 1134.000000	3.0279812481029413	1.4661284240105203
 1135.000000	2.7407049541741513	17.8477716418433658
 1136.000000	3.0087271506148578	15.9533902278787991
 1137.000000	3.0269634021271403	14.0252916518581969
 1138.000000	2.9801615733791325	5.8436198066999907
 1139.000000	2.8773675094723945	15.1004295064532528
 1140.000000	2.9380793681982618	15.3017101702998275
 1141.000000	2.9553215290120707	22.0794578529434489
 1142.000000	3.1701822503423203	14.8357597892390345
 1143.000000	2.9031337489109323	12.5457832797165167
 1144.000000	3.1175599950033082	15.7073136770156339
 1145.000000	2.8533964283955480	10.8136910667446102
 1146.000000	3.0086300669076533	7.7833066184740858
 1147.000000	3.0235513562535643	18.6625737246285439
 1148.000000	3.0328979506491609	8.2486048191936163
 1149.000000	2.8914367056874979	7.0244072311705850
 1150.000000	2.8952146690174816	5.7964356942771929
 1151.000000	3.0342890104588829	39.9477711907651098
 1152.000000	2.8524140031795659	26.7972609544194711
 1153.000000	3.2054281308176291	9.6139241148464976
 1154.000000	3.0998606621565163	13.8500879079381889
 1155.000000	2.8954047531357263	23.5309568768854831
 1156.000000	3.0342968069097935	16.8660152711117917
 1157.000000	2.7704204380834625	11.0249669778653754
 1158.000000	2.8141834928520124	6.1669241842676001
 1159.000000	2.7457492284997058	15.2326388327177824
 1160.000000	2.9934565267121371	21.2153943500667594
 1161.000000	2.6712242828043888	14.5272471638527634
 1162.000000	3.0149695242953851	23.9379469279319892
 1163.000000	2.7722374980183835	9.8951151958889341
 1164.000000	2.9960004479869089	2.6626293789850877
 1165.000000	2.9784860651535920	4.4306995110386538
 1166.000000	3.0844363192147108	11.5267921189424953
 1167.000000	2.7812445235582239	15.3566490428370912
 1168.000000	2.8907573499881032	11.1122418375395284
 1169.000000	2.7820273826578550	19.7036234452923509
 1170.000000	2.7487009559920175	16.6167609026821594
 1171.000000	2.9180226667410913	12.6167675868403535
 1172.000000	2.7593028215552495	27.2083754213508655
 1173.000000	3.0763519976269258	20.2498084054811329
 1174.000000	2.9251280420960528	16.2214770053241750
 1175.000000	2.9211186607162460	7.8989805161022844
 1176.000000	2.7862477753771580	8.4120855392696114
 1177.000000	2.9100000462195288	15.9256386071294855
 1178.000000	3.3183816089583260	11.6215003051054282
 1179.000000	3.0212513518032558	18.2138053641978104
 1180.000000	3.2573607624880023	24.9395537451783582
 1181.000000	3.0370133551865859	15.2025814657489491
 1182.000000	3.1776715052896924	29.0358840832890337
 1183.000000	2.8729293246515546	16.8730137998566647
 1184.000000	2.8606383606893324	13.0797856575935043
 1185.000000	2.9827905060954869	3.0913773256528430
 1186.000000	2.7439528120436631	13.3657902283471515
 1187.000000	3.0811748643301438	32.1829623158973561
 1188.000000	2.9661957976336946	11.5903425798694002
 1189.000000	2.6791644300680431	10.0040495530770670
 1190.000000	2.9119189822468172	28.1447323157804590
 1191.000000	2.9083352249049872	18.1408820401890125
 1192.000000	2.8863165397884858	3.8464787003013328
 1193.000000	2.8670010451024108	12.7473041380881682
 1194.000000	2.8760792646517004	30.9529835608685744
 1195.000000	3.0097924477200380	11.6981356011124547
 1196.000000	2.8009216539827086	14.8492897260599932
 1197.000000	2.9230476320106025	19.5440746659050433
 1198.000000	2.9779723468963266	12.9534624975001407
 1199.000000	3.0635810040450639	9.1907172844065315
 1200.000000	2.8569067274469990	10.7339019428685560
 1201.000000	2.8028576108509609	8.1931789143553146
 1202.000000	2.9798194156491102	13.6314766496951449
 1203.000000	3.1001215076377209	20.7389319207762242
 1204.000000	2.8582373750457233	3.6968042993423751
 1205.000000	2.9535282065808395	6.4412294787794053
 1206.000000	3.0137444503415654	8.2753411271287121
 1207.000000	2.8305546964218835	12.8260245252456855
 1208.000000	2.8246599902525165	17.2174692984436319
 1209.000000	2.7262556192941210	9.3308178855251072
 1210.000000	3.0189020728262026	10.4301316185438395
 1211.000000	2.9376395162572453	39.9424591335103685
 1212.000000	2.9031157652227662	18.3197659429691555
 1213.000000	3.0413259347052719	9.7402109196037259
 1214.000000	2.6723008800868042	12.4142969712785032
 1215.000000	2.8859944175482983	14.0634119933567945
 1216.000000	2.8439612637775089	13.5356217611080183
 1217.000000	2.9564064269817876	20.0741414516426175
 1218.000000	3.0910080126815864	23.5091083829066463
 1219.000000	2.7061093276162516	29.3152474875908524
 1220.000000	2.7794515602270038	6.8537641398130802
 1221.000000	2.8802740718104674	25.0896026069293043
 1222.000000	2.8159805523094907	31.2118569733388540
 1223.000000	2.9674623796855761	3.5217505411547450
 1224.000000	3.0939729363451747	34.4631333510731679
 1225.000000	3.6325592342250181	19.9104065205206382
 1226.000000	4.2408497316949285	21.3131835912261920
 1227.000000	2.8964096960471726	29.4038017193173005
 1228.000000	3.0171806176991627	17.6522146655801464
 1229.000000	2.7292128127006321	4.1939235905900034
 1230.000000	2.8598468861775039	5.4230374526220544
 1231.000000	3.0661747885070545	16.6261313779583588
 1232.000000	2.7258486972518394	21.5954228743736962
 1233.000000	3.1200430042559604	16.3532470152601945
 1234.000000	2.9207335801841747	22.5000641606185923
 1235.000000	2.7921039035110522	12.6619674410786445
 1236.000000	2.7417583075420966	30.4199502680624789
 1237.000000	3.0168369600269349	21.8596479438467099
 1238.000000	2.8681974066687004	11.5671393897273447
 1239.000000	2.6213526323091179	15.8245349515546252
 1240.000000	2.8772383318030568	13.0024886607447456
 1241.000000	3.3053268817086336	29.7407241958717634
 1242.000000	2.6289450687390805	9.0168443289779248
 1243.000000	2.9114277710049530	33.0466413182580254
 1244.000000	2.7523681993013924	12.0487628050358637
 1245.000000	2.8340330801635503	12.6254826832932565
 1246.000000	3.1384525886327541	18.6062339769449636
 1247.000000	2.8222684331340311	12.9604741189533570
 1248.000000	2.8422480080606776	22.0194775484351908
 1249.000000	2.8675598772763520	6.6069159394403698
 1250.000000	3.1388683709973608	10.9136641748279715
 1251.000000	2.9564971418835824	34.5287277882776493
 1252.000000	2.8624964109512767	17.4942828020679997
 1253.000000	3.0180580264440433	24.4587392759380862
 1254.000000	3.2886054776600155	37.4689826549788449
 1255.000000	2.9080251711162899	29.5260368281080048
 1256.000000	2.7916623433858829	14.9724170951586757
 1257.000000	2.7329832534218550	9.1663519954224739
 1258.000000	2.6894004422625368	19.8161000364245581
 1259.000000	2.9498533871604518	15.7546732425168443
 1260.000000	2.8966416652089308	24.6445507682905998
 1261.000000	2.8904161610474177	35.0777956960571657
 1262.000000	3.6790654023212190	16.0702657655273242
 1263.000000	2.7437351488352979	16.1286339739463926
 1264.000000	2.7683672949602083	17.4924678185808204
 1265.000000	2.8353721959239477	21.9883497337382607
 1266.000000	2.9461271863080847	24.6402016092460201
 1267.000000	2.8091611932760729	12.6304352038050354
 1268.000000	2.8578968058107508	23.2932333174705661
 1269.000000	2.8116852493930464	10.0973341238933472
 1270.000000	2.9058542532178224	7.1734962131887698
 1271.000000	3.4313100883908763	11.8986492209880055
 1272.000000	2.9607327373730250	25.4497437140010163
 1273.000000	3.2999104888077473	39.4519261605156260
 1274.000000	3.2071844113861352	19.0599376894446948
 1275.000000	3.0083984811216422	19.6525533522775504
 1276.000000	3.0791566127930543	20.2592474626920591
 1277.000000	3.1250242631411993	8.0746207977374809
 1278.000000	2.7647591306633719	13.2680874124407921
 1279.000000	3.2891049153935099	8.4953380986753757
 1280.000000	3.4559069765273098	23.4197027370825310
 1281.000000	2.9027876847647929	19.9220681052863711
 1282.000000	2.8422155013846768	15.8368559449656914
 1283.000000	2.8429707992509994	8.4548474152681479
 1284.000000	2.7693825207302512	13.4222090073560310
 1285.000000	3.0383327059026306	6.5808726314338912
 1286.000000	3.1381148803103067	20.7326793683384096
 1287.000000	2.6159266589418260	28.9793121656629182
 1288.000000	2.8587779983642143	17.2484883891971492
 1289.000000	2.9868820013048620	14.5455734225209596
 1290.000000	2.7404030746902404	9.4321603596254135
 1291.000000	2.6354626402089116	20.2179544429290559
 1292.000000	3.1483932074403977	15.6149394275764450
 1293.000000	2.7641225196234460	23.7273439506529087
 1294.000000	2.8642857923951355	16.8799765436347968
 1295.000000	2.8648116311899763	18.1953950537662195
 1296.000000	2.8397705052863600	11.0634074821183503
 1297.000000	3.0505286453540323	7.8862968353096221
 1298.000000	2.9039795076361408	16.4811851170783541
 1299.000000	3.0995773410408907	32.8354302200455095
 1300.000000	2.8420905863355976	9.7783120423561911
 1301.000000	2.7330365315570910	10.8583299469531767
 1302.000000	2.7415913723780307	14.8450300667975625
 1303.000000	2.6643072245632515	6.6416464443169900
 1304.000000	2.9649063888596618	20.9917422345218085
 1305.000000	2.9051049483107914	14.6496914859951914
 1306.000000	2.9282583712730008	13.1869585712379944
 1307.000000	2.7634471321834559	6.9945455768595082
 1308.000000	2.7846194779948568	26.6907401147305734
 1309.000000	3.0227849110450187	11.3937691967003332
 1310.000000	2.8722013226745329	17.7372868019203622
 1311.000000	2.9125380032213237	28.5414309850616519
 1312.000000	2.8837324299275249	9.8530126473285122
 1313.000000	2.7854044595297860	19.6058334025009344
 1314.000000	2.7717551678958183	8.9317621851265585
 1315.000000	2.8602517123634930	6.6603780330234770
 1316.000000	2.7881744865091260	13.7842639472012820
 1317.000000	2.8019851659415673	17.4978251762984485
 1318.000000	2.7858542289788972	19.3559911281231507
 1319.000000	2.9538869656322992	20.7560161901367621
 1320.000000	2.6698351144447865	11.9278539571103011
 1321.000000	2.6725628300524091	8.1299580004563552
 1322.000000	2.7444780211027107	7.0186544426555315
 1323.000000	2.6976489495812848	21.2194949443432392
 1324.000000	2.8181522673325734	35.8435073431902538
 1325.000000	2.7858791963886018	15.8032838587320725
 1326.000000	2.6918365786378948	26.6589021851987127
 1327.000000	2.8591280945911444	11.0060925657635380
 1328.000000	2.9291174637879061	27.0140197228923000
 1329.000000	2.9808904347246501	7.2184311069122202
 1330.000000	2.9334606158765815	28.9712125111491900
 1331.000000	2.7406325269124023	29.4750440873405068
 1332.000000	2.6596055247727950	10.5006876500252702
 1333.000000	2.9530713555948651	11.0021417253095706
 1334.000000	2.7918615653249566	10.3478806761019655
 1335.000000	2.8611365541422553	6.7448672471068392
 1336.000000	2.6993269725813187	21.9795999393507486
 1337.000000	2.7519442326575416	16.4995877574143037
 1338.000000	2.9283821364586555	33.3278818359071920
 1339.000000	2.7941514826954257	27.2185729175755569
 1340.000000	2.8280105275656489	27.9681048794258515
 1341.000000	2.8838360433604486	1.6988831092070598
 1342.000000	2.7988888785130137	22.3272622554999600
 1343.000000	2.7713362137557644	4.9284199648285210
 1344.000000	2.9167113809560683	27.5913982264684705
 1345.000000	2.9045478911938756	9.0522502657832149
 1346.000000	2.6436015198604612	3.5020180431911569
 1347.000000	2.7593780372379242	23.7849793102941760
 1348.000000	2.7944834589760990	18.4469687665404649
 1349.000000	2.7476103481420591	13.9271256914401249
 1350.000000	2.8433596884595422	22.3783506701817885
 1351.000000	2.8644449481249983	19.0633433668106989
 1352.000000	2.6169879642008458	19.0675508860570915
 1353.000000	2.9214089914827857	16.9961479815888481
 1354.000000	3.0309177832049530	61.6754298699399897
 1355.000000	2.8333645407549621	14.8939146870631021
 1356.000000	2.6980146578828554	23.7375092186114784
 1357.000000	2.7517838442686937	24.4234352329067406
 1358.000000	2.7577182530334463	13.9808946157537832
 1359.000000	2.6416213699843074	7.9213173397781702
 1360.000000	2.7651950240746643	5.9665858121740598
 1361.000000	3.0821995371576709	1.6087510278626382
 1362.000000	2.8962415959159986	7.6478149073390114
 1363.000000	2.7385931962303274	12.3246940826775528
 1364.000000	2.8389649462566449	16.5696109725183476
 1365.000000	2.6702246204688405	18.3747037098193857
 1366.000000	2.8896091501760286	21.5974470161321790
 1367.000000	2.8131790125615312	18.2355039471823943
 1368.000000	2.7797136583524598	19.3637553187083142
 1369.000000	2.8451121530723080	17.2285059952135384
 1370.000000	2.8006574548296612	38.8451303074255065
 1371.000000	2.8868864165561119	8.5713590839769154
 1372.000000	2.8681101549435795	17.5003585789635281
 1373.000000	2.7881594106888525	25.7571583017227397
 1374.000000	2.7855403894007131	32.0850439104277143
 1375.000000	2.7145105039305553	7.5094453342258589
 1376.000000	2.7190309322549058	23.3649537965568186
 1377.000000	2.7318858556353356	13.9116551248326630
 1378.000000	3.0759944270188746	10.0303360994221862
 1379.000000	3.0004248320901157	14.9305940240808752
 1380.000000	2.7875079994811691	22.7052376268549665
 1381.000000	2.6045495220031589	39.7335436640225055
 1382.000000	2.8666793000726143	8.8603202555492544
 1383.000000	2.7749815139275724	31.6571727156933491
 1384.000000	2.8330604584894354	5.1837107879199777
 1385.000000	2.8961473023417992	36.3801802258680311
 1386.000000	2.9804307556209428	6.8652463526120755
 1387.000000	2.9160860342331683	5.8515810773566841
 1388.000000	2.7465385556634572	30.6124221645047214
 1389.000000	3.0689897112133857	19.2456693967566252
 1390.000000	2.8512285187516180	31.0535897958440330
 1391.000000	2.8456151431738497	35.1627645959243011
 1392.000000	2.8947625109667459	26.9861859033278506
 1393.000000	3.0494768522219546	24.0072940024539321
 1394.000000	2.9279752598927962	6.6457198929167305
 1395.000000	2.8334865639470821	25.1335855120329086
 1396.000000	3.0649745584635091	31.8031181791307631
 1397.000000	2.8827921840634501	27.3859107010745788
 1398.000000	2.7797646030538150	15.7942791523310859
 1399.000000	2.9257436178241178	18.9615297854207938
 1400.000000	2.9765104673315168	26.3235032131691753
 1401.000000	2.7356890100291666	17.3049476348368216
 1402.000000	2.8339964996187601	27.9345921494834784
 1403.000000	2.7540099702021807	19.1407285542398995
 1404.000000	2.7384774013509952	20.0301788073428213
 1405.000000	2.9097962450716417	36.8446030159769009
 1406.000000	2.7614849838078115	34.9507618310639714
 1407.000000	2.7989484160584377	19.5264064566691218
 1408.000000	2.8263076782660086	17.1089557913318515
 1409.000000	3.1530836884282643	40.8258836363303033
 1410.000000	2.8639178968472421	15.5834425067756968
 1411.000000	3.1048500008897881	18.0751091593253079
 1412.000000	2.7448223796528355	22.5099909317585798
 1413.000000	2.7510532010945128	17.5852876123615545
 1414.000000	3.0036991753305751	5.7086579802223412
 1415.000000	2.6598209976932123	11.0113518963726165
 1416.000000	2.6899487506149717	21.8353365348100112
 1417.000000	2.8627332421443397	10.1398310500794366
 1418.000000	2.7650829567428459	9.1656546172705191
 1419.000000	2.9332815201036846	23.3139415141949371
 1420.000000	2.7043389138113980	12.8254122854507671
 1421.000000	2.7777775560885245	17.6035944899817878
 1422.000000	2.8355447487116052	21.1650968790875993
 1423.000000	2.8900214013362668	28.1266832335641936
 1424.000000	3.0167786770128520	11.4912600855732023
 1425.000000	2.9893976699371998	9.4855952904300125
 1426.000000	2.8828642654152050	18.0021209261548165
 1427.000000	2.9339593763977780	11.4459189446161531
 1428.000000	2.8457533107568649	20.4553238659413523
 1429.000000	2.7551619452745300	10.9806701068312975
 1430.000000	3.2546601025648259	27.9948300486460653
 1431.000000	2.9655714028696547	33.2354279199523717
 1432.000000	2.9105684550270752	22.3655217445073617
 1433.000000	2.6029747460733792	15.0456947666978920
 1434.000000	2.8525556917112525	18.6059224104714076
 1435.000000	2.7665811078409210	21.1186921015539326
 1436.000000	2.6927253714977768	24.0841568508982391
 1437.000000	2.7791644614821251	21.4793642841806900
 1438.000000	2.7648243937817787	8.0142483155734965
 1439.000000	3.0155050388281111	13.0384724449275495
 1440.000000	2.8607830307227990	11.6756650562346067
 1441.000000	2.8950101126659664	16.3231654434863174
 1442.000000	3.3747541415362958	30.7778091215720053
 1443.000000	3.0903132301100191	26.4504721988924700
 1444.000000	2.8318901988351302	28.8857909915031428
 1445.000000	2.8163755771967458	8.5830190687819368
 1446.000000	2.8190617727536038	9.6144699368015551
 1447.000000	2.9555174909021846	19.4707647738106857
 1448.000000	3.0144471837785134	30.5876506332469376
 1449.000000	3.1693792683137763	31.3219297121733860
 1450.000000	2.7942972795966146	25.0738695897952937
 1451.000000	2.7476040038485126	15.4738375317254224
 1452.000000	2.9020747085916878	5.2040455486403516
 1453.000000	2.9595561786134228	34.6843013011590529
 1454.000000	2.9912082155825064	8.5195619780067489
 1455.000000	2.8748054718739766	33.5743431878893830
 1456.000000	3.0714686011137773	16.3288882558854596
 1457.000000	2.6700191424846111	11.0954198850084538
 1458.000000	2.7678112955016676	21.7367662933963288
 1459.000000	2.7488610969004386	21.2797571890351094
 1460.000000	2.7987310170154482	26.4144367819588979
 1461.000000	2.8681125208952216	5.0578801101258648
 1462.000000	2.9434716588997554	32.5706662606702366
 1463.000000	2.8949833909295464	37.1676817502484482
 1464.000000	2.7492729399971538	16.5497627707815695
 1465.000000	2.7242721379447215	22.1922981994976567
 1466.000000	2.8067810123060082	10.6494779944930826
 1467.000000	2.9064101445220798	25.3525165700188211
 1468.000000	2.8500726166960422	19.3744639510207719
 1469.000000	2.6280202312562508	1.1297802671958266
 1470.000000	2.8102796315875564	6.9787817358660220
 1471.000000	2.6613169072644598	32.0560750072223470
 1472.000000	2.6857771528883414	18.5287919452489120
 1473.000000	2.9266009987334098	17.0365237752293694
 1474.000000	2.7507226339226629	2.2183086865093173
 1475.000000	3.1347388304820201	24.6044201179074946
 1476.000000	2.9403762698569751	28.7786105237045149
 1477.000000	2.8058424162216618	25.8530443633174514
 1478.000000	3.0669800161817649	19.4027368184183899
 1479.000000	2.8237893294303160	20.2625701947144705
 1480.000000	2.8285498984758100	31.7317752449576176
 1481.000000	3.2220083877849235	15.3301363260512176
 1482.000000	2.8124502580165860	16.7241434615279445
 1483.000000	2.8772584283696543	1.5189636297038192
 1484.000000	2.8938905173836575	24.3925318397421336
 1485.000000	2.8167636672103029	11.0782688009160211
 1486.000000	2.6371629833117574	24.5773002979190949
 1487.000000	2.7142771395232566	21.6104810694323248
 1488.000000	2.9483294637881872	27.7896423065591875
 1489.000000	2.7720387839417362	28.9445034513096289
 1490.000000	2.7932783614215051	1.7565457650038638
 1491.000000	2.8619166087360322	22.7840007041918966
 1492.000000	2.7248710661223554	13.2036890542004528
 1493.000000	2.8896501680541964	15.1650743525357257
 1494.000000	2.9268312603372895	17.3901721464345371
 1495.000000	2.8352324718450999	20.8380817208876579
 1496.000000	2.9433101021201105	31.8604859759855117
 1497.000000	2.8382844784900083	34.4990106269085857
 1498.000000	2.7167319264902186	9.2406732631191346
 1499.000000	2.8215744451801457	14.9615725554643291
