 0.000000	13.5659646693764877	152.4073996210359212
 1.000000	9.2660723858411753	140.7601358107864371
 2.000000	11.2290039612095729	38.5297232425785978
 3.000000	9.5444246987392614	67.6853207379779320
 4.000000	8.2805060121984564	116.6641602265487450
 5.000000	7.1506230817685577	124.5820335055361170
 6.000000	11.9375611152867620	133.9730417319521223
 7.000000	9.6711998100677761	130.7882672351609301
 8.000000	11.0073698277268708	88.5665018206979511
 9.000000	11.0672652555401143	77.5605856184874085
 10.000000	11.3149922235605036	81.8651605822959851
 11.000000	10.1079385586864046	132.8556475436223536
 12.000000	9.3387201275193270	58.9388570170761739
 13.000000	9.9049180720925829	35.0301723464289694
 14.000000	13.2767212617205157	55.8445275094952223
 15.000000	10.9682270475588606	56.3764047893070455
 16.000000	8.6753498595023082	127.2863801144165734
 17.000000	8.2589337427792273	134.9538236308914918
 18.000000	9.5817057850141705	94.0624984840408302
 19.000000	11.6282870171770050	104.1437954929337906
 20.000000	11.6463554597792189	147.4077884257314679
 21.000000	13.2973847137063359	132.3536784532913089
 22.000000	12.7513454980330589	91.8906019540033441
 23.000000	11.7693054760992979	95.3976856941839770
 24.000000	12.8151244176603818	130.3444273890541467
 25.000000	10.8100992512751297	79.6032333011194595
 26.000000	11.2783778669089649	88.2633444735134134
 27.000000	9.6661285716735428	166.7734905321007659
 28.000000	7.4203307050712350	9.0315686131324924
 29.000000	10.2279291518356441	51.6095806169092555
 30.000000	6.8553422659581003	145.8184394657446887
 31.000000	9.4742380082936908	22.5092075756546137
 32.000000	5.0281651389313424	120.6129340522896456
 33.000000	5.8192720610214046	136.7206512221634398
 34.000000	9.5579552110551909	140.7875426542431683
 35.000000	12.8609281252121459	59.0405062443179531
 36.000000	7.0359922234708243	121.3904435771223405
 37.000000	10.3418111404905435	117.3445616730466838
 38.000000	4.9518890837133993	130.4222847702234844
 39.000000	8.6559594812769749	117.5059614656671414
 40.000000	6.5115877079179603	26.2142196985676321
 41.000000	6.4805307479505219	29.3268857890279548
 42.000000	9.1738141769334547	63.8772462415307558
 43.000000	7.0619506798099581	67.9563209987434789
 44.000000	8.2561067158136563	106.7997902166801509
 45.000000	5.8337718313177760	107.8069253950790340
 46.000000	9.6315221033166907	110.0000385682839266
 47.000000	6.1630177836484474	76.9811431589418476
 48.000000	6.5191458102244484	62.5988203229288871
 49.000000	7.9894393975212763	128.5217212833390477
 50.000000	6.7161347246851228	99.4207100030865973
 51.000000	10.0802439281736103	106.5204951048055904
 52.000000	8.1360728096240216	103.2987174464695670
 53.000000	8.8084240214627378	135.1418374814853109
 54.000000	6.9687198829231249	131.3947739444229228
 55.000000	5.7937299367838833	57.3809985924417134
 56.000000	7.7369758154577388	114.1573499961748013
 57.000000	8.0402061601979149	61.4311283777524437
 58.000000	11.0080947592251022	72.2815603857678042
 59.000000	9.4757420625028637	105.9083280868516965
 60.000000	7.5264797483372119	70.0852627724754171
 61.000000	19.4722924708728016	96.2349159463992692
 62.000000	8.6407518019331153	104.2540229687843834
 63.000000	12.2953105435108316	52.2011875192900732
 64.000000	13.4545009854956721	112.8463480052465684
 65.000000	12.0292392864608892	68.1950221446686129
 66.000000	10.6433540736040584	65.2330180995376878
 67.000000	11.4517823614342653	167.8852176208216065
 68.000000	12.5825735568359960	62.7460906539684800
 69.000000	11.8829762495918310	101.0508484569754586
 70.000000	12.5803012223733024	110.6753461642184106
 71.000000	12.1290495727101195	93.1576637678954143
 72.000000	11.6009755724134731	65.5537430994250627
 73.000000	9.5419569316786568	82.4067313182958259
 74.000000	13.2147737502098828	101.8822374233316026
 75.000000	17.3372918627091366	152.5740829404262797
 76.000000	22.5196709200510483	98.8324448780638249
 77.000000	22.2968999876701766	122.2216477659331701
 78.000000	19.3656142425550577	139.9196896145171536
 79.000000	20.9260544563333752	78.5208405166936529
 80.000000	18.9410449599201769	99.8224677423383611
 81.000000	15.6774102476338939	99.0665008954343591
 82.000000	8.4104884212601725	145.0349972535077825
 83.000000	4.7310357280850788	133.2136018835842890
 84.000000	14.2064807647299709	44.4604887934211774
 85.000000	16.4136996837876161	39.0334019953286315
 86.000000	15.6027888940227761	82.0650360817067934
 87.000000	10.5057113375949385	46.9593503551006677
 88.000000	13.0543549691561136	111.4386825176289335
 89.000000	10.2740004454774976	32.0537797500258250
 90.000000	11.8820194827649850	74.5979721162449607
 91.000000	14.2487321372003688	77.2970805992977290
 92.000000	14.7288068775771350	129.2666459151022593
 93.000000	9.5910339126223025	152.9037523545325712
 94.000000	6.3400467327672203	10.9158859477481656
 95.000000	10.3562221643255299	154.0117997276707626
 96.000000	12.3108817011103806	167.1026382947794104
 97.000000	15.3166543042450360	37.7165042455949333
 98.000000	8.9100414146724614	148.4118397958770572
 99.000000	11.8927117414332173	132.3894929300449803
 100.000000	9.9331486745538715	48.3662634942448335
 101.000000	16.0601030406252860	104.1195237237842264
 102.000000	13.3078407579015074	141.1678926616258423
 103.000000	16.7384869273712624	141.6646934594253082
 104.000000	17.4495665596485736	89.3834625216675249
 105.000000	16.5776827376068994	138.9946588549228181
 106.000000	14.1142223380742760	63.5924916966493328
 107.000000	18.3085045959593842	117.8426114057120344
 108.000000	9.7336428260081256	47.9578263406329484
 109.000000	11.5899349004647352	66.4839845388305406
 110.000000	11.7849297931517096	120.6807182970470933
 111.000000	6.8272886495363858	125.8051558685918252
 112.000000	4.3880308703655180	123.7937396491800541
 113.000000	11.2825273121195178	123.5120959540428345
 114.000000	14.9459064529993739	101.6492699665661661
 115.000000	10.8251028927985171	156.3718016130454771
 116.000000	13.5819981011942943	60.1052353964082471
 117.000000	13.1902396706826526	62.7059394068511295
 118.000000	19.4292670967065924	100.6608780179271463
 119.000000	16.2341168961007405	83.9960431297118220
 120.000000	10.8013145760911993	123.9244936557095116
 121.000000	10.4210954736918815	45.3291712839658203
 122.000000	11.9840745820539123	156.3871607405305610
 123.000000	13.6975071827162242	63.0506185496223850
 124.000000	10.6767196909200948	146.8238275851806236
 125.000000	12.6600158474934776	148.4275849429242271
 126.000000	7.5496815562455657	35.2269787106368995
 127.000000	5.2444684368932650	23.7706860538042974
 128.000000	6.6968420401235829	88.8485315889337386
 129.000000	19.5182964233664826	76.8957262056939044
 130.000000	22.3905921952844764	85.8143244979438435
 131.000000	13.2449898914865862	125.4605358206005121
 132.000000	10.9556683726192432	47.1428725978724117
 133.000000	10.1356607099543314	150.5853278659085959
 134.000000	6.8022423959217155	37.0242329199918174
 135.000000	8.4265638150066149	12.9054736942195802
 136.000000	10.8693952746334777	144.9133125867149374
 137.000000	7.4722769686172832	29.7531843487464585
 138.000000	4.6743666292166397	95.5204820123114899
 139.000000	2.7059682752235741	36.6468928021651834
 140.000000	6.1539343657438685	14.9597306870455782
 141.000000	7.3245388212524274	36.9393539582896153
 142.000000	10.7920459985052855	131.8888549212572059
 143.000000	6.3292552408577611	10.8042518113214783
 144.000000	4.8985235225943757	49.5389387724303845
 145.000000	4.7090908418596120	159.4384950260719904
 146.000000	6.8291776209976591	117.4871636831627200
 147.000000	11.3976520170197961	155.2903025717106402
 148.000000	8.9080936705772604	159.1056898491876836
 149.000000	7.8884440923349866	152.5576748953862420
 150.000000	9.2354073672872161	126.9941170065357028
 151.000000	13.6972831889777975	80.7595242976831429
 152.000000	13.2825033545491262	45.8181448541425596
 153.000000	18.5712770611768434	146.3475530947156074
 154.000000	18.3430147685584970	39.7326266345476427
 155.000000	11.0439166291008029	49.8029122997220952
 156.000000	19.3026782716522938	122.3533103859874700
 157.000000	10.5515693388713299	150.3921678830493533
 158.000000	7.2929547266714261	51.7126176984956771
 159.000000	12.1635328336566779	125.9921778843550157
 160.000000	8.8948598864747730	33.2456917278153412
 161.000000	12.7356254568068241	39.2296111299884558
 162.000000	7.5334989073262308	172.3443353253409498
 163.000000	8.5560977126066469	29.5040885295153998
 164.000000	9.0015079401646592	73.3169218846861384
 165.000000	7.4222575640411694	45.8337462026991318
 166.000000	7.9457729781779225	53.2395182844472288
 167.000000	12.2198381039881951	61.2704323142531848
 168.000000	10.6114398057906225	134.2215265972526481
 169.000000	10.0634338883241909	149.3972244826268820
 170.000000	6.3209807957058244	33.9386553693705366
 171.000000	9.2477509378376954	51.4777981372145064
 172.000000	10.3270017046598905	151.8712015842658047
 173.000000	12.3587902933153426	94.4973756998195711
 174.000000	9.9487654043548517	135.0128093587190392
 175.000000	6.2697170844911554	154.2943914992656005
 176.000000	7.7164294665496218	158.8026516273613140
 177.000000	11.0075506565051349	151.6739729894632092
 178.000000	9.7239205946305329	31.8473915847909268
 179.000000	10.7919078327473770	137.6112187153347008
 180.000000	8.2625273173650715	134.2355801663877344
 181.000000	12.0154392794541938	153.1488973081231961
 182.000000	10.1295547309927194	161.2151397561759154
 183.000000	10.0624587903053033	81.7018583848651616
 184.000000	8.3604748482072857	91.5397813749220575
 185.000000	7.0528379267864878	151.5317107203989337
 186.000000	8.3156422653917321	42.2266639570116240
 187.000000	5.2714791456518606	47.8595979197761494
 188.000000	4.5091887100912151	23.3302952621835971
 189.000000	8.0919211629445957	156.2758577008827388
 190.000000	9.6506180173387790	145.9868685997405748
 191.000000	6.6912476468492201	155.6909334592419327
 192.000000	10.8632764194360263	157.0573558390321125
 193.000000	2.5879670140041848	15.3442623152604085
 194.000000	6.9479166701180812	23.3455988905944025
 195.000000	7.2482019936948330	145.2530260064913818
 196.000000	5.2002485607856936	27.5959477346405322
 197.000000	3.8849331318374705	42.7152292737771120
 198.000000	5.3584076996187351	25.4627375025073945
 199.000000	4.8399718935543135	29.1688650032590715
 200.000000	6.4552716217823196	14.0373453947499058
 201.000000	4.0139700703027108	32.1213311937674462
 202.000000	5.6142552252898277	20.2573219600086531
 203.000000	4.6190210737686943	27.9904875513665843
 204.000000	2.8240043815687219	27.4702587644026153
 205.000000	9.9640009285785816	115.9269351431810122
 206.000000	6.6207522197949196	130.4003997208747592
 207.000000	20.4908799673945090	55.6557993594258136
 208.000000	14.7094500230688574	28.1406650147995947
 209.000000	13.9915794229846657	66.1931612996705496
 210.000000	16.3773758815313784	42.5490673361995277
 211.000000	18.4663558693183170	2.2538417443832088
 212.000000	19.6077616859886916	139.5749309217591758
 213.000000	24.3738105488944043	104.3442158984645545
 214.000000	23.0071672128175138	67.8212258625365791
 215.000000	22.5521189674057005	50.8520504525769752
 216.000000	19.0704665590992946	179.2929912963043364
 217.000000	11.8285954551349395	22.1760004270748539
 218.000000	20.0425256406364589	164.9420068638753207
 219.000000	6.1042151536587328	40.0229669559006425
 220.000000	11.9238086812773787	108.4929054170442981
 221.000000	20.8547040703957904	142.4206642885404506
 222.000000	13.5050427933978288	152.7402724793111588
 223.000000	16.2287646758662234	171.0013335821034843
 224.000000	5.8187558432263629	15.3411725958998488
 225.000000	8.8444584932875792	30.0525407095225887
 226.000000	7.2958988874909698	125.8921243419693781
 227.000000	6.8053020724716644	171.7008146904941270
 228.000000	6.0021999375068580	4.2175299445082715
 229.000000	7.2665016238612070	38.8813264775960477
 230.000000	8.6147937749529575	18.2960460222502945
 231.000000	6.1212746315035798	16.3250686962991551
 232.000000	12.1545114656220541	82.8613377285196862
 233.000000	16.7138131766644413	48.9663109524198319
 234.000000	13.9388480057002937	95.2247267541579703
 235.000000	16.3235036876353732	125.9697153836078769
 236.000000	10.2902249909708789	93.5793668017299751
 237.000000	11.9282225761002163	89.0359810815223227
 238.000000	13.3231856566065119	132.0041038531547031
 239.000000	16.1765981706192790	84.4639463034923779
 240.000000	11.0488256522164594	92.0640980578541530
 241.000000	15.1729610799225956	103.6701470114389281
 242.000000	16.9338287939097540	88.1241919998373078
 243.000000	18.2860844064102217	133.4427176167007474
 244.000000	8.9919489735029554	63.4611929486666497
 245.000000	13.3672641968639887	51.4028383910106754
 246.000000	14.0194338551444524	43.5745037640830049
 247.000000	8.3186661810361073	135.3436784092433243
 248.000000	9.0542463403133571	159.6346295818254362
 249.000000	9.2203976847950671	140.6690895293300230
 250.000000	6.5284466081790065	143.6861295530150926
 251.000000	8.5774728035123964	37.3716354833645710
 252.000000	6.8053039436414187	20.2323267417030479
 253.000000	8.4537325795303548	138.5753025172725756
 254.000000	5.5546860371386266	138.2867253738232876
 255.000000	7.7266108644587179	114.1138763996727903
 256.000000	8.9973092162944912	74.7545242248257438
 257.000000	7.0949006693883980	26.4242244877642918
 258.000000	7.2231587202193612	154.4904418044148429
 259.000000	15.2577022428271523	142.7365769404621574
 260.000000	10.9307907622277973	160.0304421993139954
 261.000000	14.9605656129783924	82.3966773115912048
 262.000000	11.3184454628909794	170.6484685260249989
 263.000000	10.2189977301139212	43.2105288501644793
 264.000000	17.4359200263591312	150.6345500484148090
 265.000000	23.0773918760832437	65.9589614018528323
 266.000000	13.7247793219141769	60.1316904725638324
 267.000000	12.0561371753022453	159.3347153616974197
 268.000000	8.5824821701655161	141.5387962205158772
 269.000000	8.8455330315358154	154.4555564859464312
 270.000000	8.1739377303073013	32.3652879800044673
 271.000000	7.1800283225688419	81.5804456777007374
 272.000000	8.2720821277195196	104.3574224530021439
 273.000000	7.8458393863003080	98.1357402823944369
 274.000000	9.9194816439262592	66.4731590958501641
 275.000000	13.4741080222540379	154.5981037534380391
 276.000000	10.6145811803763532	139.3004255293864162
 277.000000	7.2000100756999057	15.6023780871609574
 278.000000	8.5791430415436309	38.7611940147181997
 279.000000	6.5842835370145103	123.7615134422632650
 280.000000	8.0711868156124709	145.3174934904064912
 281.000000	8.2290157586222481	99.9691403964004621
 282.000000	9.3087259883247508	11.8095095197499518
 283.000000	6.8962336695251727	38.5185958631603853
 284.000000	8.7537557397894883	165.0331845857476480
 285.000000	9.1504422110702226	108.9453142978061919
 286.000000	8.6407049352828231	82.6473005768846178
 287.000000	8.9914061014890958	140.3845050659465983
 288.000000	7.8095978243918971	106.7701900166763807
 289.000000	9.1820335929498356	101.6967828975142396
 290.000000	8.2787020180135613	117.9282393522532573
 291.000000	9.9187423387511906	89.2001869973536827
 292.000000	10.4063309290719879	131.6428484639999965
 293.000000	7.2023622668599572	94.0867910241570087
 294.000000	8.1104080177634792	110.6956331744902542
 295.000000	8.8401319097276954	56.7378730551505299
 296.000000	9.0013626918975991	143.4077506792393137
 297.000000	9.8449629472532312	94.8826421229716885
 298.000000	9.8214599832044058	74.4259825117354410
 299.000000	9.2949861943516758	105.6106650295626253
 300.000000	8.1072215280656241	98.9571020476861065
 301.000000	7.9068857435963951	62.3803760331477406
 302.000000	9.9873762637111536	78.0484980205754937
 303.000000	8.0939960357843308	121.4339937288916502
 304.000000	9.1135928776972470	125.2163655200645280
 305.000000	7.0820656846682368	92.6737436110691704
 306.000000	12.2569183859514457	144.2430711490867736
 307.000000	8.2441086283123042	101.9996347687086313
 308.000000	10.4273736887656767	73.6795374838526982
 309.000000	9.5493198589454575	99.4064009959611212
 310.000000	7.8596735471782315	96.7445514493013405
 311.000000	8.6583936371039361	50.5912315066206872
 312.000000	8.8654366618040399	162.7880004095252104
 313.000000	8.2486080323079829	86.5312731298450615
 314.000000	11.4787225837547258	136.5540020890763913
 315.000000	9.2160100568514594	58.8583233653421161
 316.000000	11.2885567123722002	154.9300415061883314
 317.000000	8.5700952520917202	129.2446865293726432
 318.000000	9.4446584826560418	81.4632984970248089
 319.000000	9.1536667945977594	145.6836428835774200
 320.000000	8.1529882676028151	48.5292776843633646
 321.000000	9.6777610848339002	102.5809346434034239
 322.000000	10.3587089358524089	167.1408126064359294
 323.000000	8.6865907737206598	139.4219277384626707
 324.000000	10.2920502769393192	152.9095643001049609
 325.000000	10.0868633159011214	96.6598329009686239
 326.000000	10.8648800213872203	50.0551459268310168
 327.000000	8.3297039367159087	81.5943870233640212
 328.000000	8.2933858621534835	120.1797048244868620
 329.000000	7.5954227379141601	50.8001549996328663
 330.000000	9.7447388701138564	131.5883880945157784
 331.000000	10.9455277300291147	80.4195524966271336
 332.000000	13.5369751471367010	78.2422411882319722
 333.000000	8.5679465558322150	101.1788176163609023
 334.000000	6.5214735125068968	37.5242258377798237
 335.000000	8.2445238087523389	147.8676660710833346
 336.000000	13.0420254642137028	14.0748126639253996
 337.000000	24.4649824957645023	106.6938853968245553
 338.000000	19.1842076297039590	81.0687342713689389
 339.000000	10.8556954072611340	85.7965390749895391
 340.000000	19.5055409895029008	110.7641450056858190
 341.000000	19.3796693373930822	96.4971692314902896
 342.000000	15.1364965644022753	36.4397618231050160
 343.000000	16.8238765784959341	151.2477897496540322
 344.000000	12.4843573389466069	12.7914561873788557
 345.000000	20.2409117711357638	92.4294869342238599
 346.000000	19.8120397059691662	139.7234785677476907
 347.000000	20.2778497139257645	108.8052962421394767
 348.000000	18.9325753993695756	69.4715950497430441
 349.000000	20.3661668337235220	151.5781945688115968
 350.000000	17.3417455675677665	82.3682919965723670
 351.000000	20.7668152706331028	73.2374946001372393
 352.000000	20.3149797539667603	41.6494022871127356
 353.000000	20.5950435281437905	39.5549835752703416
 354.000000	18.0878917055358848	44.5187070387388246
 355.000000	17.4766387025031165	127.2402499455972844
 356.000000	16.8080626402670248	163.1717436281754203
 357.000000	14.8629227248332683	31.0924099877723279
 358.000000	18.1677587146779871	132.3227953413087903
 359.000000	18.0952770442626338	45.2077107044619027
 360.000000	21.1842592883098675	89.8552188772596026
 361.000000	22.2636781155575392	102.7820097145534106
 362.000000	16.7149069061026587	134.7971147791697604
 363.000000	14.7816686568603259	139.2111237364731551
 364.000000	14.1448209276062951	74.5224802251359080
 365.000000	17.8061855165349421	119.7718356105706334
 366.000000	10.4284546859318521	76.1897285165878486
 367.000000	11.3100187512861066	166.6857292440519132
 368.000000	13.7394748886243665	139.7231685243616823
 369.000000	21.3193023361743670	43.0878202394899574
 370.000000	20.0208417426463257	77.0103273254057115
 371.000000	14.0382389180815768	130.1748168677712272
 372.000000	19.5422323340528656	113.8630042955799837
 373.000000	22.5842202906375071	61.1207862809065006
 374.000000	20.2726679168277535	43.9480372976648823
 375.000000	7.7370016899723799	20.4094988973280067
 376.000000	9.4054231504443297	18.3202602937714119
 377.000000	15.5200288818610836	129.9215276072105212
 378.000000	11.6926370034682634	52.1334492313439739
 379.000000	10.4446036387694985	110.5533866338845428
 380.000000	6.9630764580958413	142.5069390942254870
 381.000000	13.0306402272387238	153.0938035038127509
 382.000000	15.6268914420570599	62.8707247399054268
 383.000000	15.1217492582858934	160.6445977682154478
 384.000000	14.3387579984820910	159.2723206302576955
 385.000000	10.9570952319951349	139.2259560922918809
 386.000000	14.1740537523521848	144.9278215589293382
 387.000000	15.4702709349141116	72.2478210702023489
 388.000000	13.6824968752819203	65.2987788770843309
 389.000000	7.7960718438573142	44.8858924316491823
 390.000000	7.6661858627346753	157.1851926447904475
 391.000000	5.2799413347541702	118.4055607460329895
 392.000000	15.0401381448820803	79.6255612899804674
 393.000000	7.1866287124446053	36.8133985761849090
 394.000000	8.5137420728477657	145.1838068501544114
 395.000000	6.0226936470884302	137.0587321422726461
 396.000000	5.0728774961820244	122.5371516447607547
 397.000000	6.9565128371731975	124.0356547743907072
 398.000000	6.0414090965680991	4.5130627575647964
 399.000000	8.9173931590697926	146.3735971455085405
 400.000000	7.2039103710808723	33.3234666523163412
 401.000000	6.9173033718620891	48.7882532503895163
 402.000000	4.9433664507698962	29.6116425333242717
 403.000000	11.5016246246633624	79.1355239725001809
 404.000000	8.7268748327382646	52.3766621262987968
 405.000000	4.6069517568402585	113.6430981677503240
 406.000000	5.5160236010041812	139.4395928114578567
 407.000000	10.2343577483312025	140.5665262837900400
 408.000000	9.7021746634085151	146.9663096900009691
 409.000000	6.1850311067357708	148.9094518935174278
 410.000000	9.1336058171571963	177.8970325876523759
 411.000000	7.4702154226017479	136.3573541437547192
 412.000000	6.5674395050497667	142.5369024167150656
 413.000000	7.7666377251619831	123.1895698133465373
 414.000000	7.8054288663311491	21.3181518771098695
 415.000000	6.1075500087496195	47.7324641329198016
 416.000000	5.0810926386486495	26.6132092865907737
 417.000000	11.5022782389614324	75.5733800378941112
 418.000000	14.4192730891924548	155.2060473190462915
 419.000000	9.4527825477340794	88.0619183770343454
 420.000000	13.4025368731231680	127.6193397492643129
 421.000000	13.2987313539916343	150.5034224184134359
 422.000000	9.6464279685409728	48.3753907085819037
 423.000000	11.9794979886424553	130.1144084470344637
 424.000000	12.2576335390209508	55.1575755455153569
 425.000000	8.9911039832509712	167.5873523954784332
 426.000000	10.6121151852609295	146.1535178221547540
 427.000000	13.9944157880363349	141.3886045749368918
 428.000000	14.0690457526423920	147.8020515882662380
 429.000000	8.4511631369652775	132.5208903610823654
 430.000000	9.5165064159275303	115.5573006843941215
 431.000000	15.7335631329814625	150.3944990662773478
 432.000000	12.4111079778706141	163.7493880588883997
 433.000000	8.7549189535160181	72.3679447359619274
 434.000000	15.9174164601216113	138.3914901797144523
 435.000000	13.7978955374236154	158.6128938326837954
 436.000000	13.0046067598670216	145.9703537635425619
 437.000000	10.4313011636114457	168.1473221699394003
 438.000000	11.9585403999763269	156.2724516800909953
 439.000000	12.5025506907728996	82.9459922189444683
 440.000000	9.2111070064559009	67.1544693788561347
 441.000000	8.4150442701042643	96.2440168405303780
 442.000000	12.2768977294829735	78.5971382528825302
 443.000000	13.8144333022552441	106.8618650086105788
 444.000000	12.1288838414482782	139.5500795043686253
 445.000000	13.6583784946793401	137.2475681809629577
 446.000000	10.2241778040308393	56.6055532290467198
 447.000000	11.0212120809100380	149.1366113486468521
 448.000000	10.4213199225354707	148.3315600673329584
 449.000000	11.5662774241599386	124.2759884888809268
 450.000000	9.5307133571342355	142.4056654983787098
 451.000000	13.5433545018110220	130.1546494837804175
 452.000000	12.8905274922304081	132.1376645253259028
 453.000000	13.8605304606129032	132.1729427142248028
 454.000000	13.9873002802080464	149.4953990670993278
 455.000000	10.3309613353647602	111.7236174012950300
 456.000000	11.6552175580248356	135.4012774790744231
 457.000000	11.8063579454942769	126.7639269190510447
 458.000000	15.0086864850097648	124.4063139890490959
 459.000000	13.9359585864395612	79.3128144625849671
 460.000000	11.8329518460074894	82.0132925044356682
 461.000000	16.2094377865882464	135.8749463552305201
 462.000000	15.5925094174634236	146.4589742860842421
 463.000000	13.4766943112464137	160.3542348489541212
 464.000000	17.9412911357224800	139.0899043669346042
 465.000000	17.3000873554668217	91.6516770951658089
 466.000000	11.1984309407698284	70.9968968767082771
 467.000000	17.3093320697894946	134.0676865257554482
 468.000000	17.7072911719707164	74.4968942337584537
 469.000000	9.7019751260060900	65.9087839126848110
 470.000000	8.9518049361142733	133.2823286808696537
 471.000000	7.4736581124629780	29.0793183933490695
 472.000000	11.9682730790286964	98.5204079286043424
 473.000000	12.7175669273590888	63.4120808148806816
 474.000000	12.9553645885464466	132.8876840346118797
 475.000000	8.7594475585156673	86.2019978231873978
 476.000000	9.1331600134818629	75.3279409533468396
 477.000000	9.5255930883629585	66.4986036897988839
 478.000000	8.1410780773932725	132.8572416412874020
 479.000000	9.0701821837351506	41.9027756432987246
 480.000000	7.6285757763161524	129.0491908661209095
 481.000000	8.3008864525176964	100.9342268042952924
 482.000000	8.3869010793152672	101.7477259317968645
 483.000000	7.2637779100511910	102.8915132346314323
 484.000000	9.5523646516306240	160.4431221888035850
 485.000000	9.4802019980502816	60.1784014019318931
 486.000000	8.6770804884709403	89.9440595409806747
 487.000000	9.7165528189702304	123.3185373845127515
 488.000000	8.3766071076663664	107.0394047958360773
 489.000000	8.7085068154518002	104.8273613693428246
 490.000000	8.0105831389760986	92.1724544236837318
 491.000000	16.0826292564800646	117.1553227864072113
 492.000000	7.9338810885057605	123.7727416488263827
 493.000000	14.1426159538525749	150.9142802380355306
 494.000000	16.6064425936614448	137.4539547617632707
 495.000000	9.7447427792325847	121.0019508338065748
 496.000000	10.4808602507227011	35.4057235909774590
 497.000000	10.5568035794183999	21.4345570705679336
 498.000000	18.4339382676853774	77.3174146543730814
 499.000000	8.7313230862133171	138.6015693817929275
 500.000000	13.1029633566787922	115.9866656165937542
 501.000000	10.8037560557123822	127.5425237781401506
 502.000000	10.5643115033362456	131.3029084621380207
 503.000000	10.9070197364696693	102.5406333891228456
 504.000000	8.7454781459711786	89.7738233144094835
 505.000000	9.2106580716435111	162.5095037964820790
 506.000000	11.0619999977201111	144.6849394442728283
 507.000000	8.7205551958059573	93.3599234504617783
 508.000000	11.7687050812486955	65.0520571279155604
 509.000000	10.6991313763624056	71.6561222491275345
 510.000000	10.5620314068092451	116.1258204840731025
 511.000000	10.1292003912585464	65.4136697060829988
 512.000000	11.9908082590699667	84.9627671410779755
 513.000000	12.7790998944308072	49.1368882278585204
 514.000000	13.0679940666910550	96.3466314914871020
 515.000000	13.2099038058006339	70.8008389193685730
 516.000000	12.7382838599941213	69.2766880132897001
 517.000000	11.5292165622816594	57.1208785704270383
 518.000000	9.9733654255888755	136.1108252965584882
 519.000000	9.1960135247011205	85.0576877124962465
 520.000000	11.5329003329229280	157.3279511672249100
 521.000000	11.8928478571142513	63.9669444208866906
 522.000000	12.9377817335263696	115.7849982060851062
 523.000000	9.5518450460168403	78.6090236976100982
 524.000000	10.9072662347037603	122.3623609178389984
 525.000000	16.3268861927506990	67.5964357656909414
 526.000000	7.0726645572090003	118.8951097291458865
 527.000000	11.5003757430729188	111.4026931178942164
 528.000000	7.5720879481873240	120.8595073968457143
 529.000000	10.6849823065175098	97.3994398383765656
 530.000000	7.1240909162741231	106.1645503088526965
 531.000000	9.8307721239561285	108.9178448289866594
 532.000000	10.2346971272800218	135.9608552795576770
 533.000000	11.0844960641182997	158.5540876776944970
 534.000000	9.9256627278965155	153.8837655616536608
 535.000000	8.9862325388930735	127.5015737471184991
 536.000000	9.7875621859154585	105.2324180571665551
 537.000000	7.6715595638734300	85.4230086746094628
 538.000000	10.6430628634824416	123.8608549596043105
 539.000000	13.6360950901429412	96.4346238537074498
 540.000000	11.7992672273122921	67.7722882228423202
 541.000000	7.8856823614839824	79.9657109541020787
 542.000000	10.2349214551491947	115.6932131856714676
 543.000000	13.5792036651493913	119.6504042521560223
 544.000000	12.5735406983115698	77.4955534508052324
 545.000000	8.4323592831593874	87.3398325935178974
 546.000000	12.3352892653020767	52.0016190828843747
 547.000000	10.0466023055483618	83.3070802160598447
 548.000000	7.5351820878230429	122.7714610809046576
 549.000000	9.9142697784606479	110.3037717416741543
 550.000000	9.9574298228079492	134.9259202495349541
 551.000000	10.4449657420450812	117.0087032165802015
 552.000000	10.4303153450579948	147.8149258849907426
 553.000000	11.3088715019882322	95.4534536793161692
 554.000000	12.4423335002315500	143.1667190568377350
 555.000000	11.8239198182573926	131.7944713395118583
 556.000000	12.6750596132704434	113.1514783127734205
 557.000000	13.5779347786929012	147.5594386624492245
 558.000000	10.8266634876998378	59.7706780423208954
 559.000000	14.0904559644615830	135.8442200510847329
 560.000000	12.3303131168922278	162.3666864004231059
 561.000000	10.3899435817920018	112.6550435738300280
 562.000000	8.2419380949366108	48.8178037347079226
 563.000000	8.9033557795870397	54.3767351803232515
 564.000000	10.1467188367470111	75.7114076412715207
 565.000000	9.9470291026733086	59.2766559912166144
 566.000000	10.8818446027982638	85.6416204404522006
 567.000000	8.6245602395505223	29.9131226011799924
 568.000000	11.0448244820461206	137.1257625607488535
 569.000000	8.0622201341212953	146.1769274666807803
 570.000000	9.9967125353039368	159.2162927698280157
 571.000000	9.7832476939640820	152.5255809845099861
 572.000000	9.5141257906806995	82.4700191645211618
 573.000000	10.3744038556903853	102.8387016093512045
 574.000000	8.8445966823171371	126.9723718026862969
 575.000000	9.6620672231626692	58.5935206557004733
 576.000000	11.3584833029158734	51.9391998212903729
 577.000000	12.0356497132998310	59.8667788597590658
 578.000000	10.3989831232094190	126.5624513303418723
 579.000000	6.8751001965395844	108.9440075025689367
 580.000000	7.0565198111434428	163.0052436210355324
 581.000000	6.0008608742796969	29.2805100928213164
 582.000000	7.2910776334542247	75.0376905421084786
 583.000000	6.4490770320922390	53.3586136905816204
 584.000000	8.7895380660603379	61.8539982005427333
 585.000000	9.5575801879747466	48.1852868680075233
 586.000000	10.5871161933399254	34.6619387826049490
 587.000000	10.1955916610520578	41.9473973302861509
 588.000000	7.1297921789393017	68.8478561155725544
 589.000000	8.6801483360145628	62.7563251739955916
 590.000000	9.8824817225428294	43.7809962149421210
 591.000000	7.4690791468047317	135.6968722864470749
 592.000000	7.0626639892533252	78.8646078270566875
 593.000000	8.4974374732534859	71.5838847748431704
 594.000000	10.9593586234003855	126.4590254453743228
 595.000000	10.0291435654106120	132.0821756630052164
 596.000000	10.2331303887444971	64.4438921152516286
 597.000000	9.1920619599237234	9.6043150934570178
 598.000000	15.8919468513410305	94.8415180948763776
 599.000000	13.3946984081110561	107.7980884406141655
 600.000000	9.6194569924150262	109.3542994045292858
 601.000000	8.4492726779302600	102.1370738041722035
 602.000000	11.8491323300530187	118.4971376686916926
 603.000000	11.2333766095467258	108.8589934876633549
 604.000000	9.6969975675012030	132.1420136224171813
 605.000000	10.0390452300250956	108.9882633472365683
 606.000000	8.9369962487097681	93.5802007407643828
 607.000000	10.5348029907515190	102.3158598724299821
 608.000000	13.4379538119590798	89.9660877909869754
 609.000000	8.1321053669940149	112.6228067912973358
 610.000000	9.4453966792465600	103.7202131659728792
 611.000000	11.4195777384951054	49.8463169499509604
 612.000000	8.3229959894945296	164.3436485251925774
 613.000000	8.8305659209708285	123.9223428345342199
 614.000000	7.6835043337639473	103.0843195403294885
 615.000000	8.4267479086911994	120.7180984504603316
 616.000000	8.6885797857568203	128.6982415589338018
 617.000000	14.5763392419470055	58.3998274879372303
 618.000000	14.3187427462671302	89.5465250822780519
 619.000000	12.2294569177483101	58.5758346691959986
 620.000000	12.0788760067517345	139.6531118260767244
 621.000000	13.3029220633445444	91.4162341962448437
 622.000000	13.2092072700266492	123.0328257727298364
 623.000000	14.0263787347214066	79.9439063255561706
 624.000000	11.3117828248467855	167.3078656439377028
 625.000000	15.2616779135668619	78.8481332663843659
 626.000000	10.8672028974563375	64.3598774400669527
 627.000000	12.1182539506908231	88.6354011824418677
 628.000000	17.9807550795498940	128.9321209717905390
 629.000000	14.0127196289046623	90.8723663797180023
 630.000000	13.0042561734720810	78.7805494836147346
 631.000000	12.3111820453175262	114.3821477304954755
 632.000000	13.6681349937615071	44.2694621298519735
 633.000000	15.4854492421087357	140.9398172459206933
 634.000000	14.2222463807653963	73.8560319205449645
 635.000000	12.0546428171831472	64.2465518075549653
 636.000000	9.7165871027567210	42.7693352219665996
 637.000000	11.8124669103152726	12.5306498272998681
 638.000000	10.6267224796788771	136.2971376854127925
 639.000000	13.3612463458206179	172.4737104462396644
 640.000000	8.5478456901679234	10.7758338243032483
 641.000000	9.6241548887767756	152.7328477365678054
 642.000000	11.0949154763372153	64.1431364023890609
 643.000000	13.5302949321358454	17.9763665223329667
 644.000000	10.4695990006678166	79.4096698447376639
 645.000000	10.2303879197332162	112.9861489659657252
 646.000000	10.3116629333721086	108.7934477204440498
 647.000000	11.3071827635044020	131.3031454126556241
 648.000000	10.3852234848562492	111.4568743623282217
 649.000000	11.6861609422445056	114.7951799677955478
 650.000000	11.1576384458307007	123.3175071967356757
 651.000000	10.5108904581895004	106.9905069246842118
 652.000000	13.5996819516525260	54.3859219375514158
 653.000000	14.1006182422368198	102.8915431639773885
 654.000000	12.4875957888472247	140.6626900685695034
 655.000000	14.4269315581074160	117.5056969841838281
 656.000000	13.8585328913196584	70.6432477584587701
 657.000000	11.3963558642460843	141.1508205659164616
 658.000000	11.0208264860530250	123.0442297247105046
 659.000000	8.2245849252079939	130.0077724491304139
 660.000000	7.0579329143498342	159.3318319732769339
 661.000000	9.6061461444463578	136.9168208925744352
 662.000000	6.2047812551341304	153.0405473214430856
 663.000000	13.9472706268626840	35.3292810203101624
 664.000000	13.6040030634822333	49.6913644321273864
 665.000000	19.5247369016857419	137.2928496001234748
 666.000000	14.8349352154216838	42.2039173610845637
 667.000000	13.1108981533487370	101.8463129217110890
 668.000000	11.5036147799274566	121.8946480866789415
 669.000000	11.1105152377612573	117.2304899757959191
 670.000000	13.4148131099310142	146.1337565720824898
 671.000000	13.2194957082438993	65.9568192918639795
 672.000000	10.5242037557674983	97.1873618578218696
 673.000000	12.2436271421607472	83.0522134470142959
 674.000000	11.5012128439298245	124.4145335228382407
 675.000000	12.0064770911535472	58.6233189246797934
 676.000000	11.1510153921103132	64.0556758428584772
 677.000000	13.0904983030492339	80.8724841156705168
 678.000000	10.9190139240797581	52.9315527833927462
 679.000000	8.7112344502572494	41.5142052502417300
 680.000000	11.3511549201768212	70.0355355049800181
 681.000000	10.2323804562455312	102.8509345924833127
 682.000000	10.1724004316304537	50.1859751321673855
 683.000000	12.1308683812242339	35.4180551472399543
 684.000000	12.3587989734981889	125.5242796589441383
 685.000000	11.0211128739483115	169.5884562116987979
 686.000000	9.7438235702611475	34.6168234062735678
 687.000000	14.0143216653090317	127.7211305882743915
 688.000000	12.2030543560361036	46.6272335475750026
 689.000000	11.1680814449976058	55.3288285361677765
 690.000000	14.6611040557906058	150.3136897735179502
 691.000000	13.5573242304704724	171.4576130854683811
 692.000000	13.8238854112369918	31.5528945038558675
 693.000000	10.2616007725490626	41.9881808335541677
 694.000000	9.6758663385634751	147.8067304132500226
 695.000000	9.8915481857294267	44.5345597710472703
 696.000000	9.5253159439948067	166.3621346550450824
 697.000000	10.4181491363011549	178.3913085698729617
 698.000000	9.1611057415257431	53.7952834535357880
 699.000000	13.5786638590797839	63.6504495226217273
 700.000000	11.6424040498467285	162.4751811469507459
 701.000000	11.1728621286466492	153.3601399001568382
 702.000000	9.3783336752347459	171.2604369769992729
 703.000000	15.7225843294917222	154.8953352685201708
 704.000000	14.4676660375262056	75.3249462010142423
 705.000000	9.5551536496046126	45.2806117163053727
 706.000000	14.1164794122944102	130.0414433480659682
 707.000000	14.2939708120257194	137.0443513326709706
 708.000000	9.7243037154704215	101.2351807707238862
 709.000000	8.6212209120731167	80.0993292864795876
 710.000000	9.1597435063693506	113.7566803098565060
 711.000000	8.2545884273557935	157.8573482064875009
 712.000000	6.5208906542338374	125.2320939332089722
 713.000000	4.1776544544163423	97.4215864805225635
 714.000000	12.6313630190004424	47.3306518502126892
 715.000000	12.4107131586796999	156.9311727424236551
 716.000000	11.6577074567109182	121.1362645924429842
 717.000000	11.3071871893821481	53.2359079347401547
 718.000000	11.0986139478007342	147.2429459403971350
 719.000000	14.1574931818815433	127.2632785179132497
 720.000000	10.7254503755428807	154.0477534218327378
 721.000000	14.2058540243559737	83.7110760409096599
 722.000000	11.5463141423807070	138.7493343221824205
 723.000000	15.1142540794607960	55.5233941416607024
 724.000000	12.3567368745694104	153.3711164958391464
 725.000000	13.3956550247971311	125.4604824496644255
 726.000000	9.8379528503233900	14.3745565444926910
 727.000000	12.5961656330137544	111.1046369079599572
 728.000000	15.3971416962367602	75.5238675754661557
 729.000000	15.6467476086622632	120.2775065765090403
 730.000000	10.6183658845970097	149.9740729714910401
 731.000000	11.6153399957482897	111.7660803428745169
 732.000000	8.8323806649704437	52.2269592149478115
 733.000000	12.9701843859619217	119.8136560731244629
 734.000000	9.5180586865781169	59.0136789588853361
 735.000000	11.2842390719977921	166.5303424558892686
 736.000000	8.4213423173633526	105.0517183089191349
 737.000000	8.3636059001998770	79.3408728313098948
 738.000000	7.4646627473329739	27.0281439275426862
 739.000000	12.6878443618798755	148.8135860263078030
 740.000000	8.8252171686824816	132.7918459364147168
 741.000000	10.1522044237173326	148.0948769652172246
 742.000000	8.6596371791054096	29.3530096435136727
 743.000000	10.7473457630146889	165.2457703943308331
 744.000000	9.5717478857472962	165.2015201942962790
 745.000000	14.5267233671012441	152.9500543655662170
 746.000000	9.3120226235737107	115.6094896399653038
 747.000000	9.1777451065660784	33.5309539704801409
 748.000000	9.3416111802672770	156.0161540034644929
 749.000000	8.2313145578376208	88.8311191365971098
 750.000000	13.9882346106527056	73.6042792140769393
 751.000000	12.5731626329510711	61.6728450905538921
 752.000000	13.1111262565795403	140.3703598243754698
 753.000000	10.9582771726300656	163.4136199860645604
 754.000000	10.9621129016518708	44.0743631826416618
 755.000000	15.1579189514337305	149.4195876221802735
 756.000000	8.8973863692982942	165.7174795255758966
 757.000000	10.4284009786454135	33.3499737542029777
 758.000000	14.3867972309449730	23.1331635123513024
 759.000000	9.8004836694983339	150.1984945556981756
 760.000000	10.8173884089918761	38.8968298493319651
 761.000000	11.5844549377459973	156.1659024446487365
 762.000000	9.8684207856449930	31.5175479254930053
 763.000000	10.9590663857893880	18.1914632037738215
 764.000000	10.8797918262007496	18.1960844425299229
 765.000000	14.5974569081119370	163.9670476309902938
 766.000000	13.8164513943276095	65.1392821948429486
 767.000000	17.8653288269964037	147.8756457460251568
 768.000000	14.2085044614786273	73.0319217281453064
 769.000000	14.0576799320237331	144.1197128457109784
 770.000000	13.2642093933557330	45.7237310840739326
 771.000000	11.4884024687946980	72.4645831586530988
 772.000000	11.1533259697773843	62.0738402358233969
 773.000000	12.1804075044421705	46.8917151906674121
 774.000000	13.1996295266888080	29.8725077770404255
 775.000000	10.5184776626312182	18.8690757248694467
 776.000000	10.9392162866505718	64.7866837176526502
 777.000000	11.0774446752978886	170.6504919604920758
 778.000000	11.5977708288735855	69.6396880990176754
 779.000000	10.9411439016048853	47.7096789043901879
 780.000000	9.6333020591449561	39.8129488089742267
 781.000000	9.9271074972447746	152.2189030984117153
 782.000000	7.3074797223936612	61.9381306606947390
 783.000000	13.6818740813689974	160.3648236785035124
 784.000000	9.6586206643619033	44.5721806683422699
 785.000000	14.0937216219867629	162.9177066519315247
 786.000000	8.5218841777049086	39.0229547972799651
 787.000000	10.8982633787808485	51.4357477926204467
 788.000000	13.7078734873360855	65.5896058253532601
 789.000000	14.6857599097832061	73.3640032409544318
 790.000000	16.1801164059987634	68.0541935322894602
 791.000000	11.4235024784874888	160.5706813564917468
 792.000000	11.9897430867605301	48.0003311607595720
 793.000000	10.1998499021477613	150.9073307669800386
 794.000000	10.3754744790153683	41.4976484006414239
 795.000000	8.2899014038939196	148.5763375963628334
 796.000000	9.2639075386163796	66.6745061065680034
 797.000000	9.8199200060300527	46.1155882160584270
 798.000000	8.1835638101667456	149.7535731395729499
 799.000000	9.8984256638409693	152.1795948310523841
 800.000000	7.3865423149090992	154.4870417241250493
 801.000000	11.9584603617804834	44.1772364280618035
 802.000000	12.4334829624469254	30.3479334875065376
 803.000000	13.4493315953487986	48.3340000496835955
 804.000000	8.9709051359698044	41.8680850011312771
 805.000000	13.3911212302101390	171.6728067088129421
 806.000000	11.4360583874078987	109.7328140604856799
 807.000000	11.5454494616830630	151.1549285884435676
 808.000000	15.6082071297965754	168.1510628299710106
 809.000000	12.9652628366734390	159.4586574442561755
 810.000000	11.5154500256992485	45.6613682342175196
 811.000000	10.0833375733432646	42.9733773753090418
 812.000000	8.6025437617650855	67.8415976757088686
 813.000000	10.6679753797617671	27.6067230256853406
 814.000000	10.7369097053466032	147.2767820456330696
 815.000000	15.1567973071442434	25.4885600934282479
 816.000000	12.3857804212843128	150.1937210635604174
 817.000000	10.1637470030847386	19.3931137420854611
 818.000000	9.0993972550373776	122.4735832455985616
 819.000000	10.0832567660674073	74.8808550220876725
 820.000000	9.6516510881639892	114.8932896096771543
 821.000000	7.6725070977509553	127.6676307515120641
 822.000000	12.2940759561463597	144.6358011523562652
 823.000000	9.2694143763166252	118.3008147861242634
 824.000000	7.8752133214335771	133.1840930300392642
 825.000000	8.2867893614546837	91.2379145470434025
 826.000000	9.2289886905816232	112.1032619958453580
 827.000000	7.5571477115988985	148.4883459725180614
 828.000000	9.8107917198343486	37.4838574245047766
 829.000000	12.0108875205955705	146.1248733844109324
 830.000000	7.9901095520142205	122.0869408359480417
 831.000000	9.2225321451082749	92.6247453079265455
 832.000000	11.4063840816116837	121.0733283483167497
 833.000000	11.9583810939690878	51.0078735695176420
 834.000000	12.5151183094184795	108.7393470389380070
 835.000000	11.8623280973624521	115.7564633542436923
 836.000000	11.6930063146060590	68.8205014301598794
 837.000000	15.2804473110527432	122.7394321884675890
 838.000000	18.0717736938143538	73.7624751454851264
 839.000000	15.8577640779832159	131.7599083251479612
 840.000000	15.6925744342707443	104.2601140782318510
 841.000000	12.3535238492757440	116.9997956110192519
 842.000000	13.9698929018249487	132.4152117269617008
 843.000000	16.0152656627944872	137.1549617562494063
 844.000000	17.6043629549574590	97.6239712911334152
 845.000000	11.7251433999587764	60.7330689246228559
 846.000000	15.6151230732796513	70.7976894892015451
 847.000000	9.6138316551043452	31.5038830085379118
 848.000000	16.7808914077721738	109.9878670825673908
 849.000000	19.0688723702080800	90.5633237807926150
 850.000000	14.0302426118635228	146.8320615004055298
 851.000000	14.7760522596357511	166.2219913166439369
 852.000000	7.6831519034190281	158.2121266543910849
 853.000000	10.7612005932374917	53.7708864538625875
 854.000000	13.7118174350004569	112.2599393843452162
 855.000000	16.4766243544817996	76.7840300349348723
 856.000000	14.0293578075440859	104.2463116556332352
 857.000000	13.5871847587189887	29.8981474179796578
 858.000000	18.4698948481947447	147.0209483262094352
 859.000000	15.3426173477625305	171.0994297471212917
 860.000000	13.6357410946920634	87.6149939958375796
 861.000000	16.6747386320912305	141.6178577519363273
 862.000000	15.5600734268756966	141.6861024817570467
 863.000000	15.3352419828525228	135.2020226035221242
 864.000000	14.1699734238288411	103.9534574671138216
 865.000000	18.5897556358402802	108.6592265099568664
 866.000000	16.4809099039651059	130.3848036180935139
 867.000000	9.8456726461641644	108.3764737084575813
 868.000000	10.2058454091434339	75.5505453776994500
 869.000000	8.9451370214575245	148.4038807100966721
 870.000000	11.6375432968961032	82.8212707179621077
 871.000000	11.6992712358455559	84.3707382314120480
 872.000000	10.0082299377659716	133.2166197736816571
 873.000000	10.3762367870951646	83.2535514530426894
 874.000000	8.7123036642969272	70.6207609755253145
 875.000000	9.8089988703900577	140.6447262991925413
 876.000000	10.2986250201611895	116.1067227474214860
 877.000000	7.5704008186427050	118.5299210997555122
 878.000000	9.0554991389634480	115.5518845518899127
 879.000000	7.9769995327077465	117.4150544838710744
 880.000000	12.9728048359803179	149.9426151082510046
 881.000000	10.7995953490961742	134.7296684453931448
 882.000000	9.7623118906003157	47.6003871781309158
 883.000000	9.1210788285921716	51.8699300267333854
 884.000000	9.8127303879608068	38.7599902109140544
 885.000000	6.6434627074780161	153.2943728304730655
 886.000000	7.7672119481024575	151.4969468763877671
 887.000000	6.8844596099948649	131.6872677994642800
 888.000000	7.3076479545216815	162.3641000930292648
 889.000000	7.4628370647183040	112.3603448137079823
 890.000000	11.4322054947698817	50.3988718545805625
 891.000000	11.1699288088066169	123.1397468710643182
 892.000000	11.0024254182195715	16.9077186436371107
 893.000000	6.5199903976527054	153.6004852628967114
 894.000000	9.4800582064063601	96.3455992146746496
 895.000000	8.2379775425533914	17.5712361397039558
 896.000000	11.9627000379616355	29.4236688645960669
 897.000000	10.2232099694484901	25.4046194571677688
 898.000000	8.9267884578951637	67.0778374422602752
 899.000000	8.2412963896887454	89.6989203450461048
 900.000000	8.5708789070980078	66.2023283925674519
 901.000000	12.3841872274236611	170.8948438310390259
 902.000000	13.7169748509231813	159.1720619824511118
 903.000000	12.2292094577991133	154.0913396031626235
 904.000000	8.8050768450165702	28.0525915886381085
 905.000000	9.7502463987247001	148.7139399135221254
 906.000000	10.5428283964373737	41.9553894942834233
 907.000000	8.9474188312589344	106.4081331602075693
 908.000000	6.9173811779118974	87.3401417641392328
 909.000000	9.7163478876832805	100.5153760961060954
 910.000000	7.0789457494768389	112.1223619890588878
 911.000000	8.3524352271682414	28.4007237531579051
 912.000000	10.6295652294914085	104.2158232849915009
 913.000000	9.2790225964138919	99.7793451331770029
 914.000000	7.8932286039095017	70.2803626580691656
 915.000000	9.4905180947753482	116.6519654416157721
 916.000000	7.2438850382052937	141.0756125833167403
 917.000000	9.5409953416613824	109.0719973694457536
 918.000000	11.1818106361636342	163.9859039634192186
 919.000000	12.1053656662078755	72.7357893287167343
 920.000000	13.2287305977960550	123.0887153575160653
 921.000000	8.1623082464227075	110.0531048261234162
 922.000000	7.1891625906354433	133.8776056641032710
 923.000000	11.3082774164413795	54.8625672711914945
 924.000000	6.5161369764148462	35.6022407532609293
 925.000000	8.1387869185270301	109.9617738364808588
 926.000000	7.3457330309478497	99.7390007196593018
 927.000000	7.9621906470353201	149.1800755217127801
 928.000000	8.9018358056893767	149.4016346363879961
 929.000000	8.5602634460110725	129.2686649172455020
 930.000000	9.7042233004092129	135.2879726227928074
 931.000000	11.2717610002690325	65.7346245294485243
 932.000000	12.4726044247159837	153.1575878522350251
 933.000000	11.3288100232910747	167.3148870390599825
 934.000000	10.9632274149993041	133.8804568083087361
 935.000000	6.9763458726279177	118.4120242448090607
 936.000000	6.6230357992429250	25.6126692737106509
 937.000000	6.6586737851233302	27.5795010755437602
 938.000000	7.5399152735828530	30.1752228219745291
 939.000000	5.5726040415287601	130.3878633550008885
 940.000000	8.6180266247262942	28.4460418400228718
 941.000000	9.7592664795078399	113.3927979412689666
 942.000000	6.4417944783960612	145.1642364902695874
 943.000000	8.5671219963644525	156.4867109591781400
 944.000000	9.9810596688404019	151.3622166856043521
 945.000000	5.2871699671452683	55.4237229149526343
 946.000000	6.1734655194388397	10.7091542469650562
 947.000000	6.9859662119764199	13.9677990458633019
 948.000000	6.4567241004526155	52.3423757661068265
 949.000000	7.0750390619366215	65.0031907136551155
 950.000000	11.6256005655921744	75.4370565974797813
 951.000000	9.0955307537248373	176.1246908311808852
 952.000000	8.8150914789137289	34.1631774728341782
 953.000000	9.0827374136969468	32.0222560497199140
 954.000000	18.3396272942794880	87.7102840623015254
 955.000000	13.5335080830744179	140.2659648634911491
 956.000000	10.9208042148288911	52.1174288045578749
 957.000000	8.7441992391936445	109.7278318720087640
 958.000000	12.5109615252294137	150.4214515555216565
 959.000000	8.6671773757324146	166.8313448774345602
 960.000000	11.3984889828711129	172.7463575141273395
 961.000000	10.8967249050205943	163.2939504872826717
 962.000000	11.6960087697221233	47.8429377593220408
 963.000000	9.0604330201013070	163.0040836539586451
 964.000000	9.1418301148722794	170.7794166747761153
 965.000000	12.1994118283134405	150.4734019773526938
 966.000000	11.9134481388306313	125.6992513116942405
 967.000000	8.5616364572024803	42.4452684557920179
 968.000000	8.1922327375177488	45.5841883541485231
 969.000000	12.8213319037217008	26.9941741044910941
 970.000000	12.7469255813055629	154.9585538056852840
 971.000000	11.7293791160110654	108.2803051872159870
 972.000000	12.3746211293266644	148.9105073478770862
 973.000000	13.5890622294022041	64.4398245153600300
 974.000000	12.8374539688771421	86.5701073405062402
 975.000000	10.5470619285784686	163.3705998468642235
 976.000000	11.0770141622017917	61.8785286567730708
 977.000000	11.7354775489165846	55.3981255446714442
 978.000000	8.4601622980677078	102.4983763701957855
 979.000000	9.4371283449594952	115.8974760651660745
 980.000000	9.0473725503465445	145.2431638390112880
 981.000000	10.2579725176075343	107.3648766865776309
 982.000000	8.5271614172445602	98.6187102268050637
 983.000000	10.4806475217537240	108.0846087464891809
 984.000000	9.2303493961931231	141.8238577505899229
 985.000000	9.1924777318410040	135.1130367279395728
 986.000000	8.4044123826817643	87.4176782368740106
 987.000000	9.0246406582388872	137.3098361155452380
 988.000000	9.2167089274048273	111.8838527109155478
 989.000000	8.3272362725834590	48.1426316042014548
 990.000000	7.9862498962986184	52.6574488404985885
 991.000000	8.6794725838181588	91.6286780773509975
 992.000000	8.4582842207413442	84.4332186163096026
 993.000000	12.8000725912365709	76.5121035825227267
 994.000000	12.7625135929806230	74.1323449415455542
 995.000000	11.3999133145221663	66.4896017539907689
 996.000000	12.1004911638778641	32.8883926332078431
 997.000000	11.7634776663335803	68.6332385714407138
 998.000000	13.0343605393857498	58.5124108176321016
 999.000000	13.1617414224263403	121.6261566361068844
 1000.000000	12.7122734506507129	50.7715892690173121
 1001.000000	12.0004571091002941	45.5895838053986324
 1002.000000	14.1920726118801728	45.3219365377968302
 1003.000000	13.7837979959560180	149.8548886379531950
 1004.000000	13.9568427955969074	31.0941387937794786
 1005.000000	13.6084880057359818	62.1479953753898400
 1006.000000	10.8240063751616784	42.9856707554342279
 1007.000000	15.2171551697461229	160.1092798021915371
 1008.000000	13.3276184069181181	70.1859749439861247
 1009.000000	16.2749622573015209	154.2609826813333882
 1010.000000	17.1227708181079379	155.4111841296231091
 1011.000000	16.1617006209948997	73.6424077575126574
 1012.000000	16.1645375178157309	74.7367697560513591
 1013.000000	16.6324844743514824	71.1486434455794381
 1014.000000	15.4476311927079344	80.9938294694369176
 1015.000000	12.6767549545009270	60.3165858515312721
 1016.000000	12.0068881336884576	60.0352307352957979
 1017.000000	11.0528150486933843	37.2527684376986201
 1018.000000	9.1304314079290076	34.6079073513693629
 1019.000000	9.8222871927939543	176.1856216145132805
 1020.000000	8.2845312931968440	176.1470643408374315
 1021.000000	9.6462444190869405	36.3586572503830041
 1022.000000	11.3667778948941205	49.7623766095386486
 1023.000000	12.0028196238407361	174.0888646170238303
 1024.000000	12.5669402924632134	38.2075873095657812
 1025.000000	12.5730796354969812	40.9481369670361914
 1026.000000	15.7429965387586570	142.0854507428678630
 1027.000000	11.7172704165812789	123.7868952932245890
 1028.000000	15.9237641759018640	108.6992452823704980
 1029.000000	16.3639832419748323	108.4011619304725116
 1030.000000	15.8748731315071421	83.4477448980553049
 1031.000000	11.9284249480676117	66.4741784657848029
 1032.000000	12.4206051874780350	165.4590285266257297
 1033.000000	11.6366913284731428	63.5158275271495114
 1034.000000	10.8937427399459263	52.2393190079509111
 1035.000000	9.1845799973982594	172.9211321836345974
 1036.000000	11.6846697856542683	67.2753998885331299
 1037.000000	9.2011925619053976	151.8512343111307814
 1038.000000	7.3864761168899369	93.9070355578551670
 1039.000000	8.5974217243784761	120.2939825462417645
 1040.000000	7.6073343339055723	100.6647365787985535
 1041.000000	11.5056037541124301	134.2666351437184176
 1042.000000	12.1711298087446735	50.8782927742587106
 1043.000000	15.3398932856782118	55.3198938244801326
 1044.000000	12.8455067858319296	41.5160253220515187
 1045.000000	15.0365392744369224	122.0093021349472622
 1046.000000	15.2730581331669164	89.8873372203253780
 1047.000000	9.3128065229458947	163.2737557651432780
 1048.000000	12.9261288479253196	64.6944485072924209
 1049.000000	13.8758214920903740	141.2807828020585248
 1050.000000	12.5062984977409748	152.4047558608366444
 1051.000000	11.7795659405537521	162.1681595872115338
 1052.000000	12.2567488870566237	79.7523506444602788
 1053.000000	10.1083621315719778	159.1636512236889587
 1054.000000	10.2518282497991553	59.7752903704735843
 1055.000000	8.4235243597565841	101.7328329387819252
 1056.000000	7.5802298734541989	59.8702906343200283
 1057.000000	7.2450138078858854	136.2935228946088273
 1058.000000	5.7505212355312683	116.7334299580218158
 1059.000000	8.1394010380679092	165.0872023127213595
 1060.000000	7.5874770521418089	102.3489268504560812
 1061.000000	7.9958237735845534	119.2195599776455310
 1062.000000	6.5617309223713889	66.1927607247933310
 1063.000000	8.4925656140416610	100.7685205334333887
 1064.000000	9.3956944313476729	138.1151070667118006
 1065.000000	9.9038362918423317	112.0036801862809170
 1066.000000	4.6159099910339085	46.7361918130382321
 1067.000000	12.3838670577167154	134.2066952680798408
 1068.000000	11.7439220212363171	49.0422553394381282
 1069.000000	13.6351943920263778	112.8638235935731728
 1070.000000	13.5053213134253145	54.0524304881550535
 1071.000000	13.2805208241443928	104.5927071399819255
 1072.000000	13.3424297045605673	67.4254676313268959
 1073.000000	11.4918238769181489	170.5208595484431555
 1074.000000	11.6614339337472810	143.7801246502668562
 1075.000000	12.3986242737902224	59.9956321258741099
 1076.000000	8.0826371039867020	86.7844604562479560
 1077.000000	8.4796840698480054	80.9092478681220939
 1078.000000	8.3230132184305141	124.9773725632579158
 1079.000000	9.4307456478063312	98.9251186757980747
 1080.000000	9.5204435111641423	81.6869140690643718
 1081.000000	16.3943522950697229	64.8312255026355473
 1082.000000	14.1045073052730618	69.2353651999826525
 1083.000000	13.2991696202035765	151.3281043643692385
 1084.000000	15.9130322913357674	100.8706272931610641
 1085.000000	14.6246598655648725	85.8399924152401042
 1086.000000	18.2331320542101984	66.8201691300372715
 1087.000000	8.3818331851816801	74.5145964584988860
 1088.000000	12.5970425528389427	65.1566735571464051
 1089.000000	15.3704327108424668	55.7002707865963345
 1090.000000	13.0434900084305205	147.8840105478542455
 1091.000000	17.3268733186808213	106.1977305664590858
 1092.000000	13.8789979964277457	80.3753387373616590
 1093.000000	11.2157829400818656	114.5559716383773008
 1094.000000	13.4398378045545197	135.2511061852739545
 1095.000000	15.3644947332082218	140.9147999045453616
 1096.000000	15.3509861251729589	86.0564253672860104
 1097.000000	15.3952370509911951	143.3835694890837829
 1098.000000	9.1709227633002026	100.6566639329871578
 1099.000000	11.0357606722917030	134.4784870448666823
 1100.000000	14.2314959072201557	112.9402743577817603
 1101.000000	11.9331615769941610	125.4062959893886955
 1102.000000	9.6642949904713724	112.1642872431758491
 1103.000000	14.0311692849998177	121.7381987379417723
 1104.000000	10.5479341152088875	112.7141822566117213
 1105.000000	10.4043361361184310	153.3014686612189337
 1106.000000	11.1268253975828468	118.2646731136965172
 1107.000000	10.4210339026742869	145.3638916083254173
 1108.000000	9.0682363675015569	143.1882651599048017
 1109.000000	10.0216837794099529	146.2572465574189380
 1110.000000	10.7867380468962946	142.7539178336482451
 1111.000000	11.8063548282585398	126.2825428224187476
 1112.000000	13.3404077854808492	113.4327930983781130
 1113.000000	11.0860133483508818	137.6313625177039910
 1114.000000	10.3852516421695000	110.7604819270486303
 1115.000000	10.9152905108412792	150.2073049966581095
 1116.000000	10.6652916387358729	110.9576688206220183
 1117.000000	9.2952409270517986	74.6232198580781017
 1118.000000	11.7433747844646472	94.9360770475341411
 1119.000000	9.1083980428167273	56.7522087745332726
 1120.000000	10.4152732473016982	64.4390362506517675
 1121.000000	10.6939098519845750	121.0783725799174704
 1122.000000	15.9619359872642494	131.3444657509212163
 1123.000000	12.6010526470775428	107.2933421833213288
 1124.000000	11.3698213955301792	114.7237444578694863
 1125.000000	11.1263710309543828	121.9411121486460416
 1126.000000	13.0300711219810257	127.8069644391473503
 1127.000000	9.7347301291455643	102.0085019924615324
 1128.000000	10.4206381616493076	136.1566992684503532
 1129.000000	10.2439849291052951	124.3429306926549174
 1130.000000	10.5549927906857945	68.5019584284060556
 1131.000000	10.3791315656321910	83.3467832803617910
 1132.000000	10.4146226076329143	133.0324092203791508
 1133.000000	10.8114050958500094	64.7613594406540614
 1134.000000	10.3065848885836981	147.4748737089096835
 1135.000000	10.4837526213422159	86.2773465790875633
 1136.000000	11.2218514996727166	105.6990847588343740
 1137.000000	10.0931334228507126	135.9857672284031196
 1138.000000	11.4049442732867004	141.9729693640628057
 1139.000000	11.7726190196934741	117.1183118381378563
 1140.000000	11.7832165059935630	125.4282117836036434
 1141.000000	8.6508124207579034	109.1310083167418981
 1142.000000	9.5335968749045108	153.4205700380363737
 1143.000000	8.9986274160222539	155.3417934238115095
 1144.000000	11.9542317780524829	127.5839535605486361
 1145.000000	11.1215830393613988	126.2328827893762195
 1146.000000	11.6353498254062160	116.7982583783643236
 1147.000000	11.1088369349566243	126.0978178329492039
 1148.000000	10.1391078846498086	137.7728059577492559
 1149.000000	9.5794239108672521	138.5437648493819154
 1150.000000	13.7780540020979334	106.0121586578764123
 1151.000000	12.4438865630013371	68.0634803245792170
 1152.000000	11.5556062067754279	107.5008160936852306
 1153.000000	9.3232588300230859	69.6869206725556865
 1154.000000	9.0744860560835860	79.2119667189273429
 1155.000000	10.6616053046821957	111.3786292391707349
 1156.000000	10.4867908444859719	97.0992903185039467
 1157.000000	11.0543520118914280	110.6400155411080277
 1158.000000	11.8990065544883432	115.9182766656927015
 1159.000000	9.4267113163918577	100.5050318969201726
 1160.000000	10.4572595941682422	150.3614842475421653
 1161.000000	12.5425191443965378	94.4104705796595027
 1162.000000	9.7424752596571143	78.9151487591398393
 1163.000000	10.0500970975108537	70.3858268531257067
 1164.000000	12.2597702896308256	125.5628609896068042
 1165.000000	9.6635440700051944	76.2689534668579370
 1166.000000	7.4826084734116991	153.6413042759175767
 1167.000000	9.6890153159001020	43.0325581547714364
 1168.000000	11.8080351884165609	44.8925161664114114
 1169.000000	12.8035725537172222	146.9991807534913164
 1170.000000	8.9272188706711137	137.5914300850992902
 1171.000000	8.5949955811557928	47.6725321170067957
 1172.000000	8.6871301072998151	100.3300691472449415
 1173.000000	13.4328979561684392	60.8150572943158920
 1174.000000	11.7245397458800475	75.5233050566776996
 1175.000000	11.3750991260021781	81.7213832670670115
 1176.000000	13.2778938844393899	157.4473766031068180
 1177.000000	9.4782634487382005	81.9215593433818725
 1178.000000	13.0574373575675899	110.7531487902553664
 1179.000000	13.3625825374565004	95.7503089482556788
 1180.000000	10.2310766500643719	68.4275836186677822
 1181.000000	9.7134241812326927	161.2198471217953397
 1182.000000	12.1011664475464524	121.6714620993649731
 1183.000000	12.7200006074371839	72.0643289670318552
 1184.000000	7.9497128752025654	8.9888551272548511
 1185.000000	5.9878478588428434	159.6659231996044070
 1186.000000	8.9961306491651456	165.5682540570662127
 1187.000000	6.3258271413292411	17.2182614312361864
 1188.000000	7.7125201989240013	16.7855989600817566
 1189.000000	8.1635284951332103	39.3364693729565147
 1190.000000	8.0581029281183199	26.5631334114935953
 1191.000000	8.4779862206403180	53.3717305586908708
 1192.000000	9.8433601751909929	154.7610440751941780
 1193.000000	10.8544339016641587	161.1414653524591927
 1194.000000	6.4414267010098500	145.3814956795495732
 1195.000000	8.0320004932815028	139.9639028319272427
 1196.000000	7.2095510037695263	173.9106207804809969
 1197.000000	7.5190431779548392	52.0049807280066148
 1198.000000	14.2699050371194183	126.4506124092528125
 1199.000000	7.6907372745064668	122.2213262727670440
 1200.000000	15.4530472946599566	79.9330050643985572
 1201.000000	18.5988475436215914	123.1029772798225963
 1202.000000	21.9793144845097252	106.2599639151331843
 1203.000000	20.3411288026176429	130.8706105900857608
 1204.000000	14.0668637794441089	54.8582230866765457
 1205.000000	18.5651152219457849	112.5271819023632105
 1206.000000	14.6293963396159121	87.1702864057897813
 1207.000000	14.7458945223185651	159.3683783208607849
 1208.000000	6.7522704399527003	59.2688680153245997
 1209.000000	7.8554673275542246	124.0079440861103706
 1210.000000	9.8795170420836254	167.0441979546642131
 1211.000000	7.8524802422727467	65.4398569637082090
 1212.000000	6.9969311695080973	104.1367977560313705
 1213.000000	8.3727789218397533	81.1373901678361449
 1214.000000	8.6671577944063589	72.0962293374713710
 1215.000000	7.4267895671086084	68.6168027308317363
 1216.000000	7.8756377233098140	67.8072541042378134
 1217.000000	7.2253686883868928	64.3960146334164989
 1218.000000	10.4526455344605278	47.4557572425803471
 1219.000000	7.3882029858306666	71.1084300104918157
 1220.000000	6.4837820235272696	124.7503454327879382
 1221.000000	7.2487554889659496	88.9455141129375448
 1222.000000	6.5511529625009892	147.9709301344254015
 1223.000000	8.7252626698936790	139.6665053891782122
 1224.000000	8.1458271002105231	123.8572574763278737
 1225.000000	11.5230679811322609	149.1577370694253375
 1226.000000	12.2126981233057741	116.6534141557948203
 1227.000000	9.2219812839406288	141.1414319737308176
 1228.000000	13.7174214160845658	135.1959288015095808
 1229.000000	9.0478163492725461	140.8773160113931624
 1230.000000	11.0179365881242290	80.6862521528763494
 1231.000000	10.4291709449392602	80.8700444110150016
 1232.000000	14.0706158076672896	93.3669014075285446
 1233.000000	12.3470907601371831	99.5497212235503639
 1234.000000	11.2124135249651840	99.1720639795764640
 1235.000000	10.8952361166238614	78.0370371285444691
 1236.000000	10.0177979547288718	102.7737548117472812
 1237.000000	12.5925738363213942	86.9410597349175163
 1238.000000	12.3717185425089085	119.5365694545723159
 1239.000000	11.8457676630272299	79.4599431451366627
 1240.000000	11.3267917919340348	92.3271705375244522
 1241.000000	10.1824063914725400	80.8466537391013276
 1242.000000	10.7249904768058268	95.1982214614833140
 1243.000000	12.4485656471002262	95.2434055317047523
 1244.000000	11.3896775378762225	118.0626922870289945
 1245.000000	11.7139470906779941	81.4810827567516753
 1246.000000	11.5116892604259657	106.5192684343359986
 1247.000000	13.9961681177275548	75.3644095829162382
 1248.000000	12.0901573589426103	74.9582985355182956
 1249.000000	10.0264202266333431	44.8053562681372171
 1250.000000	11.2158083189368778	92.9973295659927714
 1251.000000	9.4222819514803149	161.1357427861541680
 1252.000000	7.4612463590480118	84.8661086797067412
 1253.000000	9.4620276159429846	74.4071581576373546
 1254.000000	12.2064549164000802	88.7836111808379655
 1255.000000	10.9146177630649621	133.3323702957544583
 1256.000000	13.8048943803330175	90.0745356265425130
 1257.000000	11.2849174158776737	138.9043935400989085
 1258.000000	10.1203028941596749	111.7080291592816792
 1259.000000	6.9156896669970997	129.7527615404806625
 1260.000000	7.6906039240850221	75.7070247944293442
 1261.000000	8.6598110562564070	101.3478453844020066
 1262.000000	9.2876022004547849	98.4779622804028492
 1263.000000	12.6422423500788881	116.3068807836661733
 1264.000000	13.1939312256917169	59.7873315569168255
 1265.000000	13.4275932050237561	70.5453994406797307
 1266.000000	11.6518294247914813	65.6579955658678074
 1267.000000	9.9990554319533675	173.3299573794711534
 1268.000000	9.3266915752849240	105.2066469142123708
 1269.000000	9.3602962149002913	127.7101182916172206
 1270.000000	14.0224012291694962	83.9666917373268404
 1271.000000	8.0703841131280392	76.4174461924250039
 1272.000000	8.4378057573150933	74.3668908702490370
 1273.000000	8.0194609905225871	63.6693655666770297
 1274.000000	9.2963344828251095	119.4906043465242078
 1275.000000	7.8659005735377452	94.0783398224707668
 1276.000000	9.7412691390712070	115.6387067270998159
 1277.000000	7.7389374270456193	122.0085441760625287
 1278.000000	10.4931512246163550	69.1943793453567935
 1279.000000	10.3648914528528344	105.7713382749047781
 1280.000000	10.1967029617010159	96.6294310057344461
 1281.000000	11.4306505465430153	28.9001808994726161
 1282.000000	12.8058103779342005	164.1065781488732114
 1283.000000	15.1972891929514429	92.7497259522914277
 1284.000000	10.9641889232588206	106.0266108397211298
 1285.000000	9.3897453552843402	85.2608968397802585
 1286.000000	7.5353650788902851	132.7016129710800953
 1287.000000	8.1845672460412295	100.6154437886659281
 1288.000000	7.1223472183499084	74.7027097121245731
 1289.000000	7.9124610540142370	77.5953695861764459
 1290.000000	7.8477678049215935	56.3360271393592029
 1291.000000	8.1251196444890184	59.8154165618040849
 1292.000000	9.5019045414608279	94.8943322239545211
 1293.000000	9.5785039748204017	111.7588556830241657
 1294.000000	8.2457107893507864	117.0210907752664724
 1295.000000	8.6428693735928430	104.3998295610193736
 1296.000000	8.6825052172222872	136.0433101831735883
 1297.000000	7.8297817913218735	132.8243448498772636
 1298.000000	9.4695210208688447	130.8590992689839254
 1299.000000	9.7443710791247025	108.3998651455895725
 1300.000000	8.3537496084663783	70.3523430955382878
 1301.000000	9.1259882711887261	62.3740254394567870
 1302.000000	9.7853221361220228	114.9920028151908440
 1303.000000	8.5555084622932949	165.5727946552957235
 1304.000000	7.4291903605232124	104.6445145348440633
 1305.000000	10.9663089559182421	175.0542645541802358
 1306.000000	10.9285037042399491	86.1636780205750341
 1307.000000	15.0580886734601229	113.4113189132008301
 1308.000000	7.2372496190070139	43.1655319778179489
 1309.000000	10.1950012760080249	58.6456670716547706
 1310.000000	9.7889440319568468	154.6566142286727086
 1311.000000	8.1955082275332582	153.8226420223450930
 1312.000000	9.1511591168038411	101.7078370922014585
 1313.000000	9.0443096197878621	105.3564800414018663
 1314.000000	8.8825539623606868	89.7671694058532239
 1315.000000	7.8034186993236592	112.6081980661694644
 1316.000000	7.8837536477078185	100.4046236140706014
 1317.000000	9.9197880961429217	123.6135166693522791
 1318.000000	12.4208002960555621	85.5416822820181864
 1319.000000	7.4164586777140373	77.4699105903113292
 1320.000000	12.5519725395249040	148.2365933990054145
 1321.000000	11.3114713669089078	115.1362061849233100
 1322.000000	12.9521160814223286	97.8474297747611956
 1323.000000	11.9433671266017942	117.1955958953931827
 1324.000000	7.5301230711686840	105.6545285683457536
 1325.000000	7.1375097151776004	114.5435656022773543
 1326.000000	8.7433938497903263	21.2394056823347057
 1327.000000	7.5712870335337970	55.0006232275341489
 1328.000000	11.5417225684840297	37.0641216670668712
 1329.000000	11.4196637563254182	146.3437318333611756
 1330.000000	13.7337977380821137	125.8903383303614021
 1331.000000	10.8113022207546106	142.6923989923730005
 1332.000000	10.7749453283471457	90.8513964213723142
 1333.000000	7.1077752446952207	140.3932952390395030
 1334.000000	8.9147681902252032	80.5129496617753233
 1335.000000	8.1938842949294042	14.4519383662388634
 1336.000000	7.1261172983212413	4.3394249711006978
 1337.000000	11.5859002015605856	121.5546298800964280
 1338.000000	14.1521129942762389	148.0501017166891131
 1339.000000	9.6152741853613790	77.6382543700611336
 1340.000000	10.9947278753619528	109.7946787898144834
 1341.000000	12.7200106168413871	177.0484150278155937
 1342.000000	6.4241975945298631	139.5557724077915509
 1343.000000	7.4608611049617570	57.4321983772590556
 1344.000000	5.7055091957481769	162.7616418085462158
 1345.000000	8.8146777245084209	132.7242206254446728
 1346.000000	9.5684415598777637	129.5336638791697510
 1347.000000	10.3347973091359293	53.4308713875756922
 1348.000000	8.1446565524820613	45.9579354424460007
 1349.000000	11.0288515680585153	65.5610697816284897
 1350.000000	10.8642348071958779	76.1015397402971274
 1351.000000	10.3122278881408675	76.3678158018244773
 1352.000000	10.7831679906557572	110.8663725239523501
 1353.000000	7.8357042144051636	76.4551886616776528
 1354.000000	8.3747572960306957	76.8087249763699447
 1355.000000	8.2340087253363041	19.2418062064614048
 1356.000000	9.1147211395451588	73.7793326143673056
 1357.000000	8.8756801544753205	78.2499691632193901
 1358.000000	10.0273022927581792	101.0921300543510171
 1359.000000	10.7958849934208700	61.2549815765998886
 1360.000000	10.4251040305888569	95.8343429121091788
 1361.000000	10.9012009325666739	78.8663517476791185
 1362.000000	9.2474219150110670	57.3793120647532930
 1363.000000	9.0838605440655247	70.9021681417231662
 1364.000000	8.4020102100047893	56.4370671129570525
 1365.000000	9.1529799148127449	53.0620950118299248
 1366.000000	8.9918397514532025	76.3649576438237290
 1367.000000	8.5851127611897482	45.2622512985973628
 1368.000000	7.1896275516155992	53.0932297360248526
 1369.000000	9.6780807452915862	31.0526089962237108
 1370.000000	8.1299326626591579	70.2918382927911978
 1371.000000	10.5711770414773767	52.2811621407260816
 1372.000000	10.4729091959532088	57.4058890196178879
 1373.000000	9.9824481643153309	53.4586357484998871
 1374.000000	8.3236440981803650	44.9845157612048752
 1375.000000	8.1344520723094575	61.6218433084761870
 1376.000000	9.4116100629175676	103.2688016664872777
 1377.000000	9.1215183894743017	89.4100456330575071
 1378.000000	8.4901508558982037	160.0696786834700731
 1379.000000	10.2968200310616425	128.3852787711721533
 1380.000000	8.8913649983792311	48.0364634641025532
 1381.000000	11.4767589807402324	57.1426847904802315
 1382.000000	7.7519079645944977	70.7477445164784200
 1383.000000	11.0504496675108168	84.5073959674896429
 1384.000000	8.0750329615366496	86.8934623427743986
 1385.000000	10.5114737182263411	55.2743706155976611
 1386.000000	11.1659462006086176	65.4360092209478381
 1387.000000	10.6458884489809531	90.6173201344964667
 1388.000000	8.5765481844041052	51.7241263085307992
 1389.000000	9.1788148553986719	57.8397935051469005
 1390.000000	8.8518986565946314	87.1112551830768069
 1391.000000	9.6741854159481786	46.6638425430261066
 1392.000000	8.4403006343855651	69.4930279434384914
 1393.000000	9.5463778137698831	58.8171149326919078
 1394.000000	8.7150366761500653	84.1394266644607569
 1395.000000	8.1927828974908259	51.3050148377725463
 1396.000000	11.0745893829243229	64.6462064938021399
 1397.000000	8.5108162073977311	62.0564185209364325
 1398.000000	10.9263975299076890	80.1118042902114809
 1399.000000	10.2967545168906103	152.0421008353395678
 1400.000000	8.2743695649150411	153.2020116283494247
 1401.000000	11.0037227310781365	117.4485796189779876
 1402.000000	8.9834073708868747	93.3090817385715070
 1403.000000	9.9024721991839737	54.8235321757473457
 1404.000000	11.5316422576412876	50.7052880684313436
 1405.000000	9.1350218887235286	57.2651184577347294
 1406.000000	10.5235049885733289	68.7895190994393460
 1407.000000	9.4614455338493766	67.9847590477085646
 1408.000000	11.3629065121575135	114.5910321439968840
 1409.000000	8.5403105533553472	66.7456517706571049
 1410.000000	9.2451255355951574	89.2632914232314505
 1411.000000	8.0895057528857102	99.9957865019696897
 1412.000000	12.8536386552593154	36.9359402745397745
 1413.000000	11.1134287003833183	60.8733065689944937
 1414.000000	10.7868468244162763	88.2109852507001762
 1415.000000	11.1995948206019484	74.2459541371014353
 1416.000000	10.7703074794425167	89.7698428239492046
 1417.000000	10.1072756655487019	98.0772955565571607
 1418.000000	6.8111918704833485	72.6690880445208478
 1419.000000	8.7046751018834723	40.0790674037067163
 1420.000000	12.2121964010635438	144.2422001526228996
 1421.000000	10.1673264358568218	141.5183192741802145
 1422.000000	12.6527826462275552	97.2000422045271080
 1423.000000	9.6689877577679457	124.1435635383236047
 1424.000000	9.8982121560309722	100.1339386260437436
 1425.000000	10.0997371812392700	146.2556119816875650
 1426.000000	10.3986503852624548	64.6966904292253133
 1427.000000	10.5611516447178353	52.8978621654333807
 1428.000000	9.8399776915265385	121.4343168111501399
 1429.000000	8.5091174482500875	89.4856812168612947
 1430.000000	10.9322509845519260	80.4477722290331769
 1431.000000	9.1421250785527715	163.4850910688562067
 1432.000000	8.8642561397301982	107.9184314296228564
 1433.000000	8.0829360295415675	42.0088486856751331
 1434.000000	9.4322647433181306	52.1026053736116239
 1435.000000	10.8626645728249969	56.8390213056517553
 1436.000000	10.6367404049526275	53.1793858608786394
 1437.000000	8.6360286189264475	48.6814013195671578
 1438.000000	7.9710804388568786	27.6469160062121375
 1439.000000	7.4669502828104140	80.7497910780110431
 1440.000000	14.0381047683516957	164.2709699772690044
 1441.000000	13.2002389185367228	151.4836423511210057
 1442.000000	9.6497953395532363	32.3859582670002055
 1443.000000	7.8693261177072005	141.3281354708727235
 1444.000000	11.4301543968838253	164.9960563645767877
 1445.000000	7.8244989863869252	47.5416086102949009
 1446.000000	8.6001181619327642	47.4293217563179326
 1447.000000	8.2642119667834546	29.2268127916096034
 1448.000000	9.9158641973999000	31.8910254695139486
 1449.000000	11.4773908614153655	45.1603091493327042
 1450.000000	9.2174119426830021	35.1859487464579672
 1451.000000	8.3170482319163774	60.2716426058631640
 1452.000000	9.1915866928828311	62.8123449106690828
 1453.000000	10.2692648995414864	50.7078011257403034
 1454.000000	9.1105260480667454	29.4530155466827068
 1455.000000	7.8206890400622253	55.3662180289572206
 1456.000000	6.4170003456041895	154.6719345319956744
 1457.000000	9.4740013633002498	20.9731322091728316
 1458.000000	6.0263474902214336	50.7333444520486694
 1459.000000	10.7246352277955772	60.6206230887943889
 1460.000000	12.2944313053514058	162.4492618976694587
 1461.000000	11.0919644638180941	164.2962812352327262
 1462.000000	8.5616928129646119	162.0520090482390287
 1463.000000	11.1535381863221055	142.4724968876767832
 1464.000000	10.2700448522758876	176.5480341380452387
 1465.000000	12.9434158796888035	67.7160095798238189
 1466.000000	11.5794296623344746	38.8592731141853562
 1467.000000	9.3021557110425679	56.3331113935680605
 1468.000000	10.2222969871523190	56.0106500115310126
 1469.000000	7.4112524396725581	50.4297980384233711
 1470.000000	10.0536824154371072	43.8182356998162277
 1471.000000	11.7113257216102777	154.0626952731699930
 1472.000000	12.5020575962403058	51.9850629939888336
 1473.000000	8.1980310257684881	124.1391727598519878
 1474.000000	12.3062300450733346	135.9608524589785361
 1475.000000	10.5609855912015576	119.6154720274901706
 1476.000000	7.5091675346695101	139.4952819167958751
 1477.000000	9.0153599428982183	116.0354684890305350
 1478.000000	12.4054502196357674	140.3844601089092237
 1479.000000	8.3166935977082623	108.4580556698011264
 1480.000000	14.1740191668847704	163.7882663545096307
 1481.000000	11.8264910419513658	132.9750272052127116
 1482.000000	12.8746433107847054	128.9865507750955089
 1483.000000	12.0605892870521725	111.2480858402146424
 1484.000000	18.1826671223211314	51.4229237236824872
 1485.000000	21.0617311704089936	141.7935711909544807
 1486.000000	19.6769073707924775	88.2417969855501099
 1487.000000	13.8693477992475067	106.1848012330443680
 1488.000000	18.4597462631740790	94.1777462691875229
 1489.000000	15.7959571914055985	150.2456435998327038
 1490.000000	15.0626778506218564	137.4584978406312814
 1491.000000	20.7869852198221281	89.0627383395629408
 1492.000000	20.6271448626356602	96.9774220542551149
 1493.000000	18.3284561107287800	120.1965611105514569
 1494.000000	20.0708415341862931	101.9354845750606415
 1495.000000	16.7325414918512898	104.0291287666245950
 1496.000000	16.4093915027020927	111.3999212514326729
 1497.000000	15.4950846895700067	119.0666373340948780
 1498.000000	17.2278865886792047	119.3346950705151954
 1499.000000	18.0395188586996014	62.8550805465007301
