 0.000000	13.4657330155798167	144.2605201790717615
 1.000000	7.8476774415784618	130.9596677834717298
 2.000000	9.5945450647440964	36.1470069920398203
 3.000000	8.8938657886381769	61.0849098799148464
 4.000000	10.0274959784208129	108.2431676520939163
 5.000000	9.2264973540865345	120.4611284643236502
 6.000000	10.5899960365573165	133.1292849833345429
 7.000000	8.2679294930258163	121.9170830183915655
 8.000000	10.0905279076177283	82.6055586605294252
 9.000000	9.5608717286209988	80.7551756649349954
 10.000000	9.8684616901774387	88.1935332984442368
 11.000000	8.9937756751461642	143.4606943852418794
 12.000000	9.3248336668042064	48.7649992178388061
 13.000000	9.3934179356862710	45.8398887545974389
 14.000000	11.8079929013820699	62.1798344447864366
 15.000000	12.7259601471577941	54.2065275270610130
 16.000000	8.3503361095998088	115.2644878027550703
 17.000000	8.4061798716659322	146.6642123545044569
 18.000000	11.2182680652868516	84.9888776013043383
 19.000000	13.5989077147404238	103.3143149434625343
 20.000000	11.3981866611173928	142.1480996804214953
 21.000000	12.8444831880606820	125.9349558696331428
 22.000000	12.5232240850959400	94.5141091150660344
 23.000000	12.6627835861963458	88.6677136628626528
 24.000000	13.2068760193859021	132.8477591617463247
 25.000000	12.2733178983024835	79.0452432867100043
 26.000000	12.2355380937235765	96.2918561097745425
 27.000000	10.6997300496773722	168.9789669469241744
 28.000000	5.5860134838181450	18.1192438414048524
 29.000000	10.9461660040419382	47.6557888746571621
 30.000000	6.7671371361289578	138.4119782948210968
 31.000000	11.4073639868820251	18.6618270875510746
 32.000000	5.6351011942406766	140.4106364716168969
 33.000000	7.8978968254753035	132.6780356069641016
 34.000000	7.6660755667976321	148.5209451737433426
 35.000000	12.0729451292472607	60.8248817770312087
 36.000000	8.5773736360254027	111.8219680788040904
 37.000000	9.1177427688857886	125.9713568799597283
 38.000000	6.8155357851576186	119.6534956053919529
 39.000000	10.0794317543249612	109.9563718897540099
 40.000000	8.4967430956916008	19.4074800935647147
 41.000000	7.3463190176176534	20.6553666606376112
 42.000000	7.6733278634395967	53.4756577633670958
 43.000000	6.0101689009842731	82.1584399323632510
 44.000000	10.4417117717592109	108.9290187491416333
 45.000000	7.3278704003383099	118.4171012626884618
 46.000000	8.2066460839000310	119.3010215575899338
 47.000000	6.6735213471352832	95.1840040123619815
 48.000000	7.1216472561253337	52.4066810339362377
 49.000000	9.7827651917607543	120.3555669682939424
 50.000000	7.3900608679413295	108.0608873153995688
 51.000000	8.2239437014356263	106.6577060307620144
 52.000000	6.5726234537078128	108.7103398588555478
 53.000000	11.0229541742099109	134.5592694642434424
 54.000000	8.7209576382808045	123.4199746581890338
 55.000000	7.3454557171682646	40.4608985130921042
 56.000000	6.4273199982468103	104.5385608692588448
 57.000000	8.5847004128641835	48.1748139048705752
 58.000000	10.0274558127627476	82.1839050601923162
 59.000000	8.6670267127436116	118.0667816225742683
 60.000000	8.0125627984542298	53.9299228826812822
 61.000000	18.6338903823558724	101.4096531043327900
 62.000000	8.2433572900412386	113.3227236602028398
 63.000000	12.8809435921619375	44.2419086555204615
 64.000000	13.6067272230332641	106.9682228527078820
 65.000000	11.4071186503629747	71.6351260287106868
 66.000000	10.5470209999909734	76.7146754232776686
 67.000000	11.1285488846579668	158.6606734242948278
 68.000000	13.4990275032275360	62.4940340887037706
 69.000000	11.4575844117161321	97.5896102419174554
 70.000000	12.3272586183273258	101.1494297817028354
 71.000000	12.1035945977023580	100.1011419635937472
 72.000000	11.0795637549022352	58.6386135097286001
 73.000000	11.5071345083888357	83.5247853298332075
 74.000000	11.6458113262661911	105.2729107563008455
 75.000000	17.1965184369242046	146.6800018319910350
 76.000000	22.3619442612034653	104.2489023905708478
 77.000000	23.1082802466723116	126.9877009054586807
 78.000000	19.2589556346323150	134.0414437112972905
 79.000000	22.9335197719762398	76.5092019218308366
 80.000000	20.6950736774525481	96.1655033875227474
 81.000000	16.7261752559030512	95.5955977150706104
 82.000000	7.5771599690572460	157.8922339712336509
 83.000000	5.8515184240323048	148.8650259562499798
 84.000000	15.7853184758194143	37.5296122228601803
 85.000000	16.4911024688327750	47.1240691027088587
 86.000000	14.2331786208435052	76.7636496881715544
 87.000000	11.2440124936960206	36.7462246225764204
 88.000000	11.7831613768372705	112.9990657553985614
 89.000000	10.5038740263455193	18.8657079845331737
 90.000000	12.1674435288277483	67.7084053011877671
 91.000000	12.1949126263209795	82.2515486255510950
 92.000000	14.2537217464762946	135.0564814172486763
 93.000000	10.4760800342595690	148.5601358234621046
 94.000000	7.4343704024211039	19.3721192358471512
 95.000000	10.1507320095954281	155.6113746008851990
 96.000000	12.7072528409510799	171.8986350039358229
 97.000000	14.1198167052996535	43.0021626314567129
 98.000000	9.8548537194391042	142.0635436512122283
 99.000000	13.4275678717067919	133.0921782301225562
 100.000000	10.9655014128049828	38.2211299624901244
 101.000000	15.4292051845194376	102.0399700041381976
 102.000000	13.0648782703897215	135.0614730662411773
 103.000000	14.6300998323768905	139.6358224466150659
 104.000000	16.0627004225156256	90.9372895734841364
 105.000000	14.8739312516087487	142.1225041134616731
 106.000000	15.6520931094171072	66.8969861299796094
 107.000000	16.1177723037606988	117.8862254514246786
 108.000000	10.0538340155371948	49.8543594433711803
 109.000000	11.3391926118653643	71.1475577783151323
 110.000000	12.0499516385318906	118.5603771760215466
 111.000000	7.6566152773922740	119.7184121330259359
 112.000000	5.9403571914720192	137.2366518552160528
 113.000000	12.5331961522641713	128.3561731465045170
 114.000000	15.6265748559200421	102.1597929533904363
 115.000000	11.8406054195920554	159.1216427408291167
 116.000000	13.7432609268926988	50.8666201742321675
 117.000000	11.8518978683904077	56.3724817683765309
 118.000000	21.3519552864453885	101.1604783876954627
 119.000000	17.5408046703882583	89.0210713446970914
 120.000000	10.0747394416114666	133.2081359074894635
 121.000000	10.5611356065295237	56.8307343042068993
 122.000000	11.6743427253015586	158.0580128316958053
 123.000000	14.2584561216552004	53.7129919270343805
 124.000000	12.0993108785124672	147.8083087921749552
 125.000000	13.7527289002904372	155.7661744159562431
 126.000000	6.2435472519994351	22.4356159673027094
 127.000000	6.6097649919329848	22.5959464284513842
 128.000000	4.5504832573666514	93.4302676413586397
 129.000000	19.5611863774262815	80.6617970716094845
 130.000000	20.3946909742781415	86.0158654910166263
 131.000000	13.2185565799883484	118.9797208395185919
 132.000000	12.7889613209920405	40.9357609072711455
 133.000000	11.6444911027087485	148.5684968519627205
 134.000000	4.9993179152999545	30.0049696690822714
 135.000000	9.9368314817211871	2.1906818705542150
 136.000000	11.1154881557602838	152.5203869830753263
 137.000000	6.9902070515915256	10.5080439516840158
 138.000000	4.1256843347742711	102.9953774624635940
 139.000000	4.4518889209494148	5.0306399155708448
 140.000000	5.0353110908150667	17.8487372551820442
 141.000000	7.3606408576193036	18.1516731853998294
 142.000000	9.0310725795674269	133.6515384715320067
 143.000000	4.7875845649176183	8.8278964405550369
 144.000000	6.4730269212308782	49.5870576132132896
 145.000000	6.8931932738618134	158.1534009708585131
 146.000000	6.5334805687617328	132.0654559733970359
 147.000000	9.7909027057929112	162.1049936112620458
 148.000000	7.9726468709831861	148.8741552552277199
 149.000000	8.8088588030058883	140.5728995408082938
 150.000000	9.1358350927374392	132.2455089114234283
 151.000000	13.0229216959025589	71.7909212227319387
 152.000000	14.1079204608257154	38.4801296541920976
 153.000000	19.9740902033209871	151.0906569091371523
 154.000000	16.6453128153656920	44.2659089055491961
 155.000000	10.7061708848726180	60.7792822604891541
 156.000000	21.1966076946123856	123.1809652438695792
 157.000000	10.6269951330400509	142.4502220826051371
 158.000000	8.9080322585042797	39.7114880292628527
 159.000000	12.3130039581404382	134.0875613165242157
 160.000000	7.4339833869662106	26.1076106703301605
 161.000000	11.0319162470412877	42.2368378744684492
 162.000000	7.3919421093456004	167.2194197020564843
 163.000000	10.3047364377320818	28.2912486303741559
 164.000000	8.6465342076660630	60.2049193031308079
 165.000000	7.4816749719325406	28.7026613787675728
 166.000000	7.2687940483856632	65.8776039101164201
 167.000000	10.8595608558788950	64.3676733096060048
 168.000000	11.2489770293626759	144.0582006248532423
 169.000000	10.1337055920291697	159.3368221254192463
 170.000000	6.6648216006875156	17.7696399018990689
 171.000000	10.7567922093387462	42.3547540476045015
 172.000000	8.7749589156635928	158.1486123738960146
 173.000000	11.9433444871846781	84.8692469434801211
 174.000000	11.1484404285432888	125.8170675846835991
 175.000000	4.4453382896978688	145.1009100374411958
 176.000000	8.5032148509835643	145.9530345742376198
 177.000000	12.6014093220699586	157.6280073474794108
 178.000000	10.3755524016390908	35.9968426266484869
 179.000000	11.9278718346224704	145.6368154913243131
 180.000000	8.3463676654586294	145.7802720381578467
 181.000000	11.5174244023255028	143.5977081547987098
 182.000000	11.2027964046237418	165.5220159469561452
 183.000000	10.4221762841587200	77.1700610347923828
 184.000000	7.7558399616159717	101.9368370969771007
 185.000000	8.1487235125053630	164.6139098502688682
 186.000000	8.3308262468187078	43.0384876102534690
 187.000000	5.2905483432113387	23.1894782433731166
 188.000000	2.7053894924071722	7.3660625509548083
 189.000000	6.8714041224663678	169.4393142790761715
 190.000000	9.0409616855609212	149.1656035585475024
 191.000000	5.5400492283439595	143.8609834821992308
 192.000000	12.7029355464352385	160.9843192734590218
 193.000000	4.4506650836272144	18.2653737396371696
 194.000000	5.9227181726518863	17.8422379470874830
 195.000000	8.1904178931737857	131.7002375893488306
 196.000000	7.1275664815173387	19.9605781694845348
 197.000000	2.6658049360273881	3.6280476267889128
 198.000000	5.9408268952596810	36.4654854879983930
 199.000000	5.6267128660699015	50.1448210378340775
 200.000000	7.5662288832314806	9.4445713770397504
 201.000000	2.6256215991841425	21.0016780117578605
 202.000000	6.9714280701975762	14.1106031040135917
 203.000000	2.7862054335619644	13.7729793766470152
 204.000000	4.5051082662779027	45.0241782352696873
 205.000000	8.5601543867469463	120.7704350675564342
 206.000000	6.7767208693223679	120.4906344179836992
 207.000000	22.2891759893177372	52.2250296386566220
 208.000000	14.7573111118584936	20.2892665850876597
 209.000000	14.9124009218828082	58.6632482163466591
 210.000000	14.6256849401635129	43.9165569772647473
 211.000000	17.2495293795879689	4.2257566543315477
 212.000000	19.3430663501450013	144.3641944472011289
 213.000000	24.5863095133759373	107.0166804159186285
 214.000000	23.7878401665534795	63.5390872746215791
 215.000000	22.0817227429197729	54.3857281099512733
 216.000000	18.6906383487352237	173.9662999394641361
 217.000000	10.7627875755547802	31.7640481914200734
 218.000000	19.7407614450377196	164.6505316193937460
 219.000000	5.3545007584291460	16.7465401582151117
 220.000000	10.4381800926899455	106.2614097150836869
 221.000000	21.7318682816129147	144.8812606923570172
 222.000000	11.4694650594428609	155.2386045841411431
 223.000000	18.1744306431006919	170.9950666038945144
 224.000000	4.6927574948130584	34.4062954274243111
 225.000000	7.6390963952443087	21.3665933984028129
 226.000000	7.0942441194008135	141.8905531770739685
 227.000000	7.5834085281823205	159.1850234329871512
 228.000000	6.9283708296828994	16.7885596896450977
 229.000000	6.2044100919755278	27.6581937987788820
 230.000000	6.4316265048412209	23.3495340979056607
 231.000000	5.2897589141613803	39.0826259553942066
 232.000000	12.5808471176930077	75.9331307694748574
 233.000000	15.1078666553277259	53.4038407888273383
 234.000000	12.7863185294094119	94.6274338601856329
 235.000000	17.2025526424513018	121.0575002635018791
 236.000000	10.0665668410261873	82.2596251656663924
 237.000000	12.2298536016280277	90.6006687328332845
 238.000000	14.2825276015246558	136.5344041194670410
 239.000000	14.7314983475190679	88.5148717417567212
 240.000000	10.9174604964825885	91.9914519141091915
 241.000000	13.3781333039055710	106.3001178078586548
 242.000000	16.9617010940842370	82.8594456150213716
 243.000000	19.1401578701137396	134.5194745791120567
 244.000000	9.1100537494875518	68.9492754076435261
 245.000000	12.2915347372522223	58.9211433344604245
 246.000000	11.9656775468991619	45.2427074774006428
 247.000000	8.1419302804346927	149.5625327777366351
 248.000000	10.3210476579105936	151.1483067773225741
 249.000000	10.2875277351218166	139.2406103196888125
 250.000000	7.9906078326560266	136.2385958087871245
 251.000000	9.5839421814280303	46.8333490723767625
 252.000000	5.0775458762208183	25.2654638580510778
 253.000000	10.2132624541399935	131.3984133111238748
 254.000000	5.6456113408040878	120.6023583303150133
 255.000000	9.3112753598071869	121.6941650658478409
 256.000000	9.5491681180239496	87.6269717597954525
 257.000000	8.8832396890353760	15.4317256679964032
 258.000000	7.1505241817383629	139.0054171986914469
 259.000000	14.2000776494110905	140.1845100330720868
 260.000000	11.0364978949253736	155.8144745150207768
 261.000000	14.2315841783731951	90.3503822800214920
 262.000000	11.1407582609076616	160.7317998457880890
 263.000000	11.4465860638280681	39.1179031502609291
 264.000000	16.8209251994833657	150.5390194822709020
 265.000000	23.3024284065888381	61.0323054946047989
 266.000000	14.2497918037750626	51.0792059580951445
 267.000000	11.7128996081550270	163.6468128014332706
 268.000000	9.6321555195808894	145.7608494419636429
 269.000000	7.0957121761896884	155.9582156664205002
 270.000000	6.4604194221229490	44.3719639147448675
 271.000000	6.4764241833148715	64.7845935276658196
 272.000000	7.9375636908502889	108.2344556206504222
 273.000000	5.8007875923546921	99.7422634669274402
 274.000000	9.8360133717193605	56.2958018652100236
 275.000000	11.6209730517182646	150.7917665155268310
 276.000000	11.1575505948411777	129.4003049105131140
 277.000000	5.4491190787118580	27.7104022144042119
 278.000000	8.8741535785911001	46.5690712624437992
 279.000000	8.5771070644517096	126.9665627435358033
 280.000000	7.6857703882726582	134.8942850894853507
 281.000000	9.4906793947099271	93.0380047058873743
 282.000000	9.3807337362311127	14.9759729546345568
 283.000000	6.7204716970867056	24.7138168576838098
 284.000000	10.0896872473826189	155.3318859735712181
 285.000000	8.8414242844539892	102.3042753502949296
 286.000000	7.5893665405541944	72.7677579630224898
 287.000000	10.8146728388748983	142.8822150772269310
 288.000000	7.5817103560338390	119.5273345324458205
 289.000000	9.8114010578879629	106.4338069367580459
 290.000000	9.5621358796000919	121.1050694153220206
 291.000000	8.5381498232432556	95.9861625330802326
 292.000000	11.0671300207013967	141.6131986162840519
 293.000000	9.2071660735951877	98.4162864683635519
 294.000000	7.3622223185008560	111.3809100702418959
 295.000000	8.4627698984311515	46.3038580769042483
 296.000000	10.5628961724861146	149.4634054943786623
 297.000000	7.8858564765208250	100.1738037112569799
 298.000000	8.7974990793281584	69.3922510777565549
 299.000000	9.4657253747843200	97.8183463353652769
 300.000000	7.8199389008857629	90.8036505678854837
 301.000000	8.1648090919738561	45.7544430671248676
 302.000000	9.0811726289794787	79.5711561862947576
 303.000000	9.4861210663140572	109.9947502493976259
 304.000000	9.2361685611510538	135.3858436975792756
 305.000000	8.0630668998330872	100.3364630797485404
 306.000000	10.7474219043600705	143.9419129580876131
 307.000000	9.1717094639698455	108.0382997890352925
 308.000000	10.2097869274074764	76.2197393787649418
 309.000000	8.9253481076907075	100.8786209007221686
 310.000000	8.4636554177755308	92.8474499864220206
 311.000000	7.6818332736317929	59.2929622068822368
 312.000000	9.3677812940665195	174.9635347326813530
 313.000000	8.5507410690327124	90.0620427602569009
 314.000000	12.0346028403292067	145.4560015888707767
 315.000000	7.9112022882340538	71.0788274857965234
 316.000000	12.1601147409156596	157.1913132660768042
 317.000000	8.5667090257706349	122.4694274236425144
 318.000000	8.3901059970469891	74.6892636967650532
 319.000000	9.1109765695055600	151.5400609260402405
 320.000000	9.5729602717130806	58.9961481654692079
 321.000000	10.7275495857338736	96.8251844732784974
 322.000000	9.0397482469093102	158.1390149707718820
 323.000000	8.0554566416495668	152.6910853035084017
 324.000000	12.3428531888343169	153.7298632992054763
 325.000000	8.4826496499057580	90.3162266759859875
 326.000000	8.9042310222013352	46.0827761317213742
 327.000000	8.6104300791998316	89.8649268854973400
 328.000000	6.9667839846643291	118.2186824045052020
 329.000000	8.1914041646721163	52.6468829240477163
 330.000000	11.6071770701687988	129.2882960933539778
 331.000000	9.4614427029891353	78.4021379769506268
 332.000000	11.8471899864962840	84.8014836614437684
 333.000000	9.9218908240813626	96.4543318241873777
 334.000000	7.3519324370579264	26.3814636170754682
 335.000000	10.3308209832030187	150.7459910984933060
 336.000000	12.2006588375392191	24.0985940287299627
 337.000000	23.7946212628953653	109.4274989186474443
 338.000000	20.0410629401576514	74.7791169102854667
 339.000000	11.0318840281290171	94.5694938639736620
 340.000000	18.5440164064309663	105.3564880785577031
 341.000000	20.7893475427177812	94.6130713542029298
 342.000000	13.5823459473397143	41.2471600284960402
 343.000000	16.2098513200227892	156.8737130265820667
 344.000000	12.0513913494034934	23.6723023277753271
 345.000000	19.8198154239818329	93.7856673092540092
 346.000000	20.8551315504305741	141.1715213877029100
 347.000000	20.2158842940213646	108.6515464702005289
 348.000000	20.6139073675158713	72.0895250004676313
 349.000000	19.2558385988800502	147.2913890187937795
 350.000000	18.6310525811875500	84.4194705264101941
 351.000000	20.0903647532586014	67.3063780574932338
 352.000000	20.7878520200076160	36.4259206824476109
 353.000000	18.7091584031330527	38.2228708878760983
 354.000000	18.8404930990365393	37.8984428009638918
 355.000000	16.6474511219480767	130.6714125174338221
 356.000000	16.8382058582334260	169.4788880476408508
 357.000000	13.2171420598300493	37.2070207754224782
 358.000000	20.0904067368773838	131.7458168763845663
 359.000000	17.0824241479687764	42.0913447537192553
 360.000000	19.8894182307808620	94.2582570820951418
 361.000000	23.7449222738220875	98.8919932923274274
 362.000000	15.3109171974632243	136.9492928232538418
 363.000000	13.4701060003172977	146.0669271284031936
 364.000000	15.5099891014679940	80.1970662508574037
 365.000000	18.9941949108487158	117.7882672358324356
 366.000000	11.8602718552984214	78.4967746292323767
 367.000000	9.2785901099276913	166.3176882665462415
 368.000000	13.3126138482675405	142.5301651510927172
 369.000000	19.7956821398309515	44.0255746453369170
 370.000000	21.4855611342113235	81.2280780996168232
 371.000000	13.1137997607581696	129.9296779089943357
 372.000000	20.3475395931275536	119.4848937647740570
 373.000000	23.5915951821441823	62.2312968589108095
 374.000000	20.9923324267562208	38.6988131583603661
 375.000000	6.7347678273857001	7.4437633815448976
 376.000000	10.6234103370623547	7.7569473022112732
 377.000000	17.2487136796325089	133.2806505000139055
 378.000000	13.5571158033792205	54.6114058227893935
 379.000000	9.9622541642348565	105.9100801730432551
 380.000000	7.8023970395963556	155.5058188551043372
 381.000000	12.7446421249564246	157.8387434040365633
 382.000000	16.4423908045041429	55.6603624697310124
 383.000000	15.3551660936420014	156.5244657621596787
 384.000000	13.4478877169725557	165.0723500336625307
 385.000000	12.5819035818832035	142.9983462348454850
 386.000000	13.6276816154827269	148.2699020959674385
 387.000000	13.8845200573793246	78.4688301078350605
 388.000000	12.6067651178570834	74.0198209331990000
 389.000000	8.1362832071977085	56.4160904424775111
 390.000000	6.6264039937065027	148.3252851605792273
 391.000000	5.2685800927450650	134.2125267899196501
 392.000000	16.9588140100101157	75.0152918260115911
 393.000000	8.7601198536440208	29.7753862231396909
 394.000000	7.8129146182991560	158.2449928732034721
 395.000000	7.8678135567286969	135.0416631455912579
 396.000000	6.3259634832845686	137.2612389117970224
 397.000000	5.1221220681987853	127.8781475534910896
 398.000000	5.0142339986931637	23.6278912040282876
 399.000000	7.0179331473912709	142.0867446487923473
 400.000000	9.2039440843445561	28.1220955452405690
 401.000000	6.4161363182864104	37.8599116712719308
 402.000000	6.0554932572590365	30.4224779812439010
 403.000000	10.0219119911023569	87.0493167025736767
 404.000000	7.8097475123065898	40.1947452554264828
 405.000000	5.1196197712736433	125.0017303310725651
 406.000000	5.5685487610778717	158.7092524916315028
 407.000000	11.7881559585035234	132.1656200079431756
 408.000000	11.4506634239659348	146.3012458676936944
 409.000000	6.9795394464185971	158.2254991202508734
 410.000000	10.7521309060769816	171.0900368791883750
 411.000000	7.7245867877277332	132.9974932833411003
 412.000000	7.2718414874822956	156.2440043002160905
 413.000000	9.1683886939836032	113.2644886799783279
 414.000000	7.4476488810444179	2.9228703018746671
 415.000000	7.0569744477597709	27.5488838091579851
 416.000000	5.7305040001872509	22.2988137798954824
 417.000000	13.5178870466121754	75.1949820058949285
 418.000000	14.2567609506035442	154.6075312737955016
 419.000000	9.9153576470596985	78.5144359214903034
 420.000000	11.5938177917092933	126.4052106138877605
 421.000000	14.3024084062688885	144.4097354186444591
 422.000000	11.0190299423620495	50.2695019003207051
 423.000000	11.2544660918074815	128.9871178961769829
 424.000000	10.7852560669247950	57.2832311676108361
 425.000000	8.2171509046056261	176.2388036828418478
 426.000000	11.1451115888469001	146.6747785438618621
 427.000000	12.3381928099438944	140.2019851376500696
 428.000000	12.7432847498942614	152.6948517626784394
 429.000000	9.1424941102327271	138.1850906170455744
 430.000000	8.9459122309426018	124.4138231904832423
 431.000000	14.1258796300074945	145.6450178589412587
 432.000000	11.2196524794115930	163.9294553847656175
 433.000000	9.2289606403377231	59.1308811166547628
 434.000000	16.0795702031655701	132.4506727777681760
 435.000000	13.9452022705005501	152.7795380914260193
 436.000000	12.1024044413384129	149.2205637959631019
 437.000000	12.3987021039551024	166.9888912270484695
 438.000000	13.1571613712797166	149.1833686994038715
 439.000000	11.9642370508927627	73.2905996227315768
 440.000000	9.5902241769689436	66.6443696146833275
 441.000000	8.9414401234107643	101.0833695127737855
 442.000000	14.1570837119764938	73.2742709493780495
 443.000000	11.8569361829229702	103.6458504024856637
 444.000000	14.3683728549342185	140.0119007183006374
 445.000000	14.3733451189214794	138.8114360929213831
 446.000000	10.0442571223841384	61.9219966562310162
 447.000000	12.7627882879533310	149.1745390207826460
 448.000000	9.1672196989299248	158.1947402495967765
 449.000000	12.2338743333127820	121.8641016361607115
 450.000000	9.6684684824768645	144.2252290313109881
 451.000000	15.5984399632539130	132.7159597815904135
 452.000000	14.3920544036279701	134.0841241084976332
 453.000000	15.4712635778256615	133.2301919933140084
 454.000000	15.9939313812766191	152.6737633763081305
 455.000000	12.0555745014849389	107.8848189310902939
 456.000000	10.8243837893200219	141.0081196225372082
 457.000000	10.4177200288203888	134.7516726790948383
 458.000000	15.8462941198301372	126.9720726333318623
 459.000000	14.2080036239765715	75.9740756631109377
 460.000000	10.4832406164960279	88.2685588164629138
 461.000000	16.7648979365221642	132.0370116179837510
 462.000000	16.2866778556401428	145.1918059011613309
 463.000000	12.6121297113738962	156.1427686949545546
 464.000000	16.1106359024580570	135.1218054506278463
 465.000000	15.3101750383712059	90.2877483650006241
 466.000000	13.0215154547762957	71.6017409642708884
 467.000000	18.5806570481487547	139.2112929594487127
 468.000000	15.5887510875705502	76.7094152581094448
 469.000000	11.4963032490272017	59.5356891797044057
 470.000000	7.8432355741000785	124.2970322868712287
 471.000000	7.4699857885357979	40.4457084471585233
 472.000000	12.0622324635479803	99.2873740495926853
 473.000000	10.9043924117992503	68.9102137589687516
 474.000000	12.3800504978835910	139.9414315904391515
 475.000000	7.8610749095475549	100.3115471015177889
 476.000000	8.9788113179813003	72.6667501297673368
 477.000000	8.7681813464853917	62.1160708198515437
 478.000000	8.3855812302171113	119.2877520589654523
 479.000000	7.6143665059896222	36.3503923709893115
 480.000000	8.3164670516077184	115.8900549774554634
 481.000000	10.0942036798557488	107.2547145554183174
 482.000000	8.3421310656093901	109.1764494658768285
 483.000000	9.2209730304336990	108.1720733802267631
 484.000000	10.9282063879916986	151.9762088830719620
 485.000000	7.5210861519354451	68.2028740487660627
 486.000000	7.8829036410313416	93.2221967595094441
 487.000000	8.0886605549541937	132.8121814633859401
 488.000000	10.6155567137384939	104.9888005937788336
 489.000000	8.6559018115042559	112.4293132294985753
 490.000000	9.4551036994197890	99.3390410146446783
 491.000000	16.3033879561037445	123.7124909431932451
 492.000000	10.0605081254703634	122.4107984756196998
 493.000000	13.5602416818679661	145.3117251062456887
 494.000000	15.8437722159763066	135.6742983982976227
 495.000000	8.4731672254966153	129.7470699751270331
 496.000000	11.0395643367190690	42.9514635260823354
 497.000000	11.9145549236727035	15.0946417065422054
 498.000000	16.7622168897106292	80.2106653989129228
 499.000000	10.2295913443071349	140.9398975532133420
 500.000000	11.6982052062816795	116.0797550118679027
 501.000000	9.0041574958632005	130.1544483972612056
 502.000000	10.4728298727898590	124.4752279654298377
 503.000000	9.5910687321784387	108.5593403690384662
 504.000000	10.8951848441075416	91.5403934762882585
 505.000000	9.8258822478544605	152.7123408476261943
 506.000000	9.0037311513943301	149.5335912704576629
 507.000000	10.0604749520290788	92.2316631344940419
 508.000000	10.0079030520960792	63.6223257808275662
 509.000000	8.8645137025531291	66.8414753930165375
 510.000000	10.4249326911661360	106.5822005271325708
 511.000000	9.4931552318826355	60.7307690896489163
 512.000000	10.1339251831016721	87.3851606205749647
 513.000000	13.5692590347378754	43.3796071616135350
 514.000000	13.2391959615357369	95.0502733468687921
 515.000000	12.8653780800102027	75.6789277999557441
 516.000000	11.1794833095208155	76.7844202420218522
 517.000000	10.3655448286408340	55.5909050369182722
 518.000000	11.7452231285927891	133.3244518349573582
 519.000000	9.0086403066314453	88.3708141341186035
 520.000000	12.6559495390986285	151.3673144229043146
 521.000000	11.1214777454723315	64.0979163446031350
 522.000000	11.5665360487999305	120.0815720646003513
 523.000000	8.9386457204709906	81.3658441956255700
 524.000000	9.4610767747624802	116.2131250846518924
 525.000000	18.2770918281698123	64.7208183481932764
 526.000000	9.2280380983112806	114.9152782799280885
 527.000000	9.5965448865151437	108.6238605355718647
 528.000000	8.1060212332894181	105.6718796481642357
 529.000000	9.8098226057929239	91.3280985893064212
 530.000000	8.0079488248560988	108.4478491197232586
 531.000000	9.2180959983144213	116.5918929282916849
 532.000000	10.7281977794603698	124.9818293211410491
 533.000000	11.2477274456682590	154.7610301518233769
 534.000000	11.2864452668424171	148.0414397786466054
 535.000000	10.3825708221641513	135.8781590839603837
 536.000000	10.7069761221147282	99.1006213569903309
 537.000000	9.8972530595068040	86.2124070707374415
 538.000000	11.7838753684960871	122.5166749366225929
 539.000000	13.3078549766599625	99.0421605796342419
 540.000000	13.3491642891683906	60.2477357654262846
 541.000000	9.3161690589625241	84.8667315286026849
 542.000000	8.6491313036617026	112.2129087404714625
 543.000000	13.2797923418196628	121.2366168578047620
 544.000000	13.6387095528494555	69.5610657738335476
 545.000000	8.7859489783311151	79.7346085121295403
 546.000000	10.7893098916026506	60.7879087877924178
 547.000000	11.6719133692670631	81.4360462944921011
 548.000000	9.5599357851841145	117.4446333698126637
 549.000000	9.2887192915237531	120.6122120691907895
 550.000000	7.9874755081683748	131.3806866969112548
 551.000000	11.4288105546696670	111.0749274816530203
 552.000000	10.4140901620331885	140.4206601672492525
 553.000000	10.5653868687530021	102.0805324184484704
 554.000000	12.5189946513146673	138.2602178493818030
 555.000000	10.9555845258539311	138.1723171506672259
 556.000000	12.6233220951766913	107.6309616905936650
 557.000000	14.8644679860928761	147.8519781019628851
 558.000000	9.8771731573834174	48.8772953428349979
 559.000000	13.9891042239399415	129.2752775286753604
 560.000000	12.9005301453287728	170.7438850135397956
 561.000000	11.9961244287222968	111.6786696605642817
 562.000000	7.2341503708253576	34.2265879263897261
 563.000000	8.9522682780430340	65.4019647370134862
 564.000000	8.8785509720727500	87.5801557203308221
 565.000000	10.0056216876101391	62.4624183898898195
 566.000000	9.6254596616253334	85.8997089269470422
 567.000000	8.9488482514915315	42.6248569666821595
 568.000000	10.3683155546613417	140.6640860348865374
 569.000000	8.7127618175729395	154.3005571656578923
 570.000000	10.4678151274062330	155.8397171166208750
 571.000000	11.7679067301112283	155.1031370852235227
 572.000000	10.4373762491480573	78.4669514609227861
 573.000000	8.8161342679845038	103.9650898511503101
 574.000000	9.5105413532620631	118.9637339453031473
 575.000000	8.4944933899485218	59.4588220243682741
 576.000000	11.8768988570096230	62.7640758735822573
 577.000000	11.0044709448899098	69.3572135990398237
 578.000000	10.8969331362139439	123.1278705666539111
 579.000000	5.2731682781884599	117.1029139050596655
 580.000000	6.7391374431410567	152.1592311303735698
 581.000000	4.4488325928434911	50.9883922647598524
 582.000000	8.6984585810617325	79.8322480740960856
 583.000000	7.7534438626346978	62.9854418289026370
 584.000000	10.4356449324862108	60.9913885176187023
 585.000000	10.6848270094652538	39.6080534067615417
 586.000000	9.9134368550517298	47.4691533470831644
 587.000000	10.0881886076338247	50.6898676117808122
 588.000000	9.1018624347726043	60.0727747561464440
 589.000000	9.2298127613442702	57.9995972492028642
 590.000000	10.2474645638517625	33.4120145573707532
 591.000000	8.2243936129510029	134.7294081172860274
 592.000000	9.2022291853786999	80.1885958295141279
 593.000000	10.5023018640533135	72.4047648319810264
 594.000000	9.1542813454636640	132.3713288486439978
 595.000000	8.2651052292052842	130.2700321695969308
 596.000000	11.7112599062455320	64.5488612568863402
 597.000000	8.2174353968414700	24.4090140992926194
 598.000000	16.0689255964580475	93.2557480257010667
 599.000000	14.3722314847964494	106.0946904065790903
 600.000000	11.4958316175629118	103.6659538084127519
 601.000000	8.7185579069398287	105.5184490407733193
 602.000000	11.9083873077943903	124.8947577194265364
 603.000000	10.1633847421812362	115.9808813302976063
 604.000000	9.4699243074945549	142.9651849559119228
 605.000000	11.2557153814998028	103.0953512463507309
 606.000000	10.2110083355678718	92.2638281811667866
 607.000000	9.6799791939633479	109.8883441902564329
 608.000000	13.0730123135773884	89.4140693941279210
 609.000000	10.1495428349117134	106.0471037322421921
 610.000000	8.2885543745874113	101.4723966183117625
 611.000000	11.8820427156904564	60.0557436504172131
 612.000000	9.4917744557448547	154.1981775162074371
 613.000000	9.0025163223536016	114.6574059443459959
 614.000000	8.0804381750761127	114.7342963091840886
 615.000000	9.9546903658151269	124.4840098339010126
 616.000000	9.4300904408722754	118.0003341449788081
 617.000000	15.9271628478829754	53.9582899510646286
 618.000000	12.6550083873643562	84.4954575569420854
 619.000000	13.4157094187218888	51.3679247732811177
 620.000000	10.0606182841291769	141.0731638295711150
 621.000000	13.4687760883686618	81.8443204881756969
 622.000000	11.5555433877672744	123.4989133211883257
 623.000000	12.9377175568755050	88.6301524126640885
 624.000000	11.9073304545565541	164.0352245736473833
 625.000000	13.3713569512478756	83.8777199584749127
 626.000000	12.9271482988028499	63.3530125168611846
 627.000000	10.8029934464542716	90.7939851192327865
 628.000000	15.8443857119187559	128.6071443562666730
 629.000000	14.7607387392831875	86.3772866883387564
 630.000000	11.1997045322466811	78.1873571941601284
 631.000000	13.9780894754849676	119.5054299228044670
 632.000000	11.7986875427619342	49.7997106212168319
 633.000000	14.0450378010496735	140.4480183788251111
 634.000000	12.4377761018260138	68.9696482780994700
 635.000000	10.3721595357744611	66.0187695345417609
 636.000000	10.4536159550961276	31.2221894869719279
 637.000000	12.0787570704553424	22.2170733103630482
 638.000000	9.5792564813152801	137.8290172697900289
 639.000000	12.3518813748756919	179.4215687415551201
 640.000000	9.8506592326712514	16.5717038836803283
 641.000000	11.0166212194322704	144.9152467396482109
 642.000000	12.9760411076457451	63.1010447230052449
 643.000000	12.0615883983063057	23.9525791655277658
 644.000000	11.3734973692735633	85.3683282652504687
 645.000000	10.8608296798042474	110.2843138646743171
 646.000000	9.3411890775070461	117.4481223934353125
 647.000000	11.5088600490562882	134.3498113707171910
 648.000000	9.0986172618263321	117.1917372134772961
 649.000000	10.4056850546092186	122.6620754852260120
 650.000000	10.5130816175164252	120.2766218817201747
 651.000000	11.1595788141526526	99.3425418880961928
 652.000000	12.2231094641714009	56.2558342988569109
 653.000000	12.0760300818193720	106.6869036668406210
 654.000000	14.5486331949778993	139.6093993795290373
 655.000000	13.9285475639870278	114.8277993114772499
 656.000000	13.1258223675841723	75.1571966679727552
 657.000000	9.9440510979270655	145.4162552830470929
 658.000000	11.7794745149445390	131.0122527034064603
 659.000000	6.9146913028320052	121.9590811151552998
 660.000000	7.0812862666340486	156.0946245407899369
 661.000000	8.9384440146654853	129.0755201139075439
 662.000000	7.0957606199987655	147.8097130473893515
 663.000000	14.6579146250386625	32.3139945962372792
 664.000000	12.3310172846795929	51.7934491052872374
 665.000000	18.7501491856241493	131.6307706563838451
 666.000000	13.1775731338776545	37.4124230949741445
 667.000000	14.7522392799347735	95.6042600668332625
 668.000000	11.0995482261180349	119.8377255212295580
 669.000000	11.7455196689262937	111.1510121060782268
 670.000000	14.1660455747302763	146.8211198002136086
 671.000000	11.1995348142554239	63.9910797684585759
 672.000000	9.1410107091359745	107.8118613396019185
 673.000000	10.3442308989356810	86.0637854757024172
 674.000000	9.9210944288918608	132.6389255674175729
 675.000000	9.9951737053208198	54.3897056271484161
 676.000000	9.2962076737283592	58.7712187773255437
 677.000000	11.8777973177207272	72.9578552843339025
 678.000000	11.8598855897725333	57.1123396777590244
 679.000000	8.9919287895983899	27.1167047380494068
 680.000000	11.8669921217841843	63.4146157450140464
 681.000000	10.0098926363525056	101.6677149978917640
 682.000000	9.6778965561888377	61.5431952962852051
 683.000000	10.7417186053865592	45.1015894788024525
 684.000000	10.3790983102803374	129.4098651218033069
 685.000000	12.5015952295599604	161.8743532754620276
 686.000000	9.4951105368387783	46.9646904552205342
 687.000000	15.3956452697112969	133.0331957021311666
 688.000000	13.1284649729667020	44.3252013388101034
 689.000000	11.0381985952209583	66.3074110438904825
 690.000000	15.7861156611805189	156.6331337383815878
 691.000000	11.6011286318743601	167.1841880427236333
 692.000000	11.9325613927165772	35.9418849426410532
 693.000000	9.8126063647789312	30.4761703830974966
 694.000000	8.3776727291351580	157.8938331342187666
 695.000000	9.9173918365239366	30.7321393390871833
 696.000000	9.9188705922034490	161.3447865547271078
 697.000000	12.4893043748718426	176.8311500971166197
 698.000000	10.9542587830580356	45.8208896729224193
 699.000000	14.2711437621287160	55.0339280892656433
 700.000000	13.4241390562580492	163.7908458596996866
 701.000000	11.3851465241901977	155.2449104397110773
 702.000000	9.3753170170634643	159.8254519449045006
 703.000000	13.9092170512474702	152.8741525671363490
 704.000000	14.2972562124420772	82.7559372887038620
 705.000000	8.0707053394631298	35.3811589734420409
 706.000000	16.1143002549629699	133.1877819935575360
 707.000000	13.9021509089251936	143.1676110321477609
 708.000000	8.2133449299146104	96.8468488696641430
 709.000000	8.1628629249474045	70.6122011986556686
 710.000000	10.9119047747444622	113.0293585883726877
 711.000000	9.5848484476167055	154.3315168855378658
 712.000000	8.6804045363736648	119.8220700297310941
 713.000000	6.2932577248411583	87.5484151967357747
 714.000000	12.3199319759088315	55.3107145378059357
 715.000000	11.6107436556629899	154.8468917459680370
 716.000000	10.7746928049157944	121.6684264037168361
 717.000000	13.0018035965653187	48.3618474726386864
 718.000000	10.9015730479914996	145.1120900863249119
 719.000000	12.3558970721779389	132.7980997913873864
 720.000000	12.4629886427518137	149.9306528321471887
 721.000000	12.1496605101777124	83.1486602983134162
 722.000000	10.9866099065937028	130.8717531156843279
 723.000000	14.0548925611549205	63.2410753142301445
 724.000000	14.3128023783612495	157.0010704476636079
 725.000000	11.2377818540968892	128.1428139468652034
 726.000000	9.0936558677335917	26.4247862174824775
 727.000000	10.8570916234100512	118.3977711124607026
 728.000000	13.9243055209634310	78.0701393075217993
 729.000000	15.9361230730993739	113.4552350067980058
 730.000000	11.6562807972564606	158.0360706873436243
 731.000000	9.4989315730695250	111.5787580099942318
 732.000000	8.6837594480129319	60.6297115638111705
 733.000000	15.0922052586860271	118.0445614668488474
 734.000000	8.8489084941533864	70.6133883996077145
 735.000000	11.0654058649300264	170.3168193421660703
 736.000000	9.7181985686841017	96.2529061689325687
 737.000000	9.3913697564966689	65.8686319260443014
 738.000000	7.1304870410831196	32.0634070186342512
 739.000000	10.9217030337123653	144.4068909882144851
 740.000000	7.9233696339766286	146.1294143815974564
 741.000000	9.0873026073170120	157.9923021631306881
 742.000000	9.2437039408285155	19.8701472929518843
 743.000000	12.2605029788396820	158.3637943925958211
 744.000000	9.3761602359144458	156.9559138537590854
 745.000000	14.5347180351249250	152.8056895913898927
 746.000000	11.0924077497479008	122.2407041922456585
 747.000000	11.1860185261104981	29.1899104640824305
 748.000000	11.4372977567993868	157.1125252128237548
 749.000000	9.0942981211434510	98.8908431041527081
 750.000000	15.4349738166799906	66.5605322729920488
 751.000000	14.3118525568419184	54.9799270058878022
 752.000000	14.5923018273102159	134.7373830404983721
 753.000000	10.7105213473696708	164.0658548015882445
 754.000000	10.9062764567671273	35.1604332593972515
 755.000000	13.6392993315432705	144.3055738526592506
 756.000000	10.2932450666517923	173.9671286747069132
 757.000000	10.4693756846541532	22.2716146537300119
 758.000000	13.6282259158691499	17.9430274786776636
 759.000000	10.0818401732076648	144.7575613338404708
 760.000000	12.0700905601410007	29.2386313921267345
 761.000000	9.9838043309064570	163.3537527729612862
 762.000000	10.2212071589972489	38.4104623320831706
 763.000000	9.9277791993148909	28.6725448002960377
 764.000000	11.9974353483487572	11.1091327345772584
 765.000000	16.3196738687935401	160.1869293284055118
 766.000000	14.4037014692302705	59.9412575068790687
 767.000000	16.8495453294591471	152.0665110322601663
 768.000000	13.8341893683263013	81.8184889709445997
 769.000000	13.4865182128569305	140.5472641001231864
 770.000000	11.4812130109369992	48.6475052884067622
 771.000000	11.1051266771623087	65.6921977240582891
 772.000000	12.7462288915125779	54.6356734297003470
 773.000000	12.6463634106377150	40.6425346034063182
 774.000000	12.7905996736728458	39.2503121608787922
 775.000000	9.9799816392709921	26.9555255071995816
 776.000000	12.9451469685635256	59.3001917703173547
 777.000000	9.3288991914426305	177.1716758929318303
 778.000000	13.2485128740900535	75.9666429032843666
 779.000000	10.3676895142083971	52.7402684870066025
 780.000000	9.7661296489964560	28.6435351302047536
 781.000000	12.0559660286558721	152.2663044950930100
 782.000000	9.3266279086225943	53.3830410642256794
 783.000000	11.7925488804330740	157.1355627594745101
 784.000000	10.4964684512594886	31.8784313574381599
 785.000000	12.6595812593866146	159.2782065635555853
 786.000000	10.3565376451999640	30.7947079820175986
 787.000000	11.0734095841391369	62.9274941071233087
 788.000000	15.8871538661065248	63.0705776150532103
 789.000000	16.8421187868555187	75.3468631066409102
 790.000000	14.0719411125980631	67.2574153564992940
 791.000000	9.4481673219161504	165.2805855567969502
 792.000000	13.6918610519013377	41.6143758454713009
 793.000000	11.5619313910465920	152.3066771303697919
 794.000000	9.2809577345764556	53.0829837688433628
 795.000000	10.1263173011640042	153.8897885040055371
 796.000000	10.9004608151899518	71.6773404168684323
 797.000000	11.4591535474527202	44.3688644568377129
 798.000000	8.1670456911859208	143.4691348759142500
 799.000000	8.7197029823561785	161.2862796130292509
 800.000000	8.8564867036607673	147.1719625355249264
 801.000000	13.4644438527653794	39.5294489580457764
 802.000000	10.6818794814116664	37.4596560472772353
 803.000000	13.6062892868268879	38.8002690297098241
 804.000000	9.6548230681806171	32.5367236979440975
 805.000000	11.7821455593266649	165.8697150650095580
 806.000000	11.5441617630190088	119.0949986185857483
 807.000000	12.5412648412871501	156.1466729729901317
 808.000000	15.7703559706813330	165.9104001368552019
 809.000000	14.4386800907748167	164.9126542816729852
 810.000000	13.5750545081788445	42.5812489412780621
 811.000000	9.9643071345209151	32.7340378979025104
 812.000000	8.8866880090979343	66.4592791045608635
 813.000000	10.2140495212303808	33.0564156306967050
 814.000000	12.8498733364236877	143.4113526854327745
 815.000000	13.7651134128500718	19.1674516109069089
 816.000000	12.2168721950759007	155.3566855107805225
 817.000000	9.5568295349620005	30.6471985073242479
 818.000000	7.1320524084928731	125.6148386713267371
 819.000000	11.9006315901712298	69.1689998258491272
 820.000000	11.6691587169682425	114.7907615866678128
 821.000000	8.8728994826948817	137.4992728544501119
 822.000000	12.9122911413610435	141.7141280244211430
 823.000000	10.6587862063259617	111.0558816977609666
 824.000000	9.0396044065600698	144.0884933912415988
 825.000000	8.5411470365239541	105.8263532707000678
 826.000000	10.2104217947890223	100.1624794445674098
 827.000000	9.6283988181190843	145.5599045831902458
 828.000000	9.3493911314337179	43.0912548213226785
 829.000000	12.8155529190780992	139.2089772743338187
 830.000000	8.1340960006080021	107.1761193401851102
 831.000000	8.4619753920427687	106.1268145044404179
 832.000000	9.2573148475710969	120.2133391343551807
 833.000000	12.3489751603676403	53.7616520964979543
 834.000000	12.9968975886179141	102.8266992404648192
 835.000000	12.0109834658089856	108.6198899310090269
 836.000000	12.2505136405845825	61.3901793607861919
 837.000000	13.1915540385328161	124.9087079427631579
 838.000000	17.2048199391084147	71.5308887467441394
 839.000000	16.9080799808334774	125.1195914870669270
 840.000000	13.6063374914238864	104.4164871541124739
 841.000000	12.3659874888807497	119.2048801416200661
 842.000000	12.3512174625418520	138.9828691532820812
 843.000000	16.1754030067435401	133.7775111816505387
 844.000000	18.8644275867755944	93.2915070480480892
 845.000000	11.4655114574290113	60.5845292904072608
 846.000000	16.9160197921814337	69.1112706282649043
 847.000000	9.7596953614766306	38.0848406677360458
 848.000000	15.8540075221343670	112.3433338282482339
 849.000000	20.6605722671493375	93.6620405164742920
 850.000000	14.4579341868311619	139.6449146609620584
 851.000000	16.3050495883087478	171.4227406982368223
 852.000000	7.8679068801318222	143.9804414500091525
 853.000000	10.7394654660769753	56.2699015540233631
 854.000000	12.1749568460104989	106.9368901958790872
 855.000000	15.0115344976344218	82.5178738566729635
 856.000000	13.7221435670841192	110.3265776197393961
 857.000000	11.5462140635182973	32.8445947003255014
 858.000000	17.5776777138762377	152.6430144352353011
 859.000000	15.2449297413611191	166.8846942970647547
 860.000000	13.4177281792014824	80.9095516140851743
 861.000000	16.0448465839779750	140.9504410437676256
 862.000000	13.6089314464060767	138.8245900415125789
 863.000000	13.6335822131275677	130.6923890619266331
 864.000000	15.1098660503815996	107.0241798771820640
 865.000000	19.9553001376510828	106.9233701620592427
 866.000000	15.2605043758917720	130.1908017595794718
 867.000000	8.3641976939057638	105.5782886322009233
 868.000000	8.5944257416204461	82.5228642511229822
 869.000000	8.2319912359217646	160.1550817149090165
 870.000000	10.5367468806359028	92.7202599126276112
 871.000000	9.7885404260483746	87.3191014898865632
 872.000000	7.9120975705030796	130.1359032081728628
 873.000000	9.4329229762492588	84.4255933288097253
 874.000000	10.1997684519109360	76.3091090267633518
 875.000000	8.6323826420153846	151.3754260496074266
 876.000000	8.4877596045023225	117.1084435124530643
 877.000000	9.1767055163319213	108.8216700657906699
 878.000000	8.6489561306726497	110.6726971071606727
 879.000000	9.1247872548264919	114.5943352845192891
 880.000000	14.4619703949478744	151.5929851797000367
 881.000000	9.5149793872199364	137.6292040761193505
 882.000000	11.7661777934209546	41.3960541563463664
 883.000000	8.2610411640911270	53.3677023688350260
 884.000000	9.4678696091829408	38.7219130353983587
 885.000000	6.5889228731558447	150.1361085172096352
 886.000000	7.4284630098267073	161.4567031552172125
 887.000000	8.5624726928686048	125.8766788214492607
 888.000000	7.2385314790341599	150.4140067886569341
 889.000000	8.0122807200083379	97.0101924002075151
 890.000000	10.3445853627879973	51.4215931621595246
 891.000000	10.4947693955518542	130.2709934105777734
 892.000000	11.3293254233982559	17.5440244062767476
 893.000000	8.0989700852047655	158.7602615187528556
 894.000000	8.6158427624855278	108.2505529621803504
 895.000000	8.0871342140008391	7.7598642603841199
 896.000000	11.0858026642543219	36.2253793096880088
 897.000000	11.9712605882348058	28.9812440334868313
 898.000000	8.9120551025664643	65.9326361900974405
 899.000000	10.4563259391019283	88.8960568136697162
 900.000000	10.0975133551663472	71.4706447102920919
 901.000000	12.1726631044741254	175.4492068171882408
 902.000000	13.9342822978823264	164.6313429225563993
 903.000000	12.4887554526091513	163.3394480675697764
 904.000000	7.5051248946852134	26.6667891600348810
 905.000000	8.3427992675434677	156.9361580750144753
 906.000000	10.5886790739607850	36.9068251484684708
 907.000000	6.9938358542010040	100.5757738212566750
 908.000000	8.2576060072548874	72.4596974474428350
 909.000000	11.5251260415680328	101.8849467183202933
 910.000000	8.2277679774067511	97.1443585321693206
 911.000000	8.5505401261937521	28.9285813941590959
 912.000000	8.5055463353519798	108.0716524882176941
 913.000000	8.0760432622169489	88.6132879611381554
 914.000000	9.1790791047040212	76.8852876339760769
 915.000000	10.7933046295998931	111.5181807954319595
 916.000000	9.2630795627886897	134.4959502016445754
 917.000000	7.9064882309122169	118.5123751562375105
 918.000000	9.4582210403326865	171.0425868369663078
 919.000000	11.9549807557465453	63.1229887164260504
 920.000000	14.2121912436700324	123.5492765432254885
 921.000000	9.4001944341305173	107.1457241111191507
 922.000000	9.0401417277555645	137.1043472303455815
 923.000000	9.3155924428055741	58.0180861912593713
 924.000000	6.2176419823190976	29.3016067624059815
 925.000000	6.2671943716706764	106.3857444793348179
 926.000000	9.1960727502886517	105.7688912236525454
 927.000000	7.1319403736846194	142.5220665250099614
 928.000000	10.5594656372876052	140.8653443042687741
 929.000000	8.6702432108578922	131.6106884337812630
 930.000000	8.0439983752353967	140.1709244411095483
 931.000000	11.8764467707713361	65.1794377849859359
 932.000000	13.9821292451673518	155.9485708771362908
 933.000000	11.8400027871683378	157.5935036820362427
 934.000000	10.8125375109367425	123.0565649375164128
 935.000000	7.1778093755219334	106.8591186816900063
 936.000000	6.5417883901719343	12.8026069809690739
 937.000000	7.9916567143251518	24.3110087856187818
 938.000000	7.6639523847979412	35.2751793080963125
 939.000000	7.0069925627976444	132.7069660918717773
 940.000000	8.3738870953232496	19.2634384323597487
 941.000000	10.4237849787682588	103.0260406473215227
 942.000000	6.5100068025618123	128.2577639418969682
 943.000000	7.9444463989227474	148.1821161920986469
 944.000000	10.5339958732165506	158.4549962701662480
 945.000000	4.6373601688164099	51.3408120014689473
 946.000000	7.7656704570898540	11.7629049543586461
 947.000000	7.2976107408939130	14.8772327094358161
 948.000000	8.2209095108866315	43.3253445425327186
 949.000000	7.2768731225773475	49.3908967893553381
 950.000000	10.0295673410846486	84.0883445509360712
 951.000000	9.1111590620871699	170.4068765828965297
 952.000000	9.7738153447407861	25.9291657167211440
 953.000000	9.9198795627944687	43.9795580889699238
 954.000000	20.0228734540283035	84.6976945391733551
 955.000000	12.7689079890718116	140.9115896690566387
 956.000000	12.4456564828459246	43.7406463757118331
 957.000000	9.9004703806183194	99.4757575967621506
 958.000000	13.8733226430854089	156.8808174237741468
 959.000000	10.3232281166168161	165.8705267728538786
 960.000000	11.6966411112375894	169.0460641357141469
 961.000000	12.4035678516475176	163.1830996781472152
 962.000000	12.7755411248557245	56.6123058717005705
 963.000000	7.3068557917156749	156.6941101035204440
 964.000000	9.4023682109766522	164.2498412951226214
 965.000000	13.5165089760492005	153.9631617955320735
 966.000000	12.9608451749026585	127.6908566579555782
 967.000000	8.7557309431418737	50.0761205128422375
 968.000000	9.4265648668480519	46.9952914221990454
 969.000000	13.0874336137336673	36.1944904506492833
 970.000000	12.7762115511275169	149.9862894188438531
 971.000000	12.8555682755559086	115.9619361054799924
 972.000000	11.8789597699694980	155.8812509668937878
 973.000000	12.0429020667137969	72.0462570681556684
 974.000000	14.0275518937844321	79.6672480931730007
 975.000000	11.0348340332783668	159.2854296008396773
 976.000000	12.6040390505033759	54.6891956364426335
 977.000000	12.9172013652487667	48.9999000134739902
 978.000000	7.7005353771362790	104.0718651976333007
 979.000000	9.9574326474552226	127.3412706027337720
 980.000000	9.0476801213234417	132.6819785314297349
 981.000000	9.5550874122292502	113.7912944312560910
 982.000000	7.5751494683512810	92.0823711139004644
 983.000000	12.0156639265670826	110.0782750117731439
 984.000000	8.4107194044119904	138.4053728153848226
 985.000000	8.8774600426509398	134.1530866701158402
 986.000000	8.7826325890751544	73.0319126038604480
 987.000000	9.0203535105460002	135.7426797215579768
 988.000000	9.8844265246433043	106.4734500160297159
 989.000000	10.0474326077055700	46.9417822601629666
 990.000000	9.7888674138234499	50.4876801694932738
 991.000000	8.7448539366848248	80.4129225624527635
 992.000000	8.2062651338496391	95.6934022957957779
 993.000000	11.7789802538107740	80.9444570958880547
 994.000000	11.3725558284336152	78.2340856205972699
 995.000000	10.0302675350071873	71.4822516763719022
 996.000000	13.4091095622355549	26.9246509239134468
 997.000000	13.3557861243037870	61.5394990142102500
 998.000000	12.5424980212570638	57.3909125331300061
 999.000000	11.4733831321717474	116.3630929237577618
 1000.000000	13.6027024824590139	48.7689191286777373
 1001.000000	13.7232127295970425	41.9455842580588296
 1002.000000	14.1394190860946622	36.0635047866655611
 1003.000000	12.8891987758127868	153.0534574273836483
 1004.000000	13.2951598580523367	34.9946247715086542
 1005.000000	13.0784456804658529	59.7164785071991844
 1006.000000	12.6674029907689114	48.2497966708606043
 1007.000000	15.9485233817048062	154.1079882262188221
 1008.000000	14.3675973113635020	61.9594250515127527
 1009.000000	15.4845037129089835	158.1982664542115060
 1010.000000	15.8147484387576984	160.1444781914307498
 1011.000000	17.1201560507629189	69.8232964888795635
 1012.000000	14.9068594605742639	68.1893337709234686
 1013.000000	15.3757438421832564	65.4253702271994086
 1014.000000	16.7059483838436620	86.0684622756254498
 1015.000000	11.8995914078620189	70.1745993426655161
 1016.000000	13.3432964331614556	52.7322800259716047
 1017.000000	9.0985462256915799	33.1343497115183823
 1018.000000	9.1743560521238994	22.1990350435431480
 1019.000000	10.5232361418763141	172.8920730096642728
 1020.000000	9.0294031546750215	168.1505080102805607
 1021.000000	11.5191389467625616	41.7113039725447550
 1022.000000	13.2073779143473242	45.4826256818893171
 1023.000000	10.7832931849515656	175.2387962741134970
 1024.000000	10.9752615381238794	40.7808943414412681
 1025.000000	10.8134439544045104	41.3067316536285318
 1026.000000	13.5822548711293063	140.9769685886246862
 1027.000000	11.6957060611430830	119.2836059999380609
 1028.000000	16.8066449329200900	110.3987078682576453
 1029.000000	14.9523636481051945	112.7280629298782770
 1030.000000	16.5151054027297484	78.2315002048331394
 1031.000000	10.7385434170527336	75.0013156284807110
 1032.000000	13.7902062781817172	164.6959739541592853
 1033.000000	9.8197664290549511	69.5391511451459650
 1034.000000	11.3677581845589906	61.5368512938446344
 1035.000000	8.9598756575945586	161.4182250071119142
 1036.000000	11.8231983267720704	76.2551394182737425
 1037.000000	9.2825425428342179	155.0277153569337543
 1038.000000	8.9773847515784553	93.9339020542904564
 1039.000000	8.1348902263367542	130.9115924949963983
 1040.000000	7.6854596377595552	97.4802775479684271
 1041.000000	10.4341284659286337	138.4452235376867293
 1042.000000	10.7309794941381167	53.0338384356651034
 1043.000000	15.7760633019695291	57.2169364700182683
 1044.000000	12.2025403365015688	49.9236254728099311
 1045.000000	17.0020629370412131	124.1276873202106117
 1046.000000	16.2614451186417313	82.8825164677378865
 1047.000000	11.5414003852485560	162.3049366085315341
 1048.000000	11.4563096982725767	68.9284602083027664
 1049.000000	14.9620923247581370	147.9247880644790598
 1050.000000	13.8160757269595020	155.6865948706451093
 1051.000000	11.6120093824474964	154.7925589376059179
 1052.000000	12.3793695409607984	87.8568001453306096
 1053.000000	10.8136654818295241	169.5397586685043336
 1054.000000	12.0936474076962934	60.5626301089673973
 1055.000000	6.9484920405988433	91.4447689709561757
 1056.000000	7.8435828555650522	54.8273089899341812
 1057.000000	6.7002982792039623	140.4384479094066478
 1058.000000	5.1650030201310910	109.0647898465060166
 1059.000000	7.1467406857002036	159.6743673030330797
 1060.000000	8.9900006825609218	91.2351417430661371
 1061.000000	8.3644198650748489	113.9120925706527032
 1062.000000	6.0238925210972498	78.3188947215243161
 1063.000000	8.4436084512425236	86.4486233377455733
 1064.000000	9.0394431814874014	128.8318182609596647
 1065.000000	8.7143346581650434	122.4589022167928789
 1066.000000	5.3879224107586907	17.8623263547404747
 1067.000000	11.4933289905674627	141.0967979062391748
 1068.000000	10.9872918815174163	55.7985516918863027
 1069.000000	11.5435141126243419	112.3500661780846315
 1070.000000	11.3517321103222031	55.6020724291083752
 1071.000000	15.2068166582091067	105.7223021704805035
 1072.000000	12.5112854269138492	59.1136221881867954
 1073.000000	10.6264818734592357	177.7409505779547203
 1074.000000	10.6779805728190791	150.9438482308896994
 1075.000000	10.5089003081403476	65.1945374421679276
 1076.000000	10.0540242781580975	84.8683130713853302
 1077.000000	9.5416188243902020	67.5161195032630559
 1078.000000	7.5883689929039786	136.5665479954992350
 1079.000000	9.9751053632905791	86.0006531989810128
 1080.000000	10.4266159282124793	89.3307851578651508
 1081.000000	16.5485600685892109	57.3921638637356182
 1082.000000	12.7598307371497093	62.9857084166014971
 1083.000000	13.7167229982889403	155.0274566503462097
 1084.000000	14.2589597681247753	96.5164868686728852
 1085.000000	14.0024604162686508	88.1886430613443082
 1086.000000	16.8276255383121445	72.6059647460664621
 1087.000000	10.0245215357587512	79.2623508088729096
 1088.000000	11.6408543248106451	74.7843137115764165
 1089.000000	14.3562942903364785	63.6258131684181478
 1090.000000	12.4219883942690377	138.9997507926873368
 1091.000000	19.5159635017474571	106.3458475066992293
 1092.000000	12.8473544674127158	89.2869496549784714
 1093.000000	9.8808125497784527	122.8025948512158436
 1094.000000	14.0205785768322500	137.0868196306182654
 1095.000000	13.6572373229871982	135.8199168060947386
 1096.000000	14.7470414773819094	78.7064464334402629
 1097.000000	13.7112143005410605	148.6028510261103577
 1098.000000	7.4603297514169418	110.9503780912469750
 1099.000000	11.5870167100268695	128.8935835298603081
 1100.000000	12.3075151836175394	118.1939569704753552
 1101.000000	10.0695619609631475	128.0724717352580058
 1102.000000	11.0419248759349173	110.2398627670630731
 1103.000000	12.1915386868624029	119.8257700466382687
 1104.000000	10.2855866147760935	120.5445611824497121
 1105.000000	9.9342613006116594	152.5678290070554510
 1106.000000	13.2431048426928779	119.0878335654564211
 1107.000000	10.1927101256611312	149.4938315609280721
 1108.000000	10.6345896495748633	145.3509461662814033
 1109.000000	9.5446220907738777	143.8495749760535887
 1110.000000	10.5520818630505619	137.1662849396281274
 1111.000000	10.1780230608551978	133.4134511836054173
 1112.000000	11.5331385842242931	115.5947926106852464
 1113.000000	12.8596098368451539	135.4036257852114318
 1114.000000	10.3180555054078589	119.0366464483140732
 1115.000000	9.5473807374299700	148.4910360322335805
 1116.000000	12.2758046477088936	109.9042255605455409
 1117.000000	11.0676116930181596	81.4803254381431543
 1118.000000	10.2037096268019081	103.9664957034455171
 1119.000000	9.1152241851912681	66.4813416129655224
 1120.000000	10.5329523292781655	76.5352429577809232
 1121.000000	11.5331054068887688	119.0253390318714821
 1122.000000	15.1690659640034031	129.6962918588909588
 1123.000000	10.4444847699552827	105.8170932601423573
 1124.000000	10.2992552788533693	114.2035320163269745
 1125.000000	9.9538246670712489	130.3008652000474115
 1126.000000	11.8841853371455191	126.9097286817803649
 1127.000000	11.6401718424410205	96.8369817302424138
 1128.000000	8.8087709962911500	142.6024977503153650
 1129.000000	8.8388225116651764	134.2560752858929618
 1130.000000	11.1640113156043910	77.0997331667072530
 1131.000000	8.7814131858197495	78.6961801931588525
 1132.000000	9.1623683402926375	137.0793543030820558
 1133.000000	9.0537618363237495	73.4089165869380480
 1134.000000	10.5741622268690172	147.2143605953402528
 1135.000000	12.4782561331580126	81.4953840321732628
 1136.000000	10.1899748133690693	103.3061248581930016
 1137.000000	11.6557118865270990	127.9799948865101697
 1138.000000	9.6408026461072076	147.2002842107001754
 1139.000000	10.3729387380263205	125.5732670096996628
 1140.000000	10.1939598690135842	133.4620591899896453
 1141.000000	9.8207389661001727	106.9008707862346341
 1142.000000	11.4578420707972963	151.2668424767856266
 1143.000000	10.4664408527216839	145.9022000558399839
 1144.000000	10.2942027505493652	135.3297922173826748
 1145.000000	10.0459827245545235	127.6378091657561242
 1146.000000	10.2149997423736369	124.2514988076441398
 1147.000000	10.7187915820050605	128.3902477134109859
 1148.000000	10.4968470331075423	135.4625257080333824
 1149.000000	9.8022886531623019	131.8970483428998932
 1150.000000	12.7379613931635056	108.8260070703756810
 1151.000000	10.7276128402326218	69.0612836138777055
 1152.000000	12.0929686177273208	101.2962472647504768
 1153.000000	9.3615129979536817	58.3087395729422298
 1154.000000	10.3615721604573707	82.1312276808361901
 1155.000000	10.5012426823284439	119.8882526739535166
 1156.000000	10.9453626090130562	90.7450655384389790
 1157.000000	11.2863159783739153	109.4656683491563740
 1158.000000	13.1235486678375537	110.6898414398069832
 1159.000000	9.8857635731914151	87.4796461751648167
 1160.000000	11.1307826909927385	155.6787124784648597
 1161.000000	10.9175369705827521	89.0062399754143883
 1162.000000	10.4070951956801814	67.5867098431952655
 1163.000000	8.3538893002233507	79.2351268482376838
 1164.000000	13.6359639650243221	126.9523798309629257
 1165.000000	8.8098928625830339	77.8384720217438542
 1166.000000	7.5963409798981063	166.5362078923893421
 1167.000000	9.8918222487136074	33.6489264965702830
 1168.000000	10.3415926093263515	54.2596187266345424
 1169.000000	14.5950708452656475	150.3512791323936995
 1170.000000	9.0183113885503445	126.4142960917047844
 1171.000000	7.5072894889916961	36.9012492160328520
 1172.000000	8.7367631490887767	110.6072525698022275
 1173.000000	14.3806718464462637	56.8973082244474853
 1174.000000	11.8859555522065659	64.8216252407332405
 1175.000000	10.8329853709085544	72.0156855142190437
 1176.000000	11.3598739996908620	153.9383236979373351
 1177.000000	9.9432963052995387	71.7510394531012565
 1178.000000	14.6253881186801422	107.7552743948852765
 1179.000000	12.2728892147136879	99.3873079802049801
 1180.000000	10.8657705165293734	79.3845431736513234
 1181.000000	9.4612643735854558	154.7043884804649849
 1182.000000	10.6853738218587662	117.3594017732666828
 1183.000000	13.6073138850126867	65.1121591164764766
 1184.000000	8.4697503172052926	20.5483772877434774
 1185.000000	8.1683953269128828	158.9562461247870715
 1186.000000	7.2768698156419465	158.7693080816743532
 1187.000000	5.0737956822916574	27.0793373044404291
 1188.000000	9.7445383717066907	21.0905327909119364
 1189.000000	9.8195958861294059	43.6316072132613613
 1190.000000	7.6260834377422304	10.9036638297561410
 1191.000000	8.1013563618239566	53.6336610376196177
 1192.000000	8.8381715670790530	163.6335315336425538
 1193.000000	10.8666103830874867	151.7192218632364131
 1194.000000	7.9900652959137073	143.8642548950476225
 1195.000000	7.2480198111112220	126.6679226748048279
 1196.000000	8.8987246891454497	169.6615488873279958
 1197.000000	7.6631096575922228	52.7033414390512291
 1198.000000	15.8906977351679330	131.2348958148793940
 1199.000000	7.4460298811312295	136.2913930987573394
 1200.000000	14.9833677085961376	87.3662588203087438
 1201.000000	16.8540385773426671	124.9177990131547489
 1202.000000	20.1182413844976402	103.4329000374672773
 1203.000000	18.7554854929062458	133.1376568351936100
 1204.000000	15.4150859341644981	47.3168470024278633
 1205.000000	16.4389138090283993	114.7694867839455242
 1206.000000	15.1441643538157820	91.1853526047501930
 1207.000000	16.2050559644333845	153.3605328133476746
 1208.000000	5.9225850364906565	46.9593506583908606
 1209.000000	9.1824555938867221	129.1232953200957922
 1210.000000	11.5590237097453024	163.4582603269459185
 1211.000000	8.1403590887659192	49.7724403999774268
 1212.000000	8.0860407590061048	97.1491567914892329
 1213.000000	7.3364222740803751	75.3428338770813326
 1214.000000	6.5067397076898166	74.1662008732311193
 1215.000000	8.0082446646817722	83.7734883309170044
 1216.000000	7.3518436045052900	51.4185421784685275
 1217.000000	8.6758464048723720	55.7939146097319423
 1218.000000	8.3109718611390395	49.3608298361830578
 1219.000000	8.2286977538615371	85.1209226111941177
 1220.000000	7.1616253010909157	118.6805011261799052
 1221.000000	9.3621112835054987	84.2700029132649604
 1222.000000	8.4452885819133687	144.2103993613691273
 1223.000000	6.9563496468058004	141.6319083822089056
 1224.000000	9.8942742946359328	114.8177372454500045
 1225.000000	9.5417941225696286	145.9567354481490611
 1226.000000	10.0903449664155147	114.9304381998521478
 1227.000000	9.6699589473191843	137.6657042616748754
 1228.000000	15.8744576730988989	134.3504640646263795
 1229.000000	7.2986243781341598	150.8663209511958883
 1230.000000	12.6161038118673918	73.8328260397172187
 1231.000000	8.9196350174134906	90.9527340165755902
 1232.000000	13.2435487198016197	93.7028000970386046
 1233.000000	10.6612735403874535	105.4222715511540116
 1234.000000	11.1325764820125190	88.6287350389283972
 1235.000000	11.0656955349906401	69.8409954273682274
 1236.000000	11.8247036325790429	96.4751352166727543
 1237.000000	11.5952703467419482	96.3838846959352651
 1238.000000	10.5719284937047320	125.1805657933319367
 1239.000000	10.4452269162630991	84.0944515629442151
 1240.000000	10.8574496875389528	94.2750229615774487
 1241.000000	10.7749811231456345	70.9630159321387595
 1242.000000	10.4557802314025725	98.4933810153003009
 1243.000000	13.3420331619285850	94.4819763069043574
 1244.000000	10.5284116771620617	110.4458250446860319
 1245.000000	10.9505178616611438	91.9427277352690879
 1246.000000	12.7730132424162210	98.6133898829136939
 1247.000000	12.0485802767998482	79.6856921435232550
 1248.000000	10.8528531321813926	84.2156176682658071
 1249.000000	8.6510316105040079	51.7517260613594487
 1250.000000	12.5185373569923257	94.7060239394268422
 1251.000000	11.3977704647311704	158.0975161454406077
 1252.000000	9.4985688219436373	78.3449162736305311
 1253.000000	8.1488663440852864	79.9150575859000014
 1254.000000	10.7991799912619104	95.1529434128653833
 1255.000000	10.3519736980547723	143.0797447634901118
 1256.000000	11.8126975167709354	93.9781114590601732
 1257.000000	12.7783590666612614	133.0539335101731808
 1258.000000	11.9126109208274524	115.5477535696701068
 1259.000000	7.2489419216036630	116.4741879934258009
 1260.000000	9.0355682038381921	73.8214076554470324
 1261.000000	9.7527169814626813	105.6599937606064401
 1262.000000	10.2755562861333285	105.7220289884420339
 1263.000000	10.5399501324644156	116.3506264398899930
 1264.000000	13.0814049971550102	68.9766456499066294
 1265.000000	11.6708561093109680	73.2405531119693762
 1266.000000	13.8138411552348739	63.1873967487695154
 1267.000000	11.5063712211076155	169.4176271374113583
 1268.000000	11.4676728892643460	105.5429881923096076
 1269.000000	7.4098952155789775	125.7785299071778695
 1270.000000	12.0280114579635917	87.4607494352887898
 1271.000000	9.2917446496742997	65.7205298569659107
 1272.000000	10.6416685362911885	74.0992932504256743
 1273.000000	7.7798407233238311	65.7548298696239755
 1274.000000	10.3334196385582580	109.1208906150590536
 1275.000000	8.1058634932594824	78.1882530628758019
 1276.000000	10.6563504846609405	105.0106477072491344
 1277.000000	8.0598309380723361	107.5684068517245038
 1278.000000	8.7570899711753913	62.2292961003438165
 1279.000000	11.5846189086928106	111.2503689139073941
 1280.000000	9.0427016349419524	108.2088188647135780
 1281.000000	9.8026542191099040	29.9352648361291074
 1282.000000	10.9438627003519091	163.1341286793472420
 1283.000000	16.2967497415659857	86.1092998447586808
 1284.000000	9.5592841099508963	111.0365687481164514
 1285.000000	10.2112307769634345	76.8064439895292423
 1286.000000	8.9288201880272133	120.5387982330232006
 1287.000000	9.2212681374306928	93.6761110832852921
 1288.000000	9.3215688460421866	72.1884753735494940
 1289.000000	7.8515644854444133	74.1447685401425076
 1290.000000	9.6083519210395139	62.0408064397980326
 1291.000000	9.5491897326062123	67.4043379188379959
 1292.000000	9.9131502266618945	94.8330360105532009
 1293.000000	7.7441306730111696	108.8411418295274160
 1294.000000	9.0380641390305119	117.7134595790024889
 1295.000000	8.1028443457754200	97.5879409153604200
 1296.000000	8.7870412831847666	125.6325564970460533
 1297.000000	9.5631569958208882	130.7017117872340464
 1298.000000	10.7847827651144339	138.5990146134992358
 1299.000000	9.3185213605294877	118.8669891374712790
 1300.000000	9.8038194047685874	70.3821025110772212
 1301.000000	10.6337786659307021	63.5783595881488424
 1302.000000	8.1640466990794600	113.5792097861442329
 1303.000000	10.1393437856467319	157.6926922619641402
 1304.000000	9.4760354736133063	108.1114792302509926
 1305.000000	12.0563465865299690	170.8671925873228474
 1306.000000	10.6868890955866522	87.3199001996713093
 1307.000000	14.5281300249708956	111.3262947293106464
 1308.000000	8.6910924576716759	50.1288967711021201
 1309.000000	11.6455609737450914	55.8000020241368446
 1310.000000	9.3551204527971894	159.7326600024947254
 1311.000000	7.1720210238205135	152.8576548183002046
 1312.000000	8.2184718291810412	96.9485284937179301
 1313.000000	9.4920586178844069	109.7814203919441809
 1314.000000	8.4628820084457939	82.6120166072786191
 1315.000000	9.1861156755974402	112.4052207380170927
 1316.000000	8.1402756625394090	93.6508379309460253
 1317.000000	9.2960107645000054	128.6009051661216915
 1318.000000	11.4647818726362978	87.5233265072074005
 1319.000000	6.3361512021196384	64.0840736503914883
 1320.000000	13.6234362719906681	144.1865656715401371
 1321.000000	10.6303973909496214	107.5311801718013953
 1322.000000	12.5446870881551664	99.4127116646865971
 1323.000000	10.7934281318644061	118.2223756519565825
 1324.000000	7.7296170099461845	110.1139909267689347
 1325.000000	7.1484715135887615	97.6411681815224028
 1326.000000	7.9483509125180971	30.7235086948122387
 1327.000000	6.9584101730038519	42.4023154852186224
 1328.000000	9.9010162351452475	32.3510382609581200
 1329.000000	10.6100473373050406	155.2806541116873404
 1330.000000	11.9679774718221310	121.9301178300899267
 1331.000000	10.8020321002713011	133.6059976988693165
 1332.000000	10.1343550778035212	95.4762648550824764
 1333.000000	6.8440329722799165	156.1153647567323901
 1334.000000	9.1790612826052733	87.8854062625741363
 1335.000000	7.6255118880670238	26.1403650136172416
 1336.000000	7.4671157350319071	23.9071497315606791
 1337.000000	12.8624832560249303	126.2608055053448339
 1338.000000	12.6037674699908724	143.3581471597285315
 1339.000000	10.0501849162883854	79.8079575921619409
 1340.000000	9.9026871811799744	100.1265093176520935
 1341.000000	12.5264000696223974	170.8024046813758616
 1342.000000	7.4240561281337873	152.3453039718920934
 1343.000000	8.6314773905030631	65.6505179020905985
 1344.000000	6.7248208315993621	177.0796019645717365
 1345.000000	10.6390208047755799	129.6216106354558804
 1346.000000	8.8130184284974842	119.0796915027072913
 1347.000000	10.3672262267914483	42.3346836395262187
 1348.000000	7.5511721169975399	30.4043289363186204
 1349.000000	12.0254921949990301	69.3832018673967781
 1350.000000	10.8395688306960700	66.9291540700707088
 1351.000000	11.5194742671107715	71.9606645413083044
 1352.000000	10.5958021121742707	117.0743999284589876
 1353.000000	7.6457578769970924	67.4633935856137299
 1354.000000	10.0409928903746568	66.7923280779189383
 1355.000000	7.3528116025019248	9.9402590871948746
 1356.000000	7.9348478811745933	71.7993810495220970
 1357.000000	11.0211073705713893	75.4058154525826865
 1358.000000	9.3416138407238147	112.2815407289048153
 1359.000000	11.3874309524460919	71.4486100033109892
 1360.000000	8.3194718394275409	96.2494545666151993
 1361.000000	9.6882061651096461	88.0711267348600160
 1362.000000	10.3333368980632088	68.3773932289817310
 1363.000000	8.0210862312295781	58.9029825666224696
 1364.000000	7.1060386800100952	46.0820907763051366
 1365.000000	8.8459988355299721	38.5832107336639183
 1366.000000	8.6323857745465880	62.6971259145781943
 1367.000000	9.3316819655756529	35.2770084341611607
 1368.000000	7.5611729207019733	71.0892025564400143
 1369.000000	10.6100856919687914	32.9246921568502842
 1370.000000	9.1854538718340688	57.0379606661152394
 1371.000000	10.9988214411248766	40.3861734956007581
 1372.000000	9.9526966964310084	59.4072201113631166
 1373.000000	8.4099196167740899	64.3858263006914910
 1374.000000	8.7789207267599227	60.1585185640989977
 1375.000000	9.1241446196133378	73.2060387592307649
 1376.000000	8.1997963730541841	92.8548724569029531
 1377.000000	7.2153395763522692	83.9985329022484279
 1378.000000	9.0079841428649470	149.5696256628038725
 1379.000000	9.7791042220346043	134.0860891330294180
 1380.000000	9.8748102063346010	60.4814566458059204
 1381.000000	10.3937925212928022	63.4915114021113425
 1382.000000	9.6655542344574243	74.9288659902252050
 1383.000000	9.8527929611443010	85.1252675149953291
 1384.000000	8.4747246439252795	100.1560084737988490
 1385.000000	10.0216435047088464	65.9324518708141341
 1386.000000	9.2767576058606149	71.2886667713137570
 1387.000000	9.3522214035383531	83.5652769648324636
 1388.000000	10.6213701125790703	48.7132469113242621
 1389.000000	9.2670038045053591	45.3174943842934397
 1390.000000	7.9487652799751780	74.5395824741500519
 1391.000000	9.4872313891043643	40.8704356245185068
 1392.000000	7.5647009611536724	55.7482081257694659
 1393.000000	8.2689417400443297	48.1752788758271038
 1394.000000	8.6639697091285832	71.8124047282603470
 1395.000000	7.9504221150962149	66.9823054052823466
 1396.000000	10.9451453343415874	54.7441100038884372
 1397.000000	8.8298251803169698	75.9489550741780732
 1398.000000	9.8800970046725265	73.6396052214525412
 1399.000000	9.3077656102210948	144.8622332726023387
 1400.000000	7.2138302858239332	164.3524909690890468
 1401.000000	9.1870932839724269	114.2981738683714354
 1402.000000	8.2020696285206309	82.0807804328705544
 1403.000000	9.8834930794572600	46.1438357336137983
 1404.000000	10.9924595261305615	44.9620829706688312
 1405.000000	7.0834344404970748	52.9058390917699484
 1406.000000	11.0903898327943438	72.1405912908102636
 1407.000000	9.0580892659009340	81.5826539892510567
 1408.000000	11.3457291822101602	113.4409686126221146
 1409.000000	9.9033772310053934	76.8531798212366937
 1410.000000	7.9427693480887882	78.0606753335975583
 1411.000000	10.1713527295824910	99.0659412494143368
 1412.000000	11.4270910542151061	28.8148986966305927
 1413.000000	11.6805477442052936	62.0651758548504233
 1414.000000	12.3840608134616730	94.1772417976310692
 1415.000000	12.5070291853241820	77.6290721711940108
 1416.000000	12.3173669279894114	87.1378047041779666
 1417.000000	10.9953879046746792	101.6786667008075966
 1418.000000	7.6447254468628554	84.8075527299874636
 1419.000000	9.1749627043843471	31.1225021295095985
 1420.000000	10.2539979140792923	146.1953690986836136
 1421.000000	11.3197813471169457	149.8688961407278555
 1422.000000	13.8471138659021715	89.3414181400911360
 1423.000000	10.2671387106832874	132.1121338021990539
 1424.000000	8.5663015038266614	90.6398476898141467
 1425.000000	10.4204417656426767	142.9720651796432378
 1426.000000	8.3909588987862538	71.2644266704090938
 1427.000000	11.1597497582486458	44.4444888786545107
 1428.000000	11.2077834024007092	129.0479821221691736
 1429.000000	9.6238518154065655	78.7146734424361938
 1430.000000	10.5732354349909556	69.5591858146217561
 1431.000000	8.2530488023077382	155.5458506227327860
 1432.000000	9.0721654467554185	105.1197286914009936
 1433.000000	9.1311311768820200	53.9121458061632524
 1434.000000	8.2011752719712181	63.9388482712597863
 1435.000000	10.9788360629750663	62.4134688556435719
 1436.000000	11.9274786254912382	61.9758354340472977
 1437.000000	6.9472392598035428	44.6413526012461546
 1438.000000	7.6077775571562851	21.6817856083430627
 1439.000000	8.4938000189396838	72.5326859194683777
 1440.000000	12.0891962642128128	162.2200472810107215
 1441.000000	12.7910998896772075	149.5767991312891354
 1442.000000	10.3849346814282963	43.0314179420555547
 1443.000000	7.3979769115360146	127.6712889100400332
 1444.000000	11.5786948274793424	162.6080097946625642
 1445.000000	9.2398142948114028	52.0602231684831054
 1446.000000	7.5649292510640249	47.7929016999364649
 1447.000000	8.3225518871761555	34.2767128985970544
 1448.000000	8.3677208201067508	41.4169088809069876
 1449.000000	11.1507874841233807	40.4939873189584603
 1450.000000	8.7306376565837169	22.2929598485617930
 1451.000000	8.3684386747938735	47.1281200975755610
 1452.000000	9.2088435748869806	57.6163459547787085
 1453.000000	10.8141113739648702	62.1045764634826440
 1454.000000	7.9314766516377606	33.3286969416058412
 1455.000000	7.3187861695230998	63.1444930886323164
 1456.000000	6.2644545436518149	145.8196979616550379
 1457.000000	9.3796015993527480	32.3264310504242189
 1458.000000	6.7044575872493191	68.4124484100611738
 1459.000000	9.3249639513816138	71.5692846160424381
 1460.000000	11.6589128555671628	171.7136131830405930
 1461.000000	10.7395745849147310	156.5679619771097180
 1462.000000	10.0909260231432469	168.6234688738932164
 1463.000000	10.2856651440054492	139.1830735908098120
 1464.000000	12.2337500757955659	176.3262490775276774
 1465.000000	12.5047154609461035	65.1792581736013261
 1466.000000	11.9397642889961073	29.0096919187655544
 1467.000000	9.6086104922120619	49.6188049342281658
 1468.000000	9.2236774092675837	50.0102761738786228
 1469.000000	8.9011446687283104	43.5595157679787803
 1470.000000	8.5311969457740222	40.6998740657050746
 1471.000000	11.3365429382643512	163.7148944086333984
 1472.000000	12.6896320441354451	51.2105760313685039
 1473.000000	8.1268740888578268	109.6902711096915510
 1474.000000	11.5235412506792567	138.7865964572023358
 1475.000000	8.5252852186701382	124.0681079072557509
 1476.000000	9.4114950746212251	137.3116305165522704
 1477.000000	8.1742057486851198	128.8841757414186304
 1478.000000	10.5983340578050829	146.3264725096651091
 1479.000000	7.7430786264420108	100.7043337788648927
 1480.000000	12.3132007631644882	162.7630510476469965
 1481.000000	11.6276778784383801	131.6195153278116265
 1482.000000	11.4523022964031522	121.4775657883898958
 1483.000000	13.3970630183383825	106.4856515499358238
 1484.000000	17.7022596917411761	57.9503407392143259
 1485.000000	20.4039732324530227	141.7730538447174524
 1486.000000	18.3582054250435682	90.7059173397812373
 1487.000000	13.5534634639469100	108.4159542009429913
 1488.000000	16.4534005571896635	96.6947788174799285
 1489.000000	15.4578685017678499	157.8919892809291241
 1490.000000	13.9571344134811142	130.9245511420278376
 1491.000000	22.6102473102976376	92.0923051959690326
 1492.000000	18.8442454863952058	94.9178192768574860
 1493.000000	18.6600845874349339	113.8679241438717185
 1494.000000	21.5038086675733879	100.4648401176957435
 1495.000000	16.0439112549589495	97.1115595527641773
 1496.000000	16.4327072109579113	115.4746254135690009
 1497.000000	15.8946048112230418	112.2891000998146041
 1498.000000	17.5958306581998478	113.3456397330395049
 1499.000000	15.8872465764124140	63.3013670599644911
