 0.000000	6.0017071079319058	70.6211583694398115
 1.000000	6.7882504615124413	11.5618222245886386
 2.000000	5.3599853703354725	142.2576979178710133
 3.000000	5.4974190298924510	26.7816267746669610
 4.000000	10.8956935318622445	75.7388717649684509
 5.000000	11.2426103156326036	54.0681120180958459
 6.000000	8.0615135377953404	50.0952708559890993
 7.000000	9.1351886564552789	16.3895362146646733
 8.000000	5.1071522754881657	126.3141627374317579
 9.000000	5.8520540102455723	87.4981754887465684
 10.000000	10.6565359400595039	128.0806668274437357
 11.000000	7.5923102386559496	78.8145846667222258
 12.000000	6.6776539991044013	23.7580509276844793
 13.000000	7.9676432939182362	127.8919531799441529
 14.000000	7.8558317938127331	123.7982270102483540
 15.000000	5.6497819995121787	82.8136993576960379
 16.000000	8.3904014473426667	66.1481853359965157
 17.000000	8.3563841779652339	126.9024110624680759
 18.000000	7.6689559917649008	132.2720805012152709
 19.000000	5.9846148521716405	144.3453147035067445
 20.000000	5.7752741339679350	93.5500204609208481
 21.000000	7.8967999315458695	81.3463779803527700
 22.000000	4.8656097951036097	30.3042170647705973
 23.000000	5.5600152175745006	103.8291644358971695
 24.000000	4.2517508032681341	110.2008451876750428
 25.000000	4.8116330361141584	103.8398967734278102
 26.000000	4.4627017106979032	115.8211485418221685
 27.000000	9.2408034674348745	98.0761110703151218
 28.000000	7.7127732726173157	41.4221831790547697
 29.000000	6.2876103499253526	31.7298287934605412
 30.000000	10.4169017240570803	107.1458621538833853
 31.000000	9.9571278410193216	114.7517930976570852
 32.000000	10.1484638267381122	121.1880891677553649
 33.000000	6.9023357456633772	17.8124147295588955
 34.000000	8.7515283093341996	134.6858951142414753
 35.000000	9.6133976188347781	102.9019183428630839
 36.000000	10.0423566778641167	139.9205350944745305
 37.000000	13.7898697534925052	118.0650988236620265
 38.000000	9.8391586620540092	106.6010503789592150
 39.000000	15.6020642502752178	91.4373730556154385
 40.000000	15.7597286070390723	84.2871085865279639
 41.000000	16.1444350511617607	98.2914034798054956
 42.000000	13.1422992364947753	86.6869651333735050
 43.000000	12.5928912799197015	149.1671729758756157
 44.000000	10.7596470271623001	22.1015537111383935
 45.000000	14.2612057095632370	44.0375822187200470
 46.000000	9.7687879525126124	41.2881369996522096
 47.000000	7.0997624115086611	88.5113529540547148
 48.000000	12.1841248638101298	109.0732326037265949
 49.000000	10.7924618551653229	128.4691365096275035
 50.000000	10.3424705148402776	96.0466894873626273
 51.000000	10.8218821104576630	121.1848899423072652
 52.000000	13.3900034368455021	120.6236554968571966
 53.000000	9.7400851678191831	59.8612484997795775
 54.000000	10.8863263779315460	82.8446546123041543
 55.000000	11.0320795910270313	119.5671815617939870
 56.000000	7.3915740886384738	78.0619670588909571
 57.000000	11.3986441106878633	115.0588964883646952
 58.000000	7.7792807976501663	127.8975957376148074
 59.000000	10.6869965979483581	110.0708518299319110
 60.000000	10.9124798323633936	132.2084632454370023
 61.000000	12.0068875761011107	47.3485874349816243
 62.000000	7.5590062746858049	100.7019037073597616
 63.000000	8.2216593248231860	94.0366906779428149
 64.000000	10.0039690027779198	102.6045267204831646
 65.000000	10.1606990629949152	135.2788164279265573
 66.000000	7.9955656887807054	82.3477097893645720
 67.000000	8.9727121215055270	98.0784157834513906
 68.000000	8.4301447160355867	78.1179450801327704
 69.000000	8.3220400546382276	87.8226192584733099
 70.000000	8.0420389786369846	115.4758508485724491
 71.000000	8.4347169991407647	89.9484981605992431
 72.000000	9.4750516261297051	107.4700062587655935
 73.000000	11.2414036536196811	166.4386729087031540
 74.000000	10.2043918681951595	128.0015876529247123
 75.000000	13.6176078357919490	61.8905570167365227
 76.000000	20.6371199273050472	72.5246618315495084
 77.000000	13.3581067865676175	63.9726191842300267
 78.000000	15.4797339719665139	36.0071861418672654
 79.000000	17.9343924683765934	49.2251708896931461
 80.000000	13.2196741286301496	51.8147522773542732
 81.000000	9.3906855400772464	134.0671488927279142
 82.000000	13.6453762679662560	98.3266273643909585
 83.000000	17.1965878635295795	132.0002926196875990
 84.000000	12.7990897509862442	55.6175262242332167
 85.000000	10.2530507110536409	94.6565501059401129
 86.000000	10.1010014242612893	111.0831537574078283
 87.000000	16.7416060591520584	104.8530145966440017
 88.000000	14.1786693853926860	76.5630072936689885
 89.000000	19.0749470991445769	147.6795928203394510
 90.000000	17.5490376048167214	76.5815410932952432
 91.000000	14.9436220926652439	124.6683093168213645
 92.000000	11.4532564826124492	78.3805981014858872
 93.000000	14.5249158566982146	116.2131676900431216
 94.000000	12.4641262923497838	50.4518527824300236
 95.000000	10.4315952947883197	102.8583668523827868
 96.000000	10.3126559248167666	133.6951359975112155
 97.000000	11.4620195585241547	63.5019280008292668
 98.000000	12.3166873895385969	82.3790820357767046
 99.000000	9.6125200271791496	70.7768029892757511
 100.000000	8.4152514781592771	102.5295896127046973
 101.000000	14.7941159237885937	71.6229167896217120
 102.000000	16.3427593238095525	134.4114729159350645
 103.000000	12.2083172210331998	148.8738452071542042
 104.000000	11.1528508183953861	93.1086093809622781
 105.000000	14.4572457137771373	154.9342806998380127
 106.000000	12.3888722008927328	114.4829394786008407
 107.000000	11.6938867798687802	59.6360143636639606
 108.000000	10.0982641752637274	163.3299844055629535
 109.000000	11.4770167120993190	65.1266626177476127
 110.000000	9.4029667424512997	120.5303884338925400
 111.000000	16.1402006283226953	49.4651023246705108
 112.000000	16.7837425779276330	108.7069910956977594
 113.000000	13.3359878765247899	146.8260216763280823
 114.000000	10.9777848709020045	106.5338936152215439
 115.000000	7.7348336876673951	99.6742028791566810
 116.000000	12.1406201260536122	135.2649546218729029
 117.000000	12.8641110490135855	53.3444257724060549
 118.000000	15.5179301088923953	103.0063507231831181
 119.000000	10.6359533869462428	122.1552378615086525
 120.000000	8.1388046899482340	144.1549723926181628
 121.000000	10.2251085581428498	112.0045763232721754
 122.000000	10.2327976284038478	121.8409298645031100
 123.000000	11.0872336083284235	114.7959810351723746
 124.000000	9.8536441713165193	68.1399900065216286
 125.000000	10.5306598148693773	107.1924753804579211
 126.000000	10.2600182646688758	95.5853891897297387
 127.000000	13.0527696046455706	152.7909129616305677
 128.000000	8.7317086823178087	72.8899014610340714
 129.000000	13.5126636033712852	51.7588121219589254
 130.000000	10.5554835795451680	88.7415728273670936
 131.000000	15.9001792847693455	38.3559170552752562
 132.000000	8.7402655535983786	69.6775725674245336
 133.000000	7.7625036209793201	90.1758190823166927
 134.000000	13.0183199823224509	162.3979296053398116
 135.000000	16.1626409318233399	108.5320519745816341
 136.000000	12.9616473446418095	17.6506763886332294
 137.000000	13.2232028466362266	124.9072462120797411
 138.000000	12.1988061059754411	111.8559050545351425
 139.000000	16.6511897092311116	89.4016873875975193
 140.000000	16.3917618511145022	54.7314537077343317
 141.000000	17.3439416120858532	104.1702849828830040
 142.000000	17.5156911314716481	96.9964572875454252
 143.000000	19.3662097311013035	138.2744633270580152
 144.000000	18.8611867224268650	130.6662006173081920
 145.000000	19.0272998819917341	123.3540484735799794
 146.000000	17.1683263297046764	139.5934557752576097
 147.000000	16.0835618658266597	152.7066039600828731
 148.000000	13.0878722873911748	53.6829681096067048
 149.000000	9.9251205784933560	115.0652331653747638
 150.000000	16.8215190905089713	111.0056566291285094
 151.000000	12.3330231683957479	68.0740815617908197
 152.000000	12.5385906620689358	63.4788775031636305
 153.000000	12.7465555147103906	100.9578221516346872
 154.000000	10.3426216273368112	29.0922852424839959
 155.000000	15.3206320024091411	61.1383018689104318
 156.000000	14.5298349979149517	67.7428588127480964
 157.000000	11.3620564817965786	132.1137499468355827
 158.000000	13.2275558481774063	69.4212255078053602
 159.000000	16.4749162419880193	133.3853500233208251
 160.000000	11.9982332227188824	94.6916225188957412
 161.000000	11.8026639106986533	62.3232095777959074
 162.000000	11.8302744980724732	89.3380154089511791
 163.000000	11.5562964755835544	90.6413363946124093
 164.000000	12.4076410444832721	127.7227783099163219
 165.000000	11.1336902828827959	64.0383759316186882
 166.000000	10.3750947697401674	58.3443427708746327
 167.000000	12.8656020980231816	153.0561927945836942
 168.000000	11.3420703670565057	160.3212971231340589
 169.000000	13.2288101153129958	53.7696395407163692
 170.000000	11.8821303423208402	71.4747779535574921
 171.000000	14.5101174387073879	85.6278097995380847
 172.000000	17.7873571610814167	119.3388792872406441
 173.000000	19.8267088170689938	125.8097458779014062
 174.000000	17.3793805503430292	51.6944131527432660
 175.000000	19.4818345947037166	114.0505277001819309
 176.000000	13.8176987398567999	104.8256627037852979
 177.000000	16.6502080660545992	125.8892663934933580
 178.000000	17.6960327767982584	128.2331605689361140
 179.000000	17.1948855564406387	144.4612579454469312
 180.000000	20.0871203679279056	121.9214148992029152
 181.000000	20.1857760861307405	82.9088502577072290
 182.000000	14.4996507654200855	107.2008607311866228
 183.000000	16.2493423930019958	88.3907675370753196
 184.000000	17.4111481321929809	113.6912832199858485
 185.000000	18.3068056378556996	89.9954735375771833
 186.000000	17.2888318192332626	31.4678112748954391
 187.000000	16.9263290861711582	118.3495583307446282
 188.000000	18.6022492016817793	140.6816939680451242
 189.000000	12.8432731521354384	75.7138869558588823
 190.000000	13.3552715521406071	56.8357165097855699
 191.000000	11.4960437702976694	102.9564460336888061
 192.000000	10.7608065504496029	128.1528130506469552
 193.000000	17.7275318724031195	115.0445577560743402
 194.000000	12.1918212534964443	121.7275308781680394
 195.000000	16.3533847455296701	142.8289668141022730
 196.000000	18.8699327606812837	102.8432035033191028
 197.000000	17.7629984356018760	26.5244389080090457
 198.000000	5.8841587900539194	140.8247515297075552
 199.000000	18.0342314511065176	107.0240584327029438
 200.000000	17.3408014640322996	121.4885265927389355
 201.000000	11.9991731633130065	118.6897014212877366
 202.000000	11.4898070895839144	99.9319927088561570
 203.000000	9.4424232598710667	120.3577156097455401
 204.000000	15.3885180690225933	120.3436826941455990
 205.000000	7.8066987768788296	127.7147278246756201
 206.000000	10.2101316202441428	56.4792713622612723
 207.000000	10.1561681982576939	109.6931814720453389
 208.000000	10.4851661998500987	15.0971943490107492
 209.000000	5.0700932531495049	131.2508213353513327
 210.000000	11.3403661418681594	124.6922862781195391
 211.000000	14.3346095360101184	51.2775477228236696
 212.000000	10.2692851996565562	95.9088098657345114
 213.000000	12.7628181722269769	68.9548901498830844
 214.000000	13.3526352135846871	86.0286613702725020
 215.000000	16.8952545053648677	98.5449686835541740
 216.000000	18.5700943813073032	109.0014327793909388
 217.000000	10.0598812584134514	31.1157045493360158
 218.000000	14.4284528935716789	39.7518138360748594
 219.000000	15.4374427975893465	84.2333496180306440
 220.000000	14.2749747565140268	50.7687542766041133
 221.000000	16.6282558325279339	150.2258488382250334
 222.000000	13.9958395785234941	72.0267525117009484
 223.000000	14.6829671931193655	59.8560092883013226
 224.000000	11.2066520528399707	84.2794734072593741
 225.000000	15.5571913463341449	99.3511586058851748
 226.000000	9.8342839613827202	87.6254797942514614
 227.000000	14.8867014069160639	111.0855936006150841
 228.000000	12.1901737829473547	90.1624926055738030
 229.000000	13.7461212545246454	71.4120268137660332
 230.000000	14.0277481754088686	101.2859277138849592
 231.000000	14.7245706530964142	81.3080506557490423
 232.000000	10.4899246977206264	126.1510268047853174
 233.000000	14.0100273707669523	140.5894848089367031
 234.000000	12.7286078399518203	127.4258268206306184
 235.000000	14.3195829628037252	94.7262775824665795
 236.000000	11.1278530901392330	78.5243325655663398
 237.000000	9.3961480253400183	139.0089435307225187
 238.000000	12.1295739266501919	117.6226022174350163
 239.000000	15.0049709227750760	111.6837744714588041
 240.000000	13.2592644278645508	96.6092036068083218
 241.000000	11.2615589766570690	99.2058026436261144
 242.000000	15.8838082869186934	77.6866345061482093
 243.000000	13.9911478144027495	140.5289661213389536
 244.000000	10.1267888432942446	78.3317037429598884
 245.000000	11.8996333179213227	89.9273156012586838
 246.000000	13.9648200013024777	139.5220150260604441
 247.000000	7.2484644488450618	89.4822506550341217
 248.000000	13.3253217388724536	112.8078833778419892
 249.000000	12.4354878528070874	79.9953019099339713
 250.000000	17.1527058506145522	123.6750398507112436
 251.000000	12.4227736218056730	39.5468951521179122
 252.000000	13.3305555409857828	66.4697675208334147
 253.000000	9.6289087238599365	48.0050045689644378
 254.000000	16.1720262260141077	76.8686773566162316
 255.000000	12.9153422956083990	70.0633858748631724
 256.000000	10.0286219508072261	101.0949961949347937
 257.000000	8.0367691840477224	139.4362228979203735
 258.000000	8.2743501567234219	115.5010527287888493
 259.000000	10.4874655356391369	46.0444476675321539
 260.000000	9.9843906376010185	51.1894185116243250
 261.000000	13.6073538958846871	33.8064823185177943
 262.000000	14.7342686516411714	51.4568783440843447
 263.000000	14.8900320090397713	44.9490652071881129
 264.000000	12.9786360838491035	137.8923670718470191
 265.000000	18.0176316964628711	159.3918921396172550
 266.000000	16.2260361562554856	50.1754417494239249
 267.000000	14.1519323047143430	25.2046330166390931
 268.000000	14.2844672860944364	88.6177950693677303
 269.000000	14.7734587325580176	113.2661761872487176
 270.000000	14.2739340558069028	52.4273976276510041
 271.000000	14.7668655684836363	99.5541849530117560
 272.000000	15.2850769901298040	94.1933154578308915
 273.000000	14.9966606442442885	117.7093819616804353
 274.000000	14.9523925327154483	32.5589520119277154
 275.000000	17.1211628287043105	127.9678215898327664
 276.000000	13.6729782928900843	58.0718077942418205
 277.000000	16.0919634129870239	123.9889187050731039
 278.000000	15.9252967793425366	119.6085662229409650
 279.000000	17.1964893419697873	71.1642303172712758
 280.000000	13.0398629442122846	27.3532262713743251
 281.000000	13.7507532583200103	102.4825005219586984
 282.000000	15.6158619076093768	139.6265302487560689
 283.000000	17.3371699304242846	118.4482276305439967
 284.000000	16.0028939418387139	129.4024806369452847
 285.000000	7.4905075818811593	123.8024047540364734
 286.000000	8.4326909108047516	135.5867532305758800
 287.000000	10.8277495564691986	111.2840813235042816
 288.000000	8.3253967311170687	127.9759166740734742
 289.000000	8.7660873831056403	56.3899823173893395
 290.000000	12.8946090987614248	133.0940494994461858
 291.000000	11.6547214814106219	87.4701767942296300
 292.000000	9.0346188467821484	107.3393600948064801
 293.000000	8.0803964097589152	146.2287927029122727
 294.000000	8.6636547108881654	139.5433018019804763
 295.000000	8.1267133436900281	140.0590604193743332
 296.000000	7.5786517069608559	71.4944270256748950
 297.000000	7.4097445887305824	109.7012962672170744
 298.000000	8.1670335280398429	100.0235429337612487
 299.000000	8.2794211147061993	112.1437960286655908
 300.000000	8.1838041952320904	109.2187342561133221
 301.000000	8.6406580334530236	151.3320107828554626
 302.000000	9.0639280519156404	105.7124801033918686
 303.000000	11.8314876267418008	122.8117794999905925
 304.000000	9.3092734691284456	147.3401439619382529
 305.000000	8.6964975521965382	129.9137883800462419
 306.000000	9.7057304986473749	117.6644667254499268
 307.000000	7.9269853805950881	131.2384586200347485
 308.000000	7.9695703493293300	70.4747088060208995
 309.000000	7.2827976374553849	66.7653602763746932
 310.000000	8.3185226576498597	116.4908577891099810
 311.000000	7.1948492799790724	95.8673201150666188
 312.000000	14.8193952863741742	26.2306017195276979
 313.000000	8.5011363788303580	126.8691395976353817
 314.000000	11.8673635599540894	118.7871564294166404
 315.000000	7.4486333535348690	141.2311082613750273
 316.000000	10.6517953372064316	120.1392644292817238
 317.000000	8.0682634509597886	148.6663285907813190
 318.000000	8.4479521746529027	99.0299153707472470
 319.000000	7.1627641844928895	97.4553946438482370
 320.000000	7.5697084720449430	104.2745255715622221
 321.000000	7.6572198227045343	115.8257289373479466
 322.000000	8.5102638353962305	91.5545839626907281
 323.000000	9.5339238527995231	119.0408097740059787
 324.000000	15.2311309006514399	78.5343425276790157
 325.000000	7.5541924402384932	132.3244676129142761
 326.000000	7.9070513218123439	89.7846563798385802
 327.000000	8.3891540663992377	73.7201659484080665
 328.000000	9.0867475881177935	150.3964034062196902
 329.000000	8.9427745769619325	129.9932232259382090
 330.000000	13.2614272980917463	131.2959814501629694
 331.000000	10.5335750489058704	133.6554053566611628
 332.000000	11.0969762213307099	137.9375342354102827
 333.000000	7.3418309651725382	82.4595761814255610
 334.000000	14.7356658598115402	105.4189391708565466
 335.000000	12.4174703668883026	83.9189871525581310
 336.000000	9.6277129419088379	157.6223685247959736
 337.000000	8.9180654195995341	126.1459159554857479
 338.000000	10.1214816635821805	87.0384628137978211
 339.000000	11.4676397371161194	45.8962698029150999
 340.000000	11.7988027534649280	144.4790093038641317
 341.000000	9.7598245954931926	111.0965124216802167
 342.000000	9.9905846987116540	102.1946950878573972
 343.000000	11.2025732656395913	104.6011100328943115
 344.000000	10.8729900014044087	11.9057873788483732
 345.000000	5.7224352870760109	54.0122859571506524
 346.000000	4.8035485198162977	66.4574362418081250
 347.000000	4.6067474347024691	71.9718531636939929
 348.000000	10.1987167264558813	139.2394864924405908
 349.000000	8.9193534796052436	47.1585098315384528
 350.000000	3.5343068226334271	82.4716730650777947
 351.000000	8.5193885682942980	110.3286587521404556
 352.000000	11.7170304467661932	165.1039832689280047
 353.000000	6.8935745334348857	111.6202266499594487
 354.000000	10.8531448788366873	98.5076231533876410
 355.000000	11.5394180756925913	98.9890332329451610
 356.000000	10.7236885681548042	121.1408359170613096
 357.000000	10.4277637208423251	29.1365537950150326
 358.000000	5.5948321057028814	104.2112914372435739
 359.000000	7.3797889353946085	120.5108659669778035
 360.000000	5.7810226615992031	148.7999839133678392
 361.000000	2.9878345504644965	123.1517298801309721
 362.000000	3.9850769738877379	103.1537489886518415
 363.000000	3.0878732427329947	37.0227933607351360
 364.000000	3.4676299897726577	14.1357921368947643
 365.000000	2.8391779361172236	136.5982040721563067
 366.000000	4.2602567527162538	112.6538190873573484
 367.000000	4.4143182854051872	142.6973066660514746
 368.000000	9.1599896611778142	43.7712064126654070
 369.000000	5.7794532438814725	42.9310184799992669
 370.000000	7.5707891841983432	129.7398309918932569
 371.000000	3.9424516655040893	95.2936258438444668
 372.000000	10.9261634992229730	39.6286255853087823
 373.000000	12.9148596212000495	124.0857911441254942
 374.000000	13.5500253898529355	107.7123871973778080
 375.000000	17.1865638379204597	118.5453911557035838
 376.000000	19.0114087312412856	111.5650675225962090
 377.000000	11.5913229396204844	36.4616196802851675
 378.000000	8.0076000286911082	169.7106215395660911
 379.000000	9.2242652092259707	142.9338500471322959
 380.000000	11.6262354580978506	94.1743595031745002
 381.000000	12.8331423806388951	68.3657345512726948
 382.000000	8.2698250632610861	158.1035654034458844
 383.000000	8.2376020748894749	101.8054871302173865
 384.000000	11.8910723358231731	124.1470817394037311
 385.000000	15.4678472435638064	44.1238536868305005
 386.000000	11.0004597925292131	109.5666443000296795
 387.000000	8.4585232069626564	107.4142161812676193
 388.000000	10.0991356262753111	123.7545944064202956
 389.000000	15.7303599583811202	34.9260260437827128
 390.000000	12.2175413172440788	15.1517732478152709
 391.000000	15.1441046824996892	46.2495870436499672
 392.000000	11.9470914923717810	40.9660931046313692
 393.000000	13.9231034302705421	103.6965274558709922
 394.000000	12.7325313717720849	120.4962703810989240
 395.000000	16.2977943561686622	101.9670256414447351
 396.000000	14.5381719341017970	97.1233657827635710
 397.000000	15.4667378714338053	106.7226646952424716
 398.000000	15.1485518319628163	52.0257947263913394
 399.000000	15.7640983271105402	86.7985098868936262
 400.000000	17.2696534890099329	104.2271038923676230
 401.000000	18.0747535334283249	107.4307313270863773
 402.000000	14.8078063734655245	55.3650106074526178
 403.000000	7.8673156948746454	114.3920703744498297
 404.000000	6.9985618431976562	90.3456619950122217
 405.000000	5.3393331290997557	112.4389880567710378
 406.000000	6.1378932534961104	121.3250981732454079
 407.000000	6.6288873267761677	122.5617105155055526
 408.000000	7.9903464689669015	148.6034339193402900
 409.000000	7.3531374457157641	109.2394813042498924
 410.000000	8.0284003163789528	95.4367456332513768
 411.000000	8.8724200022142163	132.5812708794935020
 412.000000	11.7382507803319598	47.3444973606078463
 413.000000	9.4920871444890906	84.5429621523532404
 414.000000	12.7039648899552162	38.4008729744869015
 415.000000	8.8200961765964898	81.4513903801966990
 416.000000	8.1617177817499780	53.6068256606828157
 417.000000	4.5864267791045723	108.6063432149419157
 418.000000	8.2937949400503808	123.1485447771150916
 419.000000	8.4547175710242684	76.4629862960356093
 420.000000	7.2800038946215189	67.5020133099182118
 421.000000	8.8061427176948399	73.6350172794074069
 422.000000	6.9925436710105293	95.4516385321047949
 423.000000	4.8060108484407920	96.2343521778494164
 424.000000	4.9447594244517488	128.8290953257549631
 425.000000	5.2227369524470086	135.4171408123204117
 426.000000	5.9438313036922326	115.5038076997975622
 427.000000	6.4213478846618282	113.7901716028891173
 428.000000	9.6616189741220939	122.1940399938999349
 429.000000	8.4287639735836990	66.9298188711278499
 430.000000	8.2015224104955529	83.7211130020215819
 431.000000	7.9050989264830207	109.3433906928481889
 432.000000	5.5588069318659414	133.6147287948588200
 433.000000	7.4880700058863994	52.1844646835573371
 434.000000	10.5557009057002986	32.2141155023278714
 435.000000	7.8217993225107252	122.8716909276160720
 436.000000	9.9320000401370176	146.6496442985530848
 437.000000	7.3586981546523385	77.7630728568387326
 438.000000	12.3564569694547099	79.3652809459390767
 439.000000	14.6278683893424777	82.1981301502830917
 440.000000	10.1339707724095938	46.1831768027428211
 441.000000	9.5646436739641985	78.5789443981511369
 442.000000	10.1220092241524657	100.3252331976946721
 443.000000	10.0299933481139263	99.3483580368379364
 444.000000	12.2203745609854852	94.4722921532989659
 445.000000	11.2897394925037311	107.4580284941600752
 446.000000	7.8615664765719533	149.3528935115191132
 447.000000	10.4112432707337685	90.0850812825211733
 448.000000	8.8341019197006752	14.6312970951241539
 449.000000	10.2911450195357848	114.4473695542400264
 450.000000	8.9619710066996880	126.4163858165564136
 451.000000	12.8663121268975580	129.5002615970969089
 452.000000	10.3326225951573107	61.2101427081910003
 453.000000	9.6516090330091160	85.2118500065283939
 454.000000	9.3731346077034505	71.0816217030666877
 455.000000	11.0323851159346802	52.3914342203030969
 456.000000	10.7706857519070933	113.7911877240308627
 457.000000	11.2928349277984861	84.6601090061015924
 458.000000	7.6691402761357583	40.1680917784621556
 459.000000	9.5801700151251055	48.0193027247479449
 460.000000	10.6424764212192127	114.7933907147020420
 461.000000	14.2037297344554876	113.6220050719989700
 462.000000	11.6629945821082117	153.8505204538075191
 463.000000	12.1574916089158052	142.7423984951051921
 464.000000	11.4400427075595150	109.6237299808372967
 465.000000	12.5075737042171529	142.9601172472891051
 466.000000	15.4101343535062956	89.7048865297644795
 467.000000	12.3161115111182760	43.3377450710872836
 468.000000	8.4975856761366231	144.6057656348718581
 469.000000	7.4420521069857868	70.4457314985036049
 470.000000	10.8793248929279596	137.2056397499512741
 471.000000	13.7881589132966251	135.9750300929669038
 472.000000	12.2730550061075956	118.9537083950028773
 473.000000	7.9393411437778267	144.9050859776858715
 474.000000	8.9785131938271672	132.7575826387874827
 475.000000	8.3980911292090550	159.2490120193558596
 476.000000	7.9968386071493436	110.0582797075176273
 477.000000	7.4793623961618358	135.9110388258363855
 478.000000	9.1645591554437171	111.2831366384440770
 479.000000	7.9014179724923821	151.2865532429595135
 480.000000	8.2102479986045154	150.4583801068429523
 481.000000	7.5774091193752939	131.3862507104657311
 482.000000	7.8965555636980147	125.3311669093023966
 483.000000	8.2225243471559715	124.1647085342015941
 484.000000	8.4987133718621788	123.5711500980540904
 485.000000	7.6367218271256094	129.1234792617027551
 486.000000	8.6042764168311976	132.7542942531623567
 487.000000	7.4519791892292968	136.0406501639666601
 488.000000	8.1730049590590479	123.7539110364154453
 489.000000	7.7721658088474861	109.4006622005926346
 490.000000	11.9045873645758231	117.5002084438778809
 491.000000	16.2822940833917791	57.3132481486468208
 492.000000	13.5496074396777804	110.8429473552006073
 493.000000	13.1818423658641457	36.6821773382012850
 494.000000	15.4071726806097189	138.4026069270679784
 495.000000	12.2517345400541817	170.1275918586474063
 496.000000	13.2263685241380475	117.5912703936365773
 497.000000	13.8594854235428500	115.8120346130813090
 498.000000	11.1929188493239806	96.7073547692786804
 499.000000	14.1021161458420714	129.0557818874412135
 500.000000	12.1985021361857022	96.6193122958733710
 501.000000	10.7306308297297672	151.7186498739196736
 502.000000	10.5026234750299974	105.9376608281413326
 503.000000	8.3833796322908469	71.1984433366151563
 504.000000	9.0350329665738496	85.8232257311209565
 505.000000	9.0131157549811824	93.5294090921903774
 506.000000	11.9975780719291656	142.0144875605348602
 507.000000	9.1092612454953343	163.4662449904982395
 508.000000	9.2969203913734315	103.6337671161421099
 509.000000	10.7891775780526693	138.2141645379850274
 510.000000	11.1528168559358676	153.1485828718868447
 511.000000	12.1753379990062491	106.2903011222978904
 512.000000	10.7596562957036141	157.3254412308097585
 513.000000	11.3551023353183016	105.8009141457565647
 514.000000	11.5798159803918459	154.3506486320095519
 515.000000	9.5761242234139239	109.7371449366280274
 516.000000	9.9745545431694307	135.1890934614534672
 517.000000	10.2712233049079913	130.0365266881022137
 518.000000	9.2108945628226522	123.0716462733924175
 519.000000	8.9948947543977837	92.7442764720572086
 520.000000	10.2280541088987267	129.2609689642163175
 521.000000	11.0512148042568263	138.1182790739697168
 522.000000	12.1813748758183795	146.0492128798162241
 523.000000	10.3078422666795149	54.0962390938670552
 524.000000	10.9051848446536432	98.0496511330896681
 525.000000	12.7432307601646180	50.5064682567711998
 526.000000	11.1047095277663637	112.0693120200382680
 527.000000	8.2953580062184145	146.4676445804335856
 528.000000	10.2127231990623883	112.2820265203814500
 529.000000	8.5986584859938411	116.3360953990847122
 530.000000	8.9397575292054814	142.8230514686185586
 531.000000	9.3955998328323425	113.9474735391362969
 532.000000	10.4187627621270522	60.4529474516400427
 533.000000	9.1265686645974213	128.8645541411806903
 534.000000	8.4311843491414624	133.4311323288298183
 535.000000	9.7807141522302885	14.6211885911128832
 536.000000	12.4606093025226077	164.9843344860433376
 537.000000	7.6607968559991813	37.2113603858341833
 538.000000	12.3739723986023922	41.8634885792550335
 539.000000	13.6293151650606674	47.0910037615693113
 540.000000	11.6979049548825316	117.7658744783158795
 541.000000	11.1806386180421562	55.7628179657321397
 542.000000	12.0988016361701582	33.2488558584196312
 543.000000	10.0968737041308945	143.0277175038191899
 544.000000	11.3196433890991717	80.8371349976906259
 545.000000	9.4433990378552206	137.6795426644739280
 546.000000	14.6774308273467966	109.7689623017454608
 547.000000	9.5941686700217925	110.9113532478948514
 548.000000	10.2302541928156110	112.0503033271531876
 549.000000	10.4555785127388283	58.9688610098525459
 550.000000	9.2899903658899987	122.6471222880770995
 551.000000	11.6942362992373834	93.7848784281576826
 552.000000	11.8675341090955602	131.1104035091380524
 553.000000	11.7366797691075284	116.5612976472634443
 554.000000	13.4733428134876938	118.9622051026863971
 555.000000	9.3175768722220287	27.9587729733716515
 556.000000	10.4404079167875867	19.0501659907737064
 557.000000	8.4820544043002037	31.3127637593122756
 558.000000	11.1193837630729000	78.3467906658568580
 559.000000	10.1584200173902399	116.0815609496549143
 560.000000	13.2343901955749281	8.1541268051572047
 561.000000	12.9393019788468173	81.0286732301273531
 562.000000	17.1098370555277803	67.1678753572657854
 563.000000	16.7247182802818735	139.0851450349609024
 564.000000	10.3263732213744248	128.0205519276540826
 565.000000	12.4371824268703026	49.7169444679070693
 566.000000	16.8083797942017092	77.5995125835656552
 567.000000	16.0138255232134448	146.5519771825672137
 568.000000	14.5521104539751214	134.0854302168536663
 569.000000	13.0038212633271009	35.9969215684099311
 570.000000	14.0293549773075004	13.1495547067879386
 571.000000	14.3876080418932020	116.3551287834848438
 572.000000	12.3673425819454277	122.7475471175604866
 573.000000	7.7655242393067923	89.7578516552242434
 574.000000	8.9427654744037905	81.5278506248856729
 575.000000	10.3146806985354917	136.8571516287801160
 576.000000	8.7854753836010282	129.8366293529995232
 577.000000	10.7690879679814966	118.3856247629804557
 578.000000	13.7557155893862859	61.2090614502586163
 579.000000	16.4203633717396933	114.8746527651822902
 580.000000	14.6131810134159235	78.3426692007093948
 581.000000	18.3221955053658085	164.3339653019766615
 582.000000	20.4472521275980590	85.4144674297231319
 583.000000	14.2622678297978247	103.6480177157205418
 584.000000	16.2161830944564223	71.8339950844459878
 585.000000	16.4603439818875543	66.6962600749816801
 586.000000	14.7460615580619194	72.2411045008671522
 587.000000	15.4567694652995140	128.7575218279791898
 588.000000	17.0412590040512093	105.7398527679455924
 589.000000	16.6156061589173198	120.9381801055489518
 590.000000	16.8623263861865098	107.8796458767879329
 591.000000	14.7617332489412618	106.0090623050358118
 592.000000	14.7071739182922610	75.1707487214389118
 593.000000	15.2107682260148618	97.5980454564700040
 594.000000	12.2254525467767508	128.4012461687072459
 595.000000	15.5879273774446698	105.1252574655106713
 596.000000	16.9930267785673870	112.3996796635648678
 597.000000	12.8582673073524294	80.1941753996419209
 598.000000	11.8122698926777385	85.4192726188504565
 599.000000	13.6439889801754326	162.3013294164154843
 600.000000	9.3723145258078020	135.4882881221288642
 601.000000	8.7403857634112949	132.1273983241092367
 602.000000	9.8462203095275402	106.0475455959478666
 603.000000	11.9294440572604632	94.0871759061059265
 604.000000	12.3082250587437301	113.8877247229926581
 605.000000	12.1021350973119226	143.6170254246224545
 606.000000	11.3326215886747708	170.0233922442274945
 607.000000	9.6562291781947405	122.0349330867788638
 608.000000	11.1509692089388839	87.3831207412078896
 609.000000	7.8374140243879822	144.5606648949738542
 610.000000	8.0984423642064662	139.8400077964852528
 611.000000	7.8746396786026027	136.2866873643919234
 612.000000	11.0745239396641448	103.8590768608102479
 613.000000	8.4511803850550713	123.9829754425169881
 614.000000	7.9075721662169158	126.6153841299428535
 615.000000	9.3229609664525661	135.2957995069448316
 616.000000	11.0278027948309685	137.2758370878181040
 617.000000	10.0255258682142880	50.3810412140024653
 618.000000	12.5079693027432803	42.5536848543559358
 619.000000	12.0741124403207412	70.7602100841082944
 620.000000	12.2700691001233526	131.7827150326036474
 621.000000	12.1954027770762732	59.2962279358268063
 622.000000	12.0971221827482953	114.7385956396761344
 623.000000	10.9251252683212119	139.3237107204919880
 624.000000	13.5778711970002082	67.2353136422172781
 625.000000	12.8266170470707159	104.4752156664791300
 626.000000	12.4871681138275399	99.3053075296634091
 627.000000	8.5356584446225412	55.2781373526885318
 628.000000	13.4261966072219394	104.5286700442844676
 629.000000	12.5804376943698273	81.4540024263427114
 630.000000	14.7845356892201014	58.8531167862766864
 631.000000	11.1163280570935541	155.8367119400232070
 632.000000	12.5545803802121050	86.2207253240698321
 633.000000	13.0437205737584279	89.2668401777724370
 634.000000	5.9331213106047898	121.5030535203368913
 635.000000	6.3892010676007072	115.1381429964738885
 636.000000	9.0699674809974553	14.6106458929851328
 637.000000	7.9744920868128863	51.1584938572249541
 638.000000	9.9497139911719454	106.2439853777093788
 639.000000	11.0407706045481060	81.3190600142727931
 640.000000	15.9430112304908391	145.0374290218602482
 641.000000	11.4016447289310960	89.1617236912855020
 642.000000	9.9957161631059464	134.3583205381715970
 643.000000	12.8741708727794855	45.2416828865448792
 644.000000	12.4503638607724909	90.2551315750838938
 645.000000	13.6055680463426345	105.7780656172625271
 646.000000	10.9668946915293617	63.7649573613989560
 647.000000	8.2746042116141041	67.0184828382285787
 648.000000	13.3731231240517943	122.8676024416857615
 649.000000	12.9450116277234955	144.2667329877140219
 650.000000	13.2996721318653321	81.2725873092838640
 651.000000	14.7225252243835456	79.3807656265060899
 652.000000	8.9631072730082160	80.9718607310990421
 653.000000	9.6306794047732449	129.3433448693183436
 654.000000	8.7845934110471386	124.8058874520043275
 655.000000	9.7997522836615367	102.2415474372088653
 656.000000	10.4451623001367420	75.0928308815279166
 657.000000	12.7185867881434653	66.9766415839727784
 658.000000	14.3447997373819280	101.4554018187122324
 659.000000	13.8597636479285722	37.2456753737174893
 660.000000	16.1054192999716044	72.4290081314606340
 661.000000	13.6959067435096049	91.3498970865020823
 662.000000	13.6863055006710592	128.7873574996513071
 663.000000	13.3657351073123269	44.9172658255535566
 664.000000	12.2582336597759820	135.3522521224502668
 665.000000	8.2168763767055282	99.4621337897594913
 666.000000	4.8505460313575348	80.6508032593164188
 667.000000	4.7489852972517648	61.8801809096040074
 668.000000	4.7953848245356570	134.9899203099890315
 669.000000	5.3120271190157906	156.1584216054194201
 670.000000	6.0978260197831036	58.2127681952604803
 671.000000	10.6801479886824584	137.8633772466920391
 672.000000	7.5138317071526188	140.7343997509177882
 673.000000	6.0291713425703062	127.2526055596381127
 674.000000	7.6376034945313931	154.2887754675805070
 675.000000	7.5197692977142534	125.8195358932659786
 676.000000	8.4676435633791716	56.3675434006878930
 677.000000	7.7122846036940569	104.9187699671958427
 678.000000	10.3162630324915465	109.5621130548706930
 679.000000	10.7129402208636719	67.5020914043313951
 680.000000	13.1350733168975911	140.3412396834448259
 681.000000	12.5980728448779526	58.0946396675978178
 682.000000	10.7103833026054058	59.3554195342740343
 683.000000	10.8047806163904028	80.1614040354418478
 684.000000	12.2499356223403595	133.8215403005147266
 685.000000	12.0561967775314187	68.5104247753552187
 686.000000	13.2452825798963119	67.8618133396762175
 687.000000	12.9399502857606858	51.4444863466328002
 688.000000	12.3476049240366947	87.9914551813310624
 689.000000	14.6458731393315933	93.3232033224938959
 690.000000	14.3917933415022432	79.6202108533684481
 691.000000	9.5411263037142771	38.8041140768913237
 692.000000	11.7882685721763281	111.3197890890303512
 693.000000	9.3019712473164819	116.2150110361952784
 694.000000	10.3741881577188124	67.1543875534201362
 695.000000	10.7552063645133789	61.7913435357009462
 696.000000	10.0607055240347538	64.1227319887524914
 697.000000	8.5503145289836997	66.7678389475654086
 698.000000	10.2003559660985950	136.6124914070676084
 699.000000	10.7434550161859370	145.9421712168212082
 700.000000	11.8149668843211746	151.3969030042397890
 701.000000	11.0904211781229964	156.7848820355227986
 702.000000	10.3798149894066682	125.2590729379772085
 703.000000	13.0577344954057235	117.6245559136827410
 704.000000	12.2864666217953200	172.9005386044843533
 705.000000	9.9881340669270919	160.6326725900873953
 706.000000	12.1878060672317599	138.4140829589918553
 707.000000	14.7447967033631784	140.0830734419473060
 708.000000	14.5900984832392915	67.3773590805792963
 709.000000	11.3763184981172127	163.1516090665975867
 710.000000	13.2884329382972020	66.2707547192052999
 711.000000	7.4116685864388527	161.3000649645318845
 712.000000	10.1166483458407548	142.9050045674213720
 713.000000	8.1175610039959736	152.6119779305644215
 714.000000	10.5070449047883390	133.8154028985518380
 715.000000	8.6765300418438365	67.4744916431640718
 716.000000	6.9305168649869726	75.7226556417593741
 717.000000	7.7156865462796818	46.5306342320496356
 718.000000	8.4524397882273341	157.6151080443791841
 719.000000	6.4430342997426209	34.1248334271270721
 720.000000	6.4943933465673638	107.2699362687049671
 721.000000	10.3817400580715322	126.6653832490147806
 722.000000	8.7639982113610024	125.3915540923161274
 723.000000	6.4364591843472105	158.6582820495530939
 724.000000	7.7978343670637766	154.3511068123942778
 725.000000	10.0131263063947227	138.6442614497005366
 726.000000	7.1996699271627174	111.1083294447428926
 727.000000	11.2053786950274663	78.4908995315168312
 728.000000	10.7577992814804997	113.2013263379818397
 729.000000	11.0917317452082447	143.3970307783442593
 730.000000	9.4918218912420969	142.9017035687946304
 731.000000	11.9842095644414730	125.7495176341252829
 732.000000	7.6215632570258220	151.5148015511975927
 733.000000	8.4555273331558798	152.1596814422566410
 734.000000	9.7442841190310361	94.1451259011534347
 735.000000	6.2550223744257138	171.4022967976615632
 736.000000	5.1669179318335621	90.7479631341837774
 737.000000	13.4845861243921412	58.0672591523187265
 738.000000	10.6169910758076433	75.9854885505010884
 739.000000	8.5331266457123753	116.4880167492779606
 740.000000	9.9414298495722218	134.9726245558556741
 741.000000	10.8010217998588409	93.9926295507874840
 742.000000	10.4872232031639623	107.8953387343987913
 743.000000	10.5955540616165251	94.9320660257170630
 744.000000	11.9519775423168770	134.9713923909716584
 745.000000	11.5681344922529465	129.8103403332981429
 746.000000	14.8792653379016482	156.9260973572145019
 747.000000	10.3455624536592676	112.0926650579587260
 748.000000	10.2407846557453066	87.7166327260711682
 749.000000	14.5921219805335021	89.1819882303969393
 750.000000	13.6040184714740970	152.0864608756125165
 751.000000	14.1606255086664063	136.1529474968857301
 752.000000	14.3083591077330858	164.5909656934557006
 753.000000	10.1746676443958233	108.6997820396851466
 754.000000	10.0754143448963536	160.8533580417147277
 755.000000	9.6732078203294130	66.2358300753344622
 756.000000	8.4898998788071705	130.4571704165792312
 757.000000	8.8086663945886556	155.5414336703469189
 758.000000	10.3368388656081045	112.3281075071592028
 759.000000	11.1048008515152556	103.2680762519847235
 760.000000	10.4913740889624307	113.4268578323445240
 761.000000	10.9972733582075737	75.1494769320545402
 762.000000	10.4599937521668664	98.2813032736969348
 763.000000	10.7259313608231537	124.2832841318272585
 764.000000	9.2210116191518878	89.5655383586744449
 765.000000	11.9430647739972127	46.2068332796508798
 766.000000	12.2668971758581939	142.1733331986526423
 767.000000	12.2965362602465031	138.5707752252156695
 768.000000	13.6604780093668392	124.1105395702597320
 769.000000	12.7588361350604789	149.6736453853283138
 770.000000	10.9441461006671812	77.8161019947380908
 771.000000	12.1171453059977647	110.7018918325948107
 772.000000	13.3674364109440695	67.8679924549701212
 773.000000	7.7364745679309568	94.2550164094591736
 774.000000	9.2008971913746276	113.5125225544994549
 775.000000	8.5675325111791789	68.7888258201627707
 776.000000	8.1607643298714336	170.0525336076787823
 777.000000	11.0334400800633343	67.5162365204967188
 778.000000	13.2818496058485369	59.9427747582492856
 779.000000	10.5901908654223877	109.2464376331207774
 780.000000	12.5010265964559366	101.8108167297368283
 781.000000	9.7967847586709560	140.2375405789005072
 782.000000	10.5962182491539387	149.6168755547170122
 783.000000	11.5765505276461997	156.0326660852815337
 784.000000	9.5850544282445238	71.4011992937717963
 785.000000	11.4402166748456100	55.8458034165135473
 786.000000	9.7156923716232306	128.1390227449537065
 787.000000	7.3564092749931316	43.7360274428641844
 788.000000	8.4670329248343457	119.0382564023546479
 789.000000	8.7469344215195797	93.3828498706015608
 790.000000	8.7305795319956587	167.1469694814162494
 791.000000	8.0542724585070928	142.5534009656261674
 792.000000	7.2595580342936659	127.6151188014779905
 793.000000	7.4201606476284168	100.6309267233714024
 794.000000	7.3350446531291364	141.0073566193934198
 795.000000	6.9794810908625822	71.3462017984599584
 796.000000	5.3576613084710516	33.5896561051403069
 797.000000	8.3080861721682968	69.9548344642217756
 798.000000	7.7952253759893511	142.3593193092712568
 799.000000	8.3176772619814123	59.3111489509444425
 800.000000	7.3393601718849899	134.6763785541904213
 801.000000	7.7611436231056130	68.8756304950369724
 802.000000	8.3812146898935591	113.6877025453576096
 803.000000	7.5179689474943290	166.7496947910612448
 804.000000	7.9567531782436891	49.0550247490914160
 805.000000	9.4130606370336487	76.5564536309667005
 806.000000	7.8874368084047042	74.8211437604909548
 807.000000	11.6381419560858461	75.0337561117426191
 808.000000	8.8228710401193986	88.0031386620025273
 809.000000	11.0953395889949640	104.0511212067331712
 810.000000	11.0571390431583652	81.9805098057588708
 811.000000	9.4848002834959626	59.6359946594154451
 812.000000	8.7207408664538359	126.7602619253783445
 813.000000	9.6695330396945849	106.3050340612291791
 814.000000	8.7718947312062596	120.7991902928484649
 815.000000	7.6421050675633904	150.6437957238890988
 816.000000	12.0782030008928150	70.1443785636079724
 817.000000	8.5983877072004518	144.3301544893892583
 818.000000	14.4537875210984232	130.5063260190512153
 819.000000	12.8605655907133372	123.3772390441299649
 820.000000	9.9327508515204332	62.1875863829890818
 821.000000	11.7370615036981256	39.8018132615100910
 822.000000	9.3748041743364237	106.4097276464729305
 823.000000	4.8472184732074002	140.6609240655365340
 824.000000	2.7485851560188457	138.6220597172481348
 825.000000	6.2484309223915169	126.1011063868941449
 826.000000	3.4118913748573365	148.3990649962031796
 827.000000	7.0273116969423715	102.2922347334406936
 828.000000	6.7673178770550626	122.0972375399027499
 829.000000	7.8829383404505222	10.6142885658315151
 830.000000	6.6638806430936990	135.7368389757973830
 831.000000	7.0374190036155451	95.6484951824282632
 832.000000	8.4730392177523157	47.1642591734917858
 833.000000	11.3989001240912469	111.2910947765332992
 834.000000	10.0204560301151133	165.1065584881519044
 835.000000	8.6738461296299736	115.5105627832667352
 836.000000	10.2111205255114736	27.9295959806738665
 837.000000	8.3736903603774522	121.7354287471997054
 838.000000	9.1384535418841963	86.8693888950748203
 839.000000	9.0953053228933332	106.6603630082219354
 840.000000	8.7348564521073779	112.6118552855039638
 841.000000	9.1056538649341690	72.9593069244970565
 842.000000	13.0272312101792984	150.0073328294833459
 843.000000	12.9980784689237350	93.4178945753163674
 844.000000	9.0252456445768630	136.4105261435980481
 845.000000	9.1835002802568493	127.4346550001111353
 846.000000	10.1011909999642793	85.1248742023197309
 847.000000	12.1985478924007378	90.5514412013104533
 848.000000	11.7671788969181694	63.8349556490133523
 849.000000	13.3486096095957407	76.5601327056607772
 850.000000	12.7775544891624477	74.3788508755842770
 851.000000	17.0181541868587516	25.7867968243725443
 852.000000	15.8543966410371961	88.2571070332240168
 853.000000	10.1642093438798611	135.4842962446153081
 854.000000	10.9821042694383877	115.9582289888938789
 855.000000	11.9045316954847067	165.1984376362232751
 856.000000	10.8610463872004015	154.5695135008896273
 857.000000	9.9294291136249573	55.7517032080986610
 858.000000	15.0377750159716861	60.5512030465471298
 859.000000	16.2043151465681170	60.0237695571046572
 860.000000	13.3645916024097460	114.5187066915662513
 861.000000	13.7795216500503184	99.9227153586838881
 862.000000	11.7285179425590087	68.9813963932863032
 863.000000	13.2710328824791244	96.8680740154745195
 864.000000	12.0858342650178034	97.6238576701720575
 865.000000	16.2041289725083892	77.4511276239472579
 866.000000	12.9964117008952016	63.4737565566702813
 867.000000	11.6633998231939806	80.5441235734489851
 868.000000	11.2035000956903321	124.4651278310862779
 869.000000	8.6938998262524496	143.1867546844949004
 870.000000	8.2408651818962841	166.0507470088282389
 871.000000	6.4666037044229867	146.9039077528217945
 872.000000	6.6454453476606714	61.7940398901551333
 873.000000	9.7446807470603787	96.6319219006656596
 874.000000	11.6327297670785992	151.0566966944807632
 875.000000	11.5790103997648419	125.3351494011734246
 876.000000	10.2980858500631385	136.7684358341085158
 877.000000	6.9663931002838178	50.2437227518148859
 878.000000	5.2133153359665956	137.1530948269510191
 879.000000	12.3290677766965509	140.5818754819709966
 880.000000	9.2244491813457650	97.9972852983189142
 881.000000	9.1799178486009954	127.9604873982641493
 882.000000	9.4911174466072463	28.8177384184664049
 883.000000	11.3813463445822265	35.0450984449024077
 884.000000	10.8154188420125159	51.6269364233981491
 885.000000	8.3878420018528086	20.9462084584496040
 886.000000	8.2306754607878858	143.0163733583125918
 887.000000	13.6671046328739809	28.5410184399723050
 888.000000	13.3704148144723884	115.0097384732013950
 889.000000	10.0240810390506958	45.3775858276492272
 890.000000	15.4739375498134670	117.5122088836598948
 891.000000	8.4455000788209027	33.8798626766175346
 892.000000	13.7949691914037516	89.1126126496002513
 893.000000	16.5294449031032542	111.0516995318926234
 894.000000	9.1297565477727538	18.9208018192300642
 895.000000	10.6071219956013376	27.6781978476727488
 896.000000	6.3121813271515395	141.2020612683857621
 897.000000	6.9957060346184532	125.9206762850989492
 898.000000	8.5793151753889809	17.6491070008637507
 899.000000	8.2828119169527721	64.4397389739832391
 900.000000	12.4161195250021521	40.5055990180171932
 901.000000	6.5838695182021008	64.6648539875460955
 902.000000	2.5897517982500009	20.5786464880571884
 903.000000	7.0781260970786342	146.7670144715469860
 904.000000	10.3929340526554075	131.5264736919427833
 905.000000	15.1818251287895922	113.0582189972322311
 906.000000	6.4143157139145348	86.5093356188734788
 907.000000	11.2792821217502759	105.9321853871184516
 908.000000	6.9499999371332235	159.9111163687827286
 909.000000	7.5321312025221738	28.3236139986841806
 910.000000	8.2616664236687480	127.6893694943207151
 911.000000	10.9449389586029735	103.0043342736154273
 912.000000	7.3581404507224217	91.9797291646760016
 913.000000	8.5653451841631529	29.2059076095109162
 914.000000	13.9701681526369725	40.1642779970408412
 915.000000	11.9014117525892278	135.0249305368722332
 916.000000	11.5055377519946180	53.2308404069850667
 917.000000	11.1668541364444014	91.5087383506429575
 918.000000	3.9064418111009664	109.2951377534344317
 919.000000	9.6756836302471516	145.7402749754403999
 920.000000	9.6050668522519427	148.6858179460203360
 921.000000	8.9614483131960245	61.7994326433208840
 922.000000	15.0264024532493394	109.6616195422057274
 923.000000	11.1359282408048603	59.2728064761530788
 924.000000	15.5124146639069096	61.5569265334223417
 925.000000	13.2704882513331501	71.3957423741859856
 926.000000	12.6050126892043739	114.9711191437600775
 927.000000	13.0246398283601224	29.3604109515103744
 928.000000	11.9425060227507434	40.8809812850767571
 929.000000	11.0022785504215079	166.4974486694976008
 930.000000	5.1879137089941070	52.1646008841992028
 931.000000	9.2924648985912572	62.6925483565363351
 932.000000	7.2887025937341114	126.6914506906150564
 933.000000	8.4626007228108246	139.3208866822123468
 934.000000	6.8618190600351703	61.5720952317072800
 935.000000	9.8985449696702901	32.1327308850530642
 936.000000	17.1625957904898314	105.4355002451868586
 937.000000	15.9674850956224947	100.2524188061400849
 938.000000	10.7219398221216000	11.2090685469929667
 939.000000	9.0702034584376303	24.4916030247274819
 940.000000	7.8256034401068861	70.1637053446461039
 941.000000	9.4420384600961924	101.2091819156557904
 942.000000	14.3034150192310463	124.3540353354549381
 943.000000	9.9768165429959570	42.1278988339784917
 944.000000	15.0003905482419757	115.7873162177440349
 945.000000	10.5136923948555907	136.2012790521438603
 946.000000	7.1721547220244526	89.7100368125457237
 947.000000	10.4465429983617515	98.1888530219539319
 948.000000	11.9758990840456825	21.3281801124483081
 949.000000	8.5810473093601338	32.2447685254748535
 950.000000	6.2372765388857703	70.9515976517960070
 951.000000	7.8519527983939925	102.2657448468653456
 952.000000	6.8944375146174677	27.0642325431024346
 953.000000	6.3076075275769456	15.9951774490162109
 954.000000	13.6804888460368215	41.9937045879372590
 955.000000	7.7628385549279129	107.2379367211404002
 956.000000	5.1766715049197032	74.6444297865962056
 957.000000	6.9401984465608511	101.6483829212752994
 958.000000	7.5142163091486704	121.7827582378171201
 959.000000	10.3993180437429853	126.4380654065240890
 960.000000	13.8131076791693435	117.5924050108330619
 961.000000	9.5354010929539825	43.8286293253054851
 962.000000	9.6843089481333511	106.9797467295090598
 963.000000	7.3883210152794394	133.4959026148265480
 964.000000	7.8060413988431643	122.8456554231116513
 965.000000	9.2253827722620141	108.1159004788311364
 966.000000	11.0576120225984695	85.2264222644810445
 967.000000	7.2480705838917210	108.9785053184172341
 968.000000	8.3688169953941678	128.0634702646378571
 969.000000	8.9149984249930778	61.0417061936712173
 970.000000	9.8536195158198172	22.0089452881431953
 971.000000	8.6152067795254546	75.6581030870404589
 972.000000	12.0751223339402873	23.3032968876473774
 973.000000	9.2621833495053068	55.0157968648441198
 974.000000	4.3318976862806950	51.0095512133347881
 975.000000	5.1752801359764531	136.1105126499542166
 976.000000	7.4650343130703316	107.9813874291977811
 977.000000	7.4426970697182018	129.5298128879313708
 978.000000	9.4673834835663673	164.9950041023487302
 979.000000	9.7448950262873399	138.9824840511334401
 980.000000	9.6164057122217343	123.7701856940649066
 981.000000	10.0684972671938979	153.5536537521061575
 982.000000	11.4274241290654341	151.0508851016295750
 983.000000	13.9108953772629373	91.2063220054408390
 984.000000	11.2583307656522518	123.5017179617050402
 985.000000	12.8018339252199276	83.9590699886473999
 986.000000	10.9869633666672595	121.4637950403318030
 987.000000	10.7100213418404930	164.6761455002786647
 988.000000	8.0326060971370374	164.1999156659059622
 989.000000	9.3748524466561225	153.4196475653282619
 990.000000	9.0307235868608551	150.9404167273234805
 991.000000	10.6548900712096195	69.1675531177349967
 992.000000	8.8791357243888687	146.5270602097194228
 993.000000	10.7145587649773226	41.5498110501605424
 994.000000	11.1904155726683356	139.8245808994361141
 995.000000	11.3096641352959288	138.8294622179128339
 996.000000	11.6269766665545902	128.2983306624250019
 997.000000	10.9953908317170601	93.6307565009291665
 998.000000	9.7139963554642250	150.0159629623640853
 999.000000	12.3649350418624415	141.1386594805795767
 1000.000000	9.7679657136565687	111.9719990384561470
 1001.000000	8.1522812448961162	107.2239950188817943
 1002.000000	10.6072104723901948	117.3849379055271527
 1003.000000	9.2352074435151721	130.3632947197307317
 1004.000000	6.7209714897837598	60.2916512351855829
 1005.000000	4.9461342353475919	125.9818747031883674
 1006.000000	7.2022237633937358	124.2748000490642539
 1007.000000	6.6608816494307792	110.1200881347917999
 1008.000000	8.1056494573067983	116.6622421904269515
 1009.000000	6.8212559569591686	108.8167566715991370
 1010.000000	9.8620413401756473	124.7185006193930406
 1011.000000	8.8466064247528813	101.4275892877051177
 1012.000000	7.9773520200128587	78.2344889360343672
 1013.000000	6.9000024915010130	79.2804238620926469
 1014.000000	10.5787885470421603	115.7359593145955330
 1015.000000	7.7279903594704118	85.2234779932299205
 1016.000000	4.9257197087123785	44.3234883034237725
 1017.000000	7.8544419472749230	124.4762195603284880
 1018.000000	7.5259712420937666	119.8709905635861617
 1019.000000	6.8097189406944221	104.4575059843906075
 1020.000000	7.4433437610287951	17.4804887734675276
 1021.000000	6.6030041267008839	115.5404260077998231
 1022.000000	8.5074897396715183	14.5716823602629120
 1023.000000	7.9747667772307249	63.1440623904714755
 1024.000000	7.8655151937339065	50.3053863067358691
 1025.000000	7.1693887015016191	50.0715808887337914
 1026.000000	8.4223282461500979	140.4170252445383653
 1027.000000	10.5172530104921655	85.6705972436351004
 1028.000000	11.1982308868318636	89.2176863602478250
 1029.000000	12.6173620921520779	174.5313643727698718
 1030.000000	9.2216038411070560	83.8956925149763748
 1031.000000	9.5420521390083497	115.7839265861460376
 1032.000000	9.7793295929419610	111.1478242385571633
 1033.000000	9.5357246317185247	111.8786168700803927
 1034.000000	9.0805580044222438	128.5489461122101886
 1035.000000	8.2775501067318658	127.6800265950835751
 1036.000000	8.4692220281338972	114.1080802490937458
 1037.000000	10.0100390601909126	127.8760477530772164
 1038.000000	7.3430676466652054	128.3185993845063990
 1039.000000	9.7726318795651164	59.2834244404471065
 1040.000000	11.1675310984577347	161.5951682057088590
 1041.000000	14.6431028890721819	118.0562155028763840
 1042.000000	4.6724908521802195	142.9385126318305481
 1043.000000	5.5461186193605743	135.0784345479294188
 1044.000000	10.7915567683910290	60.7741622844842055
 1045.000000	10.4834964044561900	40.6442493485839691
 1046.000000	8.5856728331640539	155.8373118985586245
 1047.000000	14.0566177519342155	87.7249724512463871
 1048.000000	12.9783950185133641	159.9205853740972714
 1049.000000	13.0918454816190568	73.6925173669650633
 1050.000000	13.6224254425645945	76.8162525134470542
 1051.000000	13.5682404130600389	164.8752376095255272
 1052.000000	14.2136760012679044	80.4210592172636893
 1053.000000	10.8515353003771651	56.8443056676668732
 1054.000000	12.9520720011083306	163.9917952490992263
 1055.000000	12.0185163553860015	145.9217785444394053
 1056.000000	12.7223381617238900	85.4523143494260893
 1057.000000	10.3859801479395006	114.6032676769505230
 1058.000000	11.0116775945764971	88.5137357660739639
 1059.000000	9.1244699699540739	50.5158723420644833
 1060.000000	10.2030483190220060	145.7143645552438329
 1061.000000	12.6237776891705273	135.1067579014352020
 1062.000000	10.1423104978223115	50.9657784599246213
 1063.000000	10.5127481282994903	59.5202212063054361
 1064.000000	10.8438019809834927	143.6155508415329223
 1065.000000	11.2261277557927794	61.4123866882420799
 1066.000000	10.2574203381375995	82.0310983379296346
 1067.000000	12.3125115361846511	107.9810742067153342
 1068.000000	12.7880936964152507	116.6888639933223146
 1069.000000	11.2626693070214099	152.4834875629352666
 1070.000000	11.0022820717299457	54.9562849403223908
 1071.000000	9.0924150294495831	63.6871613655123525
 1072.000000	11.5022511972569514	165.0250847437623349
 1073.000000	11.2848856367928256	114.3135001742938641
 1074.000000	11.1372156675509828	83.4257358555218644
 1075.000000	10.5113681979572497	112.4650710121520945
 1076.000000	10.8281320977150308	100.8956885508323467
 1077.000000	9.9326821478775518	51.5692596043437277
 1078.000000	5.9309350612286034	29.4334054341548494
 1079.000000	11.5548426551406251	101.8750945706734683
 1080.000000	11.9863234299467294	116.4844823130831060
 1081.000000	9.4567510000717672	107.7472296129897416
 1082.000000	10.7188952475750128	143.5375605072043754
 1083.000000	10.5955154910824003	155.4695016241071528
 1084.000000	10.0920753748479797	130.8194565280264499
 1085.000000	12.1721663510724660	175.3511169071525728
 1086.000000	9.8659356284052908	42.0661243738686892
 1087.000000	11.5757464685790126	109.4073855260137549
 1088.000000	11.4968740197679242	68.3235081085601479
 1089.000000	9.9039701868077579	159.8999374171322643
 1090.000000	9.8117479617557706	120.8409443937291314
 1091.000000	9.2613566989958098	143.1811332937899124
 1092.000000	9.9890137593111099	111.4862950154417973
 1093.000000	10.3552350332582837	53.1297619522899254
 1094.000000	8.7625785317570628	153.1711790314532209
 1095.000000	7.3125553058692736	141.6618727718187358
 1096.000000	8.8364244476075005	155.2657851458564267
 1097.000000	11.0939665862591266	138.1948203743970112
 1098.000000	10.9082182926515223	19.4686363081955562
 1099.000000	8.2353227790916144	119.7290807438764375
 1100.000000	6.4859040445821172	36.3228054391906880
 1101.000000	8.6549450324341279	159.6862765900275747
 1102.000000	6.8463395809522254	126.5177400121511653
 1103.000000	8.7831944361510175	92.3983936905936787
 1104.000000	7.4235860031125647	128.0747573757542455
 1105.000000	8.6650011030564169	108.3318470905586111
 1106.000000	8.1656460034588054	98.5178976330053757
 1107.000000	7.0558006202751971	48.7716568648224609
 1108.000000	6.6249744441410421	42.8818617989445272
 1109.000000	6.2804233264981475	83.6567649311749335
 1110.000000	5.9131320918707786	40.3994414534284374
 1111.000000	6.4734774066926350	116.7566880979862560
 1112.000000	5.8020879700692767	56.5871430260333454
 1113.000000	9.6751741421183191	125.4768378124207402
 1114.000000	7.4184472466389915	161.1251561463071198
 1115.000000	5.9672860546143873	117.2016502045828901
 1116.000000	7.2455133896949011	77.1353616654677694
 1117.000000	5.1705423456083190	133.0179800284226985
 1118.000000	6.9901328730628860	62.1393377227247896
 1119.000000	7.2930530468248831	47.0735763224159882
 1120.000000	7.7213413345074891	144.2621733463512044
 1121.000000	6.7361525877550070	117.5443699480108819
 1122.000000	7.1975980395423766	53.1738872479172642
 1123.000000	6.5179996384969865	118.2272246124265820
 1124.000000	5.2389301089484750	135.7284249765713753
 1125.000000	7.6342551583743390	135.1017500901075152
 1126.000000	8.1260135071505051	83.5821558454615001
 1127.000000	7.2042951790607965	41.0343559209246962
 1128.000000	9.4893535726544922	163.7161723937336149
 1129.000000	9.5918243465116682	123.7439146487562027
 1130.000000	8.8025474617195538	98.1738682631581412
 1131.000000	5.9411499018119489	3.6835215887988113
 1132.000000	6.3397862796341515	38.2782251682592403
 1133.000000	7.1629542425332335	120.7992865281622272
 1134.000000	5.5976955396585568	36.2723656354737614
 1135.000000	6.4893490353246213	61.7488399461407340
 1136.000000	8.1205345451629594	171.3682315071586970
 1137.000000	7.9743579908366415	156.1536929183916698
 1138.000000	5.8954688000605966	86.5106558315470977
 1139.000000	5.8638436290750393	106.8438758165482909
 1140.000000	7.0441939517739538	172.6625447718577391
 1141.000000	6.0487003994925477	128.8408276095532869
 1142.000000	6.9637030982942871	57.8132977353437099
 1143.000000	7.6595037017735956	101.2482881246946818
 1144.000000	6.5164740351607522	115.7919822808255788
 1145.000000	5.8134939972836435	133.5255167888702772
 1146.000000	7.8347908214153392	109.9437240063080452
 1147.000000	7.6516026999310700	100.4813225337244234
 1148.000000	7.0799636032306204	133.2816897150274826
 1149.000000	6.1119451074242237	15.9203930123120188
 1150.000000	5.6740907514839520	24.8218597213682415
 1151.000000	5.4094943094591930	16.2033458776096495
 1152.000000	6.5424085175548230	117.0282103077977780
 1153.000000	5.6212387697669959	159.3591972440039513
 1154.000000	5.9955711006905021	44.3988386700816022
 1155.000000	8.0335696010353370	127.0385626666956114
 1156.000000	5.6986819139954772	27.4390991041152006
 1157.000000	5.6326075363004389	26.4065092471680885
 1158.000000	5.9031968943999793	128.9389401409732159
 1159.000000	6.6077079881347389	51.9025321696082074
 1160.000000	5.3736233774346251	30.8075802943251915
 1161.000000	5.3160466060048694	146.4204089831348199
 1162.000000	6.0104979561742660	39.3184030165373599
 1163.000000	9.3363366456252699	67.5668429473393957
 1164.000000	5.0499767587047328	31.9343402400688774
 1165.000000	9.2144753620261817	47.4164094829064311
 1166.000000	9.3657324187562825	101.0234921986600227
 1167.000000	11.4252799130018641	61.8478995719529507
 1168.000000	9.8908898258239066	124.9770649659496797
 1169.000000	11.3275458601627985	78.2328677121803082
 1170.000000	13.0414601406528483	156.2514999245646834
 1171.000000	14.6684247191831325	63.3625066849965606
 1172.000000	10.9274657719130577	53.7595122693390266
 1173.000000	9.5033286342513978	59.2294441770247317
 1174.000000	12.5439215746196133	46.9070837521716726
 1175.000000	9.9328648951693435	111.1435650680773364
 1176.000000	10.5209381664071326	90.9969207166380869
 1177.000000	5.7173729083312601	154.0517748785604226
 1178.000000	6.0257325760897542	149.9582923505806491
 1179.000000	5.7845014977707523	57.6108370546377699
 1180.000000	6.3077504099827291	149.6625255092973532
 1181.000000	6.5482220585031570	137.9519382505947362
 1182.000000	7.8760299162223300	104.1632079154754251
 1183.000000	9.9594611217279869	59.1981446688406976
 1184.000000	9.3349230209814671	143.7226234177591664
 1185.000000	10.7009765535152308	134.3736518993920299
 1186.000000	9.8011085896402168	115.9631445627179716
 1187.000000	9.4696621230985212	112.2783180138165022
 1188.000000	9.9426447345180282	116.5187049075228884
 1189.000000	10.5938393116625775	99.2808819333921946
 1190.000000	8.9628539758229255	96.6203031682652522
 1191.000000	7.4392751671518331	18.2990548495308474
 1192.000000	8.4656218261364788	106.9023343600251081
 1193.000000	9.2193486248508112	99.4622282978031791
 1194.000000	5.7045391675789494	102.0513305875208658
 1195.000000	8.3686304375491662	122.3266098244725413
 1196.000000	9.4947059120966610	101.8383528134789913
 1197.000000	8.3214527231151028	119.5520413260099701
 1198.000000	7.5444497514834223	129.6495296969929427
 1199.000000	9.5357985066312967	92.9682304197953755
 1200.000000	5.4996097942669202	167.4198277155892924
 1201.000000	5.6719266550820704	171.6486446770043983
 1202.000000	8.5472803252322986	21.1490775377093883
 1203.000000	6.2502663817806372	131.5200106138066189
 1204.000000	5.8033966851500338	71.0356852053306227
 1205.000000	5.3996802743710086	51.9772789973710871
 1206.000000	4.8472678854136122	94.2952922830690312
 1207.000000	9.2902217527127888	64.5980164583228031
 1208.000000	8.3742861169244929	127.9656396710799129
 1209.000000	7.0361514456737062	57.2894147213742713
 1210.000000	10.1451654553224042	142.1317164242661875
 1211.000000	9.3312405052514329	19.8003822583268345
 1212.000000	10.8660708082372039	134.2568396853587842
 1213.000000	8.1433889490557085	131.3963535136007863
 1214.000000	7.8103261563494462	129.8818812976195431
 1215.000000	6.2700049407652765	81.3148400674316321
 1216.000000	7.7673470492426766	67.0197588825811721
 1217.000000	8.6266497276346588	67.2961613782550074
 1218.000000	9.9260505930870604	133.5584093677412625
 1219.000000	8.4956822863819639	127.9044907372101534
 1220.000000	5.2678524182928674	136.3399178959435858
 1221.000000	4.9931262256515598	140.2373209098292079
 1222.000000	10.8474812572645174	140.1754104171560869
 1223.000000	10.4337483671169284	147.8708504268455499
 1224.000000	8.2667538437705606	127.3447802821046935
 1225.000000	6.8221921975333180	121.9487920521891624
 1226.000000	7.2302958038155793	105.4923677764252545
 1227.000000	10.0087900500462759	140.5449781380641525
 1228.000000	12.8474799365379866	120.4330153260575855
 1229.000000	11.8410525657626629	86.9603650381166489
 1230.000000	8.9550722693674203	125.1384304305917112
 1231.000000	5.1950623510141600	107.7549631051359853
 1232.000000	5.9033822373057774	135.9323514305051503
 1233.000000	5.1674161718923433	137.7188912883561898
 1234.000000	5.1812262304115198	133.2236497160932061
 1235.000000	5.2211109857094646	128.4589224202241553
 1236.000000	5.7149944772698547	132.0619889994294738
 1237.000000	5.3454236348003343	133.6395192011796098
 1238.000000	5.3069481015550695	142.6422817279791389
 1239.000000	5.1133113706168603	134.0443331210762778
 1240.000000	5.0864580567813009	130.0199178582116133
 1241.000000	5.1506075399159723	137.0363621176778111
 1242.000000	5.2061030145701777	134.2137625474447020
 1243.000000	5.4081976097866313	129.4032021491888713
 1244.000000	5.4701965096413883	129.2532451685360968
 1245.000000	4.9079857209198625	115.8010824917639638
 1246.000000	5.0843909679751302	123.1270008167091135
 1247.000000	5.3683001929713141	137.2691159294641352
 1248.000000	5.1525541189278670	130.5898974990994930
 1249.000000	7.9386908276598156	96.8417752280756901
 1250.000000	5.3349139376953802	144.1918996122343515
 1251.000000	10.4126876848523935	141.6344004273399833
 1252.000000	9.6606916113582617	80.2874375721080042
 1253.000000	8.9745794243112211	129.8640282870183569
 1254.000000	8.7466971632461057	152.7748843276857542
 1255.000000	6.9142864655463816	135.4781148278933927
 1256.000000	7.0563510624892034	103.0496421603522066
 1257.000000	5.2452560294544215	49.4851633945270066
 1258.000000	5.4536221906582067	146.7564301143102625
 1259.000000	4.9107360161540186	72.4864196505686778
 1260.000000	9.3619739516386229	61.7503529169466105
 1261.000000	8.0650312936867010	73.1385093100310399
 1262.000000	5.1192028543191404	70.7205242363717872
 1263.000000	5.2039251087829461	86.2849408689865385
 1264.000000	10.7728967620639615	128.1049156623950012
 1265.000000	10.8425301848454385	121.4995297114737980
 1266.000000	10.5275619232418780	78.6295527571749346
 1267.000000	13.1972618267549446	80.8851939477342370
 1268.000000	10.0671596133067975	43.7160464702116656
 1269.000000	9.6719107008519689	56.8936786760300919
 1270.000000	12.0772953425773135	157.1229647401185616
 1271.000000	5.1298221367296692	129.9408503369986647
 1272.000000	4.9627511806054017	92.2804280743994383
 1273.000000	10.0157654616787415	133.0047954575716176
 1274.000000	8.2289253530833069	65.7120685816085484
 1275.000000	8.2941950732482628	114.3258904818108448
 1276.000000	8.6908075707006311	112.5352398513757066
 1277.000000	11.0483017750283015	80.7693881423816578
 1278.000000	10.9463859570281858	68.3108363403119512
 1279.000000	7.1410121414338423	138.4043494322230288
 1280.000000	8.4251977221562253	9.6975624874918083
 1281.000000	7.1719083518755760	54.9171801771642123
 1282.000000	10.7975304110322927	88.6153787224488809
 1283.000000	8.1430330954830712	133.4602214456105571
 1284.000000	8.6076290785913780	158.1012154983250184
 1285.000000	6.8182933531387402	86.5349309506646875
 1286.000000	7.3262282104511796	93.5862473377319901
 1287.000000	7.3114003288557559	78.3834894102198092
 1288.000000	8.2873956013200658	147.9653210592329913
 1289.000000	8.9153026163033697	136.3763814330650064
 1290.000000	7.8858725032777723	141.0414815279008565
 1291.000000	9.6901660889870556	135.2605114741690500
 1292.000000	9.8230040146414002	137.4316849090500341
 1293.000000	10.5828241867031316	78.3197180445786643
 1294.000000	11.7538606944504380	138.5014508129936530
 1295.000000	11.6877774793447742	91.1884736830936760
 1296.000000	8.0893245888032137	100.3657734725952366
 1297.000000	9.2983321195963136	101.1446833387459776
 1298.000000	7.8693580415600843	110.4778471751400843
 1299.000000	8.1025092143559370	122.8420057905420606
 1300.000000	7.5112057784145252	107.3927412659587475
 1301.000000	7.4956899709050226	130.4688970679225690
 1302.000000	7.9855406820901766	105.9264174360396851
 1303.000000	10.8233443369120028	111.6600220286636755
 1304.000000	11.7802433467486569	152.6974598777578365
 1305.000000	13.6424591085925382	86.1823182334657929
 1306.000000	15.2957340404681510	125.8150308051014150
 1307.000000	8.4106770963606738	127.7452765478145125
 1308.000000	8.4349921410939785	156.9563293577492402
 1309.000000	7.4637390920311804	173.1308621150071474
 1310.000000	10.5191251427420536	113.0660858024602362
 1311.000000	7.9971567414248055	126.5501544509472183
 1312.000000	10.8801943410523148	77.7229583775533399
 1313.000000	11.2846043738027468	80.7601406337753218
 1314.000000	13.7278820622693463	127.5830400613730262
 1315.000000	11.2739614589700903	152.6165069221631256
 1316.000000	12.4034789065106974	108.9076429777026931
 1317.000000	13.6113707459421569	27.7572557210602326
 1318.000000	15.6828913186386316	92.5945702938753925
 1319.000000	14.9522286566600666	90.4172785531841612
 1320.000000	14.7784859715071502	93.3739495026045461
 1321.000000	17.5394008345781280	127.1856884357717377
 1322.000000	18.1277775631848392	103.1100896111330201
 1323.000000	14.0886532776983806	80.8141554295181805
 1324.000000	15.6567334081977574	113.3294940904969224
 1325.000000	12.0684739712110307	117.7749622623716448
 1326.000000	15.3258848699992551	113.1545357688190450
 1327.000000	16.9474154939692383	136.1781854477557090
 1328.000000	12.7527404284598855	71.3670375421802703
 1329.000000	13.0164885670063164	34.4025186550260855
 1330.000000	14.4116471775516022	77.5114708357478719
 1331.000000	13.3197271260380461	40.6904188278748222
 1332.000000	17.7412287298106612	81.8705908796013233
 1333.000000	13.9282903165062191	99.8450177913209131
 1334.000000	15.0800031888417561	65.9378255808606610
 1335.000000	16.3861988475409603	137.5228706839391748
 1336.000000	17.0036732641769923	119.2362974387060035
 1337.000000	15.4863328207092685	111.7492929239801924
 1338.000000	12.1024688841177355	112.2122586537171856
 1339.000000	10.1255360698140056	97.4467160728752475
 1340.000000	8.5262779530288402	56.2917373748763623
 1341.000000	14.4167154725604281	143.2493865154813193
 1342.000000	11.9618367007696556	17.1981857666347935
 1343.000000	15.0162588475975269	89.7559296470881947
 1344.000000	13.5056318314096728	107.2976262646891712
 1345.000000	8.8324403662548843	26.4879807560811003
 1346.000000	10.6872424416967409	80.6411327138005163
 1347.000000	8.0908468095328310	112.4127456135561118
 1348.000000	8.2792187623372069	119.3962889361453392
 1349.000000	8.4705584157987630	12.0771985285250878
 1350.000000	9.1055931248052637	145.8833791637724460
 1351.000000	9.9393754791207041	105.5582373950212229
 1352.000000	11.1333501327264646	91.3436556192092013
 1353.000000	10.0980914448452097	93.0138379175161987
 1354.000000	8.4015199037267738	95.8968246706923395
 1355.000000	7.7530088759335340	19.7352008508165966
 1356.000000	8.8032269451833827	139.2218040211546111
 1357.000000	9.8110558177366904	87.1243289408923971
 1358.000000	10.8188398135687027	102.5374942472551680
 1359.000000	9.4457224362913408	61.1861641301315871
 1360.000000	9.6330342275067764	83.1210953398761774
 1361.000000	8.8872207859812971	114.1589667957367737
 1362.000000	8.3986739119215734	129.1591834605897304
 1363.000000	9.0955349276823849	42.1281488494039706
 1364.000000	8.7786261892225035	32.3643158903007873
 1365.000000	10.1385058007857154	121.1643360338919564
 1366.000000	10.0223069207297932	142.0417536642478638
 1367.000000	9.7734387577465895	117.8081888326241540
 1368.000000	10.1325937709762446	131.5992199162436975
 1369.000000	10.0100744791963372	89.8087957862967272
 1370.000000	9.7590219674728171	101.8861821668398022
 1371.000000	9.5253897799535299	87.8365207555945773
 1372.000000	9.6907187968189081	90.8310849327127556
 1373.000000	10.2544443333437378	85.1705301708909701
 1374.000000	10.4589853733196634	106.9409060876680115
 1375.000000	9.2612622973063399	82.8292047318237934
 1376.000000	10.0371186868392126	102.8703396953265923
 1377.000000	9.8038768690765039	111.3454727262192563
 1378.000000	8.5316159396978151	62.9410750801843051
 1379.000000	10.4105848824412863	103.8107607055881232
 1380.000000	10.3237252268143358	101.6851286374883898
 1381.000000	8.3268754766949069	29.8174812853511355
 1382.000000	8.7004234952384909	140.7396848521664481
 1383.000000	9.3348125615577491	84.4912068567899297
 1384.000000	9.9126300756755459	89.8005252026664920
 1385.000000	9.8532637580765083	109.3570313965253860
 1386.000000	9.5344201465435034	108.3727749034953689
 1387.000000	9.8681301426514310	91.1070980986389998
 1388.000000	10.4519567735151622	115.1775177054201293
 1389.000000	9.3230825425513082	87.8426674866952197
 1390.000000	10.2849639471035825	133.4096766571468606
 1391.000000	11.7246698452972193	92.7881559421114730
 1392.000000	8.3843442785809739	49.4100703402978922
 1393.000000	8.4215326234064030	16.8649675015832941
 1394.000000	10.1190653229614647	118.7657944554396465
 1395.000000	9.9946655987864279	116.9462295262670182
 1396.000000	9.9977815367091463	96.0178120637996244
 1397.000000	7.2528275858197722	61.6316068606090397
 1398.000000	10.0851510238820978	93.1097649641676810
 1399.000000	9.9813897773323568	86.0366618173828499
 1400.000000	10.3516508463003234	86.0685336659690563
 1401.000000	9.5698897420673212	117.8137030068740785
 1402.000000	10.5680760690713633	106.5814485546840444
 1403.000000	8.3017028938909139	13.6371762746231298
 1404.000000	10.2690920114225062	127.9253599770961642
 1405.000000	9.4055335094995343	142.3465602738158395
 1406.000000	9.8451934249420461	121.2774647649033568
 1407.000000	9.6865771711977473	78.2892304013814879
 1408.000000	10.0688727737250225	99.6795278059475294
 1409.000000	9.8061983462729518	73.9377483960018367
 1410.000000	10.3805878111468104	97.1303218840830311
 1411.000000	10.2767816609102898	88.3428345521940912
 1412.000000	9.6263628008649071	98.3757303289043250
 1413.000000	9.9574910616397041	123.5243022933503880
 1414.000000	9.0451311561711041	120.9959751352968311
 1415.000000	9.2346480214331308	38.0371720616580831
 1416.000000	8.8132181702338244	136.1526132732111591
 1417.000000	13.0823209671783172	84.2636914349099015
 1418.000000	11.8406236841316801	47.8219824692774864
 1419.000000	9.4107437421311637	129.9952529695676162
 1420.000000	9.8784565868484258	167.5693623125143290
 1421.000000	9.0797290703060405	79.4577855372720876
 1422.000000	8.7200258915719520	87.8629319290939179
 1423.000000	7.9881926352280015	129.4347935436434227
 1424.000000	9.0139578847229824	134.3369381019673483
 1425.000000	10.0484077601524788	113.0280836384721965
 1426.000000	7.7660552093984077	66.0823634809060536
 1427.000000	8.8067879187529350	89.6098493824075462
 1428.000000	8.1962181207880960	78.1699071817155442
 1429.000000	7.8332023899746828	77.8749350869293409
 1430.000000	7.4675857519676097	88.4211448049740198
 1431.000000	9.4877546871419991	59.5969257872938556
 1432.000000	11.0800958243003969	123.1818329791169333
 1433.000000	9.7915934711497368	109.8335070177632673
 1434.000000	9.3250668012415936	89.2014526854218843
 1435.000000	9.6432549994002041	102.6210348696443049
 1436.000000	9.6317840829398094	115.9400782086329400
 1437.000000	9.8439180696494759	92.1184494136276726
 1438.000000	9.8437288105706955	100.7292957544683958
 1439.000000	7.3689120881420322	65.2443459100131236
 1440.000000	6.9247259946541844	65.3683315295064205
 1441.000000	7.0371035403681468	97.9024870538189163
 1442.000000	8.0852900481690320	160.7540483579832369
 1443.000000	9.9310973556820521	89.3910385540831243
 1444.000000	10.9064517460043398	123.8751180781363814
 1445.000000	9.0569263903431310	144.5163684781745701
 1446.000000	9.8872179776648075	89.7426676442637330
 1447.000000	8.0241977033810041	50.8377735775248141
 1448.000000	10.7154861748956680	119.9518533074523532
 1449.000000	10.3948631405645280	108.9490380496840771
 1450.000000	10.3445338613317102	98.9550218703596727
 1451.000000	10.1246042342634706	125.0737355899501040
 1452.000000	9.4328684566454495	157.4284761687878813
 1453.000000	7.9811060354845393	40.5906095319884628
 1454.000000	7.1458876538370477	120.5591794309967497
 1455.000000	9.2811897801782859	119.9426251286957381
 1456.000000	9.8634463725116088	114.6471717689243945
 1457.000000	8.3695111945643745	23.6667015025395813
 1458.000000	8.5237580991896849	95.7575246956873798
 1459.000000	9.4851113811824312	112.8014665660103191
 1460.000000	7.6360859551766724	21.2584353969561164
 1461.000000	7.6974654360268220	14.1280388519995483
 1462.000000	6.8167535375612500	97.9700422060895875
 1463.000000	6.8700511135621483	97.6247032354500561
 1464.000000	6.8334677028237651	131.8882724755472395
 1465.000000	7.6200511949608067	58.3047197457408402
 1466.000000	8.2805322495188793	103.9176784883887592
 1467.000000	8.8797446824707240	106.8623520877506081
 1468.000000	6.8649398301725455	30.4185572881851272
 1469.000000	9.8681297938058208	97.8593853377029319
 1470.000000	9.7291590713876897	102.3401691536171114
 1471.000000	9.3040754465237185	107.8711597015092991
 1472.000000	9.4609672619487704	109.9410628209676872
 1473.000000	8.6792050996608232	113.6653855965952005
 1474.000000	10.1570579568116308	90.3150320294474653
 1475.000000	13.1930992842986630	111.1400198335201566
 1476.000000	8.4323012961044839	104.9915475445164788
 1477.000000	12.0067906209376396	125.3578826593168571
 1478.000000	12.4380988027553361	108.6625204383264389
 1479.000000	8.9085780954805163	133.0366943265153452
 1480.000000	11.6957605621239029	98.8849440691404169
 1481.000000	12.1978629918778836	81.0740108476487933
 1482.000000	12.8926000482042955	140.4086354129499341
 1483.000000	10.3149288436954922	141.7622100692400124
 1484.000000	13.8549330184627877	147.9107338175818711
 1485.000000	14.7528498275341651	90.2020173767561602
 1486.000000	14.8280314044283301	58.2852228304775650
 1487.000000	13.3174144982416962	90.6231292288243822
 1488.000000	12.1624766150227011	89.6712846299405726
 1489.000000	12.4514846495439997	116.5000340824682326
 1490.000000	12.2167859154578409	76.0844330962325159
 1491.000000	13.1959403264015744	109.5257601829775354
 1492.000000	13.1777400571452237	104.5754003900016187
 1493.000000	11.9121092826004009	70.7626517593704563
 1494.000000	14.7360457903315716	89.0197778039751171
 1495.000000	13.8397492829402928	94.7753351806634612
 1496.000000	13.2556965544183445	4.0325762635388571
 1497.000000	14.0225175857860087	145.5642370457017591
 1498.000000	13.4839883128594078	87.7458325914424648
 1499.000000	11.5135296993666376	145.9388519102124917
