 0.000000	8.5632876230527568	105.9019457876471506
 1.000000	12.7294761538010182	74.0249601210659307
 2.000000	11.1934197490864005	161.5607170858331187
 3.000000	10.0655737437661088	157.1614518066803328
 4.000000	11.1501538453419542	87.5784686180224554
 5.000000	9.0930729862685347	90.7014851297568754
 6.000000	10.5824478479003137	72.2195292828505302
 7.000000	8.6200009744259205	60.6361853925135961
 8.000000	10.9660982721422915	127.8342762569585034
 9.000000	10.5255180349271455	91.3577995957997047
 10.000000	7.1449338988694198	56.5398196528602881
 11.000000	7.3527955051291602	71.7678948311417315
 12.000000	10.9603805622632358	151.7861512306735676
 13.000000	11.8119161726962840	150.0149186667565573
 14.000000	9.5233857267682911	38.5157311697187481
 15.000000	11.0110231845658753	91.2009021146531751
 16.000000	12.2302320375797358	78.6304917422187799
 17.000000	11.2690777632340513	79.0167731536057261
 18.000000	10.8532236022789519	125.0729337731695381
 19.000000	6.6412444880375645	87.5896510772967076
 20.000000	5.9341141822616654	133.3924483118190665
 21.000000	9.0967159134905256	69.9468095882616581
 22.000000	5.7863873930391190	103.1033695286957368
 23.000000	7.1882093990860643	28.1949880803707345
 24.000000	10.6542929682590071	126.1360087240537666
 25.000000	5.6080611465860670	26.5546606023979450
 26.000000	5.8753557783909525	116.6206398679573510
 27.000000	11.7004822992632374	91.1972945755331637
 28.000000	10.8678617106232895	128.8837269635207576
 29.000000	10.9832518253857270	137.2878840062666370
 30.000000	10.2722120377004842	153.9784545862921448
 31.000000	11.2452134006905347	111.0803850816591023
 32.000000	7.5693810017080363	169.3434567278385146
 33.000000	11.5536374849361785	88.3467764288967885
 34.000000	8.5824367355287769	150.2659984417828412
 35.000000	12.4431957030803471	155.7495248761650259
 36.000000	11.2439290847873377	167.7074218904625127
 37.000000	9.6441044016703188	105.0744596577815742
 38.000000	9.9124186720335992	160.3527376830151070
 39.000000	4.5388552968335887	135.4852075872704518
 40.000000	5.4922758031225980	88.4333610559012868
 41.000000	8.7633860922585693	61.7235114888937630
 42.000000	8.1306285841811512	113.9546684820547853
 43.000000	6.6404834328172999	38.8485085939425119
 44.000000	8.1703614038019072	63.3466143466424256
 45.000000	8.5552956894076715	130.9475808984163336
 46.000000	6.4363146563996700	26.4478560146198731
 47.000000	12.4135084474164703	81.0084040355554578
 48.000000	7.3697363592316183	87.6648737757121665
 49.000000	5.9482646402797936	115.5439462235292183
 50.000000	5.5548590031054701	27.7339722790454459
 51.000000	6.6367132756508278	49.2349579998316074
 52.000000	8.2887916764144300	98.3641416724755118
 53.000000	8.2333967397274375	138.0709377584217350
 54.000000	4.8689429023655775	105.0204487204988482
 55.000000	10.6131941003517696	76.6334975089581860
 56.000000	11.8819784110294169	151.5607239387795175
 57.000000	11.2254070994440660	164.9923445179538248
 58.000000	10.8755181470635272	168.5364077893342767
 59.000000	9.0616007190395447	163.4654639511184087
 60.000000	10.1630389426677343	146.3022426415707855
 61.000000	7.7182195240479592	69.3524284764932588
 62.000000	10.1196515679217587	85.1138312013584368
 63.000000	8.0895999304850115	78.2271461698735919
 64.000000	12.3376048612720481	157.8115396284341045
 65.000000	12.1443467056565328	161.6918080415382803
 66.000000	11.6519752579953693	164.0931124102267802
 67.000000	8.5451725499468711	52.9625364156143377
 68.000000	11.9475542037186155	81.2187466317066225
 69.000000	10.4605903675224230	84.2441549606512439
 70.000000	9.9373628722715370	135.0433787358384734
 71.000000	7.7925559599218630	111.2638561334696021
 72.000000	8.7173983567566022	86.8986828598413013
 73.000000	9.7534880329033733	173.5809397585379372
 74.000000	8.9531727367190985	110.6797283382672390
 75.000000	9.2119470016666565	89.5098274866808339
 76.000000	10.8086178453296125	85.4697811371585487
 77.000000	9.1428290047402605	67.6284374566360640
 78.000000	12.2917888546568772	119.0399397214951875
 79.000000	11.6376056751690449	76.9688240180753667
 80.000000	12.1987711269069781	75.1192849046465767
 81.000000	11.4983681144847179	118.7617797181057711
 82.000000	13.6257856099529207	97.7771095429949781
 83.000000	7.1293887952003185	158.3412650776268151
 84.000000	7.8071115338577695	74.8814181763648179
 85.000000	13.2628266641045602	112.1280848425601278
 86.000000	10.3858508822833375	149.8350393425765787
 87.000000	10.8401504759699012	65.2710685347630601
 88.000000	7.3984647840282056	119.4026506083419861
 89.000000	8.3454547489648796	74.4041036241072788
 90.000000	9.5687299538931523	76.3475505370916352
 91.000000	9.9174221451022095	40.4728355457638145
 92.000000	4.3174910924313492	79.4656855996197464
 93.000000	5.4684812409378933	70.4323560677230773
 94.000000	10.4790501561394560	124.5634507107407103
 95.000000	10.4963857379877030	126.2344942752552157
 96.000000	12.5870116372889704	149.7825132012689835
 97.000000	11.2644325982539275	70.8792599593503354
 98.000000	11.6444432001683609	68.6983704696500155
 99.000000	10.9016325253185435	76.7837502414907789
 100.000000	10.7424605579770631	91.6304905489846959
 101.000000	12.9937219397889443	108.4595698864900442
 102.000000	13.0938525244420987	163.6603247161139052
 103.000000	10.1774426290519884	83.3053622605238360
 104.000000	9.3101393784144850	95.4096016603656523
 105.000000	5.2566869225849944	121.1668364225878065
 106.000000	7.2001616477454169	139.0547949830310586
 107.000000	8.7391991489587220	68.6801558466762998
 108.000000	9.8711456797246644	96.6503960071145798
 109.000000	11.1716568653352706	158.3438655751849353
 110.000000	8.1930310973585545	61.5210226228045798
 111.000000	11.3498937950855971	84.0849954128621704
 112.000000	7.7721081926585187	83.5321017855203962
 113.000000	7.7363763076689160	106.5096857992437833
 114.000000	10.3980757665791899	60.0167020182362592
 115.000000	8.6329436560352395	167.6541494861668866
 116.000000	5.4244109491037884	108.3924580390790595
 117.000000	4.8375760532170933	130.8965311675699752
 118.000000	8.2226705275390177	71.3502427384875091
 119.000000	6.2126001060850333	81.0334512165251795
 120.000000	9.1390672887969195	121.5195819536378394
 121.000000	6.9820615011688218	78.0733050822477708
 122.000000	9.7198840707704814	126.0317059193092177
 123.000000	11.6728417145406045	171.2469698519749670
 124.000000	10.8041722219198224	78.2189543927951405
 125.000000	7.7951278695472395	23.2770855796672436
 126.000000	10.9689983151174850	60.7504135011849229
 127.000000	5.1924075661956888	31.1567030797220355
 128.000000	12.6884104881206543	61.9943360826374885
 129.000000	12.8329379489272632	93.9274528094798313
 130.000000	11.6634625561847383	109.5797713785169805
 131.000000	11.3680366478826702	83.2957149514811164
 132.000000	12.3208214032565717	139.7114593472255422
 133.000000	10.6451690181893639	149.6344301737418618
 134.000000	7.4004817401673639	86.9452483566243615
 135.000000	12.7539265987491000	81.6687569634487431
 136.000000	7.1683287079778806	124.0057771175292771
 137.000000	7.0144324942051712	153.4230455098051493
 138.000000	9.9401840797079544	91.7893546697508782
 139.000000	11.7759491479105893	157.1646596336918265
 140.000000	12.0406853713641695	156.5171480523763421
 141.000000	10.4940807359467385	167.9605823633498289
 142.000000	12.2171844238257474	61.7814560165701607
 143.000000	12.6617976174415663	68.9925702496210391
 144.000000	13.2282361766387879	173.7956744635450832
 145.000000	12.5241064868191003	140.2022722083380870
 146.000000	12.0491437299048094	87.2376376664229412
 147.000000	10.5633827877587319	50.7868858955714302
 148.000000	13.0947150241234649	164.2429082727394700
 149.000000	5.6513162047496266	81.7811548969603308
 150.000000	12.6899422120668977	96.7414307699211946
 151.000000	12.0990587711718725	107.4584651516640008
 152.000000	12.0737175393812244	94.3036111741316461
 153.000000	13.3662241524505028	98.7020127393025746
 154.000000	10.9536588922487734	104.8546027640163913
 155.000000	9.6924900429306611	68.6703123946946903
 156.000000	11.1672038575960642	148.3024821533992679
 157.000000	12.8825325988222676	74.6047985137870882
 158.000000	9.1172297202428698	139.4231406664681856
 159.000000	9.9528206299041528	59.3997704022504251
 160.000000	9.3468453762917729	99.2860027699690590
 161.000000	6.7678435312878928	102.3511467610258023
 162.000000	12.4421300857257666	150.0539631601787676
 163.000000	12.3819347036197875	55.1929861629335647
 164.000000	12.0320358002708137	71.9766574963979906
 165.000000	4.3962363825458235	159.8726441958282862
 166.000000	13.7002936284394341	83.1854730370327786
 167.000000	13.1936431291946494	67.1569185393677088
 168.000000	4.4122303477467124	166.8355773703827651
 169.000000	13.1301239222377522	89.0382727995714873
 170.000000	7.9725279034643393	68.5282342570577185
 171.000000	5.5313226136636402	112.6172157134841285
 172.000000	6.8531926102982057	108.9971285904793632
 173.000000	8.7813466241815803	99.2344609408610694
 174.000000	6.1690825085308818	50.1978119796713429
 175.000000	5.5648596069024645	142.2623816031612876
 176.000000	5.8840162403441356	53.9919226478217098
 177.000000	7.3960830439550040	109.7614173404096647
 178.000000	5.9233320372097156	99.9270740239325193
 179.000000	3.6617183872540915	72.2050177321441566
 180.000000	4.6125420282318421	58.5165222145347315
 181.000000	9.9414173078898251	99.1410676627931338
 182.000000	10.4147153052737416	148.7907717834790731
 183.000000	10.5887332707213488	134.9299772565914850
 184.000000	9.7687277966562629	159.3493692302044167
 185.000000	10.0491201120990574	86.1411252961347031
 186.000000	5.3436733494736233	45.3713169425352305
 187.000000	6.6859026989581842	23.8001201984161241
 188.000000	11.5583845346221672	104.4429522574153708
 189.000000	10.0284974014977095	112.4891571069627361
 190.000000	11.8832732093423576	79.8374171346743395
 191.000000	10.3134994997584784	171.8709098033383782
 192.000000	8.2655957337951609	133.7536349114672021
 193.000000	12.0473500594519063	44.9925853401726386
 194.000000	2.7223263860762188	21.9971725453106615
 195.000000	12.4077235749035051	86.3220869331582605
 196.000000	12.8525698961794763	90.7497979308192981
 197.000000	12.9159112404807850	88.1285544200680278
 198.000000	10.3827509634209907	110.4216961657374725
 199.000000	11.4773325342134456	164.9856745518343075
 200.000000	12.0566096046714915	122.0988413028831303
 201.000000	7.4368060962391471	146.3496272194855123
 202.000000	10.2241401087960906	135.8443557726077699
 203.000000	12.3487682834197408	84.5217486695089661
 204.000000	11.7938752892670600	69.3094217999375246
 205.000000	13.1532601004231786	173.5952553141781891
 206.000000	8.1997769032651906	53.4642776566778224
 207.000000	9.7126608172641546	142.3373698231548872
 208.000000	6.0418817204910287	24.1847399167363335
 209.000000	5.6863848968932738	116.9109625354095385
 210.000000	7.0713125758560977	56.0209468606084613
 211.000000	11.8161606588402410	106.0211719937948516
 212.000000	9.9478533715224611	160.9992510873737217
 213.000000	7.2907811439464236	135.1470480337402478
 214.000000	8.9848236475057988	103.4869622351281748
 215.000000	10.6621411932142376	98.5458219420336690
 216.000000	11.6033941747711165	83.8094656298842295
 217.000000	11.0993241527085829	165.7006862930838338
 218.000000	9.7073035173910629	109.0067441055263373
 219.000000	7.4755471562719338	104.6756823124396618
 220.000000	5.1944459718376823	39.9530090106856051
 221.000000	9.5350179915908555	67.7355273763327403
 222.000000	6.2001846292973175	96.4569462758716298
 223.000000	7.3439298729430895	29.8109033517777959
 224.000000	8.9368757231542801	108.7364237851076609
 225.000000	9.3117702741898949	50.4262839983574338
 226.000000	10.6748545341931198	69.9157785583932991
 227.000000	9.2088521081743178	122.5324471359920722
 228.000000	10.5776175168698128	109.4950147709868702
 229.000000	11.4563932641911705	166.1630858402789954
 230.000000	7.5802048693952475	122.6802943896565239
 231.000000	8.9177890199978727	103.3255873435786611
 232.000000	10.3710601698701996	109.2841525887961893
 233.000000	11.0540312482861225	148.2412875016068199
 234.000000	10.2387082768667277	65.1053214981452868
 235.000000	12.1335040070747056	74.6032614558731382
 236.000000	12.3011695710549862	63.0855693014841421
 237.000000	12.7903102448315664	104.3790105157412427
 238.000000	12.8430064498181356	156.5921348618849436
 239.000000	13.3924038102138496	149.8669616562890781
 240.000000	12.3475993381188740	143.2333736220575418
 241.000000	13.2184892853626437	112.4565147727577283
 242.000000	12.4643307867170225	69.1228142443785885
 243.000000	12.0949742371497262	88.3091566077707881
 244.000000	11.8419939286228537	78.8241834510520363
 245.000000	11.4835526442227849	95.0862415409699224
 246.000000	10.0560310464006353	104.1599110382856281
 247.000000	11.5027257501618383	43.6031665402287842
 248.000000	10.8223860085394783	46.0024733844088587
 249.000000	10.5408337017091700	85.0193551017298148
 250.000000	11.9854205940583665	158.3581755292753712
 251.000000	11.6679850048185028	84.9589961317142439
 252.000000	6.1923271357064662	150.6790114795362285
 253.000000	7.5711542873761841	108.2796941094120342
 254.000000	2.7509167416426488	140.7916522171223050
 255.000000	7.1561724013569261	84.3073235671659660
 256.000000	10.8672574707846277	53.0504760532226527
 257.000000	8.4947392347589012	41.0878400789008253
 258.000000	9.3619668307754225	107.5311395856094947
 259.000000	9.7964716097906486	65.3914016932138935
 260.000000	9.5267111489259229	84.7924070545745678
 261.000000	9.0010220332660005	83.8838383154716638
 262.000000	10.8867229532151928	136.9158251237184345
 263.000000	11.0598843336014063	74.5494795108569548
 264.000000	11.8404580195909972	93.7284546592047008
 265.000000	9.9546871146367284	89.7743455006986153
 266.000000	8.9964567902296935	63.0638919692355557
 267.000000	10.4767417226348751	88.2779992545088845
 268.000000	11.5373847511258241	101.8131373642295472
 269.000000	6.0802891103091454	108.6091288850303442
 270.000000	9.8196336173419869	110.7498927427022437
 271.000000	10.5706487507229472	117.5712780997569098
 272.000000	7.1634955902803563	126.8185688659475119
 273.000000	8.1492592335079053	106.4087497783851148
 274.000000	8.0396448633152904	54.1943242286883589
 275.000000	6.4978134125808884	104.3222703087392063
 276.000000	7.9896191349877146	122.0017146664388150
 277.000000	6.6903776200535923	94.8540177105693942
 278.000000	6.6026633457071586	123.0790860274600789
 279.000000	4.8516594601075216	144.1876102153282773
 280.000000	2.8718310866368162	122.8926319235449398
 281.000000	6.9553748793504537	126.8966183660766802
 282.000000	6.3323119490310411	117.1225171404923486
 283.000000	9.8705905665221660	87.5936033298168013
 284.000000	10.7197351043515567	161.8951494270937133
 285.000000	8.3128962903698227	56.7855748903102864
 286.000000	10.5037955230759525	82.4844091913529667
 287.000000	10.4808838783905074	88.4543031578427446
 288.000000	11.3712177803956180	82.9428229757378830
 289.000000	7.5858462601780143	96.7870493543768191
 290.000000	5.3682705227152780	35.3599399387952928
 291.000000	5.8518688007259492	46.2423872627067283
 292.000000	9.9978008068639372	77.0387059820333775
 293.000000	10.8274598150309274	133.2054472197730774
 294.000000	12.4927983648437984	169.8140677707091015
 295.000000	11.2623602298774053	79.6325352974842389
 296.000000	11.0129335865317497	172.2173516931851793
 297.000000	8.8503821730036041	143.7264430048203963
 298.000000	12.4408919726176705	157.7452792267690711
 299.000000	9.1719317709664043	103.7984461768911757
 300.000000	6.9605997625847671	124.1579498367917864
 301.000000	10.6919106797006052	99.5496014028795742
 302.000000	5.0897258074508773	65.8422342507732310
 303.000000	11.0413900923741188	77.1094815324137244
 304.000000	6.8081679400211552	147.6878040833486239
 305.000000	9.1212673724162574	158.7772814598885134
 306.000000	10.7261165584345832	72.7411005443939018
 307.000000	11.7144606670014682	69.9820241046088682
 308.000000	9.9794809482999955	149.5179311283885966
 309.000000	6.5808485445046658	71.1590858249771401
 310.000000	4.5549707060583282	67.4687179053210428
 311.000000	8.0850679601589768	150.5410558816439845
 312.000000	11.0431103128898158	103.0368647262636159
 313.000000	9.0516239841844186	69.6181754481137034
 314.000000	12.4039495377379545	141.5841675720755291
 315.000000	11.9405793713831123	158.8402358580624423
 316.000000	8.9832127007791112	106.0580356658353338
 317.000000	9.7702012415652142	146.2745047846667035
 318.000000	9.0262606629549182	88.4452349613855233
 319.000000	11.6820232484875657	73.7235549679505908
 320.000000	11.4732059553979191	52.4884005812141083
 321.000000	11.9846692927720397	126.2729712122587671
 322.000000	11.3122455776761957	83.7977663434940041
 323.000000	12.3627188153808252	90.8773432918367519
 324.000000	10.6776678123064759	35.5390030112104114
 325.000000	10.4978338871190164	161.5559403497247217
 326.000000	11.3958922221693939	84.9876520648840881
 327.000000	10.6855796958828488	143.1661221986287842
 328.000000	12.9877494907944406	101.1248239768817285
 329.000000	7.9198477994473624	117.0475388493251643
 330.000000	10.8953684732662719	92.8475645375042831
 331.000000	11.0038203180761016	112.8763040893639271
 332.000000	12.6693617721217677	67.7059538460295869
 333.000000	10.9657270533801832	97.1957405445899241
 334.000000	10.4051822590307435	95.7909127304954495
 335.000000	13.2797317085611333	84.0882120621233042
 336.000000	12.6329199580513585	130.4286058395064742
 337.000000	2.7875086719655768	132.5411066425891136
 338.000000	7.0913530315281283	98.5816495325032207
 339.000000	12.2204191997257183	81.3632094824951082
 340.000000	6.5258675024452915	132.6187993724064995
 341.000000	5.5492782873741415	113.9953699764372459
 342.000000	5.0643961510721178	136.2732006256289310
 343.000000	5.4795247329818579	16.3953188382951964
 344.000000	5.6300532913015502	134.5393380564185009
 345.000000	5.0852164377591880	102.3107328006679069
 346.000000	5.3415267021913682	119.1565913372071748
 347.000000	7.7661802362166918	44.0859056624914274
 348.000000	13.0093914918887030	78.8285089273156956
 349.000000	12.8703244164105115	80.4193576303759556
 350.000000	12.8042822105696601	163.7921398754706672
 351.000000	9.7554266256754083	93.6036637726220278
 352.000000	12.9225337953605557	156.0223439079377954
 353.000000	12.6832674701371371	79.3349626914631472
 354.000000	12.0375947628370916	155.8275495771909789
 355.000000	5.4565184902647657	77.6404279192538382
 356.000000	11.9650592548211225	153.5263589625756993
 357.000000	12.3255705982985226	167.7173893553702442
 358.000000	11.0427391923861062	145.0021031978216683
 359.000000	12.0883679290734118	85.5671824520823350
 360.000000	4.3837099271385176	60.0366226688375804
 361.000000	11.5762532270888023	96.1393814358846015
 362.000000	12.0254166060297347	168.6175864379694360
 363.000000	11.1483994877946913	137.6615758678086081
 364.000000	12.3621693548788318	128.7535660698470110
 365.000000	12.3480419017423664	109.6148168960940694
 366.000000	11.8942609103407158	108.1669586613994056
 367.000000	6.7402415958711837	63.2790994616180598
 368.000000	6.2752589053907863	115.6131351273453589
 369.000000	10.9516372801475477	85.5458407204832270
 370.000000	10.4684212173012909	157.4539335516858216
 371.000000	10.3285783828272528	100.1057421388957493
 372.000000	10.3050002502654259	62.2833006628833914
 373.000000	9.8466293732326964	88.7866748921266549
 374.000000	11.2217655860353869	172.7342251122873620
 375.000000	12.9307998631595957	86.0729685973735741
 376.000000	9.6848120620249780	88.4810595613388955
 377.000000	6.9946308260721759	100.9215113096677072
 378.000000	7.1329918588861236	19.6921432230285518
 379.000000	6.8713423432054110	23.6297062449773136
 380.000000	2.9044270146461395	117.9415775452090429
 381.000000	12.3098217871480617	43.1897991501147089
 382.000000	8.8342800098599898	148.0343520064823792
 383.000000	10.1935339256884525	103.9629023585749366
 384.000000	12.6694734073046131	89.4395330073342336
 385.000000	9.5782096903577543	96.9616179390153832
 386.000000	12.7420390142312137	153.0606799651177994
 387.000000	13.2249231759819530	87.2299410672693085
 388.000000	12.9977492205168268	110.1259230556288458
 389.000000	8.9064406133655591	94.9067791365774269
 390.000000	12.5793066889898029	160.5720866448883726
 391.000000	12.5597737298268974	135.6173985085806919
 392.000000	10.0238143828883235	80.7527616947372451
 393.000000	8.6103602217073227	89.2414758946624715
 394.000000	10.9158826825987134	86.3614303684572917
 395.000000	9.8809901387034138	66.9684640886124498
 396.000000	7.6236535322922085	102.0588337701803567
 397.000000	8.3585978476816241	76.7645766783397931
 398.000000	10.3517718991814967	163.9370097432736202
 399.000000	10.6132828229374283	82.4393301966697294
 400.000000	6.4888759067120203	22.0898677694127912
 401.000000	8.4482181410665653	25.3381146395074097
 402.000000	8.8048008114762890	117.6047023290827127
 403.000000	6.3370588184494743	89.0797543143163040
 404.000000	5.5798495238675381	106.3951726542319278
 405.000000	4.7147405397450575	34.0645030016206931
 406.000000	5.0770710275206437	139.0190113382394657
 407.000000	5.6142836260223410	72.5146493860537902
 408.000000	12.5842299191037039	82.9053555234639248
 409.000000	11.8104459789778495	110.2049502441687707
 410.000000	10.6059572314727752	77.2847886012990699
 411.000000	9.6821717601460549	152.1977578399278741
 412.000000	11.0878266238614369	143.5997904909742999
 413.000000	10.5926606814056949	82.7011693337293394
 414.000000	12.3506996484245555	88.1815919098362713
 415.000000	9.1871870018339088	100.6679506717237018
 416.000000	12.1902154383172068	76.9419179174642949
 417.000000	9.7593136282570629	117.2382893484357709
 418.000000	5.0691089429655776	120.5892710177470093
 419.000000	7.6110479757023857	87.6634475698625835
 420.000000	9.8131456318094834	69.4161588452239471
 421.000000	9.5658521403141688	81.7911044259971476
 422.000000	7.6284057877344091	123.2716230211925392
 423.000000	10.1216724905914468	96.2199864982161444
 424.000000	3.8772559708250163	74.5539224445160897
 425.000000	12.5349904613546652	87.6181177796908770
 426.000000	12.1194517563985062	102.8900483369393157
 427.000000	13.1659009760876096	123.2959945125240324
 428.000000	12.1338425322691954	77.5003283400763650
 429.000000	12.4382239718708103	81.9715650992987008
 430.000000	11.6340823445833443	149.1738315709054632
 431.000000	12.9923121185001378	78.4108469774815120
 432.000000	12.1197330874734792	70.3133557206509892
 433.000000	12.7364728840438364	46.5095349031403487
 434.000000	10.2507733877777536	69.2148925154783825
 435.000000	11.4110159888062608	162.6876099698992846
 436.000000	13.7587474195646795	154.9982725376375470
 437.000000	9.7531801860115088	121.2851635589635180
 438.000000	11.7887494192381528	115.3996708840232088
 439.000000	11.3099623054065077	91.1573744102371961
 440.000000	13.2564541090649932	154.6339993280261353
 441.000000	11.2561513465733967	73.4983402073305285
 442.000000	8.7931106095720608	133.7176554748557464
 443.000000	11.4472411445634332	135.7157554798085073
 444.000000	8.6780727717284840	98.8532499392742068
 445.000000	9.6942182196857694	133.4219793705154586
 446.000000	8.7698020633968614	114.8881967837968858
 447.000000	7.5846658005539664	136.5705780033842700
 448.000000	11.2461082870842493	80.8710386725526860
 449.000000	3.6974792530359029	107.6238546733035690
 450.000000	12.0606204712498215	97.6012773746694080
 451.000000	6.8491795503410673	58.4889784429827273
 452.000000	5.3160049782398140	26.9435984609902164
 453.000000	7.0250886224436710	138.0727690387981852
 454.000000	5.4405402777500820	108.3770731699035395
 455.000000	7.0650543354981856	107.7431645045281812
 456.000000	6.9962278534213445	103.1608818364782110
 457.000000	6.0491639355089371	93.2170167629803927
 458.000000	10.3025679176413174	88.0413925468001253
 459.000000	12.4594366951870192	145.5840406655750314
 460.000000	10.3805216870418384	79.0443251018191546
 461.000000	6.9109326890169562	117.5002026977842746
 462.000000	6.8952004159788354	92.4857200274144873
 463.000000	6.3954297113148559	54.9519027482865567
 464.000000	6.9959673883563838	23.5909924671013584
 465.000000	6.8595051522101862	98.8198741197313666
 466.000000	6.7548208288788860	125.5438847882758182
 467.000000	7.3976301802091484	97.2092729204908608
 468.000000	6.6833321178100693	117.3615473633526562
 469.000000	6.6755214292817815	114.1027327239309983
 470.000000	6.8481147223067556	83.3936896421417657
 471.000000	6.8907261175559222	136.0167446659999655
 472.000000	8.5705430173851909	28.6584223304027716
 473.000000	7.0263855209921928	113.0897868408769682
 474.000000	10.3850283259845000	85.3398768738257161
 475.000000	7.1890380540877787	100.7404759426120506
 476.000000	10.7797418694853508	44.9151576947854778
 477.000000	9.9715266759274517	122.6938332194136194
 478.000000	10.1267698878276420	98.5565315524357572
 479.000000	11.4094577470842040	142.7601879751233298
 480.000000	10.7693977805551651	164.3131375476440894
 481.000000	9.0643474566806965	100.5557694871269661
 482.000000	10.6671045880448272	83.9442617007495215
 483.000000	6.1380952271504086	49.8532186015242189
 484.000000	7.0868183021445859	28.1035907309984339
 485.000000	8.4120159256955969	57.2896327194409736
 486.000000	6.1393484483704626	53.8934854371864418
 487.000000	6.8014831913478275	105.6990453916750141
 488.000000	8.8322495971040347	110.9075930795022202
 489.000000	10.7907303958109928	126.7074475194333161
 490.000000	11.9552724120365692	110.6328604505601874
 491.000000	10.6277489863969414	92.1036522151971582
 492.000000	10.8834679705508357	65.7446794986069278
 493.000000	11.8604051305866012	72.0844268036297251
 494.000000	12.2860925881762899	111.8367958525373353
 495.000000	12.0656647751271073	50.2232661644308678
 496.000000	7.0013534021935619	90.4322980458489383
 497.000000	11.7468378679932961	103.7521783905357893
 498.000000	8.6875059876964809	116.6618711387489640
 499.000000	11.5609990350495764	151.9202823965225662
 500.000000	10.1604505974613311	83.6352801197855769
 501.000000	11.5767664732929969	175.2715059043811436
 502.000000	9.7830942184830771	91.0312642266348746
 503.000000	11.6669272686512500	171.0461003665535884
 504.000000	12.0124093781019834	139.5651512842867419
 505.000000	10.9569304447987612	97.9585567915270161
 506.000000	11.9926284912939636	60.1843824410004231
 507.000000	11.6407205230103408	57.0333018233445870
 508.000000	13.0355378154504375	79.9303278429782011
 509.000000	12.0872055140926378	94.4691562071606086
 510.000000	10.8349329509322363	146.6926881824779514
 511.000000	8.4192682301813093	97.6953019137931875
 512.000000	10.4803586568669402	109.3951880213737979
 513.000000	10.5792459296437045	107.4788444495004711
 514.000000	5.8282546601146086	101.0009441010843148
 515.000000	7.5933723019411845	24.6491952716985736
 516.000000	7.9384617474677377	114.4408719609577219
 517.000000	7.7101219370529863	69.7697508489300020
 518.000000	8.7203910436087693	82.3639324125748544
 519.000000	7.9898476448136799	68.0897476868341442
 520.000000	5.6009979122623923	106.6646382277972123
 521.000000	10.4175501728222546	135.8395748449928249
 522.000000	8.4943171764533130	165.0044264919363854
 523.000000	11.2303204721130498	85.0686344665261629
 524.000000	8.9881963932170503	45.3804602423924734
 525.000000	7.5541638248486596	164.5146310467455066
 526.000000	11.7334491229026749	86.4818316567434096
 527.000000	10.9579847771686243	173.7758859086462735
 528.000000	10.2532917261613683	164.7569243000323809
 529.000000	11.0220381956200910	98.6848788452100933
 530.000000	12.9613642166536067	100.8976874750458563
 531.000000	10.4149528764356294	82.0712869941868490
 532.000000	12.2723982394473872	82.0585904934382313
 533.000000	7.5222637389680633	163.6933892993400832
 534.000000	6.9849654204196465	120.5094401040336720
 535.000000	6.7955567470103153	110.2347889949665642
 536.000000	6.7922750579051190	118.1208461404264654
 537.000000	12.0446677964065341	98.3805510249088400
 538.000000	9.9304205997202821	50.7683108228815172
 539.000000	11.2573801077887197	132.5941145707330975
 540.000000	7.9982881547445874	61.9104510725465076
 541.000000	10.8095507317992947	122.6759098796709964
 542.000000	10.0333919523309980	174.9205718916555554
 543.000000	7.2165781043666959	82.7416790694667554
 544.000000	8.2674744604703960	113.2527500366668676
 545.000000	12.0285379938772952	164.1121440523166086
 546.000000	10.3976262879158909	160.3991617045566045
 547.000000	12.3969691813012837	80.3540662551678224
 548.000000	12.3297196313694748	156.0854149775065594
 549.000000	10.3047741746757708	70.7495864743897158
 550.000000	8.4888402558891709	88.6195171093343959
 551.000000	9.1132706881982877	48.9522555445940100
 552.000000	6.9320438687324941	75.3261930574505385
 553.000000	8.4328205393582003	142.5093446053983826
 554.000000	8.1934342775697715	126.2638652766028997
 555.000000	7.9946599950824568	28.6873781285272571
 556.000000	9.1525549203389946	171.7198723265731815
 557.000000	10.9642203332497594	97.7554226036476166
 558.000000	6.1005028408442206	73.8715062389812260
 559.000000	8.7362262022412107	131.3633172107736300
 560.000000	9.1150794950067375	93.9814130527938687
 561.000000	12.6786763883500324	85.2583186150766181
 562.000000	12.8565409420430221	145.8944457431066724
 563.000000	12.0464624498993214	142.3864851526554389
 564.000000	10.6732869317599981	130.5821958056885705
 565.000000	11.8832532616963888	112.8632578843057246
 566.000000	10.4415336068421976	57.3655834401223927
 567.000000	11.4187462318010873	84.9277900290306320
 568.000000	7.4045085725331807	57.1727661917579155
 569.000000	13.2964662406162972	96.1149949813937781
 570.000000	10.1312139112784951	156.6805529381068141
 571.000000	11.4939728314810132	142.8946867019512865
 572.000000	8.8007939148609768	92.5913377501510269
 573.000000	10.4023837784632853	111.3637463960118907
 574.000000	7.9231306944739428	91.3567398305403060
 575.000000	11.4238769536457418	160.1952980073484696
 576.000000	11.6805929287643178	91.9746455267162162
 577.000000	11.5286718234347791	66.6542901232126326
 578.000000	11.5406043548292256	85.6041348073275259
 579.000000	13.5839572837465479	164.1917698496823164
 580.000000	12.1550519011162379	92.7418731130614162
 581.000000	5.9237668636061809	99.1251487254980930
 582.000000	13.1721878409107429	58.8896180767895743
 583.000000	9.7516706608449208	31.5570953779409251
 584.000000	12.3874098377857482	96.5846551921081726
 585.000000	12.8362275855399108	86.7251767594733707
 586.000000	12.0696893992208985	93.1338904449145701
 587.000000	12.1043415696282697	145.4950357747636644
 588.000000	11.4797606319283574	156.4215478068030052
 589.000000	8.8134855744935461	95.1851338958365289
 590.000000	9.8108287467324597	79.8437658097457188
 591.000000	6.7911059555212443	126.7673204613631981
 592.000000	10.9178575532996049	91.6834556620040360
 593.000000	8.7040416515650101	97.1090117161315618
 594.000000	9.9768200982976403	104.4278203875532398
 595.000000	5.2777038186146221	141.4721669169118741
 596.000000	8.2288283587801185	110.3995525795728696
 597.000000	11.6333949779329000	149.4335489208065155
 598.000000	12.8306097923983504	83.6955013845939959
 599.000000	13.2466188884139218	143.4191028838515081
 600.000000	12.7171557190728368	63.0417482754667304
 601.000000	5.8166203191296093	144.8189714489009816
 602.000000	5.2935687202516126	65.3360449132894274
 603.000000	11.9015693255271007	141.8547297777924143
 604.000000	7.5722581900707162	75.7899455593050959
 605.000000	9.6166779219304743	97.9451436012236201
 606.000000	10.5850417444468725	76.7928051432475343
 607.000000	12.2837170435649430	171.8937057737314831
 608.000000	8.9224916817404143	160.0687201649206202
 609.000000	8.6593710174492085	77.3007266486739013
 610.000000	11.1941254455562120	92.5893781781023506
 611.000000	10.1628200004767262	155.2375683550639849
 612.000000	9.6446282538535701	160.7286426272047208
 613.000000	11.1380142636897190	89.3470129118588119
 614.000000	9.7171430507701526	62.1202405544936624
 615.000000	10.1154014958695289	149.1005599328968287
 616.000000	12.0743873191797935	64.6576780278579406
 617.000000	11.6930774457452440	126.6674282059443328
 618.000000	9.3699663733198530	87.7073463423641613
 619.000000	10.3389051208734184	109.8967700082469605
 620.000000	7.2603581273954374	162.2114450889636430
 621.000000	4.3958330731278972	106.4905784682299412
 622.000000	5.4654055552282435	138.8851945009985513
 623.000000	2.8644684338583635	137.0101926116604432
 624.000000	11.0610955205774548	83.2438082216164332
 625.000000	10.0151417688135354	145.5817138167012672
 626.000000	12.5227108898146273	100.7112397243955542
 627.000000	7.9514088995697483	52.9755011812353729
 628.000000	12.9611887995436117	64.2489695549213167
 629.000000	6.7792232389169786	62.5824308539683329
 630.000000	9.3294520340929417	103.7687805791636890
 631.000000	12.9178675777400294	76.0059958948542516
 632.000000	13.5941410566901197	84.9898500871278486
 633.000000	12.1473075490941849	171.8596951313072054
 634.000000	12.2240628652002687	171.4088583338294427
 635.000000	7.6298739335970263	156.5335861697564894
 636.000000	12.5184998664800595	167.9700675434303605
 637.000000	12.9033103341732822	75.3750846679331659
 638.000000	10.0457898380262787	147.0218620577261674
 639.000000	13.0703500643885135	92.3269417250347146
 640.000000	12.4268447686750179	157.5892136044625715
 641.000000	6.5439790432767246	156.5897243550460018
 642.000000	7.3516737339559883	130.4528211753006985
 643.000000	12.1489728060408790	95.2980952499011096
 644.000000	6.5433924595665447	166.3519158821831923
 645.000000	5.7180473985648748	168.6497424369111968
 646.000000	10.9410369335929989	106.9704710358685134
 647.000000	10.5277451441611909	123.6002982649383455
 648.000000	11.9020891616315829	84.3416544149416296
 649.000000	11.1072934882901286	127.3026569776605612
 650.000000	10.9075562843168363	148.3694909825698574
 651.000000	11.3020032446311998	98.3391853714305881
 652.000000	5.7031529249198103	172.2443065705955689
 653.000000	2.7183326841728936	117.7528262332749449
 654.000000	5.1299923211579470	100.7213507106178838
 655.000000	5.8927243117329811	91.6942165910134577
 656.000000	10.1973718367970729	151.0855968148811712
 657.000000	10.9613872651020916	91.2219171783450236
 658.000000	14.0671373264651276	74.6318915103849037
 659.000000	4.9469567379337942	66.3514288692994256
 660.000000	7.9737113141262705	159.1181322475350726
 661.000000	6.3015034301244119	145.3501218213168329
 662.000000	11.2725949152364198	124.1499748786372521
 663.000000	12.2523050947752967	70.1292332729019705
 664.000000	10.8567523773172656	69.4131951354006986
 665.000000	12.0246223373791459	85.5701227871934407
 666.000000	10.8817200235126723	175.0914676481471872
 667.000000	11.4367215850367785	90.0821330420206721
 668.000000	11.1724220182840366	141.3420229629651317
 669.000000	11.4249582774559286	150.2751042702999200
 670.000000	12.2521397265073038	91.4332025721493551
 671.000000	10.8227567256645010	133.7602567773841429
 672.000000	12.5956111300093863	107.8162437003724250
 673.000000	10.8337577860990582	57.8317047485869580
 674.000000	11.3349261948309756	120.9868751398777817
 675.000000	6.5759078023264159	71.8949970363540558
 676.000000	6.1312925220189785	114.1966588975286783
 677.000000	5.0936281622169597	138.9348009919692970
 678.000000	5.8155805592301313	124.4268015725975260
 679.000000	4.7525160703399987	133.1067668482897375
 680.000000	5.1537894369668598	33.0165588069311013
 681.000000	7.1541011460061048	64.4354184944754991
 682.000000	6.6243873837299843	86.5779522567801934
 683.000000	7.8059392493219821	46.6857449434392606
 684.000000	10.2737141554033755	146.1416717273403378
 685.000000	13.6329317005485038	90.7982214853727356
 686.000000	9.1689727130656813	54.4357547549302865
 687.000000	10.8793203021837996	22.7965997202226447
 688.000000	11.1007390946836342	95.1993772756199661
 689.000000	12.9951704213739205	61.6524105288601589
 690.000000	7.6214451761807629	21.5012940509251393
 691.000000	7.7588401586115889	96.4638211312154823
 692.000000	11.9691420635350543	118.5574117557151794
 693.000000	6.3688112310505129	84.1304137216012151
 694.000000	10.7553044367822395	149.3736221315171520
 695.000000	13.0901935472239170	69.4246071982111630
 696.000000	8.1672991502614387	111.9772470311707480
 697.000000	7.3543625021910666	82.7111080875878883
 698.000000	10.4835337672660369	103.4137444685607647
 699.000000	12.4040318235995475	98.1463456566751660
 700.000000	11.0804046184375764	95.2791695486849619
 701.000000	10.5155126689062310	98.0474880954356536
 702.000000	10.3967086713435677	86.3939536869500131
 703.000000	9.3656190116362623	30.5214367024176738
 704.000000	10.5812647371291408	115.2534390084467617
 705.000000	9.9071717555890935	67.3199127784901776
 706.000000	5.0915366304709977	125.2551824719492828
 707.000000	2.9099238117506885	128.9171007435072056
 708.000000	9.6197184135611415	151.4821788250266081
 709.000000	7.8238223131570281	148.2104742318370256
 710.000000	7.5317601293347254	75.5695563338192784
 711.000000	5.1351706674371913	108.1539121529062299
 712.000000	4.8337150006598906	42.9521249731686510
 713.000000	6.9136607790227762	22.8276000755108441
 714.000000	6.9951845740012963	16.3907684553797708
 715.000000	5.5020880991049061	164.1595134874507949
 716.000000	9.0138979290872605	156.6111681361059880
 717.000000	8.8842539749630376	136.9430654493909287
 718.000000	7.0406323397499424	99.9424398642314884
 719.000000	7.0480989191645804	130.2346265691137432
 720.000000	5.6285496804051158	139.9426737254212298
 721.000000	9.2244247255816436	89.7214184466527058
 722.000000	9.3867964575530998	73.6905436887883099
 723.000000	6.7762389995071182	51.5744276870308624
 724.000000	9.9747112143129666	74.0461815834652981
 725.000000	8.1924526455500448	139.5257051508434643
 726.000000	2.8016225145765929	5.2840584530331967
 727.000000	7.6859591244301271	82.0263140899599108
 728.000000	6.5581036069896586	121.2212718449095235
 729.000000	6.9199591171889638	121.4378849827541700
 730.000000	8.6373996744323343	80.5295885389639921
 731.000000	6.9660082804823880	121.0343520220875178
 732.000000	6.9112958732979566	24.2295554154810020
 733.000000	7.0706488654310338	101.5582882313419475
 734.000000	6.8490179361329844	32.1567429419344819
 735.000000	7.0145328586696314	127.1683745489192887
 736.000000	6.6733078052636872	112.2628000266347783
 737.000000	4.3785364975508916	68.6981854618309598
 738.000000	11.6758760917272308	89.3251136504573964
 739.000000	7.1971387364878288	136.3112614058921110
 740.000000	7.7155233745396652	136.8911425922758553
 741.000000	7.3716081028450846	158.5440796047266190
 742.000000	10.7782892803718564	106.1330486322505067
 743.000000	11.5396348492147975	169.5492121396358982
 744.000000	12.4117700289190740	71.5890769436345238
 745.000000	10.5295432803949929	82.2597941700273196
 746.000000	12.3723566543150501	64.3637695434277219
 747.000000	13.5180718798894457	160.0958334702375510
 748.000000	10.5648899759160777	66.3111552936320834
 749.000000	12.1573304603411145	152.5570065042448391
 750.000000	7.7239634487889228	98.2263661348790009
 751.000000	12.1904928579236973	102.0782921931517677
 752.000000	11.8888695478532771	73.4110821045360780
 753.000000	13.4508040516392171	113.2707056106682160
 754.000000	12.7070686393418466	97.0685915270937585
 755.000000	10.0228139493114057	168.3110860969231624
 756.000000	9.1847043869756106	88.3200683648036033
 757.000000	11.1873637875681808	78.8266623260034294
 758.000000	12.5470682401469329	82.7101811783343663
 759.000000	13.0067020998938698	105.9015148855458790
 760.000000	11.7057863684954278	85.4442703086134969
 761.000000	12.0724564715073708	145.6658512340812877
 762.000000	11.4230931285007795	94.8601394205235806
 763.000000	12.0693859671517867	80.0256930378218527
 764.000000	8.6016450687719708	119.7309672269138332
 765.000000	10.7849938010301827	76.6152212705343345
 766.000000	11.2884842882386653	138.6458771602098068
 767.000000	8.1523016116429492	143.8594171785452716
 768.000000	8.2892310055399552	101.0364665219011755
 769.000000	6.7868252735128287	94.1524380872970994
 770.000000	4.9788943097367202	103.9347544176280707
 771.000000	10.5734409284298625	107.4025667501706636
 772.000000	5.1059776967340289	123.5216344360659377
 773.000000	10.9098870230964025	74.9542271020402495
 774.000000	12.4419367626662627	71.9135439780828705
 775.000000	8.7119730885944353	152.1531946223717569
 776.000000	11.9335122621181871	70.8298406079131126
 777.000000	10.0955113521303890	102.0673635139120137
 778.000000	11.9784851307930751	62.5936040312081445
 779.000000	9.5704213269780052	92.8366422768184805
 780.000000	4.8199628918937441	149.7013758458093946
 781.000000	9.0205569894672504	152.0638162090857577
 782.000000	4.3581371733512579	100.6301398055554444
 783.000000	6.1719195523391797	83.4336621399483676
 784.000000	9.2940008334380462	86.1647275511706141
 785.000000	12.9285539216314334	71.3276741795577038
 786.000000	9.6646501770873634	55.7658922013583549
 787.000000	12.4042443397793143	62.0548127613821237
 788.000000	13.4111796041311564	72.0236811706726172
 789.000000	12.9074033252377429	63.7489681432884936
 790.000000	9.7845796044651170	163.4204976489549495
 791.000000	12.5095674622553776	115.2639719479804938
 792.000000	11.3878296798482133	93.6456302425217189
 793.000000	11.5785321178372200	155.3304586493925683
 794.000000	9.5892837657692098	120.4551611239469793
 795.000000	11.3904281911951220	91.1992880061432345
 796.000000	9.9892787441544222	68.6024645836716758
 797.000000	8.4991033197095120	82.8726433796357753
 798.000000	10.4939598576107418	148.3658348594048562
 799.000000	10.7481141303555852	63.8060578597815891
 800.000000	6.6445306791071763	18.6672158290898267
 801.000000	5.5149933994881337	121.7851517536901156
 802.000000	9.7154781586232755	102.0690256086479053
 803.000000	11.6694446613292406	71.7030097204673780
 804.000000	12.7688958586005707	77.6085728736157847
 805.000000	11.4608788991865396	113.9413703729494074
 806.000000	9.9352511641604266	140.0479616268531800
 807.000000	12.4382714044398099	73.4865745942619100
 808.000000	3.4784040684937714	111.3113190530337420
 809.000000	9.7290243674219994	113.0638146723335780
 810.000000	12.1629020617114367	90.1308077539910073
 811.000000	12.4690361668955187	98.4358540084562321
 812.000000	12.9565848082284436	65.3532613801057209
 813.000000	10.5156380720909297	175.3044312200164256
 814.000000	3.3148574934817376	60.2653675566009781
 815.000000	4.4368220040823676	104.9020012966959996
 816.000000	10.4630342248634882	98.2845663272844945
 817.000000	9.4878181049179666	99.2716972352048401
 818.000000	11.9493017181543451	169.2679236186605181
 819.000000	12.7299869166108746	145.3985425764511774
 820.000000	12.3139618745457415	43.3369743144633048
 821.000000	13.1765209582848684	97.0667707490142533
 822.000000	12.9272285156648934	73.0243048456437407
 823.000000	12.5875101588273655	93.2975450228266823
 824.000000	12.0032946927010205	118.1126895903126979
 825.000000	11.7204633698574341	103.6520751240544769
 826.000000	12.6444324632043656	102.8021429495869938
 827.000000	12.6549484847632030	148.7911069510216464
 828.000000	12.0674067392198303	151.5974011629855909
 829.000000	12.4130735672266130	65.4871153815722096
 830.000000	10.9978162999961633	168.3628459291866193
 831.000000	12.5690736579819831	73.8227666301462904
 832.000000	10.2502672031951327	108.9945161308552599
 833.000000	11.7388466532614935	168.5057213329692161
 834.000000	10.3610975289760319	86.7189876596995362
 835.000000	9.4369008540934640	93.6636294135729486
 836.000000	9.8281050496637690	142.3010110589689532
 837.000000	9.3079785329463078	143.7684132459233979
 838.000000	7.6355880575199979	109.9659717172031179
 839.000000	6.2370205385106754	136.7372735061592834
 840.000000	7.9727584379487011	89.0108786359825075
 841.000000	4.0562558212564372	55.6070876806811043
 842.000000	11.0627178786519202	89.8294681869561344
 843.000000	6.4541772270956734	169.8630885298856583
 844.000000	11.2170747434680553	114.5198870200355969
 845.000000	10.6420137312480492	150.9699634185673744
 846.000000	10.9408570671843979	152.8113282428766126
 847.000000	7.3758375434729055	81.8449614890577379
 848.000000	5.1659895981972879	134.3207391257537040
 849.000000	11.4503236128900561	97.1569070052806580
 850.000000	10.6149447807878818	71.8051060352588593
 851.000000	9.8383044721431219	130.9253661459024158
 852.000000	6.9340713051039939	98.5851256479632951
 853.000000	6.9766731826712007	108.8801905820748743
 854.000000	10.2376875387377915	115.2710362018170542
 855.000000	11.0252595354106457	158.8063080077396876
 856.000000	10.8639846520084902	91.7611433841613007
 857.000000	6.7851552240966342	128.9244634383130119
 858.000000	4.6224802487098300	33.7253300350460847
 859.000000	9.8864424734341991	150.1378196526897568
 860.000000	4.0631262002553186	151.0294828347414011
 861.000000	11.1625143297453722	154.5876363146954589
 862.000000	10.5981934990432443	137.3573276834790420
 863.000000	5.9146317870024134	161.8472763907122953
 864.000000	12.5443153579826259	103.8818536075719976
 865.000000	9.8750949626708877	55.0723379858100657
 866.000000	2.9738279881600724	104.3713986359181121
 867.000000	6.9374255465539889	53.3536004185531567
 868.000000	9.6690945681458214	139.5368520887799093
 869.000000	9.1402768935339207	138.7777642729014360
 870.000000	11.9750082653310947	90.0335769453158008
 871.000000	13.8662104310415408	104.4037454280980768
 872.000000	12.9101861475369883	151.4164889278935107
 873.000000	12.4503537453055486	121.2366979112912873
 874.000000	10.5006752965333430	167.7382363679428749
 875.000000	9.7304456016376886	104.7706993928259891
 876.000000	7.0109252465561349	115.7742629325407222
 877.000000	9.6241466448921251	73.0404099941684990
 878.000000	7.6633452718801101	100.1068428231524621
 879.000000	8.4963897005473630	93.2325688659955603
 880.000000	9.4532852498836366	127.5687081678363768
 881.000000	12.9226332422911643	172.1927603515798069
 882.000000	11.2411941227712084	90.3588721192862891
 883.000000	4.1019782510504683	71.1666980538219605
 884.000000	11.3518741618406764	158.4015454428543137
 885.000000	5.2332185670512992	90.9368251571644777
 886.000000	3.1384500937438999	147.2312274807463268
 887.000000	7.0204370510457093	129.3933192845601354
 888.000000	6.9090267833761150	39.5752072814805729
 889.000000	6.2479847627098133	132.0255173812370231
 890.000000	6.8637772744113823	31.3275492693323656
 891.000000	6.9908909352291246	106.0230979695982398
 892.000000	6.8610668636903878	15.9728544622005586
 893.000000	6.9370684411572716	34.7300531249212554
 894.000000	8.7348645130817371	92.1990681432932746
 895.000000	12.1699958408949342	141.2831722416821378
 896.000000	10.6762561163120751	75.6129133426893247
 897.000000	11.8940068190868349	165.0023314692911640
 898.000000	10.4841039943931964	134.0360170570907599
 899.000000	11.7848806944027924	70.0803889044088208
 900.000000	13.1442253626016363	89.9097400803458413
 901.000000	11.4753426221871475	77.2662689963003970
 902.000000	10.6607516107309763	141.0218025129929629
 903.000000	11.8222406241923377	96.2270475065543280
 904.000000	11.5761511866307085	127.1233946437317996
 905.000000	10.2585754442175983	103.5099924060734935
 906.000000	11.7730123843979744	120.6241868595769660
 907.000000	9.5897145032284232	82.1816179289039752
 908.000000	12.3022581613817543	85.2651516486019858
 909.000000	10.2017049964387585	121.3611632684093706
 910.000000	11.4808218003378624	73.0028330043929969
 911.000000	6.9507839411591563	74.1859257027355596
 912.000000	9.5857404628543215	147.6070990677092141
 913.000000	6.6333980112320177	94.5809513350787086
 914.000000	9.4411294158884793	63.7496085129175469
 915.000000	10.7989506272406679	79.1078289897879614
 916.000000	5.3346005736343276	139.4972811885925807
 917.000000	7.6359079273143857	162.6465325704101588
 918.000000	10.9627214236379569	121.6299847483135608
 919.000000	12.3862035706139864	93.9718682912044585
 920.000000	10.2525781609285964	159.3712295278282340
 921.000000	9.3246004758608070	150.7974524347882834
 922.000000	10.5904058145476601	92.4156400258249562
 923.000000	7.8036023892776560	154.9105819497525545
 924.000000	9.6138706534944323	69.2075586763788237
 925.000000	11.5164413969749226	135.5547967755605043
 926.000000	12.5116824558293338	72.7478078323440656
 927.000000	11.9588528190451981	119.7327798478382590
 928.000000	6.3871624147601258	50.7454365363379054
 929.000000	9.9041287110753515	124.2278901332223882
 930.000000	7.5366762275221237	117.4286181733803289
 931.000000	10.5654049924880074	109.6787598436938964
 932.000000	13.2853802437077331	99.4094017786595145
 933.000000	6.5921426628094215	56.5304154883682486
 934.000000	10.7774841082579051	92.1370549461443318
 935.000000	11.0320476675095254	108.2691558654356214
 936.000000	10.8504914614845482	78.4426407451842493
 937.000000	11.4861359065577258	76.7684283687557070
 938.000000	7.9637745948418992	26.9085186236835625
 939.000000	9.6995968497543199	129.8072163703007504
 940.000000	5.9537566955600738	116.1538480633478088
 941.000000	11.0250445491655409	82.7221476997728757
 942.000000	10.5993142135221987	80.1686412670550510
 943.000000	11.5413062209227064	93.8817776009083502
 944.000000	10.2015875894120320	155.3142493992440905
 945.000000	10.4738506011027539	94.0056033355279084
 946.000000	10.9011205253407066	69.8542554212430247
 947.000000	10.0998711094347229	91.9697029151119949
 948.000000	10.6382077538268689	71.6352988878804524
 949.000000	10.0447388034130043	72.7515296074172539
 950.000000	10.7336456993906069	145.3000754517410087
 951.000000	12.1004564028788231	80.0087943311858965
 952.000000	10.3190254999483173	57.8645937852706709
 953.000000	11.0268150322006218	90.4595821817144952
 954.000000	10.6462752431439309	130.4512064630521877
 955.000000	9.1207032779147497	155.2863047504487781
 956.000000	9.6798391059485454	106.9600784795114947
 957.000000	11.8200835354718805	111.0100479028235867
 958.000000	5.6421867054873953	128.1472533787494683
 959.000000	5.2845377368473097	89.2802860465190520
 960.000000	4.6717824380207755	51.4334113702841762
 961.000000	8.6418013716164044	162.9515796576955324
 962.000000	9.3219863254781927	146.1813769915095804
 963.000000	5.7274620432106333	109.1913250740673931
 964.000000	5.9881908630115390	79.7731215006006948
 965.000000	7.7309127537791991	101.6063986361453573
 966.000000	6.9330635667525113	79.2319359978853015
 967.000000	8.9407704774002017	90.4553475425203999
 968.000000	11.1235068350080137	155.3778502220720839
 969.000000	5.5834514641876121	67.4052483152044744
 970.000000	5.8179946770774560	133.9375630321526103
 971.000000	6.4030723276725423	127.7572997115599378
 972.000000	6.8105630659513343	26.1707611448023272
 973.000000	10.2749411259703471	115.4185396846222744
 974.000000	10.2578437674592209	77.7426619200317788
 975.000000	10.9172028462792845	148.5128550935553733
 976.000000	11.4220563828355353	171.7683888437989310
 977.000000	6.8722337019850066	170.2751879575532996
 978.000000	11.2221718722708435	136.7311139656628143
 979.000000	11.2841707026328510	46.8501426333871791
 980.000000	11.2658098220832930	63.4918202535900633
 981.000000	10.8861962071913947	153.8546304228176211
 982.000000	12.2036297486007825	147.9402191321390774
 983.000000	9.9260101316010054	117.6094338339870831
 984.000000	9.6491314891978455	113.0512325690942106
 985.000000	8.3871810068100299	131.3861769896253691
 986.000000	10.9272087772110336	38.7493520879871483
 987.000000	11.1250735410488790	98.8831405925329108
 988.000000	11.5979714181269102	98.2588357917312152
 989.000000	11.0559581719691238	117.2874666350236623
 990.000000	11.3348901544033609	107.3101605170195683
 991.000000	13.1194597504784269	157.5188474662930105
 992.000000	7.2681570428334750	141.2966845214326099
 993.000000	8.7090023122414184	16.8009132816406179
 994.000000	5.4519701792159339	107.8238154357914738
 995.000000	10.1748937492157960	95.7017088842614214
 996.000000	9.0448146149464730	96.9203350900483969
 997.000000	10.5950583317160341	70.5756331197842002
 998.000000	10.4773696367053102	143.3558242789036399
 999.000000	12.6401487492336333	77.5237814048907836
 1000.000000	13.9055226294632721	79.4140423067981231
 1001.000000	9.1295060110818405	86.6816469642407696
 1002.000000	7.2806433636393422	156.4843288510687955
 1003.000000	10.8985625538678885	67.8254589498810248
 1004.000000	11.2317096872793840	129.2351896767928565
 1005.000000	12.3384858014356951	137.6409349450541981
 1006.000000	7.5728502384368070	138.7095060071368948
 1007.000000	9.6492535306137324	109.3884689799742773
 1008.000000	10.9630113926975490	102.8095050933460044
 1009.000000	12.1719795250268135	168.7984900946453592
 1010.000000	9.5164911689093188	171.9976917735720292
 1011.000000	13.0298380065089479	75.4420932734506380
 1012.000000	10.0879098229605546	61.0370284732580330
 1013.000000	10.9082583642817745	73.4125992063170969
 1014.000000	13.4516687321560280	71.7987745177278214
 1015.000000	11.6411198407435990	83.6255568013711041
 1016.000000	11.3834974534632742	50.6668765809178581
 1017.000000	11.7375545894954456	103.5751402721860757
 1018.000000	9.2180478492582303	71.5452055407711214
 1019.000000	12.6820374803014797	141.7789289792400780
 1020.000000	11.3553469341120543	109.5954567948858625
 1021.000000	12.4363799725829818	45.9061362411608229
 1022.000000	7.5099782051623141	45.0982934519929017
 1023.000000	8.3782755660307675	67.0981559295973966
 1024.000000	11.7670650285053355	109.3670263939429503
 1025.000000	10.8908635205201136	91.3154501679491801
 1026.000000	10.7317268792324114	140.4781980085540454
 1027.000000	10.0400622219516205	44.6441953414118871
 1028.000000	10.6142334401624510	175.1966360695233504
 1029.000000	9.1280216744594842	163.1578797949006230
 1030.000000	10.9787247083711907	71.4392409425787918
 1031.000000	12.4101246518746517	82.0428175809064300
 1032.000000	11.6360623048634615	167.0841350995731602
 1033.000000	11.2774886173594311	66.2593181759073815
 1034.000000	11.9408731722743671	68.1149473213519627
 1035.000000	11.7009638153371398	76.9891530355255611
 1036.000000	9.9381228842066669	90.8840064523275544
 1037.000000	12.8075754595103621	163.8702884888183462
 1038.000000	10.9430063499193064	94.4100733795272902
 1039.000000	11.3464265026881979	87.5600154954779413
 1040.000000	10.8340353915700192	111.9668373169492668
 1041.000000	11.6269096955708324	148.3427371169389630
 1042.000000	7.3756719202491823	147.1083512390788997
 1043.000000	8.4725878921743512	88.6103759976762291
 1044.000000	12.6198899601035102	108.9341458594001608
 1045.000000	4.6145425658210542	117.8507308571495003
 1046.000000	6.5652811597890475	101.4741903250715467
 1047.000000	12.0106196771585090	137.6192975216121681
 1048.000000	11.0255048188438689	83.5044204746562997
 1049.000000	9.9897934923115823	114.0469041889178214
 1050.000000	11.0356307176183446	89.8099557782136912
 1051.000000	8.8540684288829752	101.6215813468449340
 1052.000000	10.5478926150798813	137.4319589043453220
 1053.000000	7.4056131385215620	35.3372198008408986
 1054.000000	6.7638887318851602	62.2469403866780340
 1055.000000	6.8311700770366670	162.8549318817216545
 1056.000000	10.8313491065728780	48.9800387630054104
 1057.000000	8.5747325976023685	128.9466161829424493
 1058.000000	8.2201172602017927	132.8487592147064333
 1059.000000	10.8892031003627263	103.5772307789599864
 1060.000000	7.6307266101849596	114.5063606145766357
 1061.000000	10.0641584617904911	103.4746979993634284
 1062.000000	6.6110462930245104	108.7524221499258914
 1063.000000	9.2078439223372008	131.4303393296395939
 1064.000000	10.6929605584504266	162.0809346992465407
 1065.000000	6.5629825602592460	134.9550302561603132
 1066.000000	4.7101468334965686	34.9876328576080766
 1067.000000	9.0643053805201212	105.7247698217163503
 1068.000000	11.0360647242678649	137.6796398757411453
 1069.000000	10.7680331512232677	108.5350689079687498
 1070.000000	10.6765988460802586	109.2786764621778275
 1071.000000	10.9663635432757793	160.9527095406590433
 1072.000000	12.4574514983771767	102.4054752398839412
 1073.000000	10.2950690315604003	117.5978071398457985
 1074.000000	11.2172334392786652	152.8827490544433942
 1075.000000	12.2363757538618039	144.6160453104884027
 1076.000000	9.0108839494648532	62.3365894770889213
 1077.000000	8.1821140984260303	84.6825408957130179
 1078.000000	11.0032085596065325	99.7617672600964625
 1079.000000	9.8263702091454714	63.7731982052825686
 1080.000000	7.8784431852331531	83.3295771087763200
 1081.000000	9.5523033198211653	155.4926262529886287
 1082.000000	11.0495399696896115	143.5327398022758132
 1083.000000	9.8756629664172060	106.9721885442223055
 1084.000000	12.2041279451666664	73.7848019980174570
 1085.000000	8.6237520645832042	143.4916332240147767
 1086.000000	10.0125743549097539	128.0223955131585853
 1087.000000	6.4305225263962864	95.3462449396337774
 1088.000000	11.7778919632994175	62.3940941260176913
 1089.000000	10.8666967849138771	76.9212607350045801
 1090.000000	8.7735890691131235	81.6575818882620439
 1091.000000	9.8347482018832277	104.5413093207068869
 1092.000000	8.9046025850810580	72.5352845716650592
 1093.000000	12.6526306239686317	73.8801045737002795
 1094.000000	9.6518413734935358	103.7611358941410771
 1095.000000	5.8351805187619963	113.0289049789723350
 1096.000000	7.4996329322924327	126.1289745256174371
 1097.000000	9.2706142321668832	21.6414287294699079
 1098.000000	8.2045020492250753	93.6350715026393488
 1099.000000	12.9428511444815548	150.3071784238940154
 1100.000000	12.1719693274281493	154.5359425766921504
 1101.000000	11.4310370205104910	147.9432931957206847
 1102.000000	10.9548685106833492	118.5415487379789283
 1103.000000	11.4970209017680371	116.6513501722363628
 1104.000000	11.6305022321705636	57.6953931880223081
 1105.000000	11.9799960358237101	72.1444903444676129
 1106.000000	11.8115320449474979	64.2644028580043880
 1107.000000	13.6477687000068997	163.0808092362495927
 1108.000000	5.1183015914845678	83.0541888782643269
 1109.000000	4.2118390500693632	167.8425475840254535
 1110.000000	4.0837041462125283	118.4192427040709106
 1111.000000	10.1906118939573620	129.9110072159678850
 1112.000000	11.5989094027984567	59.1690935743286985
 1113.000000	9.9679147182340628	94.2402399445504102
 1114.000000	9.8659063036583046	120.5456680622596508
 1115.000000	9.4569024431049975	166.7627172134872637
 1116.000000	10.8668490560117963	115.5216557180530970
 1117.000000	4.7870745076715533	83.5590508681386694
 1118.000000	4.9091736879670709	110.0417411609546718
 1119.000000	9.3797137305303089	142.6283222385402780
 1120.000000	7.1926013646032647	36.2989380651605984
 1121.000000	8.6195787568986173	141.3334108865812198
 1122.000000	9.0500353526697754	47.2165236493335385
 1123.000000	10.5481444285636332	80.9879009316529022
 1124.000000	11.7415724430632675	158.7963266447731598
 1125.000000	12.3505422601272059	90.9960498880452064
 1126.000000	13.2125542898936619	114.7234955439253383
 1127.000000	12.8449422403883862	155.2051533468676894
 1128.000000	9.8848796677899902	104.1411736041146270
 1129.000000	12.2477454655402962	81.1588079647659413
 1130.000000	13.2557027357769481	92.3892800610312293
 1131.000000	11.2574851730922738	149.8009841363900989
 1132.000000	13.2544294611863762	85.5038652389456644
 1133.000000	13.1563427915751046	89.0093209714233637
 1134.000000	9.0408819578134878	56.1401636234826924
 1135.000000	11.9333926616272983	154.8997976015390350
 1136.000000	12.1165142638085843	84.4817416480786960
 1137.000000	8.8254818404498909	123.2616443469562029
 1138.000000	12.6223443553424968	86.9789631562179864
 1139.000000	7.4621272375473948	86.1692923052275717
 1140.000000	11.4782350485641995	85.7129471737604121
 1141.000000	8.4646696129715977	77.9378398470091298
 1142.000000	9.9297207181026668	128.6822583612354833
 1143.000000	9.7389926693468141	167.9309743765022347
 1144.000000	9.3790824179598822	162.4121203389984203
 1145.000000	7.6032099572377057	109.5826481082553698
 1146.000000	11.1541105961267988	157.6338259171044172
 1147.000000	10.1983501868917799	61.8252654579410716
 1148.000000	10.9139731414827956	153.2970492742748831
 1149.000000	12.3397513763519093	154.5328787944876581
 1150.000000	11.1782514559606163	167.7258708773272531
 1151.000000	8.7283865215637899	172.5091869983673121
 1152.000000	4.5019017086813111	86.2054239285351827
 1153.000000	10.9099986742797395	129.6273612717766923
 1154.000000	10.1458645376073573	90.6518958906010539
 1155.000000	8.6381065841241860	163.6360339190628110
 1156.000000	10.1387643311695808	147.6447978729482884
 1157.000000	7.5877200537164748	98.2295057796918201
 1158.000000	11.3991150894384869	108.5818895175153926
 1159.000000	7.2439523920205966	74.1115900429566921
 1160.000000	8.7133755784820899	90.3397737773074567
 1161.000000	6.3090510817451229	93.3746498551943063
 1162.000000	6.9450813804908327	128.2593975048838502
 1163.000000	6.7184373600022367	109.4694637127015397
 1164.000000	5.4742676299338946	56.4299983173928155
 1165.000000	5.4956880729890027	105.2418070627006870
 1166.000000	5.0692736673839631	32.5399131720781725
 1167.000000	5.1239054816107856	51.1821003046606791
 1168.000000	5.2160387345448882	131.1548152063077168
 1169.000000	5.3362863719267724	119.3389977945922169
 1170.000000	6.8046640895140138	104.9561638083728781
 1171.000000	5.4715771425022712	44.1960712258764659
 1172.000000	6.8398525271703736	20.6394103982437969
 1173.000000	6.9752767019970374	13.7376083268323157
 1174.000000	5.8896180481232365	106.4491554914859961
 1175.000000	9.4488285226908175	162.1943110390747904
 1176.000000	7.7875694943470135	17.9102375059380563
 1177.000000	8.1098139469854207	57.6608820646473248
 1178.000000	12.2415034686999373	84.8927568588291308
 1179.000000	9.7567731101131923	152.5420125341567825
 1180.000000	11.2196847772543524	161.4357509345092581
 1181.000000	9.1270724544642672	171.1621038069228860
 1182.000000	13.0279266273053178	66.3224320594261343
 1183.000000	11.1670779258753274	120.3159823430641211
 1184.000000	5.3558024953235330	54.6250602814732389
 1185.000000	6.7748640487328009	129.2514397893230580
 1186.000000	5.3664114468137996	16.0796723666845764
 1187.000000	7.2521454662582343	155.6531563890410155
 1188.000000	8.1597862190602104	92.1619436057628150
 1189.000000	9.5811457260473105	128.0269440893937372
 1190.000000	11.3381276608735870	75.9451325680801688
 1191.000000	11.7434656170206040	86.6212373463154961
 1192.000000	11.5585329079625225	152.4140512795599989
 1193.000000	7.0986457302083323	155.4581819098284257
 1194.000000	4.6672970880034850	96.0599557331633207
 1195.000000	5.4110333123265795	108.4065557799769550
 1196.000000	5.4872672619037166	29.7382220103463055
 1197.000000	5.0278539532984041	120.7148165066236913
 1198.000000	7.0218964663142973	146.8974146586758707
 1199.000000	12.2786616512103652	58.1738528539399056
 1200.000000	9.1190544187430262	141.5286646809901470
 1201.000000	13.0217536907067402	111.1785531754034224
 1202.000000	9.1773610140994553	165.1269423479985505
 1203.000000	7.7185631221519788	143.6736016748864984
 1204.000000	11.6307409790505023	56.1660923136428778
 1205.000000	11.5717090037297439	154.9314745765805412
 1206.000000	12.0278853076145236	173.9391546335185126
 1207.000000	5.0385536748624524	98.2766325365525546
 1208.000000	9.2695419189719388	120.7413668623414509
 1209.000000	11.3514022871922506	106.6221213944758262
 1210.000000	5.6162816244720126	95.6579347382553493
 1211.000000	11.5357524002641991	176.3224521118237078
 1212.000000	2.6814301785659134	133.9085013734736549
 1213.000000	3.0523529343816498	43.1447300513446521
 1214.000000	10.4691746269752883	113.4301481645029526
 1215.000000	7.6788146276347380	159.8767391491841749
 1216.000000	6.4868032971174152	117.1240137644112025
 1217.000000	7.9551986786341713	147.2920680231000006
 1218.000000	11.4076552365386128	155.1398552005166209
 1219.000000	13.8393418129499146	97.2748830934638846
 1220.000000	8.6071772541902973	60.6715635736257468
 1221.000000	10.8811167559347872	97.9464455451487908
 1222.000000	12.5714580978224912	64.6797493999287951
 1223.000000	7.0960463295885541	167.9330296724410516
 1224.000000	9.9836581063663825	136.3685704404944659
 1225.000000	8.2143541723247928	120.5335630140477292
 1226.000000	5.4086429001004257	98.4919410179195580
 1227.000000	8.9763601040801717	76.0306292080291399
 1228.000000	10.3917577076707808	93.9878557092555269
 1229.000000	9.3341067925503758	153.7193381609449148
 1230.000000	8.8978475481103310	95.9620781174824913
 1231.000000	10.6839844926947727	158.4409235591062668
 1232.000000	8.7098401867883819	60.2157770886824295
 1233.000000	13.0497348178500552	81.1986753513488964
 1234.000000	12.0582503320066738	110.0252451669577312
 1235.000000	10.6921314016997577	161.4395220854287913
 1236.000000	9.9003725166589494	153.3634435448278737
 1237.000000	12.0272799731096320	95.4623275814715271
 1238.000000	11.7777710586062394	105.3029118023787021
 1239.000000	11.0344735861279375	85.7262800919754255
 1240.000000	7.2391724456827387	29.6779040924423327
 1241.000000	6.9486434573779752	146.7424636800643043
 1242.000000	12.6639146599798078	87.2304852858868287
 1243.000000	7.2012770618370601	68.8757894725213760
 1244.000000	4.8738368411029285	49.9503867065320719
 1245.000000	4.4151071746274617	53.1784896119357740
 1246.000000	5.2215796640779706	21.6816718437527243
 1247.000000	10.2474955466636981	117.0967017642253438
 1248.000000	5.9690638909397249	105.0592143589991423
 1249.000000	6.0645314084155153	124.5288289592278090
 1250.000000	9.1494518411112544	120.5755170485421957
 1251.000000	11.2665699819640110	88.9268679896541983
 1252.000000	10.3014556275693057	75.1642212584872027
 1253.000000	10.4564007855333454	49.9542408968324025
 1254.000000	11.4609021450682480	67.3098025018995401
 1255.000000	9.5332636332840401	100.1990308382767267
 1256.000000	8.9356441856825199	64.2390279086792759
 1257.000000	9.3198450693689185	78.1000904954623678
 1258.000000	2.9020225389674130	27.5465348544905169
 1259.000000	12.1473556129605154	165.1440585375281671
 1260.000000	9.9083588484791942	77.8163165849514940
 1261.000000	12.0224479812972440	71.5760698373874789
 1262.000000	11.0511255557303514	162.5890367942528769
 1263.000000	7.7647247442890865	158.2209181295894211
 1264.000000	10.6130260397032554	113.6037314999253311
 1265.000000	10.3899705548599997	128.0169702575954034
 1266.000000	8.9511693589727290	127.0680763002939244
 1267.000000	9.3974420511948864	121.8864527783039193
 1268.000000	12.4000966539168331	107.8922155172710404
 1269.000000	10.7217263384072954	79.5390330237951844
 1270.000000	12.0945001763693689	91.2448982107320461
 1271.000000	8.3398723685297949	96.2223607624333681
 1272.000000	7.2958433696483418	108.4933892552249404
 1273.000000	5.0469475161789257	69.1824355196091574
 1274.000000	4.6210617127164326	126.8994035400515656
 1275.000000	9.5433089775533766	80.2327110030505963
 1276.000000	11.9416726140379534	168.0261513686181445
 1277.000000	10.7938233017340046	89.9068672933551767
 1278.000000	9.9069285899869346	84.3534449625319240
 1279.000000	8.8276906973758820	85.7818927857963303
 1280.000000	3.6623001999733593	115.4742855605198599
 1281.000000	7.8476293462309235	59.6954074378537456
 1282.000000	11.5347178995469495	171.2712510365469143
 1283.000000	10.8429413868559283	104.8247589711137664
 1284.000000	11.8846152582759448	72.7089225408010975
 1285.000000	10.1473195428925820	107.7582176085791588
 1286.000000	9.7566548402011755	74.1910981052485852
 1287.000000	9.2966276257265843	112.4344198181025121
 1288.000000	9.9559968541461004	98.2707813549640861
 1289.000000	10.8530881801583430	99.7549153638577764
 1290.000000	11.2070085534765873	101.6655746015651403
 1291.000000	11.2047150212773587	68.5912106595166762
 1292.000000	9.3637837133444428	101.9402513028104096
 1293.000000	8.3621701042846048	82.0934371582475109
 1294.000000	8.0640602408307327	108.1032175769324510
 1295.000000	6.5474384750341610	126.5827697829789713
 1296.000000	10.9295141281981749	65.5519512825157591
 1297.000000	12.2232401273880935	174.8153286113216325
 1298.000000	11.4714316392679940	115.5269343568684377
 1299.000000	11.7385790432947203	58.5818549515933285
 1300.000000	11.2549768089148490	59.6167248501181462
 1301.000000	9.2564298589137994	107.8801369343273961
 1302.000000	9.4678490936089261	148.7552384988423171
 1303.000000	6.7802397481620744	138.5789631617788871
 1304.000000	6.9445234338024360	91.9837833706256589
 1305.000000	11.5679461468340925	57.2070699745653997
 1306.000000	8.6963033249755632	96.9573546077272965
 1307.000000	9.4155905370151505	136.5443014519705685
 1308.000000	12.0118463439912588	161.4011092520301816
 1309.000000	9.4304846790687886	111.7260319371224995
 1310.000000	8.9957407870893107	69.4985840889478084
 1311.000000	9.8003127893414348	109.8733332499548254
 1312.000000	8.8138407255893654	79.7642182278732008
 1313.000000	8.1123201815685366	105.7800700790439237
 1314.000000	6.6551478528683479	75.7835911029318225
 1315.000000	7.0854926554540514	154.9687967351522957
 1316.000000	8.7188901839038504	69.9524430515642308
 1317.000000	3.1685758786332139	125.0476896182366318
 1318.000000	5.2794398063718724	27.4812140261219042
 1319.000000	3.3579370693983082	78.9883518521381660
 1320.000000	5.8344682497677089	103.6335138600638714
 1321.000000	6.9064200951855623	113.2034917177613664
 1322.000000	10.2216139637895260	156.3231177807639369
 1323.000000	13.4352331978199917	82.0515029487691407
 1324.000000	11.9232851793371317	93.7627187400916000
 1325.000000	7.5895764785810051	160.3900577591487036
 1326.000000	12.4197146193655339	159.9998938056702968
 1327.000000	11.7600746923733297	71.0897509306337838
 1328.000000	11.0947515957408562	73.7098112857475343
 1329.000000	8.1702099835087658	163.2322665529264043
 1330.000000	11.7335569346406459	166.8224067125479451
 1331.000000	10.1087912113213019	107.9335884534762044
 1332.000000	12.1016534606691515	167.0621314679123373
 1333.000000	10.1696205133347490	105.3600655893328621
 1334.000000	8.9007854651694629	84.1360112830958968
 1335.000000	8.5930373847400681	64.9972921564087187
 1336.000000	6.5691628629948777	156.8044632067582711
 1337.000000	11.1888821017693907	114.2990002248659920
 1338.000000	10.0285001518733718	69.1929763981536894
 1339.000000	9.0961576435120666	138.8684864710419333
 1340.000000	6.5629320167097829	115.7733996101312641
 1341.000000	8.0765481438256401	106.8151534883476472
 1342.000000	8.2845385807376370	68.6708717439854581
 1343.000000	9.3293649698181174	128.2729837919886222
 1344.000000	12.6336916081283661	165.2880410278713441
 1345.000000	9.9095964155665204	118.3436870117822082
 1346.000000	11.9398361618463884	116.6573800282667293
 1347.000000	10.3635773001162779	133.3250516303118616
 1348.000000	2.6734131388143796	122.6841849479864948
 1349.000000	10.8698691380643986	122.6851808486588880
 1350.000000	3.2851171723538402	43.1120496825131170
 1351.000000	11.4508859242801435	73.7568377848127597
 1352.000000	9.0907292211902231	123.4659834826403397
 1353.000000	9.5548201299388804	177.0335394883158813
 1354.000000	10.3705988793786901	69.1024130108175711
 1355.000000	12.4477383703907947	99.6723491755567323
 1356.000000	10.3217579078998725	81.9768251898704108
 1357.000000	9.4244108260945652	91.4098272512429020
 1358.000000	10.4470794714955630	85.7653533297504822
 1359.000000	8.2680585150797139	70.4342064404164745
 1360.000000	11.0558049000531700	157.4040908593528343
 1361.000000	6.5366643889927998	94.9110191721893557
 1362.000000	7.9474652363579228	111.4315947508321614
 1363.000000	6.9581613127671540	131.9831821166567352
 1364.000000	2.6384190643344554	113.9836940196025807
 1365.000000	5.8410581916082434	149.2558814461000338
 1366.000000	5.6624767423284608	172.4602662310197161
 1367.000000	7.3936436551954250	157.7300363492287829
 1368.000000	4.1413717679345261	85.3334690700369407
 1369.000000	4.8609400028144778	130.2171400127066931
 1370.000000	4.6908819446271686	165.8608867587434759
 1371.000000	6.6791687061812546	76.1834441556274413
 1372.000000	9.1158006054314118	70.8969187940040797
 1373.000000	8.3164006200610476	85.7488355541059093
 1374.000000	11.2915569219577403	135.4623038879482522
 1375.000000	12.6868629019397083	85.7372757273162023
 1376.000000	10.6285157775199881	149.3249168891078398
 1377.000000	10.1526130588360175	152.4984184554705564
 1378.000000	4.4792208844586368	127.0242316510727534
 1379.000000	8.5654636083276152	66.9388018052641911
 1380.000000	4.8545307912210358	122.6417992973281628
 1381.000000	9.0163583133292278	116.4031027344605889
 1382.000000	11.5770778037286508	120.5690326032052297
 1383.000000	10.2655028914455873	94.0261868280565523
 1384.000000	11.2953527866461130	109.5866153977801503
 1385.000000	11.7896833182296898	61.4231834193679731
 1386.000000	5.4046437920794643	43.9388588289259019
 1387.000000	6.1789821936892162	84.8964686801754027
 1388.000000	10.2321737330981364	122.5101233182809040
 1389.000000	6.3606729136162192	34.1030185611863601
 1390.000000	8.2019551747243522	66.3435984468968059
 1391.000000	2.8004454854359211	114.0805276901457432
 1392.000000	9.9854380251254220	121.8498102589114467
 1393.000000	6.3452428815469739	66.8481825957769615
 1394.000000	9.8353949121079900	132.9574290882458740
 1395.000000	9.0110326028295038	87.6878062313834050
 1396.000000	7.8455898274133560	58.2834812366252351
 1397.000000	7.7959379211142066	154.4052323258862032
 1398.000000	8.2419504149932372	88.3762951168215096
 1399.000000	10.4896805948894158	40.2285786969705725
 1400.000000	10.5281710514862574	104.0814611564884729
 1401.000000	11.0362783443880588	129.1472792997563204
 1402.000000	8.4323358202428818	133.9047002678468345
 1403.000000	2.7827011869970493	106.5628170979257163
 1404.000000	11.7235147279795626	86.6004008287359568
 1405.000000	5.0018443916522948	95.8698633695123590
 1406.000000	10.1874197814204983	99.2318110192938434
 1407.000000	2.8746616338921154	14.0734836817041185
 1408.000000	11.8978525485475171	74.1863698452487625
 1409.000000	4.3035909270042536	104.0413487854882959
 1410.000000	4.9730573728124154	42.7155820381789226
 1411.000000	9.6048551750419264	117.5155117288232418
 1412.000000	4.9589182966024472	140.8199315831237470
 1413.000000	7.0644937593365098	141.0284035220604437
 1414.000000	6.7461703570667586	94.7109244950609934
 1415.000000	11.2749886206897099	141.3135142218601459
 1416.000000	10.8680439339951977	146.0529909844624967
 1417.000000	7.6090869693970697	158.9022745795874698
 1418.000000	11.8349901799754011	96.2347444433286228
 1419.000000	12.6232988806110544	88.2842075114495657
 1420.000000	10.6130893931081083	134.0553090710534718
 1421.000000	10.8690205445644423	139.1519780150192105
 1422.000000	8.7875839611870799	114.8639641512482825
 1423.000000	9.6619469760922847	133.9332292826287016
 1424.000000	9.3963187114884601	55.7716815666832986
 1425.000000	8.3834657778992092	38.3213940450206678
 1426.000000	12.6732105795200027	104.4912820251445567
 1427.000000	9.6023090771228308	162.3119557599115126
 1428.000000	8.0312772792153950	90.4113868908420244
 1429.000000	11.8418016133054884	128.5555752119593649
 1430.000000	11.4830722120802307	99.5092986582653651
 1431.000000	9.9417707258077481	119.3514336227657822
 1432.000000	13.4418359185816900	75.2204044740628035
 1433.000000	12.1803567011247118	74.0590335928685022
 1434.000000	12.1797162741520353	83.2201659466890362
 1435.000000	12.2718147614603925	150.2911720376488631
 1436.000000	7.4902386942433639	72.7305346243030328
 1437.000000	8.0901375452248416	134.0296138170841687
 1438.000000	2.7700036816041202	126.6167392250787884
 1439.000000	8.0504202945875214	168.9454127251164550
 1440.000000	7.0612935408205590	133.0410041015121010
 1441.000000	9.0389066577360762	159.7047996440778661
 1442.000000	10.8433868768208992	69.7870551030002417
 1443.000000	10.3570091613043758	121.3206022965052284
 1444.000000	11.1929627759889545	171.9854074775182653
 1445.000000	10.0392986766068972	159.8003783866040806
 1446.000000	12.0039925619940782	80.7816948573059364
 1447.000000	8.7187319241177033	102.5446343050655145
 1448.000000	11.1062693472369496	71.0252156406015587
 1449.000000	7.4819341273560607	91.5213450313338654
 1450.000000	7.7301890322655726	157.9234307721043251
 1451.000000	7.9434021491555704	91.5153654268740411
 1452.000000	10.3846833582179432	94.0202143037702172
 1453.000000	10.1574827955437037	93.7583929794798792
 1454.000000	12.5381550659371115	153.4638730945665941
 1455.000000	9.1075746043058832	163.9206440005487195
 1456.000000	11.6539831227887003	172.5294493298342786
 1457.000000	10.6800477497199218	77.7279974407665861
 1458.000000	9.0269125215907220	159.3008773441530934
 1459.000000	10.4959774382533375	114.7205302275666412
 1460.000000	5.9484251777574029	64.4535188751975312
 1461.000000	9.6951347751292118	98.0487849696424263
 1462.000000	5.7393150150892422	122.2537780614117366
 1463.000000	10.9432479163331902	95.8463367467863350
 1464.000000	12.3924207891989671	166.8722522083660920
 1465.000000	11.1243547903367563	152.2277284170053804
 1466.000000	9.3260994102903041	140.0141968217565704
 1467.000000	12.5922251610058282	82.0149046228435168
 1468.000000	11.2394695687577943	149.0652339337172521
 1469.000000	8.7036918523672160	113.2295837976063524
 1470.000000	6.7752643333281410	107.8570292541421480
 1471.000000	10.7060051309497748	98.8058170268037088
 1472.000000	8.1737495736371795	58.8116984951384580
 1473.000000	10.8597811027100519	84.4937604428223494
 1474.000000	7.5708121702457856	64.8549456218000415
 1475.000000	8.7953122026087946	105.1241990141655549
 1476.000000	10.7643600131090142	97.9880557150508338
 1477.000000	9.8528950386919725	49.7282249751202130
 1478.000000	11.5721029313698036	165.7772308121993206
 1479.000000	11.7599675612772501	127.6755355346437426
 1480.000000	11.1897011450125969	62.5775354307810687
 1481.000000	13.6532065780859018	89.3712142708410937
 1482.000000	12.5459659454969419	155.6180668008469468
 1483.000000	12.5472182858198007	109.4367163703228840
 1484.000000	12.6402173272677523	171.4069568346605195
 1485.000000	11.8097240980043221	160.5450418863072457
 1486.000000	11.5176139258017383	74.8753959606124653
 1487.000000	11.2702066141520589	153.1388999826670272
 1488.000000	13.2267891942087115	170.1920706310678781
 1489.000000	11.0674209104094725	141.9811618391250363
 1490.000000	10.2858262922661403	66.5753350407209439
 1491.000000	7.2078385174588320	104.0248849789078918
 1492.000000	7.6805144957189002	136.7146313046549437
 1493.000000	6.6475425631784093	130.0826836503585469
 1494.000000	6.3646169585466712	56.9417263135298271
 1495.000000	4.7452685577503706	54.4734826948104143
 1496.000000	5.8708295304575540	125.6716092267364502
 1497.000000	4.6268956440258497	32.1387437405268486
 1498.000000	4.9004708809970943	121.1666107142216191
 1499.000000	3.0023140830376009	78.3705293430584931
