 0.000000	16.4188048068510000	142.9734877665587476
 1.000000	16.3769726474514776	116.0485976619571318
 2.000000	13.5994190669723949	13.1542591668750788
 3.000000	11.2004474261151827	20.3941382189003946
 4.000000	16.8888289187640908	141.3632287921317356
 5.000000	13.8344112955804590	100.4423239274151598
 6.000000	18.2936475240441219	86.2289524683463782
 7.000000	16.8603255050528560	145.0187561992440806
 8.000000	12.2304738690415693	136.9735368859594757
 9.000000	12.1250392443677857	74.1449276086838864
 10.000000	9.2174477890076805	147.0629001951769226
 11.000000	12.5544764517019676	142.8798591672278917
 12.000000	10.7380063936121868	72.8823406573916088
 13.000000	11.8607658454909242	72.5620974698615839
 14.000000	16.2585448415716236	94.6288992851362423
 15.000000	14.2808873685608368	111.2080020435301435
 16.000000	12.3478514696921007	95.0937191305867628
 17.000000	11.1921830101598037	167.4579221569079834
 18.000000	12.2462826618177960	122.2909754258918156
 19.000000	7.8694559594133402	23.4280292881047956
 20.000000	8.1703626740140489	116.8687974228081146
 21.000000	10.6563201843200765	73.0408761941332330
 22.000000	7.7973414574550439	34.7202019604043528
 23.000000	8.9255299605917173	132.0306335115042771
 24.000000	10.6047915738171845	125.0632758043732196
 25.000000	7.5396972148700598	136.5379415912545369
 26.000000	8.1309961314189731	113.1659059737318245
 27.000000	13.8263119981734715	101.8886581757699616
 28.000000	14.5539863812303434	78.3822006427896412
 29.000000	15.4668024677411449	136.3622429723447738
 30.000000	13.3870569465615485	119.6258508214955611
 31.000000	12.2279625017753748	32.4463771733468604
 32.000000	13.2084462731904964	152.3673924010565202
 33.000000	12.9169797081066271	122.0183765900275432
 34.000000	16.1483284273035039	67.4913302865342501
 35.000000	18.0429458705045960	73.5203255998106471
 36.000000	11.8228000587603468	66.0342037590397979
 37.000000	12.4588965449640998	87.9991279013027992
 38.000000	14.5518724761584064	35.8354819301772238
 39.000000	20.8944717058008855	104.4497782697712580
 40.000000	9.9804873624708605	77.0473784198595411
 41.000000	14.9720797689720904	77.7636925558125256
 42.000000	12.0419904010851067	83.1012655161126901
 43.000000	9.1546365733843338	85.5576504157473465
 44.000000	14.9667409347779863	122.0923049173127026
 45.000000	14.6987698256602926	89.9861113275007227
 46.000000	10.5705047642043937	81.0679907761239349
 47.000000	9.0992600263410974	43.1798291558696121
 48.000000	5.2759582093697635	20.4910752205146878
 49.000000	9.7071414129745044	142.0168216177912939
 50.000000	12.8318995482496891	127.7628742291244350
 51.000000	11.4657713515312416	66.1884319821495666
 52.000000	14.1765461521273917	69.4017925600767853
 53.000000	9.6757091478165727	132.7439539086915943
 54.000000	8.2170133327618728	52.9502891572596326
 55.000000	12.1632145145672013	40.1400064122527169
 56.000000	11.2299947055213707	96.5832053670970936
 57.000000	11.4873999664615596	98.4817958598350316
 58.000000	15.6259908702920995	93.4202125306860154
 59.000000	17.2446798924323943	70.9750902675268804
 60.000000	14.0918383516039665	75.0271528739503708
 61.000000	15.6876761260819713	119.9846872055590126
 62.000000	11.1432591001706243	83.3232545070695352
 63.000000	10.0850149399355509	127.2252422897170021
 64.000000	12.1580590073375063	83.0032265011067096
 65.000000	12.2701174099669430	87.6950526658347513
 66.000000	13.1326833863102035	97.1054813771865639
 67.000000	10.6527884500580452	111.8694929187291507
 68.000000	12.0019339389371300	149.8866342246765271
 69.000000	11.0514699822392615	172.3226854275611970
 70.000000	11.0801181374764415	65.7796866779239053
 71.000000	9.2099328349883347	22.3117395473654767
 72.000000	9.8894570822298160	97.2929936634694599
 73.000000	10.4200474895555573	74.7136771195072953
 74.000000	11.8699300886018229	150.2225985918947515
 75.000000	21.5245667273892991	134.9722068048212407
 76.000000	25.2277900029539168	94.8131472081476829
 77.000000	25.1097740732681594	124.0689572192267747
 78.000000	20.5796157274175258	112.4926778707935000
 79.000000	23.1150380925467864	63.9737154594515545
 80.000000	21.4094840151648746	115.7122743848021003
 81.000000	13.2692856274154920	48.1362179994403334
 82.000000	14.0391636569485758	106.8743626002860907
 83.000000	7.5524904230419549	142.0884596151777828
 84.000000	19.2202028540958132	130.6238314001254253
 85.000000	21.3201988875071287	122.1545587628019689
 86.000000	16.8551004141555332	133.4990100466197021
 87.000000	13.1084586981824422	73.8560541520389222
 88.000000	17.5713329401235754	141.5015749891946655
 89.000000	10.6985272122570265	86.7364060498351108
 90.000000	19.6576727550620198	171.5976263583152104
 91.000000	19.1754942153699233	108.2911961234503195
 92.000000	16.7497820933258339	154.6139345945440198
 93.000000	16.0276989748454106	98.9410720148763829
 94.000000	10.5423159607803498	22.1440515803167273
 95.000000	15.9088805475628892	168.1114029622989960
 96.000000	15.1837981204377339	86.5186088626829815
 97.000000	21.0381862782616693	146.8262205894312160
 98.000000	13.1475886099592003	148.1226166392156927
 99.000000	15.6145494098240434	147.5123547562021145
 100.000000	15.8706089117031954	120.7265986848166364
 101.000000	16.8704667694026824	59.8238936805943666
 102.000000	16.0696207828966351	133.0205020168555166
 103.000000	12.8802118966155970	67.7980435931192034
 104.000000	15.6292831803154701	85.6750875151259663
 105.000000	9.8105460451435285	39.8521494737626938
 106.000000	13.0687853521959862	106.9356121669850097
 107.000000	17.7569220852658347	150.3842520136851704
 108.000000	14.6329734204440083	113.9964726414914367
 109.000000	19.1167144222897996	95.7590452824312592
 110.000000	10.6692616135230587	140.3362464974049431
 111.000000	13.9567583486156312	118.5486788324050735
 112.000000	14.6047739264352643	103.1283968054855791
 113.000000	15.2373205323076899	51.9029806094852688
 114.000000	16.4114825495496319	110.1820811579462003
 115.000000	15.2738729953016712	36.2841815130432508
 116.000000	17.6654356387652811	163.8609012417122131
 117.000000	15.6368330045704784	39.0157655560802823
 118.000000	9.7389167287352993	142.6260777695077593
 119.000000	7.0272504716445656	91.5024325032715637
 120.000000	14.0840386351750730	100.4957429136780434
 121.000000	15.8817830093972354	134.7102246138431667
 122.000000	16.2634532573895605	132.7937334863105150
 123.000000	14.2245387229669333	11.1656076134502769
 124.000000	13.5619778566150728	154.0259967837014017
 125.000000	15.0614463565562335	128.8160950629477952
 126.000000	14.4264468179068039	87.6338872125516986
 127.000000	11.6454845502398197	115.2430006722378693
 128.000000	13.0579479885306178	90.8976305886877469
 129.000000	18.3261202991885597	69.3932391667472075
 130.000000	23.4013197404837747	148.5518404988134478
 131.000000	17.1054689142490446	45.9841965058252526
 132.000000	15.7532021298897256	120.2909292172252549
 133.000000	16.0639751698843121	87.4585994494932919
 134.000000	12.2250022185467575	81.7724504423407126
 135.000000	10.5043127605421400	137.5263491810788423
 136.000000	13.1595439918684605	140.1606878172970596
 137.000000	14.7597824086416303	128.2670327485064945
 138.000000	17.3514679132591780	45.1891427776280636
 139.000000	16.2304239569792763	76.1277432655360400
 140.000000	14.6864968970341909	139.9036584202388553
 141.000000	13.5300228313796964	58.5885886502859137
 142.000000	16.7202488189679848	116.5959853151636878
 143.000000	14.3857197244058028	90.6471421925578085
 144.000000	12.4112723221653223	132.8689404817824880
 145.000000	2.9179646477543177	112.7321438242643126
 146.000000	3.5068492967540692	148.2564816495012678
 147.000000	14.4704762837568897	156.8925998285222931
 148.000000	15.8414605322157680	58.2646462313943942
 149.000000	12.7561742828693863	131.0205268412738064
 150.000000	20.5767206714543995	112.3259114638103853
 151.000000	15.7475338792998816	159.6441747540311553
 152.000000	16.7363439776323730	37.6464288343585167
 153.000000	14.9146937513756139	56.3133448117807376
 154.000000	14.2569303846348969	154.8071129741737195
 155.000000	17.7676674278466749	132.3030119225430212
 156.000000	20.2893199586280062	80.7576103478520082
 157.000000	12.7134216303731495	133.4040686346893096
 158.000000	16.8864946558552980	90.0061567162696718
 159.000000	9.0648276383033082	118.7795591096696768
 160.000000	13.1127987297235347	71.5161340877823051
 161.000000	17.1918059049247454	63.8168070595614552
 162.000000	14.9956133942735992	80.0119723508096996
 163.000000	11.4929186861578003	104.8538922683037953
 164.000000	9.0009172640585060	69.2177054937005778
 165.000000	13.0688703355500486	51.2654000400760310
 166.000000	16.7265612868431184	138.4695401711518912
 167.000000	16.1132990954412740	113.0521001087696646
 168.000000	12.6914661452460678	80.2187277231079605
 169.000000	13.4023437563346768	136.1906217279601492
 170.000000	10.3895876327655028	130.5237448475464817
 171.000000	12.5131396694604344	132.3702729346724709
 172.000000	11.2050698120479790	93.0726945725825914
 173.000000	17.6990757826146172	98.1261241515286997
 174.000000	12.7978809046129207	143.1777683947238700
 175.000000	17.9319939543527873	96.4934675633799088
 176.000000	9.3407198587642277	142.6827993651151587
 177.000000	14.2966557134236822	163.5133608239312082
 178.000000	13.1516796521582631	87.7572432972635994
 179.000000	13.7173280253074221	62.5177843788908802
 180.000000	8.1690253133095077	89.4606215549796673
 181.000000	22.7439166082065789	54.4848984778013943
 182.000000	18.6940369508794362	123.6506244573371021
 183.000000	14.7332076959037561	141.5358291550825811
 184.000000	11.3078502344448921	117.8725749522787680
 185.000000	14.2907146953196538	92.0820125383891650
 186.000000	16.0066606742903801	165.3285784005294943
 187.000000	10.5764021063757827	133.0823448839402374
 188.000000	2.6783848772587184	122.0323662021095430
 189.000000	11.6431179245505341	56.1079727118437717
 190.000000	12.4914692352138132	74.2507747115556782
 191.000000	8.9187878827518006	139.4734755504182715
 192.000000	12.6945868483240858	144.2859721821185985
 193.000000	6.8848580663339618	82.9884111283876962
 194.000000	5.5717147723748548	32.9398761035682526
 195.000000	11.4494569549716392	88.5495164576859537
 196.000000	12.4943429719188668	116.5714938193965224
 197.000000	12.6260828744198061	86.6085078800050781
 198.000000	9.0747902194698540	69.5892249073461642
 199.000000	10.8724031366383524	84.6904044756088155
 200.000000	13.9946076579184897	97.5843125504193125
 201.000000	14.2325581220493262	109.0723645511872775
 202.000000	9.9560102396159031	122.9312450477264633
 203.000000	10.0938090072762954	128.7801637498278069
 204.000000	10.3469013193476869	95.6825709849927790
 205.000000	18.1936569457660759	23.0196776395382017
 206.000000	16.0052381140250617	63.1213615328100843
 207.000000	21.5820803733995739	129.0789352415768292
 208.000000	22.0153586229549028	48.0625897870988297
 209.000000	13.7386815593548963	55.0871548520510288
 210.000000	18.3412854872856208	113.9748611341809550
 211.000000	24.5268370772536670	72.5163537658935695
 212.000000	23.7924343304093071	80.3981385251763356
 213.000000	27.9732530717013610	143.9931676616753293
 214.000000	22.4983396922602026	106.9307922167427449
 215.000000	25.6343212407069423	77.9432357044972974
 216.000000	20.8922646173292677	97.8429209117252441
 217.000000	22.4712957607407517	143.8895004964585667
 218.000000	22.1923628600659590	75.1914516189261661
 219.000000	19.8491053101101187	62.0020492617488799
 220.000000	21.9486926923530845	175.3969644055594301
 221.000000	20.7984243030977822	136.6828288314804922
 222.000000	17.0304490723215594	57.7892008538062498
 223.000000	13.1140896746684952	69.9588756416720372
 224.000000	12.2092144142772927	146.3798938367078790
 225.000000	12.6299085296402129	139.4540963185817475
 226.000000	2.7171331321321603	20.8586280536089816
 227.000000	5.5948478415111387	128.7932995440244781
 228.000000	8.3704708892900346	60.2490220466080757
 229.000000	8.4677596193479570	166.8407812082676003
 230.000000	9.1500287949557269	115.6505549527072532
 231.000000	7.4396913294724794	163.8040202356407349
 232.000000	7.3105033006125657	64.2429415785993854
 233.000000	18.3913964054472672	125.4362067005569514
 234.000000	13.4555580839215914	133.1431352416535674
 235.000000	11.1939031018297186	134.9579151447109098
 236.000000	5.8994389338422746	22.8703433233795863
 237.000000	10.2239720498497526	108.5557932519902238
 238.000000	8.0231789177524302	13.1395763275149307
 239.000000	11.8794628690079325	79.2202130160598159
 240.000000	11.8416355924211185	151.7849287919383130
 241.000000	14.7172946907392799	112.5057913135698158
 242.000000	13.4182870598457100	116.0639832080166514
 243.000000	16.2434988148508239	118.9207227266190614
 244.000000	14.3084831827425720	72.3184959727597771
 245.000000	13.7768893275077708	124.8276825768779190
 246.000000	18.3799223206779345	101.8762183912300827
 247.000000	11.2376680872850709	127.4703992535592079
 248.000000	10.6818714853468730	103.3323817885027296
 249.000000	12.6390011339196509	148.0489750221897225
 250.000000	12.5905650803786955	96.6502979253756962
 251.000000	13.7345984484141592	150.7489842881291793
 252.000000	13.9131857982749612	54.0111313009145420
 253.000000	9.5809242065752027	143.8225162335195648
 254.000000	14.3065377381504337	76.8910865084768886
 255.000000	11.9539263294726599	72.9114487947263115
 256.000000	10.4165929948836329	84.0709928454474351
 257.000000	15.2830218321573614	165.9890450922104037
 258.000000	14.0253083573632029	108.6929104455060298
 259.000000	18.4764928694936792	150.7158511504549949
 260.000000	13.4945004088842655	125.4735737733019647
 261.000000	15.3731034662736974	92.3649274584325752
 262.000000	16.7572356700409948	149.2551875631058920
 263.000000	19.1874489935276209	74.3555555288790089
 264.000000	18.2034355842666820	66.6434238363402613
 265.000000	28.0243253000766188	120.6655932434705250
 266.000000	13.4068112347886839	30.1988460453316065
 267.000000	7.6166730393335902	79.1548774782078652
 268.000000	13.9980830353675980	88.0661497976518461
 269.000000	14.5522795628511528	19.7779382107933657
 270.000000	5.5005505655159812	52.2737031477706466
 271.000000	13.1641763648292045	2.1083290301797035
 272.000000	21.7170583577776952	106.1594601035965724
 273.000000	10.9851892126545323	125.1830964045955739
 274.000000	18.0266972005574964	148.1697933422688322
 275.000000	26.0720351844974978	68.5623623238395936
 276.000000	23.0694270730742410	60.8002654948448793
 277.000000	18.4856622593367845	113.4383765322522919
 278.000000	20.3793200623704891	105.3366193033101865
 279.000000	12.3846811948658040	94.2305757797951316
 280.000000	11.7756257263979034	117.9646392394195402
 281.000000	14.2370191907607566	113.4196024398796538
 282.000000	11.3800005782054789	102.9401015407623703
 283.000000	17.1947004565389321	111.0427423878055038
 284.000000	11.8122689861436339	71.1085037952991570
 285.000000	11.0656583955178025	112.2269102150183784
 286.000000	12.7304325225002071	162.8741910458081463
 287.000000	15.1569333278956098	102.4699766467130644
 288.000000	12.0249723998890357	97.1062006345836295
 289.000000	8.8935498555634442	156.8411585452986685
 290.000000	8.3088998955115869	126.4537530092833038
 291.000000	7.6246064549079957	67.9241638311772107
 292.000000	16.4984394004136092	115.3923575588635657
 293.000000	11.7361296651548557	134.4692789860130233
 294.000000	12.8539090793985622	81.6519700170446612
 295.000000	11.7565049516703901	91.2903900314632182
 296.000000	11.1323882012975872	88.4302457139173868
 297.000000	11.5791032785018935	88.3153441979599165
 298.000000	12.7407267198904659	102.1897961374687185
 299.000000	11.6278667594910790	144.1986447223417258
 300.000000	8.3186310479793342	36.3550739897713413
 301.000000	11.8960568021981423	101.3737581695941969
 302.000000	7.9371918764079608	148.6125726267701452
 303.000000	11.7020378796167766	155.5646292156954189
 304.000000	10.4079295035847412	49.1311681395881124
 305.000000	10.9665103616578659	80.2848690778062348
 306.000000	16.3041819277733886	116.3709319352762748
 307.000000	11.8144192793339755	168.2652183334135430
 308.000000	12.8364630723548530	74.4024341042122614
 309.000000	7.3139281224345103	39.0787397697031906
 310.000000	9.3841985462032262	128.8946823849885561
 311.000000	12.0929269258673031	62.2248244061083966
 312.000000	17.1676431602246176	80.7900985411156540
 313.000000	13.3652405106780119	94.0886352539053519
 314.000000	14.6825888565560749	74.2128926568628344
 315.000000	9.9069227795886636	106.7572175564290262
 316.000000	16.3411693229480761	110.9608348796324009
 317.000000	11.5274212030793013	29.8927192672210538
 318.000000	12.0697393350561839	107.6156701375584390
 319.000000	11.9062715924879132	67.0258877236288271
 320.000000	11.3946084188336485	127.3619327304411684
 321.000000	11.3235515897914460	64.5664211747011194
 322.000000	12.1828914637141921	171.0183411952461938
 323.000000	12.9319133260516583	171.8629029527464240
 324.000000	14.8893617944192034	137.1617129826130395
 325.000000	11.7551507702656686	72.9629966662156875
 326.000000	11.5544449925866406	80.2693992906909415
 327.000000	9.8673617889533780	103.4598768375366120
 328.000000	13.9067221189193404	70.0171721843807404
 329.000000	11.4420215984183642	27.8144695930147918
 330.000000	15.4509116415623637	147.1118342066144464
 331.000000	18.4382940197845357	146.6759769936171836
 332.000000	17.7251767029499874	165.8628445819478259
 333.000000	10.7791068200828892	149.0181913955370874
 334.000000	20.0616048094061590	128.4570504621482598
 335.000000	14.9488953824806217	54.9298460984499712
 336.000000	25.3690744113054052	104.4719109991687134
 337.000000	26.5103231330087041	98.8585582257685616
 338.000000	21.5038469071158254	78.9675565992388897
 339.000000	16.2386342628624227	65.0466494931120565
 340.000000	27.7784069418656614	62.7421866343192818
 341.000000	19.9847421820564080	77.6084158217228008
 342.000000	20.7065683711941517	79.3685072826953615
 343.000000	22.1324550042431341	141.6953085411963116
 344.000000	23.6703726063757429	77.3485501547420142
 345.000000	15.7875788744615217	172.4789595710283265
 346.000000	8.5890309285455544	121.8348863644784501
 347.000000	16.5750314337891496	101.9605123095493866
 348.000000	16.8900949102939109	64.6224296356578662
 349.000000	20.5713632757611542	123.4498392868429306
 350.000000	13.3521298081273070	99.8574726956661749
 351.000000	20.4227967139694151	126.6622495963485164
 352.000000	25.8767231631702934	50.0733932218601012
 353.000000	23.1014670965390678	131.5209747509472322
 354.000000	23.2428224362848219	135.4409309448657268
 355.000000	25.8026377595751804	151.9954962972355759
 356.000000	22.8913916732034508	74.1784930934833682
 357.000000	16.6474528292022050	133.7846802168963904
 358.000000	13.7969993529592951	129.8285848819600972
 359.000000	20.6354413939524655	90.4455364060346483
 360.000000	18.7183108650812926	128.9218779210717116
 361.000000	15.2884742887056007	173.2432352694062274
 362.000000	12.4630180277549147	77.9946743064805617
 363.000000	9.8771777606975650	114.7914594987602754
 364.000000	12.2905932015510668	39.0311064308335460
 365.000000	11.7171749832575038	157.9463884981382478
 366.000000	10.5439687373191600	134.4243444384987356
 367.000000	11.2239314292266066	154.0295398015551029
 368.000000	19.1788782802629392	68.0855008626293454
 369.000000	25.2881617278953321	112.8102610415440665
 370.000000	17.3368913612099540	116.0676267232717578
 371.000000	19.6504633932145936	96.5856645900478270
 372.000000	17.7349803004787034	153.8386527161901256
 373.000000	25.2347045264936050	132.3859413404427414
 374.000000	23.7138590744792346	115.1217783446136593
 375.000000	13.5147928666719004	123.0901728087958986
 376.000000	12.4472777457987895	96.8101872640305032
 377.000000	12.7971089469573691	72.6188548784296160
 378.000000	12.5658888075936073	150.3436017972890113
 379.000000	14.2568314045282012	131.9397004619442839
 380.000000	12.5406558097955276	127.0986730379280658
 381.000000	18.7969664712873019	77.8316222682998955
 382.000000	15.4201236039062977	80.5796698418486130
 383.000000	15.5711505130863763	174.9035637319234411
 384.000000	15.7329967915501765	143.5110141310925371
 385.000000	11.3474958141540707	108.2591614022504416
 386.000000	14.5284374509421017	117.0735464578890372
 387.000000	15.0351211926678658	141.8944609056885611
 388.000000	11.6484203864949123	159.3147458226684989
 389.000000	13.3096302651354126	57.0686465414273840
 390.000000	14.2256498636517072	60.5012516752671132
 391.000000	11.3484846841692057	129.4298657264689609
 392.000000	17.0912554922398598	111.2735026285419622
 393.000000	12.2223878538258877	70.5061987047016601
 394.000000	9.7699081416230165	104.6138278384319591
 395.000000	17.1665152230972353	112.2631730155109580
 396.000000	14.3597642984183427	118.7911430141021185
 397.000000	16.9941118564952802	137.3030922500980182
 398.000000	17.1061301419392322	45.0976378967903315
 399.000000	21.6318082208631317	96.7203695709956861
 400.000000	20.3920954015587483	141.2628551768281682
 401.000000	19.4761825632711023	98.3611486471420875
 402.000000	13.5869519257200189	157.0641669208627889
 403.000000	17.5372397908129578	101.8781324280049034
 404.000000	11.1319728808019960	43.0503839209298178
 405.000000	11.2816924522935285	142.7318711660406905
 406.000000	13.7977415785827215	76.4753205864778636
 407.000000	2.8352117914802459	48.6349741261815325
 408.000000	12.1947815764059495	84.8511322157367260
 409.000000	3.8932008786960886	111.6693183050566347
 410.000000	10.3522107859428161	114.1230137224985555
 411.000000	8.2408144086342734	136.8500863159870278
 412.000000	4.4090934260502337	110.7733826039065406
 413.000000	12.9265477757292846	115.3998446837383085
 414.000000	9.6101072708496496	59.1034567053087585
 415.000000	10.0104962494881846	17.3498706475430140
 416.000000	13.8670256034512498	124.4779978926835042
 417.000000	16.7623438373916933	31.0627869897234632
 418.000000	18.0239247059074508	169.0125670436738972
 419.000000	15.6494084776901268	81.7365353084546200
 420.000000	18.7831872641802669	133.9237088971095204
 421.000000	20.6955588192823541	133.9069071928986432
 422.000000	19.3820669454773089	103.0783994358762499
 423.000000	19.7349627379235244	149.0042699240484865
 424.000000	18.8963694271543510	109.3802833454096088
 425.000000	12.6890223969541598	42.1434750686248663
 426.000000	12.2677476966738492	94.3860459174390485
 427.000000	12.1532646262804391	110.1734497696411950
 428.000000	13.7538121848334693	52.8212369932869024
 429.000000	13.7248520355461849	118.0198944812303807
 430.000000	14.6477823968319356	141.9284752995737620
 431.000000	11.4005092035896656	61.6798479458396542
 432.000000	15.6815546490224342	89.3078410810819747
 433.000000	6.7035968576899645	46.5023595169691362
 434.000000	15.6983086882877689	119.6238484327088258
 435.000000	16.3254308706241460	130.4499104725658754
 436.000000	14.7470001920460785	86.5120044721724639
 437.000000	8.3602618128126256	118.8000018784388772
 438.000000	12.3861235431530101	74.7029416914629394
 439.000000	13.5557068767003841	91.4961540826382560
 440.000000	15.6706237070816918	78.1165985432331240
 441.000000	16.9509599329185434	120.6710014789341017
 442.000000	12.6390890482039744	66.7216557995986648
 443.000000	17.8945486103605518	155.9391201120894550
 444.000000	12.9017785021168621	121.1428382245250504
 445.000000	17.1006205246098588	152.1168316843096591
 446.000000	18.8390581962601047	96.8758681417351397
 447.000000	11.8519402533548259	81.5972380662617525
 448.000000	14.8752380458349496	121.5675458234432540
 449.000000	12.6393650174503804	73.5157591407271127
 450.000000	15.8703096984998915	150.9603616397297117
 451.000000	13.1556154239232974	150.7182962302915428
 452.000000	12.4995047773572789	120.8647862869338496
 453.000000	9.6199596907088818	96.5401768610080779
 454.000000	12.6837093417331150	105.0630840200404208
 455.000000	11.5312151179235638	145.2022274633493168
 456.000000	12.1900637248061425	126.0334556498088432
 457.000000	9.0827571802082208	92.9414369156787217
 458.000000	15.7515211325935578	49.4209251672920402
 459.000000	18.9848866152368849	101.5990177554040486
 460.000000	19.5834334745738943	166.8334685795789767
 461.000000	14.2910488958742743	60.8178824519751515
 462.000000	15.9562073979787264	108.6564801591018607
 463.000000	20.8989585745423838	64.6106667905725089
 464.000000	14.3735101422746840	153.3353682269865317
 465.000000	14.4358788607392192	97.1909085528761665
 466.000000	10.8222684123870945	96.0886050162303036
 467.000000	11.8020544947220429	53.7687673837413200
 468.000000	14.3511365086009643	52.9662623361634246
 469.000000	12.9527343071871890	71.2042258104309695
 470.000000	14.7855691655449810	123.3303093494505589
 471.000000	11.5517781305575902	141.1638001471167172
 472.000000	10.1393539083414055	130.8674153511059615
 473.000000	14.0243796681076542	66.1476794824804273
 474.000000	15.4351037430235518	87.9289636442222786
 475.000000	11.5850785048903226	132.8467074274141169
 476.000000	11.0815600996871630	109.5985282793888729
 477.000000	11.8937342829767605	128.1958079122888989
 478.000000	12.1167963494726596	105.1759957974752808
 479.000000	13.0330418506518004	139.1575962951653480
 480.000000	14.2244742224379479	91.1854708073374951
 481.000000	12.1039105485120508	124.4107553277127920
 482.000000	11.9569903257261618	123.1154011665943244
 483.000000	8.8609230763681701	52.6633462368172189
 484.000000	11.9811184182269450	102.3696786331668136
 485.000000	12.1756318928442884	156.3740066254557064
 486.000000	11.7346516943273205	126.9934148654617019
 487.000000	13.9642178081760093	100.6475870935530139
 488.000000	11.3742183558501360	55.3272774197547363
 489.000000	10.8124172951579318	129.9024441220309143
 490.000000	14.2481382851427192	48.6039444509443683
 491.000000	16.5486972302539144	135.3425822320709528
 492.000000	17.0990118934719106	107.7783058848243343
 493.000000	19.7331699168121624	84.7138613081448142
 494.000000	14.7789693817278742	110.3850431869641966
 495.000000	15.0854093455962257	146.2578722462140774
 496.000000	15.6688734146612632	16.8189754882510556
 497.000000	16.0490324353387415	60.3757796081433611
 498.000000	17.8482678092500393	37.3580354562878370
 499.000000	13.8228917163076908	115.1130352838572293
 500.000000	12.2537896374616491	81.1529517576171315
 501.000000	14.7446421498053937	96.2941894647113941
 502.000000	14.6126228171054589	131.8020853123012444
 503.000000	15.3899427177477683	44.7313809661598043
 504.000000	16.0133590607528760	139.7452895770535974
 505.000000	13.7086392863665196	60.6931668037571228
 506.000000	14.5883754555593352	92.2561053994455307
 507.000000	14.7372917085810329	113.5825659658071771
 508.000000	14.8804118075164151	95.2223730782429527
 509.000000	15.4420286124134627	133.2387340113331504
 510.000000	13.1339026650629158	6.8943740196816634
 511.000000	13.6759588017221745	128.7741161718664671
 512.000000	15.3469441028007569	95.1388864061696040
 513.000000	21.0676784478348864	116.1611920779780718
 514.000000	20.8890396115033958	109.2182787446823227
 515.000000	11.8553604091429481	90.7123118347861208
 516.000000	20.3254092582382277	68.5768889937281898
 517.000000	13.1210019250869880	123.1072099817258163
 518.000000	14.9026230345838773	122.7639459651549600
 519.000000	9.5053323539200729	141.7013256450562437
 520.000000	14.0949025650288906	23.5138001857650920
 521.000000	16.0929303168961049	107.8771715609700550
 522.000000	15.1766304727865151	75.7642970801144031
 523.000000	14.3853293633545647	158.2819080242955749
 524.000000	15.2987412483398870	156.3653811743380686
 525.000000	16.8408511443374920	89.3377892711491342
 526.000000	14.2566550692663228	136.0669393728924206
 527.000000	14.8009375712804054	80.9349042192647801
 528.000000	11.8888123124918152	74.7553944762548639
 529.000000	12.9137473477476412	152.1973829161098024
 530.000000	12.5255685703950785	70.3821472343271921
 531.000000	11.4182986675740850	88.7898990395452898
 532.000000	15.0309977126372303	90.1824621101817030
 533.000000	12.9175474707574427	43.6114368673279102
 534.000000	13.3069389923162689	106.6061782787247694
 535.000000	15.3291763739876199	25.6996128653998142
 536.000000	13.8757487508244690	95.7158649443388470
 537.000000	17.7968432042312479	115.7097891441863595
 538.000000	17.0536444695749303	97.9896644933431986
 539.000000	19.7168613530513888	117.1388660476750943
 540.000000	19.0759706075215689	147.5136837423430052
 541.000000	17.4523038459389248	127.0813853337168808
 542.000000	16.2505564844187873	144.0407442712666182
 543.000000	19.9081521102064372	126.3444053885099549
 544.000000	18.5317960914687383	124.7987045217022342
 545.000000	15.7205662713074084	141.1606326697855422
 546.000000	15.9649396920048918	147.7441056320257928
 547.000000	14.7228712080913269	95.4315327247921203
 548.000000	15.3255879340509154	94.0418820545483243
 549.000000	14.2653644849315668	60.3567319630811028
 550.000000	15.0976641750113743	105.2786002013141342
 551.000000	12.9818677620471270	127.4118296915341659
 552.000000	12.9784019704380178	155.8970146048623064
 553.000000	12.5415965719628790	70.4075712368858859
 554.000000	15.4841999022947796	129.9462814099380239
 555.000000	14.2347748911890051	105.1481188158487043
 556.000000	19.6600793100693103	45.3989444527482249
 557.000000	19.9606631008626643	90.5641834302511484
 558.000000	21.9645440905100280	99.2740720073434488
 559.000000	20.3941618056724145	160.7455856367115530
 560.000000	18.7266020870597636	142.0963729176782238
 561.000000	17.8166293638053119	121.6543888707172130
 562.000000	10.4618498903643555	116.5128583714401316
 563.000000	20.8393207491970500	136.0010228237310628
 564.000000	13.2452203808663214	72.7350136864625085
 565.000000	13.5940317629095659	38.8332749926022700
 566.000000	20.9128292006797949	104.7188660042027237
 567.000000	13.0741372733483825	107.5021499965906742
 568.000000	14.6504435802207560	128.0096694797380508
 569.000000	12.6274398010905742	159.3441848958805735
 570.000000	16.1600378785302716	128.3048950876071217
 571.000000	11.2783935835140472	127.8992437088511451
 572.000000	10.0860004820355282	135.0312887366962968
 573.000000	11.2605337642778789	70.1639858090250357
 574.000000	8.1350413570658020	11.9424981270474007
 575.000000	11.4113280199150164	99.6882958910129986
 576.000000	11.5861523933294777	109.2670995841612154
 577.000000	11.9146012366157308	162.4101019463594469
 578.000000	22.3215284219313155	46.7684797955695899
 579.000000	19.6719427266955549	91.4170777621309014
 580.000000	17.2887736427574339	95.5703333251070291
 581.000000	22.4324372609493246	126.4501351426809066
 582.000000	21.4101441177820391	111.2282369970751859
 583.000000	13.9901880029136105	124.8891878067966843
 584.000000	18.4798566244343263	70.2493239842534507
 585.000000	17.6953507952761022	131.7914165593645066
 586.000000	18.5882850614364799	166.6241333925730714
 587.000000	20.5133421390319661	96.4985873326712067
 588.000000	18.0786110784352552	108.7089231229466435
 589.000000	18.9928283478781879	124.9189798774950759
 590.000000	16.4091464003451719	112.6196410332431981
 591.000000	14.2008977074058507	101.3348448304315781
 592.000000	17.0050843994827119	73.0389550965120407
 593.000000	13.8964763046261410	107.8866684151015534
 594.000000	18.9754280644319344	123.5164296263955777
 595.000000	18.0972341801860068	88.5726251121371320
 596.000000	19.8129228223155316	108.0473768669028232
 597.000000	19.2691421231569144	134.3546331127538451
 598.000000	14.4287603312223514	60.3921546951750656
 599.000000	17.7429138751698794	113.1362569244719225
 600.000000	14.2880116202616883	112.9995582755547474
 601.000000	9.4420853242874738	57.3206146892203492
 602.000000	17.1473861708894901	131.3276507021508905
 603.000000	14.6722485072137943	105.4062521548959808
 604.000000	11.4690414310470494	147.8304661605450860
 605.000000	13.2484885375847785	87.4938727511012360
 606.000000	15.0163163642384490	120.4455432771950143
 607.000000	13.3088099341241488	54.0983341814998511
 608.000000	10.0787296042106931	66.8047947524183883
 609.000000	13.1481392936204333	149.7818527485891593
 610.000000	12.9756764161978477	173.1466738325546260
 611.000000	12.2209608058051273	109.7426408491543270
 612.000000	10.6583713821241588	65.5302724838712294
 613.000000	11.1833177121524567	128.6560721994625567
 614.000000	10.7161945249666477	142.5145579209474818
 615.000000	13.0185116111749242	131.8468608630252561
 616.000000	14.3089325843867083	65.0050480877609544
 617.000000	16.3181456445395163	91.6341727594116549
 618.000000	15.2994948766940464	96.2285688013835596
 619.000000	5.8903434701825423	138.4701861461454087
 620.000000	4.1285476186304706	22.8262477364532685
 621.000000	8.1429018906853994	77.3914421709625913
 622.000000	8.0011354797648515	101.7091625640093895
 623.000000	10.0471589086262831	111.9141510643867150
 624.000000	7.7206782264313123	104.7283172324196414
 625.000000	8.1701177776764595	19.2190991089942429
 626.000000	6.3189488724663434	113.9759791683268020
 627.000000	10.4716865076528105	126.5624060817299039
 628.000000	15.6310266153752906	98.6859366837987864
 629.000000	10.8826847513892471	150.4487907238431603
 630.000000	13.4137444678917532	64.4957541975052777
 631.000000	10.0031066058744820	128.4255129547254910
 632.000000	12.0679094810633352	126.6980083921719711
 633.000000	6.4442689495024608	89.3170832395875038
 634.000000	19.9615226790787652	85.5608934666680057
 635.000000	17.8258377383389757	64.5156361099235909
 636.000000	15.1032747487477241	92.5093537653976909
 637.000000	14.4295016603945374	47.6656888103379686
 638.000000	13.8821375393439208	124.9978462954275642
 639.000000	16.3200727836263937	82.7880462824097094
 640.000000	16.3988049765402941	42.7984077924792246
 641.000000	17.1355211208304148	65.9880494466869294
 642.000000	13.1229365699034162	144.5180948717693354
 643.000000	19.5920398341941926	73.4254390665079484
 644.000000	15.0839950089372579	108.3222641382300822
 645.000000	11.1287227556610588	90.5356801439307617
 646.000000	11.7784363777234677	147.2258732489197541
 647.000000	15.8186633845403790	90.7315030724853955
 648.000000	12.6596532308890968	96.4012706069468948
 649.000000	14.1304110392730120	152.7655769184273709
 650.000000	10.1330873710323868	140.9799249793904607
 651.000000	11.7989645246510264	67.6319542914643392
 652.000000	14.5044888138598687	103.1545410522737569
 653.000000	7.9292002192621114	108.9565933315892607
 654.000000	7.6011724036974249	37.6862593044522782
 655.000000	11.8638718055981158	99.5685263775998095
 656.000000	15.9402772359898997	75.7750784821910628
 657.000000	14.6385313072834702	149.6917986521150112
 658.000000	15.3910406775390172	158.2012595018464935
 659.000000	16.4412230705932814	90.5863088690986586
 660.000000	16.3541366791797458	78.8666118795440241
 661.000000	16.4294466750959351	113.0546542403498904
 662.000000	15.1439097948625765	110.4102886819382405
 663.000000	17.5392299459063743	105.2649560895118128
 664.000000	18.2528407911501098	62.8773205707621088
 665.000000	18.9468693761645142	96.5798603996013156
 666.000000	21.6999815220007584	117.2675109509970781
 667.000000	14.2738387852920301	2.9468433519367352
 668.000000	9.4098757287973473	89.2097933324720032
 669.000000	10.6353445231488752	38.7647138482421951
 670.000000	11.4547518026846369	120.0941805558943258
 671.000000	11.2174903881935997	166.6132950149097667
 672.000000	8.9031006901034608	119.2634418853446618
 673.000000	15.8173237738581847	101.0156587112595474
 674.000000	11.3999178358586875	122.8125337975775153
 675.000000	20.6542193579519022	95.3192638414067517
 676.000000	16.8050178622776976	59.4467862077907370
 677.000000	14.3421042709977211	135.7582355883536991
 678.000000	12.7046777103487898	103.3451538670648091
 679.000000	10.4113357471445678	116.8552449515230052
 680.000000	10.6817085108478178	107.5150019453706705
 681.000000	5.7130194705424477	117.6642358095010081
 682.000000	11.5142570233765884	85.4390040951535639
 683.000000	12.7754731348610875	140.4010125801558502
 684.000000	5.0628957960544563	114.4782120802022547
 685.000000	2.7414104116956617	12.2606212790377072
 686.000000	12.6658530418689015	121.3981412067736443
 687.000000	10.8478375953033481	150.5370074033780838
 688.000000	18.0280403829036153	117.7954509506007810
 689.000000	11.6580739215518960	52.0199121997642635
 690.000000	13.5508105691843337	171.3173976659793425
 691.000000	14.6171552466286165	110.2534344871533136
 692.000000	18.9141797294809066	65.4859424685435272
 693.000000	13.3078014150939712	110.5212935812331807
 694.000000	16.9631223807804474	125.8235967203660834
 695.000000	10.4643785480765406	140.7670244126495334
 696.000000	13.4228335927787672	136.2022353040377141
 697.000000	14.8023012881735241	154.6954468481970650
 698.000000	14.8700988650082895	99.8143213587838432
 699.000000	10.5610768020372578	126.8454064556939187
 700.000000	12.4049838801930949	146.4084549870817682
 701.000000	15.8593784364965451	130.7753987271941298
 702.000000	16.4830447418590609	62.1571858215101685
 703.000000	16.4253551439540963	53.2179715645445555
 704.000000	18.0010154826128357	105.8303101696992030
 705.000000	17.0709378450240727	87.4743068255353506
 706.000000	6.3061100537233266	139.5698339931994383
 707.000000	13.9874347084534421	114.6843893149499536
 708.000000	6.1907199232175918	176.7201779052931840
 709.000000	10.4132636812796306	86.4865320371522159
 710.000000	11.1591612272862584	138.8781281375348158
 711.000000	10.0578856971088229	112.2330535573587582
 712.000000	14.5788955388538923	83.8988149627785731
 713.000000	10.8431981669322717	102.5332528471898428
 714.000000	11.6250891922851469	80.1873502952338413
 715.000000	13.2752823924563028	114.5486560337508735
 716.000000	15.7989742128594397	110.1977913954237493
 717.000000	14.7286838675504974	93.5869041951572598
 718.000000	12.8822965853329254	84.2472650377293775
 719.000000	12.9112615731403721	69.3477042606157141
 720.000000	14.8558336114639680	90.9650691436344374
 721.000000	20.2368624202137006	148.0958229887723974
 722.000000	14.2503302720776190	126.7712028852664332
 723.000000	17.8533735605537416	126.1123265662622970
 724.000000	12.7360719159894717	134.8946616211665628
 725.000000	8.6334871595122955	142.9061297444308991
 726.000000	21.5306923664482959	133.7542667152043236
 727.000000	16.0303356204907139	82.8102405744948555
 728.000000	16.9713799819022633	100.0365229768076034
 729.000000	15.8270195607709834	141.4080991858203049
 730.000000	13.6545200200837815	145.2803897668227364
 731.000000	10.2656048031139449	31.4787423276468417
 732.000000	13.8919903877455511	109.0895069414905976
 733.000000	16.2711195776356696	136.2227620909356460
 734.000000	20.1624056845158997	125.6436167888582389
 735.000000	19.5630665715749110	97.5949938081016626
 736.000000	13.3311652552882514	98.6950258739057205
 737.000000	15.9254395287765380	75.2671192698145717
 738.000000	16.4873045265372511	129.6767185359553878
 739.000000	21.1447439873140119	83.8310802927133807
 740.000000	19.5340217347346048	116.4460959639347095
 741.000000	17.2091334659437933	43.9742118131106565
 742.000000	17.6664725582383362	114.3733744715094645
 743.000000	12.4467775513885694	72.8021849343359690
 744.000000	15.1499086117797379	148.3645153080181274
 745.000000	16.6806971471984511	167.5253605644958839
 746.000000	20.0311544567016568	147.3210323138040394
 747.000000	19.6469994013387854	104.3217799538441284
 748.000000	14.6142279126091417	155.9992212019602107
 749.000000	15.8001044083823459	105.8008012359241548
 750.000000	14.4160303688927520	54.1654525644956806
 751.000000	15.9682693939066986	136.7337718712748256
 752.000000	14.1671028220158099	66.5437628687289617
 753.000000	15.4361763532001621	158.5104294239424974
 754.000000	17.0324460622012239	151.4784024999268297
 755.000000	5.2966601408035228	126.5560210240172552
 756.000000	16.5261492214017842	132.1544094354071035
 757.000000	14.9874171729874313	158.6188861964149055
 758.000000	21.0065574398496153	150.8678089651958203
 759.000000	13.5082510533014641	118.6322457369830659
 760.000000	11.9733617863114752	137.0511194349863899
 761.000000	15.9110998443431519	142.8181923556275024
 762.000000	15.5701100800966543	141.4127316991915677
 763.000000	17.4384286590604241	131.8800766395760888
 764.000000	15.6689955726891199	87.3521103561673300
 765.000000	13.4813739055525001	153.0957243504385588
 766.000000	12.4058763822581675	114.4143921635513692
 767.000000	16.2541152084014655	80.3936286329695236
 768.000000	11.2114444054932925	65.8616319625465252
 769.000000	12.3856636341555220	157.2376743116443549
 770.000000	16.0901963110597208	110.5935362000856230
 771.000000	16.1908706684231909	112.1838577211490389
 772.000000	13.2605266437664522	47.1868777196042970
 773.000000	13.9925248068247132	139.7850720002813887
 774.000000	18.4213786068105669	156.9979787985498660
 775.000000	11.3810273109402136	35.6478414408982758
 776.000000	14.1239470027676770	110.5331545240210716
 777.000000	14.2766804316440545	121.9971149450602468
 778.000000	8.4399807742728097	71.0650770691949134
 779.000000	8.1586065267199768	81.1460600863256190
 780.000000	12.5372185217039274	73.0662295064395266
 781.000000	15.6003461230159708	123.8981599675117309
 782.000000	13.2570297138141200	26.1401739793155343
 783.000000	13.8754379894918003	80.3173551773785022
 784.000000	12.8363285907698845	106.1659549855207985
 785.000000	12.8130359766490294	99.6048774239550170
 786.000000	12.4509532102705673	126.9106749843297450
 787.000000	13.8680966646182728	57.8193486287911185
 788.000000	14.0251229688860324	111.7670796509220423
 789.000000	15.3932013665502812	131.8786332293137775
 790.000000	14.6540251078125863	86.6283228034988184
 791.000000	13.2553588146786527	54.0627325291602432
 792.000000	16.8428052041079610	117.1436974169037342
 793.000000	15.7446674167686282	91.1854168087306221
 794.000000	16.3640338499730760	107.0592736301173744
 795.000000	18.4284463452019267	142.5432471333732281
 796.000000	20.4144342019387892	87.5534728844111072
 797.000000	19.3058037976913361	99.7249834257763865
 798.000000	17.0764265199240981	101.2881608261095892
 799.000000	18.4978769683983799	127.6084057548001454
 800.000000	15.8751780078973237	126.5412448224756758
 801.000000	17.0118036469702112	107.5617748122970312
 802.000000	20.1650495442522697	98.0113816354310927
 803.000000	16.5760550030235585	116.0245897249756695
 804.000000	18.6223054197644977	122.4610803406308008
 805.000000	18.8298100045560979	86.6926451220606964
 806.000000	20.3538668850756714	103.2047448895230985
 807.000000	14.7384153396683963	159.7654656677804041
 808.000000	18.6234718475903556	110.8980874805513537
 809.000000	12.9997342182574691	98.5864866009756611
 810.000000	15.9018685078347008	130.5357411954003908
 811.000000	14.3415123535417521	66.3822390376763707
 812.000000	17.9552656182307935	90.6482483172657396
 813.000000	17.3358019815311764	80.4844324455384594
 814.000000	10.1828258742496729	44.4173197747408040
 815.000000	20.1528138570791668	96.4867440251671979
 816.000000	14.0451901523941203	128.4498792828551643
 817.000000	17.0688261698209978	142.6731597516939587
 818.000000	18.8984088083044917	132.4996082535230926
 819.000000	13.3182990071329286	131.2271800234450723
 820.000000	11.0572414794975096	106.1158463995107297
 821.000000	13.3496251847358298	131.2799228131375457
 822.000000	18.1433550537086212	107.8018746890823820
 823.000000	3.5506927651409654	150.2579294822210443
 824.000000	2.8156518432796585	125.2207451396546389
 825.000000	4.4991265003141310	166.5720620333000852
 826.000000	3.8628573607404584	55.9474115494910222
 827.000000	9.8674413426244509	135.8887343781539983
 828.000000	7.9847251620074111	128.4566555411386162
 829.000000	16.5699791003628576	49.0764230285165866
 830.000000	5.3087577756189237	121.7893553983615078
 831.000000	2.9886684641724317	16.3269325891411370
 832.000000	17.7343557946761265	119.9573458292090606
 833.000000	24.1626430199509734	118.9077719910197857
 834.000000	17.2984162150666450	74.1182007962147225
 835.000000	17.3631212441972345	142.2157234545557003
 836.000000	15.9152643035039709	96.0513296640307743
 837.000000	13.5466655345443385	60.5266403733964324
 838.000000	17.0405571171868253	159.2740129772872422
 839.000000	13.3859623884691281	119.1449600535182896
 840.000000	11.8293738451270745	163.6018637636654205
 841.000000	9.6501917336530880	45.1908916340338180
 842.000000	14.3291540120262901	167.0026773024491717
 843.000000	8.6780097471437454	28.3478834780702016
 844.000000	14.9691091064886308	100.9144500796857358
 845.000000	11.1967533490969853	79.4226431390286365
 846.000000	15.9612118418384465	86.5751689159475717
 847.000000	10.1970890078762775	24.8190480538495422
 848.000000	11.0486589650873821	47.9775924670256302
 849.000000	17.4070033511274573	107.4959572591834416
 850.000000	9.5003418627144871	78.2085179906992494
 851.000000	23.4744515759063184	152.6974620644767811
 852.000000	17.1711152044602144	138.7974966154842491
 853.000000	2.5870162185394117	125.4186419689721959
 854.000000	3.6737185117182696	148.5000230160037233
 855.000000	6.4022129653480011	128.4651357650116381
 856.000000	2.7242230564260117	109.2971192310477591
 857.000000	13.0412708839530413	146.4678705380189854
 858.000000	17.4958614212092591	158.2864430609753583
 859.000000	5.7438103656987627	62.7813508033589898
 860.000000	10.9289574361595232	50.9612754075512271
 861.000000	16.4647103632593002	54.3114305596897537
 862.000000	16.4588111071875005	94.2926002690948906
 863.000000	11.1790764149773256	55.1665387607160369
 864.000000	12.3239171898969602	111.5808417514100910
 865.000000	8.7553754430341737	29.0652135519208343
 866.000000	12.2286528110730828	29.4389475045286133
 867.000000	14.6271232122741814	50.6671503674976975
 868.000000	22.5577451453385507	49.9265528705443558
 869.000000	15.7578636434773731	94.0161809366136367
 870.000000	17.4956405090344802	70.2547718742382017
 871.000000	17.3255613592942765	94.9825667502386750
 872.000000	14.1933092236477645	85.7806705108162930
 873.000000	13.4960097879174352	64.7416475965202949
 874.000000	10.9966563396511798	62.8702925858825097
 875.000000	9.0881677436898780	115.6593937535026413
 876.000000	9.3441379095307529	71.4499945986269438
 877.000000	10.1094641324389993	151.3297051596658491
 878.000000	10.0804177933062142	115.6861033292325658
 879.000000	10.6774408828160929	79.1943347076781663
 880.000000	10.4287312728536037	91.7331472708044089
 881.000000	13.0393903981262174	101.6733773010823541
 882.000000	13.2726604088753763	131.7595552852785090
 883.000000	13.5122943262484583	105.4257001720832108
 884.000000	16.3926730528607010	127.0294203317695860
 885.000000	13.6311069923748125	62.6851807443417499
 886.000000	14.8365941025454209	51.0104160267621864
 887.000000	13.7515694684179923	133.3602530110011344
 888.000000	12.5469335216814368	127.5953203839776648
 889.000000	14.6649513505740963	46.3868271705974564
 890.000000	19.5594799658008149	156.1645908571181280
 891.000000	18.6672644944310022	47.3029435851093183
 892.000000	19.6335326257380736	113.1015173852175622
 893.000000	16.0801522251599494	155.8473611168409150
 894.000000	19.9906658646903388	124.8039389130749441
 895.000000	18.4414479975502523	122.0643032052298054
 896.000000	18.4372263123781792	125.4289329408896663
 897.000000	16.6370597297217628	116.0597831690615180
 898.000000	15.5135396685286331	77.7828915917980481
 899.000000	12.3027046836343210	126.2304219440337221
 900.000000	11.3138992810984078	92.0743723033666583
 901.000000	11.4818338686553698	91.0377433353055778
 902.000000	11.4675716873247264	134.9501823946253580
 903.000000	12.4582524304433875	144.4936186183483926
 904.000000	17.3916495005170688	99.9610352294842386
 905.000000	19.4466718797266367	50.5147325877652236
 906.000000	16.7779522236158130	100.9568492699732900
 907.000000	20.8129017028737415	118.8646880680707767
 908.000000	18.8046112989952157	59.0361230110631965
 909.000000	13.6738807987353042	143.7369254871409225
 910.000000	16.3011539322054766	113.6818570419988674
 911.000000	16.7668382271381624	118.1715045841113323
 912.000000	17.9012094080046076	87.7689364116469335
 913.000000	16.4320329632935795	136.8852101665672194
 914.000000	20.8192661687981797	99.0632156519208849
 915.000000	14.5555878981799722	97.8389510365540787
 916.000000	8.2613126065897351	44.4557408948262207
 917.000000	17.7135350794926758	137.3515922063165249
 918.000000	11.5801539673677283	135.6123084655458513
 919.000000	11.8446541179644136	165.0055406575344250
 920.000000	12.6610976051174653	58.0007693871159660
 921.000000	11.3597428715216680	106.7739839603812015
 922.000000	15.2025662013990015	109.2798590645758026
 923.000000	13.9854024523301863	83.7125041261353715
 924.000000	12.4441521815239415	116.7734555702524801
 925.000000	18.8005377852087392	128.5612686437910099
 926.000000	10.9298697397982476	12.3043100831743288
 927.000000	14.8818454889159923	90.0614658902848930
 928.000000	13.6703232999024049	108.4320800823923747
 929.000000	13.3816208509358088	38.6179749831262598
 930.000000	10.3763536578028290	157.8224042120212118
 931.000000	14.6689149535611403	139.9856906734421500
 932.000000	11.4976711438732782	73.7410609392344583
 933.000000	7.6135270573159941	132.5633840877282523
 934.000000	15.8427242718003605	84.7226953332748280
 935.000000	13.8967835141339009	137.1807825220494124
 936.000000	11.9071042160214375	103.9125693292947403
 937.000000	17.7519492345354415	125.8619674045285706
 938.000000	12.4029440464711715	28.1180781984730856
 939.000000	18.4047199606870784	116.8718322712609279
 940.000000	20.5702124969875335	102.9320111775430462
 941.000000	21.8286125531663515	149.3383940120765487
 942.000000	20.1060359883756092	120.9776238273867079
 943.000000	13.7628542741832582	111.4804933737789270
 944.000000	16.9061859358333670	140.6400044264596829
 945.000000	16.7065898752889552	129.0357228600772999
 946.000000	13.7989852128005932	48.8583732588596149
 947.000000	13.3585377046033855	91.8962307562037353
 948.000000	17.1528384759666750	87.5352648415051391
 949.000000	16.7249583494820122	107.1227623383314267
 950.000000	13.1483286640380488	98.3072078172603057
 951.000000	11.6035615160288312	101.2503053129708235
 952.000000	11.7371278483619275	105.0411921163250213
 953.000000	10.0788156503365336	79.1417961413134776
 954.000000	19.4327526683804557	88.9578346919222156
 955.000000	10.3320181172000609	105.8892510159624152
 956.000000	10.8236315680618134	78.5285672448176655
 957.000000	12.1446992729161938	86.8857554004773220
 958.000000	9.7575779039939565	86.6679307221181716
 959.000000	7.8643203549432723	98.4673049951768462
 960.000000	6.1339370672767437	124.5069875129080685
 961.000000	8.6990892507308342	43.0783596651969845
 962.000000	4.6530098886098896	22.3037767875701718
 963.000000	10.7436275336274285	105.7930055386414381
 964.000000	7.6462396316087560	96.7035635874421331
 965.000000	9.2820725195802307	4.4192484435248787
 966.000000	15.0075743023471144	72.9975144784688297
 967.000000	10.5634964872320154	112.3026201230301098
 968.000000	10.5094833047316190	100.1120592217990719
 969.000000	14.0676335096014249	25.8001252101635146
 970.000000	13.4074180612847762	54.5518473129339014
 971.000000	14.4481385140545466	126.9449284218009240
 972.000000	17.6806592511950527	35.3869225493238275
 973.000000	14.8773822082193607	115.0400076849686997
 974.000000	11.5367337631888560	117.2852226172744139
 975.000000	11.0261318617853075	115.9764557394740478
 976.000000	12.1224960690944350	89.7731130892958760
 977.000000	12.3059827558444539	130.5660502766177444
 978.000000	12.4924315846548595	107.6347310451176895
 979.000000	12.4718117182111445	122.8250583467973911
 980.000000	12.3015683306021870	110.5447426897822965
 981.000000	14.6439750962291164	66.9072251294387002
 982.000000	11.8965035730072124	66.2103019199992673
 983.000000	14.5469908235619254	160.8419365748669918
 984.000000	11.1050189014614116	118.3918460294131307
 985.000000	10.2920456763122150	70.7731791449686654
 986.000000	12.0668359639731371	123.6665558917616892
 987.000000	12.3488307323045206	155.4980187702997512
 988.000000	15.2948238392133646	62.5426907509512233
 989.000000	14.7639587223618101	109.4559973530235197
 990.000000	11.6671867597019023	33.2353638866057679
 991.000000	12.6606423400396668	89.2989046631797692
 992.000000	8.8352140075975836	71.0876789087277530
 993.000000	17.0320612963354030	86.2984584622176385
 994.000000	14.2422795738067620	118.6884323270281101
 995.000000	12.3803523644973303	155.6524698507902258
 996.000000	12.1858845684427539	117.6478666605856915
 997.000000	9.7377460780408729	142.4614764027681701
 998.000000	10.5270418830328438	73.3611057506455353
 999.000000	11.3517962623510229	136.0427780805384259
 1000.000000	10.2810232450066419	75.6188820195431646
 1001.000000	10.9114616970119744	126.6677374492834076
 1002.000000	14.5908685556547955	110.3628109856564237
 1003.000000	16.5337710211901161	143.9490109013329970
 1004.000000	12.6230242430758306	34.4128708609305249
 1005.000000	11.6667421268270992	132.2448719041318270
 1006.000000	7.2722572126014136	50.4521218485762688
 1007.000000	9.6207019809224565	155.5238790321042757
 1008.000000	12.1570428263937753	108.0851299535705579
 1009.000000	10.3739035183692518	52.6399898905604715
 1010.000000	7.9570521204498084	36.7388486345279262
 1011.000000	9.7705278901781583	75.6609701585006320
 1012.000000	8.2413294170196671	123.1895375793816356
 1013.000000	11.6103562326489733	151.3519098513142467
 1014.000000	10.3856548892516098	97.4542261620117500
 1015.000000	6.9801638761598044	131.8109349727968436
 1016.000000	9.0891040339116103	141.8761677146244722
 1017.000000	10.9372198127883262	146.3357312219652897
 1018.000000	5.6334430661682919	90.5847547948670666
 1019.000000	9.4758557130073466	105.8260078176225676
 1020.000000	9.0340424374568542	85.6727351711586778
 1021.000000	9.6057780168495377	175.8024383255885823
 1022.000000	13.8218429186877714	89.8610729698766448
 1023.000000	6.7148141230988356	95.9055069745667055
 1024.000000	14.3154915383098764	139.9887567316865500
 1025.000000	14.2817465364015064	157.4713596034411864
 1026.000000	16.5528222479249791	96.1980195733769108
 1027.000000	15.7515239078454776	136.6294188310477580
 1028.000000	12.9004889699968786	84.2502341386602467
 1029.000000	12.5810401456702614	19.5298136432503782
 1030.000000	15.1947466428871572	89.4019637287307631
 1031.000000	12.4543812814581187	150.9294854884676056
 1032.000000	11.7415284948000078	72.4606159317022076
 1033.000000	14.8118889489089316	143.2923933729579460
 1034.000000	12.8403943767134798	159.0967462426028192
 1035.000000	11.9156472479798499	101.2379275833777257
 1036.000000	10.6493068978812548	91.2693608623609975
 1037.000000	11.8987504211661150	54.5853865427562823
 1038.000000	9.9285757301181530	69.2915061884872330
 1039.000000	12.1662163512249126	73.5083835083080857
 1040.000000	11.3475332414844861	132.9690371927227375
 1041.000000	13.8118440792586021	59.6828730420788531
 1042.000000	15.1641163961116359	102.5886136881567694
 1043.000000	14.6922942338842848	101.6448121189358034
 1044.000000	14.8352520089771645	128.1870169570565565
 1045.000000	8.3158555334597590	100.1044364454716202
 1046.000000	14.8349251084189966	151.7551283942143527
 1047.000000	5.3674815597058059	125.1937197708748783
 1048.000000	2.8322545817622169	28.1527492686862502
 1049.000000	3.1474174854026069	88.9560553951259294
 1050.000000	3.2016146990999133	130.0726106803408584
 1051.000000	2.9147543781719181	4.7063530642633395
 1052.000000	2.8324207912991533	116.2058722939811872
 1053.000000	10.1561330981668139	117.8499885823541860
 1054.000000	13.7046099867314393	155.4244388501563208
 1055.000000	12.0237590593201613	102.8159611292743705
 1056.000000	10.4268718263432980	96.2117908505233288
 1057.000000	17.9598152026894411	150.2718935734081924
 1058.000000	15.6867468243784209	93.3999374381539837
 1059.000000	15.9449694096662729	105.5946037634708148
 1060.000000	18.0374083248733896	91.9736859051363069
 1061.000000	12.9622865231526845	104.0702326338213624
 1062.000000	12.3336634333730810	83.9693415615849261
 1063.000000	10.0485061388551493	104.4156242520084419
 1064.000000	8.7966591006588004	135.0111727506827606
 1065.000000	12.6059128025456690	110.5260179034428347
 1066.000000	11.3242668606743351	116.3287887623912411
 1067.000000	17.2913850646161684	118.5309905625352940
 1068.000000	18.8755098443261851	132.0648551701392250
 1069.000000	20.3888037569654514	110.0162779818019203
 1070.000000	19.4587782368328668	103.0384476312461572
 1071.000000	18.6399473101527953	117.2862772579552484
 1072.000000	14.0690372550297784	113.7074106940273737
 1073.000000	18.2055119413442981	97.0638781469010326
 1074.000000	16.2659784038912996	111.3059899028460791
 1075.000000	19.4938659365184357	70.3056886718298273
 1076.000000	16.9797913174606876	125.3651378970945984
 1077.000000	17.8276079550797455	126.1441964686032691
 1078.000000	18.5843568542916628	152.5985492846571674
 1079.000000	16.6156178896822375	47.3349485500434355
 1080.000000	17.5470363035225212	55.6064621106644097
 1081.000000	19.6329323752680196	111.4216616437071679
 1082.000000	16.1553604453929438	85.1752798147103789
 1083.000000	15.1569986812541657	121.1624209051840637
 1084.000000	13.5843632168626236	71.5661373864374468
 1085.000000	16.0327810782455451	79.2769094133327741
 1086.000000	14.1679184007999641	55.3542788413635947
 1087.000000	9.5759813117300983	141.4806725039435662
 1088.000000	16.7905994946116586	106.8758460927972607
 1089.000000	15.7174107996712582	83.1107809762715277
 1090.000000	15.9550002185139022	168.5793366832355957
 1091.000000	8.9590372666633371	140.3293173792792743
 1092.000000	12.5362864740022868	132.2976664370694948
 1093.000000	8.8046753406783651	147.8479467605739046
 1094.000000	10.7805262252847438	57.7989848058887645
 1095.000000	16.3611615898571401	99.9375038669518290
 1096.000000	10.9959412736115727	122.5119169304522728
 1097.000000	9.9424987366455539	140.7493905758521464
 1098.000000	24.1564213049128327	121.6583375227572787
 1099.000000	14.8253998459149585	54.4289170895470562
 1100.000000	18.0037799682251460	146.2179431006167647
 1101.000000	14.3058752327565664	131.6956656862273576
 1102.000000	15.9927281529474357	127.4570482072351467
 1103.000000	16.0994747194986658	95.2650099544125482
 1104.000000	16.0874164602787211	144.0138222810154218
 1105.000000	16.5229017827624602	84.5006371348268743
 1106.000000	13.7104615966593819	145.6446964375221000
 1107.000000	15.4544638772436222	67.6581822319463413
 1108.000000	18.3549034484254427	112.3948589289639699
 1109.000000	16.2189267817988494	62.4678878543508773
 1110.000000	16.0738755405879807	162.3828775652969227
 1111.000000	15.5273289939776564	163.8489489323437169
 1112.000000	15.9809629221430356	126.9707571991126827
 1113.000000	14.0391988590950216	161.3545797510949455
 1114.000000	11.8529821125913841	102.7065523399407994
 1115.000000	17.6241629521208942	148.7273249656478527
 1116.000000	15.7494983052619233	76.7965934910054102
 1117.000000	13.6312982276756216	108.8867900965303193
 1118.000000	16.5458526364650922	45.5151722056112078
 1119.000000	16.7812753831547035	85.5696797047416879
 1120.000000	14.7976007116731694	118.4204260856915312
 1121.000000	18.0507333120806130	82.4219368707511961
 1122.000000	16.9031601000491136	94.5161630253958407
 1123.000000	17.2112057802125200	88.8568139867503959
 1124.000000	14.4935678158438481	86.2111755849662842
 1125.000000	13.6783293776284456	75.8016808952228587
 1126.000000	19.8279099939264469	115.9295953622263369
 1127.000000	16.2317849128841267	153.9414673990615370
 1128.000000	16.9763608264899375	103.4455866986549495
 1129.000000	17.3084434973610470	79.9330931419092252
 1130.000000	18.7893616079647003	108.8694298061291903
 1131.000000	14.6478866633512403	96.4216637264141809
 1132.000000	14.5352702357365740	106.1545733941051282
 1133.000000	17.5833931848994780	96.7093794374793276
 1134.000000	14.7205315005175414	134.3188310143922308
 1135.000000	15.8735469534009450	135.7376099752586924
 1136.000000	12.3954875617092775	99.7583006342333931
 1137.000000	14.4597498474578998	70.7402784265262028
 1138.000000	14.5821630299693688	143.9500758619008138
 1139.000000	13.9634767206151071	167.9765976320499021
 1140.000000	14.7506569649192123	133.2024932523671623
 1141.000000	15.3986831193912366	107.8465904988880197
 1142.000000	14.1399999381728101	75.5230879771747965
 1143.000000	14.3574961135243786	54.7832715856740720
 1144.000000	13.0072763397810682	49.7078582770012645
 1145.000000	16.2521254196730709	147.6812196259954248
 1146.000000	14.1816928404281590	46.2570374728636011
 1147.000000	17.2231704935072507	117.2666427147105424
 1148.000000	12.7752473999499845	86.5197092347907528
 1149.000000	13.7350079510788046	119.1371404677380497
 1150.000000	15.3795189570939872	78.4275486945975331
 1151.000000	14.9903517924108769	53.8550454092382154
 1152.000000	15.4943470572274737	166.6203859019063600
 1153.000000	16.0500252503808483	94.1127250553379326
 1154.000000	15.2373129568854857	153.9422455083832517
 1155.000000	15.6562887313571988	58.4183938185434641
 1156.000000	14.8002614363660605	164.1754571446301441
 1157.000000	15.6153174298043531	97.2625226957101177
 1158.000000	14.7848669649920694	100.4869602301633194
 1159.000000	14.5656729526653308	164.7086708934937178
 1160.000000	16.0411746435084872	111.1956726834066984
 1161.000000	11.9309588003086198	160.6847158970986413
 1162.000000	13.2212468389927871	64.7586956244276877
 1163.000000	21.0242754353854586	81.0370776032356162
 1164.000000	17.7239574805659608	138.1965467480882239
 1165.000000	12.6585074304442546	56.3542137599519322
 1166.000000	11.6780484476336621	113.5490945121096189
 1167.000000	11.5497226182161992	62.7459256611380880
 1168.000000	13.6616307176775980	103.8425398099924166
 1169.000000	11.3750743519652673	136.1654402682537750
 1170.000000	15.8435204388546431	102.1477051049311342
 1171.000000	18.5439502678659167	150.5196196985433517
 1172.000000	10.0614175542824444	105.9713432318713160
 1173.000000	11.9512675712519361	118.3716673329294053
 1174.000000	2.7931420076278033	120.3238696841609112
 1175.000000	4.1077357007008208	119.2546910926175343
 1176.000000	11.9363757465639999	105.0265400330571168
 1177.000000	12.8744074821965224	138.7213239784742882
 1178.000000	13.0542452844093813	146.7840328484834629
 1179.000000	18.9494666023856873	77.9642679613669571
 1180.000000	16.2407145385459586	146.3948415932339060
 1181.000000	16.3755654434171518	129.2647039571762093
 1182.000000	15.7168586429738202	137.4052290929216724
 1183.000000	10.7500629401943986	118.1737170928962826
 1184.000000	13.9950670208474524	111.9193565955921486
 1185.000000	11.3919583616046936	113.1035023293423478
 1186.000000	7.3731410954420866	103.9390716789299347
 1187.000000	10.5914043838968599	153.5547378581495366
 1188.000000	13.6563117425530383	11.4943449224143137
 1189.000000	14.0410926531761557	151.1775951809337926
 1190.000000	8.7856966194799178	95.5335400269446779
 1191.000000	13.8985687414531380	135.4627043960730077
 1192.000000	13.9420760991264299	105.1936495066909316
 1193.000000	15.3723565918831362	99.5059602545153439
 1194.000000	15.3276252762172227	99.2698130843577218
 1195.000000	10.6018562099685170	78.1059126775766828
 1196.000000	14.0353022982980988	124.4621175461689262
 1197.000000	11.6691581693193012	68.8057022865142756
 1198.000000	14.4355004183939410	142.2089609089641158
 1199.000000	17.3476958557086824	130.0082877891956059
 1200.000000	17.1746032296338846	106.4845814964860011
 1201.000000	21.7503772937400512	117.3328967337677966
 1202.000000	24.3864734479768686	71.0019282720031697
 1203.000000	19.4301551813434870	11.2540461759233210
 1204.000000	17.2049419484699015	113.3274417796742171
 1205.000000	23.1214151514398161	84.1640025619723957
 1206.000000	11.1465057171940014	56.9160430616753530
 1207.000000	19.8261686039058453	115.8260226333934071
 1208.000000	9.3826996996838030	153.8735661462267785
 1209.000000	10.1945260631502084	95.2126399988260346
 1210.000000	11.5367350282572350	133.1656141971227498
 1211.000000	11.4441871907476767	148.8195969999071622
 1212.000000	10.7186164001833397	150.0484985101248014
 1213.000000	13.9670401930193560	86.0577959878424394
 1214.000000	12.0453531862844141	95.6049502054498817
 1215.000000	11.2103698916858292	148.4152137063171608
 1216.000000	16.3705995147416701	64.5508459398284060
 1217.000000	13.4945551385849161	171.0473814306186284
 1218.000000	10.6955690748600798	42.9840114570114622
 1219.000000	19.4068654451566616	87.9511776404203260
 1220.000000	14.8181756312729025	125.5932377143229672
 1221.000000	18.1122891344708279	85.9156072516653779
 1222.000000	7.9460220206535963	92.5968596986131303
 1223.000000	7.4891131392729564	75.4039375071148186
 1224.000000	10.2775892786857526	104.2098944985885538
 1225.000000	12.1812894669128777	100.9056087001291786
 1226.000000	16.7415951074727971	125.9956813243068723
 1227.000000	7.0261000391040067	113.6467845870241291
 1228.000000	11.7133507006597366	169.9444483198239197
 1229.000000	14.1292383436698810	77.5493668045815951
 1230.000000	15.6234237298342347	26.5417326872592128
 1231.000000	14.3840526889268183	28.6161551134844672
 1232.000000	23.0090583962331188	73.1940235499429832
 1233.000000	19.0613251192810118	127.2198406382456142
 1234.000000	18.1762079632230247	146.1209233322936711
 1235.000000	19.2786045321477459	96.8097534630050234
 1236.000000	18.7972778127861098	79.5717220237772693
 1237.000000	20.8385902725865613	51.8180578212124772
 1238.000000	21.5437678906516794	32.8898263259763439
 1239.000000	20.8601339289678691	124.1984122955098400
 1240.000000	20.6157312242570860	96.9196183073450470
 1241.000000	19.5739089329995934	144.5774007558902667
 1242.000000	17.1760333493064934	115.4247749765537350
 1243.000000	19.8835114049825776	143.5345036392222369
 1244.000000	19.3602234183097082	100.1030118401511402
 1245.000000	19.5882697770439798	39.0305062601538566
 1246.000000	19.5044384400975019	103.9287938811866212
 1247.000000	23.2362624883519722	159.6153395176267225
 1248.000000	22.1909414478022811	96.9665270393772403
 1249.000000	19.9507132455647493	80.9507622941847131
 1250.000000	19.8863739207413950	56.2250007153201921
 1251.000000	10.7107541846555439	41.2672048622390548
 1252.000000	9.3609068022924404	75.5893382616999219
 1253.000000	18.1263470119159891	134.8414355796920745
 1254.000000	15.7683794724903930	105.9352614641318269
 1255.000000	19.2097010833335027	25.2439232045040285
 1256.000000	17.1529561923211524	117.5849371760601230
 1257.000000	14.3883519166899791	134.3252769057563967
 1258.000000	17.9590166510969169	131.9290654528452365
 1259.000000	12.9766474668343363	51.9373635172482295
 1260.000000	10.2623470730900159	88.6767578402310619
 1261.000000	12.5288229530028037	38.4303060349194539
 1262.000000	13.7753786328775512	105.6450424727020732
 1263.000000	22.3806568836217750	123.4036662091734371
 1264.000000	7.9209487383577581	93.5217429890922887
 1265.000000	13.8339829655926803	36.1762063572938359
 1266.000000	10.7459803368504261	96.6132376317637949
 1267.000000	6.6669486108269780	162.8872970895613719
 1268.000000	12.2387581953945954	64.6657400126221944
 1269.000000	13.4873284482843356	162.3291060901267997
 1270.000000	12.7866340255320434	61.7268212860029593
 1271.000000	14.5687391512241966	72.0342466662051919
 1272.000000	13.8553429705403417	109.2227484051656887
 1273.000000	15.7942675781885544	3.1708297874596951
 1274.000000	17.6455874829109298	95.0937462460275782
 1275.000000	15.3410901093173297	66.5185390392482390
 1276.000000	18.1414192014548021	85.8988998509036463
 1277.000000	21.2211178401856344	50.7318990124221898
 1278.000000	19.9799007998827101	90.1166171011727499
 1279.000000	15.5964917499718254	135.1673261260651486
 1280.000000	20.7080507414851986	125.1052354252427961
 1281.000000	21.4254807680452544	115.8100802134796794
 1282.000000	13.0642790006639764	23.0484957619359534
 1283.000000	15.0063849457326342	142.1590238950668947
 1284.000000	15.8533233199665489	158.7216502641753095
 1285.000000	10.8232003185681247	129.2276062181141469
 1286.000000	10.9587965633410391	106.4758248997898704
 1287.000000	11.1839011835823801	108.2534333288342907
 1288.000000	13.3687936649632757	77.0759067214606262
 1289.000000	10.2591081691730217	157.6692665819507795
 1290.000000	10.8276273612078189	160.4792335091188988
 1291.000000	11.4685746756919684	119.9993060773665263
 1292.000000	10.6572321502074896	148.5193839702508853
 1293.000000	10.5010747530896609	118.0915955478024273
 1294.000000	9.5623348375095194	15.2426852130511747
 1295.000000	8.0235994470279497	90.1503481480010294
 1296.000000	12.2049372149543629	155.7082103485471407
 1297.000000	11.1356709763095196	99.4020055893344079
 1298.000000	11.5456600173833923	64.2770043239148663
 1299.000000	11.6873198172258164	174.7608771932118259
 1300.000000	11.5308429119379152	101.5939779185894025
 1301.000000	10.7778174089440295	93.0219163576188635
 1302.000000	11.8520535539137750	89.3927628844382696
 1303.000000	13.5452237801713320	125.0534929751248256
 1304.000000	16.4385709469520904	125.4811373586265404
 1305.000000	18.5746682009644992	124.4956962175729416
 1306.000000	21.7992932791974852	108.2407371072497000
 1307.000000	16.7307660743472368	107.5670970191015101
 1308.000000	14.4055415485368421	86.9518466541119039
 1309.000000	14.9516355363888422	72.0651609411129215
 1310.000000	12.9186665545009003	120.2256340866376547
 1311.000000	13.6614462337655311	123.4027574857566663
 1312.000000	10.6194716543074019	170.9843190043384595
 1313.000000	10.8230041881103656	39.2180623964250685
 1314.000000	8.1441640382399179	148.7213637619902897
 1315.000000	9.1227284990867830	116.4663684805740616
 1316.000000	9.4721094205910905	145.2575780890118722
 1317.000000	17.7130046545601942	67.4126662904528189
 1318.000000	25.1980337408883379	100.7900311307598997
 1319.000000	19.5192950633438507	142.6951742325374539
 1320.000000	22.4411583053281625	76.0449825018565235
 1321.000000	22.3554652384309520	97.8431697227316022
 1322.000000	17.0232528387810085	172.8608425290408093
 1323.000000	14.3839237978140329	102.3077138109175195
 1324.000000	15.3180340392879391	63.3847784269997163
 1325.000000	17.0111216174778122	26.2424393780243577
 1326.000000	17.8050838686188548	43.9789287722153688
 1327.000000	17.5251238881512066	152.7675737844113257
 1328.000000	22.3242977269325884	73.9794677420825906
 1329.000000	21.5522728009079465	139.5403716149734521
 1330.000000	21.8223222028746093	98.8112219620662273
 1331.000000	17.1073272580626465	119.1890572101795840
 1332.000000	21.0450291038959243	114.9233395995297400
 1333.000000	20.1787887837425934	71.5943796018591172
 1334.000000	18.6297879413026237	117.6324271509731858
 1335.000000	18.5748235496492029	111.7432312868908326
 1336.000000	16.8496321704245808	23.7770261149683790
 1337.000000	23.1642957998695458	81.8631170407707600
 1338.000000	17.9002756401094416	119.8321758024188171
 1339.000000	8.3045830674728673	138.5641154311184380
 1340.000000	8.0960032437247573	23.8186944133715599
 1341.000000	20.5599892976362248	117.6585290451034496
 1342.000000	10.5685711695103741	134.6259017071368760
 1343.000000	14.7509142166462368	45.8003623695613555
 1344.000000	17.8724246765462240	135.2541636466129660
 1345.000000	17.9461323675244664	72.0125387726619266
 1346.000000	19.0051584326427658	104.2469916002900590
 1347.000000	19.7022673000885931	157.2146902170114799
 1348.000000	17.5672916673783703	161.6062117636546986
 1349.000000	18.6138063622394654	30.1481802831763730
 1350.000000	20.6618767776429841	97.7799956896848386
 1351.000000	19.8460430759320339	87.0730373102823165
 1352.000000	22.3776324977526677	91.6444279513224842
 1353.000000	18.3154244103648303	132.9811255114934738
 1354.000000	20.6034445577426268	125.7277968993197419
 1355.000000	18.0087459494682243	107.9664150317984621
 1356.000000	18.8095187274332076	108.7590086825375550
 1357.000000	18.3796029368729030	92.5915327201313545
 1358.000000	19.9681293098606290	95.1476507618144893
 1359.000000	21.2991239744332752	80.9914033412456007
 1360.000000	19.9371677816711887	127.3545076195703842
 1361.000000	19.9499711799768704	23.4554070677511390
 1362.000000	19.7969811250979220	118.4145395553834135
 1363.000000	20.0772144334628422	81.8717513547927496
 1364.000000	19.8179762206314969	97.3186603610603242
 1365.000000	17.3371266480202202	101.1381659977165697
 1366.000000	18.5699452519123653	120.8880679353991070
 1367.000000	19.2715462303693421	119.4581726802687172
 1368.000000	17.5602781965812049	137.9847656423184787
 1369.000000	18.5949606093270674	50.8577398207103499
 1370.000000	19.3304364592330913	124.3212505500210767
 1371.000000	21.2709128839327413	125.2575337407946705
 1372.000000	20.7178172490541215	175.2916908677850927
 1373.000000	20.5755684660834568	93.8430474996803952
 1374.000000	17.5428381045243498	128.5236995796545330
 1375.000000	17.9395377896700410	133.8611077872531894
 1376.000000	17.8674687267220165	60.8238175604421230
 1377.000000	18.5757738339689809	156.8081052684079566
 1378.000000	17.0083061886253830	67.2380426489360730
 1379.000000	18.3155015557532863	93.8449293227910744
 1380.000000	17.5609294708928267	162.8780668061015433
 1381.000000	23.0406114492923244	126.1497563571457476
 1382.000000	17.5664670751807037	107.7547548797769110
 1383.000000	21.3802315050126772	92.8210363371047720
 1384.000000	18.2983905942619778	106.3353424284615443
 1385.000000	21.7788164496941832	125.5876235059118642
 1386.000000	20.3347691664905135	162.8849220589667937
 1387.000000	20.8467862515424507	71.5886518056355214
 1388.000000	18.1648985662226679	137.1863760238219356
 1389.000000	18.8915530566320875	118.1317167457312678
 1390.000000	19.3533155464874156	163.8735966835001534
 1391.000000	18.5630836957081300	86.9638725992856081
 1392.000000	18.1722838853351476	104.7231538855057096
 1393.000000	17.9615443419618153	113.4105094339513045
 1394.000000	18.3411947793559129	119.3722054869164424
 1395.000000	18.5351330964413528	93.4457108348252206
 1396.000000	17.3765508185247519	109.4468445434490604
 1397.000000	16.9537222402445167	118.0268251413720435
 1398.000000	20.8666249967895965	108.5639505118534203
 1399.000000	20.1241519100840840	93.8692625592136096
 1400.000000	19.1673016795711675	85.4231484515207455
 1401.000000	12.2773821536021917	52.3662340462970661
 1402.000000	18.6941477865684682	81.0294592040530688
 1403.000000	19.2277833706863888	116.8461437175872533
 1404.000000	21.7355919049439770	93.3552804604656075
 1405.000000	17.5225613782675254	54.2666925927740493
 1406.000000	21.3207815003836174	92.8431583975824282
 1407.000000	19.1530739167788795	149.4020860911973330
 1408.000000	20.2188590851493153	64.2196229957124416
 1409.000000	17.2611398997617478	74.7597936497704580
 1410.000000	15.7247176356924037	107.3313999820152986
 1411.000000	18.3481198026141712	54.6006058364402804
 1412.000000	23.2231079424938009	150.4110858742791947
 1413.000000	20.0033659268645110	92.5591576038881811
 1414.000000	21.2826131326395114	49.8392810456963957
 1415.000000	22.5104416381484889	146.6986255432891539
 1416.000000	19.4751666803514567	97.0153430282054359
 1417.000000	23.8697902855530870	23.9352246669233182
 1418.000000	22.7180080944446168	66.6426868087710744
 1419.000000	12.9194004554896562	107.4314232668916986
 1420.000000	9.6683373057101765	87.4633093454888808
 1421.000000	12.7536911835707034	128.4112868780908912
 1422.000000	4.7536096876878595	112.5459138133795562
 1423.000000	13.3758896883328067	63.3426550783459561
 1424.000000	2.6871875762485651	21.0270431346822022
 1425.000000	14.4052328562826411	62.8879400336749086
 1426.000000	10.7810415650169400	106.9194291274520054
 1427.000000	11.1495174389803804	140.1112124939961063
 1428.000000	10.3239703948254071	108.7502611694241637
 1429.000000	6.3797656385783723	131.9905533553669272
 1430.000000	10.6156924316077390	109.5163204522538933
 1431.000000	3.8651468783117360	9.4777888391948011
 1432.000000	9.6994224793635535	37.0340400621469712
 1433.000000	10.4333899887500863	95.2164611805790031
 1434.000000	11.8691174959261438	117.0642060691560999
 1435.000000	9.7023276539843444	128.9807400710055845
 1436.000000	20.1392440923569360	101.6477898726561904
 1437.000000	18.0572957018026479	150.2263393192254455
 1438.000000	17.9241683159970364	139.4117649118188922
 1439.000000	11.0164020040969941	36.2292277121985649
 1440.000000	18.7779628000477032	90.1972642926657784
 1441.000000	18.4460776272090463	115.7805643169631225
 1442.000000	15.5666881999510824	124.7275170018687476
 1443.000000	14.9397075321801331	53.7879982222547000
 1444.000000	17.2473613373226797	34.0533517284083302
 1445.000000	19.0408184974460397	120.0595953865541503
 1446.000000	15.3879175506295116	42.5368144510269701
 1447.000000	18.5739854257249810	119.7224172684129115
 1448.000000	15.5969725522360498	117.6916530462440846
 1449.000000	18.1082630494034120	76.2329881304055306
 1450.000000	18.3850334291678337	40.0673613636099333
 1451.000000	18.5983791423334139	92.8177698126027337
 1452.000000	20.5058148279628689	129.4247107926986473
 1453.000000	19.7158423161552072	83.0000471654252152
 1454.000000	17.4772688734577635	109.3151406525233540
 1455.000000	13.8808008133948775	25.1083559673056698
 1456.000000	12.1998840808861733	26.1101258067862716
 1457.000000	16.3309041196899010	114.0629067043844316
 1458.000000	12.3161665884685245	38.5748401920263575
 1459.000000	21.3921823229603874	72.3336739134540636
 1460.000000	19.9595533026723437	104.0988382417825875
 1461.000000	17.8500940835328947	80.8886424865413147
 1462.000000	12.8379855186478515	57.4943727482528146
 1463.000000	15.2483040231833247	83.8016522831606068
 1464.000000	15.6772760829278059	88.3681963236714978
 1465.000000	17.8131862509375729	125.0267766656104982
 1466.000000	13.4719152306927352	69.3062265636115598
 1467.000000	13.0308654753809794	94.6099863504736902
 1468.000000	14.2693993094110088	61.9234564418414521
 1469.000000	14.1282244537727184	97.6279935536737895
 1470.000000	14.7361501171520857	97.4900926439324422
 1471.000000	16.8052551807272899	78.1056985697790509
 1472.000000	15.6261434875895020	102.6285910861817712
 1473.000000	12.1994925455984742	122.0919133493516711
 1474.000000	14.3737509916668706	92.7816496940945115
 1475.000000	16.3969839444182988	96.6380255226733453
 1476.000000	11.4105472397997509	165.9034531029361403
 1477.000000	10.7338352499367016	97.2631862944321171
 1478.000000	14.7680691221765539	92.3328150227268480
 1479.000000	11.6473839498991651	46.9895380067275426
 1480.000000	13.9509348647873264	143.5785251606400266
 1481.000000	18.9926955843301961	59.3273698408497552
 1482.000000	16.7607779477214542	113.4597212756570599
 1483.000000	16.3350049073663719	154.4655962927063797
 1484.000000	18.3462574943070464	73.2005635605499947
 1485.000000	22.0528163155054493	57.5836110329662603
 1486.000000	17.8315635055838975	103.9925653685807418
 1487.000000	14.9895854607210790	91.1785897088859087
 1488.000000	18.7466159614530667	117.9020732590932852
 1489.000000	14.6486525537243004	106.2312158392338830
 1490.000000	6.6914048412347320	69.8318392302377191
 1491.000000	15.4221087429698702	51.6620588587555289
 1492.000000	15.8730437992951536	85.2662292154257671
 1493.000000	8.1051159326059281	43.4782148733769134
 1494.000000	18.3482931668567772	116.8418039561052524
 1495.000000	14.6028908950593657	141.7220521503382997
 1496.000000	14.2143317667824380	83.2686340907252145
 1497.000000	11.9756875499482565	157.7767323719090200
 1498.000000	13.2276397188653085	89.6930590442864428
 1499.000000	16.7574790991533256	118.0881327906701301
