 0.000000	7.2504701215459351	150.8240169999656928
 1.000000	6.6372597782668299	22.9131839576054404
 2.000000	5.5330847857421235	80.9556640921403101
 3.000000	7.7942817105105258	105.1936705306331135
 4.000000	7.8637448877496503	56.6981774441675697
 5.000000	8.6289989382395156	124.4245182972414909
 6.000000	9.7871147659219737	135.8570921078717504
 7.000000	9.2022411779784949	27.6294704882327835
 8.000000	3.9866671200948760	58.4828664891663408
 9.000000	3.6840098978213409	80.5201116904710830
 10.000000	8.0357867441805979	25.6852466590437700
 11.000000	6.5412408813544358	51.8221837106057706
 12.000000	3.6435156606875299	88.7715398971202916
 13.000000	3.9175545344888576	96.3152679080891687
 14.000000	3.7804835604444982	84.7605375479948719
 15.000000	6.4361628514548919	160.8946399321407341
 16.000000	3.7519870716061501	72.9103830504466401
 17.000000	4.5103008862421943	84.2174989127462936
 18.000000	4.0525607225967697	108.9393750163898318
 19.000000	5.8563725187846636	102.6686615804974991
 20.000000	4.7141313832734353	97.1858526407970089
 21.000000	3.7531468996095976	129.6272214092514901
 22.000000	5.0765174134761812	43.0125622110467702
 23.000000	5.7838646882833880	54.5702382064660725
 24.000000	6.1028102037923064	36.2825992580723380
 25.000000	4.4953251876366194	108.1816374834572514
 26.000000	6.9340019519706875	83.8645156150131612
 27.000000	6.9779157865920363	58.8747470994653099
 28.000000	7.8771938777955111	130.9989119025279365
 29.000000	7.7037954779720561	69.3201376532965554
 30.000000	6.7784511288055151	149.9619123900671127
 31.000000	6.5631761791657972	40.7773440138453509
 32.000000	7.1244012975899089	79.5086506330076759
 33.000000	8.1065510990812104	70.6862741709657314
 34.000000	7.7324837936737101	102.0789447975915607
 35.000000	8.5939445381590875	26.0416579891469837
 36.000000	6.7439660399659545	62.9061568201595520
 37.000000	10.4165883429562989	23.6768107883301582
 38.000000	7.8901825041201699	67.6468414052742730
 39.000000	8.7808401760509103	63.3367162094221641
 40.000000	9.0822749596741623	19.8195314317482314
 41.000000	8.5077800575841511	31.7709123549774120
 42.000000	9.4016441575836609	91.1541660374276148
 43.000000	6.0829315036919143	70.8419447120536745
 44.000000	5.3490195678159163	67.9722601038689902
 45.000000	5.3726659715336993	52.5708583870964787
 46.000000	4.5634752505522975	69.8613812424144385
 47.000000	8.3531416929975109	145.4279863810731683
 48.000000	7.8017145733644506	44.8356532473253253
 49.000000	8.6409115319043792	81.4945556532481703
 50.000000	6.9754991846835930	58.8528920619952629
 51.000000	8.3511096642428164	31.5563210067426496
 52.000000	9.6626792936550370	121.7271164929056795
 53.000000	8.3571438721663203	141.0699920222116930
 54.000000	10.3466726295833382	122.0234324415941387
 55.000000	10.4759196098699139	150.3195890481119363
 56.000000	9.0773887353479257	121.7770561481864178
 57.000000	9.1341315613811052	98.6755101435073243
 58.000000	8.4366991077984217	70.3513293486872584
 59.000000	8.0673148500197396	67.6478762543008401
 60.000000	8.3003368666106390	85.1573948646195049
 61.000000	6.8917189607569966	87.6026919211431050
 62.000000	9.4053494008237362	132.1876193475151524
 63.000000	3.8380764626008839	101.4418302348312722
 64.000000	9.3321670955386953	147.5310558612179079
 65.000000	8.0725579967464718	92.2890004127189769
 66.000000	11.3609674019283329	133.7353816404759641
 67.000000	9.5959429049475151	90.3949273382778102
 68.000000	10.7884295257351948	140.8051790988488392
 69.000000	8.1624871785867583	88.0537655841532825
 70.000000	10.3604928724463008	102.7834974265139891
 71.000000	7.3930754744341165	70.4629092379670681
 72.000000	6.6299532785842423	108.6813942422888317
 73.000000	7.6949053441490767	53.5229975335720951
 74.000000	9.2885594075896698	132.3159214505140540
 75.000000	7.6451508235144106	79.9387664718193776
 76.000000	9.8232386168206354	122.6556859239118751
 77.000000	5.1387743526934191	87.2808822721542157
 78.000000	5.9894758480707582	95.1834152760668246
 79.000000	5.2220803440904078	71.4712549395273129
 80.000000	9.7814379384543830	149.9038317952232546
 81.000000	6.6806063619435703	46.8940525536461905
 82.000000	8.3723559858916889	56.4973549810658682
 83.000000	10.2340983457533650	128.6630721082688922
 84.000000	9.2967399561480502	24.2822229702676111
 85.000000	8.3232181471973092	39.2748405668436362
 86.000000	9.7294261595711227	155.5245979794955815
 87.000000	8.6992870463211958	144.3338069039592142
 88.000000	8.9009175083451471	70.8904756758095687
 89.000000	8.8879726692745038	72.2098894788984467
 90.000000	8.9439047426752509	133.9416763490960420
 91.000000	8.6539281874972680	113.2611102396827221
 92.000000	7.5705636965072669	47.4499688017505434
 93.000000	10.8990407135526386	57.0460320510835430
 94.000000	7.8850153237208707	26.3248189162046060
 95.000000	7.1785866260299045	64.6161564695880060
 96.000000	7.8520935335297013	49.3719905695146224
 97.000000	9.8751458939914230	118.3585381491031541
 98.000000	6.4481411550505365	84.0621078298999578
 99.000000	6.8909335350473384	89.4916840050235436
 100.000000	8.2266962519595559	41.2081203215127232
 101.000000	8.5614408734454166	67.3501674647172734
 102.000000	8.0126616891099509	44.7041243359354326
 103.000000	7.5448924857124426	46.9217741899225018
 104.000000	7.5926036609725793	158.8474489686149127
 105.000000	9.9448726584991043	146.5265433683978813
 106.000000	10.7809682384839540	139.2542910715777680
 107.000000	9.1717433760269831	58.4082607193847565
 108.000000	8.2678558641135105	68.4808088914108595
 109.000000	9.1839450809475291	85.8808582558806677
 110.000000	5.0240185110487987	62.9580472580834254
 111.000000	6.6877293420561772	43.7286208915780321
 112.000000	7.5930853481642506	45.3436540174446634
 113.000000	3.8133897949079536	69.1261874749430376
 114.000000	4.3112753255500103	85.7906962898080678
 115.000000	4.0876814667108174	141.4611839380735319
 116.000000	3.7907810119339200	84.2916533970066553
 117.000000	3.2733613290243606	147.9963058426675957
 118.000000	4.9948044491392807	106.3967609747399052
 119.000000	4.5711570999724742	93.5690254579090634
 120.000000	3.6749636335179767	93.2253596724537203
 121.000000	7.7123246603846605	66.2312615299887995
 122.000000	3.1921993769828063	96.1754430718102782
 123.000000	8.5181599460740589	82.6433789580519260
 124.000000	8.6675689344621087	112.1541980886511141
 125.000000	8.5945645939404471	144.3987686427726658
 126.000000	9.1519297639097612	40.5111095461959962
 127.000000	9.3926452590481322	71.9829835100384798
 128.000000	9.7487658005980027	35.8716029294236876
 129.000000	5.9605708904017227	85.7679584965125912
 130.000000	9.1005045641363278	33.4717217596304124
 131.000000	7.5599054565658470	63.0277146413222056
 132.000000	7.5546522979098656	35.4426158715102986
 133.000000	9.6721726678034106	94.3118442168987201
 134.000000	6.8328273833505682	66.9945510418987880
 135.000000	8.1358883759056653	89.5939553665308210
 136.000000	8.8032999241786261	101.7295661209088138
 137.000000	10.7324372409391398	147.6756644329744290
 138.000000	7.0607170321550541	138.7006757057408208
 139.000000	8.9414272410603619	159.6237952940815035
 140.000000	6.7395440807811084	77.7212857656445522
 141.000000	4.8508576877573288	74.5659883528026057
 142.000000	9.0294965322565854	158.9810696477333636
 143.000000	8.7624526814107426	73.1191250160413659
 144.000000	8.3926294457272768	56.8924072412303872
 145.000000	9.2573678828451538	45.9472125350123974
 146.000000	6.7578256492910702	84.8722492519349032
 147.000000	9.1177226658384374	90.5341583543441430
 148.000000	5.9583392463908087	52.5919490979507884
 149.000000	3.5239542340496994	141.6347724594533304
 150.000000	4.6728733893849963	65.7432513101214226
 151.000000	6.3688833496404715	145.9581756936985641
 152.000000	8.1207670892239232	66.2469779459358961
 153.000000	3.8488077499946400	82.2306625788846617
 154.000000	5.3639062234449284	65.7275371549216914
 155.000000	7.2788797454395846	29.1118974875506922
 156.000000	4.6461867705911830	57.4206930260550052
 157.000000	5.7103067058604013	76.3246955327169019
 158.000000	7.6175218206428701	166.3913232674906908
 159.000000	5.6090938293194750	61.3254355447188146
 160.000000	5.7902626981927492	59.2471288832489051
 161.000000	7.9157220087142663	80.5439700497620805
 162.000000	3.4232250509591160	99.2735080323017200
 163.000000	5.7560075331232818	12.8330051638156419
 164.000000	8.1026921702658008	51.6681168692585402
 165.000000	4.6237932311824768	79.1350473820179872
 166.000000	7.0239202020937661	44.9680160366271195
 167.000000	11.3995255585288984	110.4115636113318004
 168.000000	9.3620187082543556	32.8954748251451576
 169.000000	10.4433428561428148	36.2010492330559543
 170.000000	7.6236572241261760	20.7422482049957182
 171.000000	7.0524950839226364	32.2737959629422733
 172.000000	5.9228682192003275	37.3883980718812836
 173.000000	6.4115781394744298	21.6549580647017308
 174.000000	6.2406021933879243	32.3438313965861539
 175.000000	5.6861875836196285	124.5116145344897234
 176.000000	3.4077329319832850	44.2598600277925129
 177.000000	2.8726267243520525	45.4083269634151918
 178.000000	4.0307879994465523	90.2169599208523181
 179.000000	4.4495111698052412	52.4045409190524794
 180.000000	6.0819760012032305	27.7436380272490908
 181.000000	6.1320081244633595	35.5328490631469549
 182.000000	8.0401806079491465	69.0060927440925269
 183.000000	8.9626754349249200	151.3682009377287443
 184.000000	3.0728156507286712	73.3708518456208907
 185.000000	3.2703575975522807	92.0809789754142400
 186.000000	6.7435501919553040	37.2924966424388344
 187.000000	6.8594371636560920	31.3255776097929299
 188.000000	5.0416129066967033	70.0245244151890915
 189.000000	8.3587271032351040	154.1437128360850863
 190.000000	7.7334627757280474	53.3308027279699957
 191.000000	10.0015088591827510	78.0147148468083458
 192.000000	4.8733129772795420	88.8164717990090367
 193.000000	5.2196078568643616	78.4847547029028334
 194.000000	7.0737971609925134	68.5169191950277252
 195.000000	5.9906797302358967	44.3925125500644526
 196.000000	4.5424214368597440	25.6546845589148802
 197.000000	4.8815194161914555	79.9749400830960440
 198.000000	5.2831762041486137	70.0560380852322311
 199.000000	4.2487955259685481	61.4012445900087016
 200.000000	6.7610495509612472	30.1654152594138623
 201.000000	6.2775301290326899	36.4903152195216762
 202.000000	9.4733294074706951	138.2861885571595053
 203.000000	6.1630420227635261	74.0386394039834244
 204.000000	7.5642460330199919	135.3954740613399110
 205.000000	4.6939991094600719	54.9473487610148510
 206.000000	6.3713611912447128	35.4975661701589047
 207.000000	4.7987582323729407	76.9888606265459430
 208.000000	3.5383898467483803	73.0067101486462633
 209.000000	5.0382587725874135	61.3587947343814619
 210.000000	6.3084041168207365	90.8151939312631384
 211.000000	3.9714206287249185	121.3991104959351475
 212.000000	4.9794984231184491	63.8616285435622189
 213.000000	7.6069395642858897	53.4095486321748467
 214.000000	7.4925517451944303	85.2363146597533614
 215.000000	9.5065139426327860	92.0635208607100850
 216.000000	6.2526300402951147	81.3935360835020987
 217.000000	8.7515103052990622	46.8185563562546463
 218.000000	8.2463165515295049	32.1160990045783308
 219.000000	9.0356637643086639	83.6136710278103124
 220.000000	4.8610837009842580	58.1529703968811305
 221.000000	6.3488883763403106	159.1241280018107602
 222.000000	6.3984982433983495	171.0685657909108954
 223.000000	9.8528243336448718	152.0847374507871734
 224.000000	11.2799169101885290	102.0062449167366765
 225.000000	10.9254584010062246	104.1432843900721963
 226.000000	10.2177234652159363	133.9155609499720470
 227.000000	8.1792475518380847	67.8173779958616194
 228.000000	6.8204279379225214	95.3037236391664493
 229.000000	8.4869725169859205	62.5058385438494923
 230.000000	10.7820105000428619	21.6677732299681907
 231.000000	10.9997527700223685	37.6363039227181844
 232.000000	10.8526447388446012	122.3236357816495570
 233.000000	8.2263914811844412	58.7947148109857238
 234.000000	9.8595000982407566	94.7470052327959849
 235.000000	5.7003842299087903	107.0759940333813205
 236.000000	7.7004908492522022	156.7821078240891097
 237.000000	9.2174501996566338	79.8611599381505357
 238.000000	10.1370752804051634	132.6515546776716405
 239.000000	5.3426644006361581	59.8584463637795920
 240.000000	8.0798193073554536	146.5232376693472247
 241.000000	3.6720381673597653	69.7666175479307071
 242.000000	3.8458953290591005	78.1829346107380303
 243.000000	9.0348961676479558	121.2470513713478510
 244.000000	9.0472484329310205	159.7372907419954231
 245.000000	9.6756757717091570	145.6371329991990535
 246.000000	6.8370523413587767	77.4209853357078543
 247.000000	7.7257413542834739	142.4946535126021843
 248.000000	8.0421734472212787	152.2445045252702585
 249.000000	10.5143980626595663	121.3274787887058892
 250.000000	10.5857563254941258	124.5688879587524127
 251.000000	8.8950283125172582	85.9948617428431987
 252.000000	7.3596606149278845	62.6730266499643847
 253.000000	7.9738877562749995	51.6628710447746755
 254.000000	7.0310214016813299	51.5794942702214598
 255.000000	8.4345678337761392	110.8561966525222715
 256.000000	8.6874820587926518	74.9069285306063080
 257.000000	9.2173658640496861	136.5626740328229403
 258.000000	5.0358717324763580	64.6277991343069829
 259.000000	10.8456788264763269	134.7802749998660943
 260.000000	10.1116994796563944	114.3281393773105492
 261.000000	9.4368765624054980	104.1144110016835640
 262.000000	3.1143099615535887	47.2835265372986555
 263.000000	9.1805854173553811	147.7323414738006306
 264.000000	6.2819683710091034	66.9403272787621688
 265.000000	10.4039139336867024	124.7843706531743635
 266.000000	4.4658224601049019	91.7043801185106560
 267.000000	4.9512919706310621	109.6872430128655793
 268.000000	5.4164933893839313	87.6034946384130393
 269.000000	7.4443322077052363	58.4428266459332377
 270.000000	7.1885315836444201	75.7980579407075652
 271.000000	5.8130225499608290	70.7648387924308508
 272.000000	9.8289082218651647	115.4151621457869652
 273.000000	9.4431109586628708	143.1826631672633710
 274.000000	9.1055593593971462	44.4803895885751217
 275.000000	8.5177500517532607	84.1358102018650413
 276.000000	9.2957676133103302	114.1899443425715077
 277.000000	5.1431861747988936	59.9645422550814118
 278.000000	4.7233299172888632	99.4170675741792422
 279.000000	5.8176517184998406	152.2903236656826778
 280.000000	4.2105273671948815	96.0724461892244364
 281.000000	4.3693974405233371	79.1012177780780377
 282.000000	3.2681091987529682	103.6191162752135284
 283.000000	3.1898098858769144	72.1481991856584699
 284.000000	3.1714735924621085	93.2716497403398108
 285.000000	6.4401839162288441	153.2351145327231450
 286.000000	6.9270051973771887	141.3905547611596489
 287.000000	4.4598183809257446	76.3678643408037914
 288.000000	4.2478924087304240	50.0711395791807092
 289.000000	9.4950638276301458	153.8890969348250337
 290.000000	7.3967687149700438	27.8642401194481977
 291.000000	6.7640775424140873	151.9147633730658242
 292.000000	6.5294991041970238	154.3609456815976557
 293.000000	8.7996348745248820	121.9148338221003200
 294.000000	5.8222580599252325	42.2251215792657035
 295.000000	7.9889107046702943	71.8897451509144503
 296.000000	7.6301101390098438	136.9557713419919196
 297.000000	7.6769174366195534	131.4966582894417115
 298.000000	5.5324558960893979	37.8364871892173937
 299.000000	4.8177640008651901	77.9917252148204483
 300.000000	6.4400657279304978	143.9879682716301659
 301.000000	5.3558408846299379	49.5084576098613240
 302.000000	7.3524139951663203	107.5296209673177685
 303.000000	5.9681025660909599	36.6401301652382188
 304.000000	7.0754102139619741	162.9839241437800865
 305.000000	7.3833777236586187	128.9921693833610448
 306.000000	4.0610070773508555	50.9286539152910507
 307.000000	7.5460138389448801	121.2520593279479328
 308.000000	5.0311378935568074	47.4134071954260037
 309.000000	3.0371217473113146	129.6506534958108148
 310.000000	2.8333882415690574	30.3095039385179916
 311.000000	4.0371497557360110	125.3587777637832517
 312.000000	3.6299160426389192	75.9140127800059048
 313.000000	5.3690307137678479	136.7394577657613013
 314.000000	4.9137582961615012	41.5107751548889610
 315.000000	5.6652789823455993	52.3864357021675886
 316.000000	8.1698507827568232	121.5966138297766292
 317.000000	8.2246670770462611	16.8230973027622781
 318.000000	5.5322793959353795	56.1584118157976349
 319.000000	10.4155921402667584	160.0951988715508776
 320.000000	8.5221262301799126	77.4533775454639652
 321.000000	8.0498114168901900	91.6392396674342251
 322.000000	9.3126584959996155	135.7018071390181717
 323.000000	6.3801293970361366	142.6764485397226565
 324.000000	6.5880281472167823	113.9388870096665300
 325.000000	7.7917213220735073	150.9559953996333661
 326.000000	7.2822922531855143	69.4488501070267148
 327.000000	5.6658853576399606	120.8451349391689860
 328.000000	3.6304517819928246	99.0485814969338492
 329.000000	4.9369072422834037	92.1168443823915055
 330.000000	7.2820704152575884	37.2112261162911011
 331.000000	8.9073223283667886	65.6834294333733624
 332.000000	8.3841754558908459	130.5431685815244407
 333.000000	11.0573311662851275	122.1744972567879017
 334.000000	9.9566977389845253	111.1128736363025666
 335.000000	6.2541831978890015	84.2382728838447719
 336.000000	9.0161833095844699	102.4947244324242774
 337.000000	5.9127442762679703	106.0260135808330944
 338.000000	6.6353835689164882	112.4007972314080916
 339.000000	9.5548120272791817	119.6454717870408331
 340.000000	7.8636852085464364	134.7458121799832611
 341.000000	9.9818853001760974	131.3346491202068478
 342.000000	9.2945362737254875	135.1127844910349438
 343.000000	6.5917444764279916	144.6073683619865733
 344.000000	5.5176540583425160	120.0823243521608674
 345.000000	4.4689812739747783	95.0599564277037956
 346.000000	8.0086153015523536	115.3661354117512303
 347.000000	6.9458069821962862	133.6536332651670307
 348.000000	5.5053754680687135	92.3341913076721994
 349.000000	6.7609427266970981	107.1913853532290943
 350.000000	6.6900958139832545	108.2895194029667323
 351.000000	5.3992636965311256	151.8398234707689198
 352.000000	5.0710114906864732	164.9148982287332501
 353.000000	4.2483602999657357	108.9931933715874663
 354.000000	6.2768018751743808	58.1036505916320323
 355.000000	6.6817141415683530	96.1834077194948662
 356.000000	7.0667775773906953	129.8230418339527148
 357.000000	8.4616293714713180	141.9352914273795818
 358.000000	9.3533267199543424	112.6970157309497012
 359.000000	6.7927806172918892	112.3576306724502416
 360.000000	5.9075444846477172	97.8345029650861164
 361.000000	5.1839390032921200	117.0079992099620085
 362.000000	7.4613457422455731	99.7223524334664404
 363.000000	8.5113660421263067	90.7846454109064211
 364.000000	10.8479204568041165	98.2724588299451938
 365.000000	3.9303124197945620	112.0391756943269996
 366.000000	4.7466861119253778	77.7719252776382461
 367.000000	6.4803814230979597	107.2697146463305131
 368.000000	6.9712351911331529	104.1969696471827262
 369.000000	6.0672622424380105	93.8577019225451323
 370.000000	4.3730824941860984	109.2993196354376835
 371.000000	3.0699699300645431	133.7469119563567688
 372.000000	4.9669707722911429	157.7632051985630426
 373.000000	6.6168719387982602	123.6823837113641389
 374.000000	8.1284175347083529	115.4014220523704353
 375.000000	3.2406845802815272	128.2803630270010444
 376.000000	3.9539405491117066	99.1526367569858564
 377.000000	5.5571773909290370	125.0612471923363387
 378.000000	7.8291378436271062	130.6681009525714785
 379.000000	6.6572836710474048	125.9630182161145768
 380.000000	7.3010825725042059	128.2029119994196549
 381.000000	8.4179467186938037	124.1900437682766238
 382.000000	5.3797173803227567	72.6385550352838436
 383.000000	3.7193075749303413	137.9445481269643210
 384.000000	4.7085515329276681	77.7849815816691716
 385.000000	4.3448055640026384	87.1368722462390792
 386.000000	6.7194232957043427	105.5221808655087870
 387.000000	4.5796496609974620	58.3627910105919057
 388.000000	3.4421101612296137	138.1310237841288995
 389.000000	5.5394919160944003	152.4171686527579368
 390.000000	4.3791477147928344	102.2649271073913013
 391.000000	7.6196001695659419	98.9742371991613226
 392.000000	4.7547509618105632	154.4165610445322443
 393.000000	3.8187638705107592	129.7658587271013175
 394.000000	8.4019038881816570	110.0528429723100885
 395.000000	5.1136289902886096	77.0646928734849013
 396.000000	5.3067784507509845	117.8411801667586047
 397.000000	4.8444992546271362	110.1929096783972142
 398.000000	5.7990579388431200	90.1890318843150425
 399.000000	4.7810746060088229	105.8336493411459855
 400.000000	5.1366067855537878	96.2227753932806849
 401.000000	6.2337070931561138	158.9535713527648966
 402.000000	5.8024778480992856	98.6050161030726997
 403.000000	5.0926782177562027	93.3645194389402491
 404.000000	4.9371265852987518	125.4986296530854872
 405.000000	7.4139068731556126	105.2509036834601943
 406.000000	10.1661693939319235	143.5083021129427436
 407.000000	5.4913216570173704	91.9949954364946763
 408.000000	5.7156901293970810	75.6103261328061365
 409.000000	4.5140867430056089	76.5788678001350434
 410.000000	5.7106183948365103	83.1887049900435613
 411.000000	5.0601456808323642	64.1735166647387985
 412.000000	5.7832528043109921	69.6935196882073740
 413.000000	9.3308257300933981	83.0431307324428900
 414.000000	11.1417179465610463	140.3874162586721468
 415.000000	9.7917032286832519	81.5350510677284461
 416.000000	8.2128125806293113	120.9920679573675528
 417.000000	9.5596007725393370	114.9805857317920186
 418.000000	7.4732604204825348	97.1997297624384942
 419.000000	8.4571988100410600	100.1962729322577133
 420.000000	10.1407271757891415	99.8331864030351852
 421.000000	5.4582803542994309	68.7823985988136570
 422.000000	7.9186325646965985	100.4114868769100042
 423.000000	7.0575855599405317	95.3072033102964724
 424.000000	8.9945798312024596	92.7581426662722066
 425.000000	10.8048709000084919	110.4549301356255882
 426.000000	8.1195449540352183	81.6921809804403978
 427.000000	9.1681019219496260	109.2227221393572449
 428.000000	8.5870600976443665	82.0202732675543444
 429.000000	5.0111265902270938	95.9276223176946132
 430.000000	5.0827881402950768	82.4565117485740018
 431.000000	8.0412972007967305	73.2503305930508191
 432.000000	5.7657835253046299	67.8092448110493677
 433.000000	7.3263163674149743	99.1031569257359308
 434.000000	9.3971192842046349	117.8290283394744336
 435.000000	9.7276937898487166	88.3343477844782967
 436.000000	8.2158683782460322	98.6680313814723036
 437.000000	8.3245451888568542	95.5384308791147276
 438.000000	7.5374914454151254	92.2212584336669892
 439.000000	8.0160629061442208	88.2528661989303345
 440.000000	11.0272033301693835	129.7433815227476259
 441.000000	6.5821222527976788	105.1642140026641670
 442.000000	9.6569005003245376	84.8194140066534032
 443.000000	9.5990693103477351	109.2126723185569546
 444.000000	9.3597707965649182	131.7495563921584107
 445.000000	3.7974447179650488	81.2038235015128151
 446.000000	4.7209614608862047	68.8699554470360056
 447.000000	10.3280051177429772	105.1786846307965106
 448.000000	6.6582925148759529	99.2441438671755520
 449.000000	6.5585180431009000	79.1518225459012541
 450.000000	4.2615249291617197	60.6847134204284373
 451.000000	5.0930252615260700	90.0135171981993807
 452.000000	5.2915773140464246	122.1480432480059477
 453.000000	6.3491651547072001	140.3696527544211392
 454.000000	7.2002670268997466	95.5471054101257522
 455.000000	9.5187862801974070	111.1109002502810768
 456.000000	3.9546224237168315	87.7868679051509844
 457.000000	6.4247285006137460	98.8150182846891028
 458.000000	6.2713725095712860	109.2674997896922235
 459.000000	7.6975350998679666	88.8436453867770553
 460.000000	4.6725826680730975	97.4127242810351959
 461.000000	3.6642660542105401	73.0785536096046826
 462.000000	4.4561333115885846	79.0208301215636340
 463.000000	4.1058231228943898	60.6867452270846286
 464.000000	7.7652904869660739	106.9478677500429029
 465.000000	4.6071904270751816	72.6074409436931774
 466.000000	3.5177807058796073	87.1877696759674876
 467.000000	4.4952072143157160	68.1221935077530105
 468.000000	7.6350021511473685	148.0195692517956729
 469.000000	4.9865571937050923	111.5834461400151696
 470.000000	6.4941997392513251	89.6280957411580914
 471.000000	11.0703048965453181	136.8974453035909846
 472.000000	6.7382179127186257	165.5108882307654881
 473.000000	7.1323687732858145	129.6586454672297180
 474.000000	5.4098363635895064	139.8458069410051792
 475.000000	9.3368645546097859	131.6610986037451880
 476.000000	7.1000772756596628	87.0944637023281274
 477.000000	8.9368122195415527	78.5490716873468244
 478.000000	8.2284265486242667	95.1674193973085920
 479.000000	6.9203551508813597	91.0399726569172714
 480.000000	10.0796435527768544	98.4324968594948189
 481.000000	6.6038613922371114	112.1334246034933955
 482.000000	9.6186425477179363	141.9304085900743360
 483.000000	6.5475450828876429	95.9086393231004450
 484.000000	6.8428611149584562	97.3320022384203014
 485.000000	8.1777979289442317	114.5971245042069455
 486.000000	8.4409374139725593	87.9434914305405755
 487.000000	9.3999169669700571	95.0810929800488935
 488.000000	9.6433804405865722	128.5012366437784408
 489.000000	9.0531040027305405	96.8545095405278573
 490.000000	4.6601023971631710	67.6441647869934570
 491.000000	8.2145603132012806	104.6045842541766859
 492.000000	3.9967605764206011	90.1410150721703474
 493.000000	7.7911919178602318	150.3849218557105019
 494.000000	7.5765835923325744	145.0776087793088607
 495.000000	3.8681724576183250	109.4416386671397845
 496.000000	3.2609963847745531	73.3888540396158646
 497.000000	4.4501467943199433	96.3306584340137846
 498.000000	4.4733954103786537	89.8372059754082102
 499.000000	4.5406073242759382	64.6610973105623685
 500.000000	3.4004333931028441	82.6426294207488894
 501.000000	5.1533091101840984	98.4865406446035223
 502.000000	3.5663993845669508	94.5318949523407497
 503.000000	4.0976983020197153	90.3235026262853040
 504.000000	5.6924698796580335	134.0550352874112718
 505.000000	4.6419163586175358	106.2202909093620207
 506.000000	4.8565182915995342	127.0456280342863806
 507.000000	7.1090166170754232	99.0523113066060148
 508.000000	3.2012281870071413	123.0022314096522678
 509.000000	3.0519852729215025	121.6815944304586594
 510.000000	3.2552950853322100	94.6194505498015275
 511.000000	4.5871808988554497	79.6520693326896065
 512.000000	3.2042662600189100	24.1356923608817056
 513.000000	4.6445578182248415	74.6523307172231512
 514.000000	4.4435529896222938	54.4456801812830093
 515.000000	4.3099668425480093	77.5607160401283977
 516.000000	6.0717197341854829	66.4755937282421598
 517.000000	5.9846500076555378	52.2463459265073737
 518.000000	9.6630312550329300	166.4980415298729213
 519.000000	9.4370300946635624	100.3941875280844016
 520.000000	9.7937850126399386	135.3261260449709198
 521.000000	5.1195761576768071	65.1276451240093621
 522.000000	7.6990298073640169	85.1995134564494521
 523.000000	6.1074461306186718	87.9784696081345459
 524.000000	9.6620945651578758	95.6310635547059320
 525.000000	8.1689806619024488	78.5336567873977742
 526.000000	10.2296585571447061	80.3578356768551743
 527.000000	8.9830519827685471	99.1014304695442121
 528.000000	10.1485207177747032	113.3003702912532589
 529.000000	8.5412055506985105	116.3517779808621384
 530.000000	9.1316470283900060	99.1936077190863159
 531.000000	4.0386527373648713	94.4982949064935553
 532.000000	5.9246276973793570	138.2066610259997788
 533.000000	6.1023544073663283	136.8919055721923996
 534.000000	3.5545221655732342	140.9809666872859566
 535.000000	3.0951411817557739	105.3306633572799456
 536.000000	3.4370118251226751	104.7288429518904138
 537.000000	5.1297651511765539	110.5196448230572628
 538.000000	6.3075430073998220	140.3322710958607900
 539.000000	5.9144982152499868	68.0631724097389110
 540.000000	3.3540154608668602	122.4189561096004866
 541.000000	5.2650900914078660	89.0214344716923875
 542.000000	8.5067075249295883	138.8774283999671297
 543.000000	7.0993782107733345	77.5411571278672369
 544.000000	4.3989852581046316	92.7202262717902101
 545.000000	4.4433978344804714	70.3637236019998227
 546.000000	5.7374621902986620	148.4353835714043726
 547.000000	4.9693281519555468	150.0822845607789304
 548.000000	3.1518329059109638	64.5563785016746436
 549.000000	4.2590869665271711	103.1343931515696823
 550.000000	5.8900605441393585	136.0761264632957932
 551.000000	7.5323021597607456	90.8040831645023019
 552.000000	5.7264906413423793	91.2490097652618459
 553.000000	6.2308059231145485	91.5854745472893796
 554.000000	7.6251838710196695	130.8389070862054098
 555.000000	5.7264938189691854	104.1353210830806972
 556.000000	5.4787231436635624	89.0513803697103867
 557.000000	5.9249533020885154	95.9312350662116842
 558.000000	5.3466966935442812	119.0919146169272409
 559.000000	8.4481540063011700	108.9767917545637346
 560.000000	6.6600194118867835	107.1101973991403469
 561.000000	6.8112253830333067	85.5369684271371256
 562.000000	6.6887190691785090	118.2203437065300307
 563.000000	7.0245756597433928	80.7028303188057805
 564.000000	7.1889756878918467	88.5798678195924793
 565.000000	3.8554619750974144	53.0176601993866825
 566.000000	7.7377623005761782	103.0086810163691950
 567.000000	8.1180040158988405	46.9772286603203497
 568.000000	9.0081854808572857	76.5761420144699514
 569.000000	8.9588604321688230	150.6491806273321004
 570.000000	5.4274362277086761	68.7705022424850796
 571.000000	7.5279639934752005	129.2121321259133992
 572.000000	2.8530908769091057	22.1402007138482588
 573.000000	3.6122413068035830	97.9371600988961291
 574.000000	3.4155758042346331	99.2892785446189805
 575.000000	5.7362584176508955	93.2320437296455538
 576.000000	5.1663750351241040	54.1747375055048082
 577.000000	6.0234333475069208	78.4665590595424618
 578.000000	8.1847460987852116	145.2069334866338295
 579.000000	4.7178716016600664	73.2618214420620859
 580.000000	8.2162393153119631	55.4486983815282031
 581.000000	7.1949675466487877	19.2560378195756812
 582.000000	7.2375296406378276	29.9857802409493672
 583.000000	6.4768535794294682	55.9388544213362309
 584.000000	8.2180395292967763	80.7541085071493683
 585.000000	6.7993755429878027	98.7640418478559212
 586.000000	6.4237928095215562	124.9237104148023008
 587.000000	6.1049993151456849	50.7996329760750598
 588.000000	5.7511605260969976	74.4086935370138036
 589.000000	4.7722340301046513	88.7919057634256603
 590.000000	7.7277679258237280	134.1067869800019707
 591.000000	5.0933052764007423	69.2597138461866706
 592.000000	7.4196003121925473	81.7698107482744661
 593.000000	6.3131380267130721	118.1384405283872638
 594.000000	5.1878478478063492	63.1982637742243014
 595.000000	6.2026160631234459	16.8564329655584686
 596.000000	4.8704857949450382	75.4453602905903011
 597.000000	7.0130520001266934	74.9486145833954822
 598.000000	4.0246672685351745	130.9267378191419482
 599.000000	3.7295922549855098	59.4305426662230474
 600.000000	3.9177265042632894	71.3532230685726887
 601.000000	7.7860492158335033	127.5840229495176175
 602.000000	6.9641107426997513	99.0197637078173472
 603.000000	4.3140347465817257	88.1671023708012029
 604.000000	7.8538303650150469	18.0718819636613546
 605.000000	6.3011843805336545	19.0847514429464411
 606.000000	5.6894886952448633	47.9547445819421227
 607.000000	4.6776825976315308	64.2706216436674822
 608.000000	5.5623634773641761	22.4279162309024116
 609.000000	6.0805787478310691	56.0507326223091269
 610.000000	4.7584957089500728	35.4119259988508475
 611.000000	4.6297453397728798	38.8178451458653626
 612.000000	4.9223363916878817	34.2108195548694312
 613.000000	7.9662438880706157	129.3773379372794352
 614.000000	6.8049738726293318	43.8940605831796518
 615.000000	9.3498737518268769	18.1462697645678759
 616.000000	7.9975934413175347	68.4500072673521487
 617.000000	5.8771057884768325	68.1876419871268240
 618.000000	4.1492199285247384	76.9973257406000613
 619.000000	3.7686089047325599	101.9545833257184597
 620.000000	4.7561835303236144	56.5404322449126084
 621.000000	3.6259986850348387	77.9757618842029245
 622.000000	4.4093825358222842	96.5361863172383607
 623.000000	4.0811771080452628	75.6527741537368996
 624.000000	3.9546656817242267	100.4926035393941390
 625.000000	7.6611391950514554	55.6418310968861505
 626.000000	5.4655336303605830	58.9095674270221821
 627.000000	5.5066984275865414	72.8727634160824636
 628.000000	7.1266227561337416	123.4709984436365886
 629.000000	8.4257948024484062	62.7782926088312507
 630.000000	10.6666109870312074	103.2709974369964101
 631.000000	7.4887474944132899	84.4623754653292025
 632.000000	7.7904902891638148	89.7268940707386804
 633.000000	8.9297212454818684	141.4507148816476274
 634.000000	6.6457231823264680	63.3893990687496682
 635.000000	7.4643097939037482	69.1263347542203661
 636.000000	8.1008404447613618	106.8925140293920748
 637.000000	4.4152435338409157	61.1761705749195670
 638.000000	6.7279154855522627	148.0785638533845940
 639.000000	7.1891359508059400	159.6254277021842540
 640.000000	8.3424891343626761	130.4763640381310381
 641.000000	7.2615957301074525	125.1623204093282453
 642.000000	4.6342683689592272	86.2159605845875632
 643.000000	8.4794513151288591	104.6390438765764230
 644.000000	7.7700661092411458	127.5220102695882645
 645.000000	4.7773665837151906	89.3725298034047597
 646.000000	4.7346609597911984	64.9284822599057065
 647.000000	5.2350830989876140	44.5144385708643142
 648.000000	5.2531681073675545	112.9789500858273357
 649.000000	5.7158859602556991	95.1167401484729140
 650.000000	5.7383981607410375	43.8543946685940682
 651.000000	4.3620537135613340	52.2489347136261557
 652.000000	3.3653197673277684	66.7552626395162179
 653.000000	5.3971237217830561	69.4603448877271319
 654.000000	5.6947293715932403	65.8925184635755130
 655.000000	6.2777174248391407	54.1903614729940983
 656.000000	5.2697498273531140	31.0014916822850068
 657.000000	5.4507896062821786	83.1083815183477128
 658.000000	5.5352616583212901	66.8009083005665047
 659.000000	8.4723526377025298	66.9519408093072315
 660.000000	7.6615203716658042	13.5019152842964445
 661.000000	6.5430078199287323	160.4815104345170198
 662.000000	7.2467472849035905	120.1342427182188715
 663.000000	10.1564486626065413	102.9954513300170902
 664.000000	7.7714019433707380	63.6594212168119924
 665.000000	8.8004702473440997	30.5056662814693880
 666.000000	5.4720202008538159	62.6257738278241618
 667.000000	7.3228130238605340	49.5194652560238353
 668.000000	6.8838937860963663	61.9833178917530319
 669.000000	9.5615888142454608	71.4628728448052044
 670.000000	7.8494826148251420	60.5032869676508511
 671.000000	7.5632264678464773	128.5076255315002811
 672.000000	9.8069482852277794	124.4056330105851345
 673.000000	7.9972869882632649	97.5089446414259271
 674.000000	7.0780784727159389	63.8650296876847818
 675.000000	8.7200700392484798	163.2218617518623489
 676.000000	6.2018318103672225	79.6898431573351047
 677.000000	2.9193124479286974	74.4855991198976284
 678.000000	5.2504374676886494	71.1921701570699241
 679.000000	7.1760115693555386	28.1994885834118065
 680.000000	8.1413565397974370	20.3972169862784369
 681.000000	6.2740221315158573	61.4617404550464670
 682.000000	5.1634324380933219	34.7093380015198534
 683.000000	4.6185187907932095	43.5150386797201350
 684.000000	7.3958469730164804	40.5170685207509678
 685.000000	7.2780544752066207	63.9833043144404456
 686.000000	11.0745687471405407	95.3268455064009288
 687.000000	8.1863507773982871	74.0338562277466821
 688.000000	7.4817707138599845	31.6245719906009697
 689.000000	6.1151828826755130	31.5106982295960734
 690.000000	7.8926055834406128	19.0675399463359270
 691.000000	8.9640064570199023	105.1503868127189776
 692.000000	7.3162394995953370	35.7232105291062396
 693.000000	8.5129792820643448	156.3696626814248418
 694.000000	7.3735715458802975	79.4380719011871150
 695.000000	5.8032107274616971	52.0398873087979013
 696.000000	8.9401885876206393	126.2699472912937892
 697.000000	5.9824040895972681	57.0623173352948783
 698.000000	4.9825613715571890	82.3687785913337933
 699.000000	6.9164912663815921	49.9510566081743832
 700.000000	6.8654535576718594	157.5803216210797473
 701.000000	4.7117491266479865	140.4204446105344459
 702.000000	4.2379533389486976	71.1465042887798376
 703.000000	4.5163143590569783	133.3696418537411432
 704.000000	4.9529377107922876	149.6771856116284027
 705.000000	8.0290597178371552	156.0196303056416980
 706.000000	4.5649471602116627	97.8377965398341729
 707.000000	4.2007555538224048	73.0111559090242679
 708.000000	5.6055233687464128	104.7973817247146116
 709.000000	4.0813029617221366	72.7316365102158358
 710.000000	2.9517805564987190	53.1366746858737429
 711.000000	5.4554849291803018	78.6008219236633607
 712.000000	6.5935067653439647	137.8395094734811437
 713.000000	5.5844943680260117	78.6547367601049956
 714.000000	4.6746376992281338	98.5324557335477493
 715.000000	6.9979314844919687	100.0736849141859324
 716.000000	7.5949955053121689	51.9632728764619571
 717.000000	6.7930151996086909	137.2948832540698163
 718.000000	7.5882509131918896	157.6672629199285893
 719.000000	7.8875014718738399	88.3105668567297784
 720.000000	4.2284577060787214	84.3185485418650273
 721.000000	4.9823133780273983	54.9037262860890252
 722.000000	4.6570693123483897	83.5038201669037221
 723.000000	5.9500907490827570	168.4703219588975003
 724.000000	9.2586280733479054	142.0599724141943625
 725.000000	3.7617344259908472	92.1459463022107599
 726.000000	9.3411099095331700	135.8409913825963429
 727.000000	9.8054116172899519	120.0045968218614689
 728.000000	7.2494453496540503	17.5347412663573436
 729.000000	5.6899111120664490	83.4899606483669885
 730.000000	3.5065427842976726	47.1662658247159072
 731.000000	5.2178342954204702	61.1928160981725853
 732.000000	6.2784505176959788	100.5885535103029156
 733.000000	6.0306721559172658	91.2815569526381267
 734.000000	6.1443199481038651	50.5084563014259800
 735.000000	6.6733501963531472	151.8483838174052494
 736.000000	7.1776226933811156	113.9194189007578046
 737.000000	6.5677574186762255	83.9931382754301836
 738.000000	5.2799204700108664	50.3293732693474851
 739.000000	4.2118971786619372	83.6822348644001437
 740.000000	5.1588243205895239	44.2667386538482788
 741.000000	5.5617991881295321	81.5715901090888735
 742.000000	7.8591265292012569	68.6379430876976926
 743.000000	7.2509601622175355	117.9560789058089796
 744.000000	6.0094081516101641	43.6096990844622781
 745.000000	7.4919300840968432	89.5093126061288729
 746.000000	7.0747746655834600	62.4997172378904082
 747.000000	5.5385970024564308	33.2597512888990252
 748.000000	5.8572545239387797	130.1589866816704841
 749.000000	5.4753739838603144	99.9114925914614957
 750.000000	3.4890876541078488	66.6168436371228410
 751.000000	6.5512715701846096	71.6770640694105623
 752.000000	4.4626417177070996	64.3548058388438022
 753.000000	5.7278621929009645	80.8693953510811951
 754.000000	8.3647107953839299	76.3528299424377082
 755.000000	4.7873683180903264	45.4610521790413600
 756.000000	5.4721079526911414	46.4749954038726401
 757.000000	7.6960594449618371	129.6457793869486750
 758.000000	5.0026440350535877	46.1752394059908227
 759.000000	6.6790659678334849	23.3568214571282908
 760.000000	5.0754051243478830	87.0180695934569286
 761.000000	5.8726733091840160	42.7160800097415176
 762.000000	7.5429643232930061	83.8099795930228169
 763.000000	3.7437700943786223	101.6084837336291145
 764.000000	6.4577731732702803	38.0683232372292935
 765.000000	5.9931690611436705	81.9012408872026185
 766.000000	5.8146492287971787	71.7009829561049088
 767.000000	5.7290555054914005	102.4560558519765863
 768.000000	9.0600146434119093	81.9234681834442853
 769.000000	7.3509729736469662	128.4924846743974456
 770.000000	6.7895895227579395	72.0550349963825880
 771.000000	4.8738774719247306	108.0214260318928297
 772.000000	4.7309573632806643	65.0670157436383647
 773.000000	6.0632720004131668	65.1756340748786869
 774.000000	5.4636925448122398	73.9344421499619813
 775.000000	5.1934575390946396	55.6008873595841493
 776.000000	7.6956571797779700	31.6196447944986119
 777.000000	6.3248024667067790	34.9796104265015799
 778.000000	9.6562521559327799	88.2630247342387833
 779.000000	6.7184122446077819	63.4146445729942201
 780.000000	5.6941091894000229	167.1616381931581827
 781.000000	4.8860652682940930	97.7551931260972253
 782.000000	3.9762638461438065	75.7245446981744976
 783.000000	8.4107641954546750	91.9152490964677327
 784.000000	6.4412010210183963	129.1042337080705806
 785.000000	4.9058355051950500	60.2781446881626977
 786.000000	5.8526036395944807	32.8131669630583360
 787.000000	4.5634696716823155	80.7199764898359433
 788.000000	6.3832487843976944	113.2864706081272317
 789.000000	4.1374557028125141	59.8660828104096794
 790.000000	6.7446372591552999	145.9770987413576790
 791.000000	7.0501221054389349	139.9262063190249705
 792.000000	5.1383412604003897	97.7907658531735677
 793.000000	4.5626253993037329	93.2509570197175321
 794.000000	4.9673489559349662	56.8267835608695009
 795.000000	4.9414102778602684	68.0743267374369907
 796.000000	3.1494088857099030	50.9562687748915266
 797.000000	7.8606319865891603	106.2215892293677513
 798.000000	6.1580650702457582	24.6079719350654500
 799.000000	4.5942155377520315	46.6533788117184542
 800.000000	7.0380634359766310	73.8246143845377532
 801.000000	5.5998366468705463	84.6208271636802607
 802.000000	6.7768255693532593	85.6653181505674155
 803.000000	4.7170934699342286	55.7136885642742925
 804.000000	5.8118459125138493	101.3172837843368939
 805.000000	4.2297543194580500	132.6031282741569726
 806.000000	4.9936076181380189	24.1858519352789187
 807.000000	6.6726981819101603	148.5314779794574065
 808.000000	5.2232213472924762	63.0610823713496274
 809.000000	5.5753885585117011	124.4399358178113175
 810.000000	4.9229963501624558	93.2415822187043801
 811.000000	4.5169868170853889	84.1076777541812959
 812.000000	6.0854757507007733	119.4387796340181751
 813.000000	4.7727733638205843	74.9095964363309577
 814.000000	5.6143021489121336	151.6775853087345922
 815.000000	6.7661316946364485	139.6252424827276286
 816.000000	3.5258297588531460	69.4913304738971931
 817.000000	6.6530400552342082	15.1953702693906791
 818.000000	5.3229638983820076	60.4152232993142917
 819.000000	3.7748214734767584	99.1319385254063974
 820.000000	8.2429269575278781	169.6527568303916098
 821.000000	3.5318735765894584	126.2198262082201552
 822.000000	4.9602687784176354	50.3324103590711331
 823.000000	5.0307765616445304	60.2167493506028109
 824.000000	7.3589193334427661	120.9471971981120078
 825.000000	4.9112055245485822	49.5182982841452599
 826.000000	6.8996135928220452	24.1991443599358149
 827.000000	8.8800988934940026	110.8882705840774037
 828.000000	6.9760637386254523	63.8942372062481354
 829.000000	6.5789796322661553	79.0298497208318764
 830.000000	6.7742398624587121	90.7910023220256761
 831.000000	5.2210456881166998	79.2490540981167157
 832.000000	10.7390828385119459	149.8972879459751368
 833.000000	7.8532351527779092	140.9931367004678293
 834.000000	11.2056999270520965	140.8848434085566623
 835.000000	9.1317159778360359	82.6397227443213467
 836.000000	11.7382059303173705	83.8370014870666438
 837.000000	9.2571617633752137	146.7370156797934158
 838.000000	10.4130729813557128	131.6020016620657316
 839.000000	5.5514561319712419	66.1552522645149992
 840.000000	8.7058197405036157	170.2716270991826377
 841.000000	8.3051474264452381	91.9657771448008958
 842.000000	8.3550276857131749	41.6939955704557121
 843.000000	6.5552302627681955	79.7492797683275256
 844.000000	8.0446367631494553	136.7447045737910685
 845.000000	9.0943839888801001	151.1580652544922430
 846.000000	7.2966057740838250	92.5810058278297845
 847.000000	8.8356148430033752	82.8241393123373655
 848.000000	6.5121970638093378	93.9982968540840318
 849.000000	7.5626287097350238	87.4901917363229416
 850.000000	5.6142403304902135	73.0506493187630497
 851.000000	8.3393169165564220	87.5854181727507921
 852.000000	6.2888719938342472	90.5804482355837166
 853.000000	6.7641458631635460	148.5859640812830662
 854.000000	5.5648495663490953	124.9889371454303557
 855.000000	4.5585542343896783	115.2724459169996862
 856.000000	8.4767119600102170	96.8963219716323749
 857.000000	9.0249157083947029	110.5182343442114643
 858.000000	5.3496880282303856	93.0037348962157608
 859.000000	5.0421966600987878	97.8713990076338689
 860.000000	7.9539262597937288	146.2134343399477530
 861.000000	8.2868382809555658	149.6467934458195259
 862.000000	6.1317517218323987	126.2766752858122317
 863.000000	8.6284575746165846	78.0108637943965988
 864.000000	6.9657696359871375	82.9479968767125087
 865.000000	6.5674599750304976	105.6722489405329668
 866.000000	7.2517136533749076	109.5610863272151789
 867.000000	7.1584064750832939	79.4686344305888781
 868.000000	7.0365174990314205	89.6806555160541023
 869.000000	9.1046252790408904	125.8519462837926284
 870.000000	4.5889227193335431	76.4075826701942447
 871.000000	6.3575349199656550	128.1909658567602435
 872.000000	5.3297609738824869	169.6231412626808037
 873.000000	3.2824771768219767	121.3182338624115317
 874.000000	5.7022392712846237	140.1597678977705641
 875.000000	7.2118429362136807	135.5060151080835453
 876.000000	9.9076109099388159	139.4162249523132857
 877.000000	9.9682797965092362	126.0863791541557504
 878.000000	11.4104001588407939	137.4020373389179213
 879.000000	8.9408584900854979	81.5806952251214597
 880.000000	5.4274341326284672	113.6774241741715201
 881.000000	5.7984897497842169	129.6111826631598092
 882.000000	4.4291979235529046	121.6979884084639707
 883.000000	4.5261032704151969	105.4342575789019634
 884.000000	3.6964651243391593	139.5191117528154052
 885.000000	5.1066398928320247	111.5908685634110498
 886.000000	4.6335428004356327	109.1513846279740818
 887.000000	2.9640023702732714	99.9612399888638237
 888.000000	4.6293275446053972	127.6541024496737151
 889.000000	4.4828396610162455	66.9466140154154203
 890.000000	7.2086012591056621	126.8767235114232790
 891.000000	5.0217879401642707	140.2602031003724505
 892.000000	6.6454308977165431	96.8967117319126743
 893.000000	5.1638626459508075	95.5874502048425825
 894.000000	4.8037957655522412	74.6909593175780344
 895.000000	4.8076595586323361	105.7039718642796657
 896.000000	4.0660450046288537	69.8896581029407855
 897.000000	3.4046034443890849	93.5059461579930513
 898.000000	5.0611373409225626	71.5951377587900453
 899.000000	7.1786826709997076	137.4807443688945057
 900.000000	3.6149197716037880	108.6402385690344659
 901.000000	3.3134898560658126	97.7874908010833224
 902.000000	5.2163723771298320	156.4797469880338951
 903.000000	7.8942566074888934	142.9342568432321627
 904.000000	5.8570390920015045	137.1445637943822931
 905.000000	4.6588498969125975	69.2767258541871058
 906.000000	5.5022159087960691	74.9512196127629977
 907.000000	7.1143481303205167	114.2311162302164576
 908.000000	9.9831711715830878	122.7067299542153478
 909.000000	6.7923092085447987	137.0642811346118037
 910.000000	6.5427242925536415	77.7198619435249469
 911.000000	9.6617761519942231	122.2111622016034573
 912.000000	10.3526952195529383	73.0582277282013592
 913.000000	7.0599181189721865	74.2105877676609111
 914.000000	8.3638452763107782	100.4719010126657253
 915.000000	8.6556358466039889	91.0083587822320084
 916.000000	6.4102293919891862	108.0096417556121509
 917.000000	6.9046556646428394	115.3787144290111684
 918.000000	5.1686955278155207	68.1707912021447981
 919.000000	9.3213086261962435	135.5052841712582108
 920.000000	8.2201316284701260	146.8154804171993533
 921.000000	4.7311156465712791	90.0643294714540730
 922.000000	6.5897736688860453	65.6265618589640383
 923.000000	3.8598758261548261	71.4187438574170699
 924.000000	5.4505213614837222	67.8597638549951654
 925.000000	3.6354779902414704	72.7488710692064018
 926.000000	7.4239349952199269	79.6530322152967898
 927.000000	4.1423714331388526	106.0995467148385814
 928.000000	5.3497613839043057	166.0526728874400817
 929.000000	5.2670602521412828	114.8250636342494886
 930.000000	3.0040762299793480	123.4334307980696792
 931.000000	5.1336262868541427	106.3813366574662638
 932.000000	8.8189380836049907	131.3409849877742772
 933.000000	6.7996173308966981	135.0985059055819306
 934.000000	10.4841742584256288	143.1853571932331306
 935.000000	10.6290295113814341	127.0048224940154569
 936.000000	4.9893192602491432	83.9128146570618441
 937.000000	4.6015348962090519	54.7221500831441574
 938.000000	4.3889028430305430	89.1978099754562095
 939.000000	9.7899085944989555	137.8026423077955656
 940.000000	8.0887366376579717	94.6297664970070258
 941.000000	8.6738110312946404	128.4846837911717898
 942.000000	11.1585491562497197	135.6658141621683171
 943.000000	9.8394929289995083	154.9935685481769099
 944.000000	3.7925820344116676	101.0942197439582486
 945.000000	6.4540609861782361	106.6606097689693513
 946.000000	7.1803857938641871	99.9954974660376621
 947.000000	7.1323295075141377	71.2226097406359031
 948.000000	5.2604242934918428	87.2013041120608250
 949.000000	7.8923127604532208	92.4405956470660186
 950.000000	4.2951299084765742	59.2730746083870770
 951.000000	6.6206416492257816	87.2064856579171277
 952.000000	4.9547955272421325	80.4494575567614305
 953.000000	7.0520222662003089	107.7491802879223570
 954.000000	4.4150434848137117	92.6560783980867626
 955.000000	7.6830892688940979	87.3229476716565216
 956.000000	5.9037305957349346	81.6044787318646598
 957.000000	4.6740883546001513	107.4142547509822236
 958.000000	5.0375778157000743	109.8914443022520970
 959.000000	6.5464342947593952	105.1393017135056169
 960.000000	8.2380599457742996	86.5927444526524539
 961.000000	5.8600023566532728	84.4861269053417061
 962.000000	6.7117396893748769	78.6169450321205545
 963.000000	5.1099561688209709	75.0403570298017684
 964.000000	7.2145405599691799	106.1102785401615165
 965.000000	6.9514088571839148	86.2472132016617792
 966.000000	8.1326547143501227	91.5735970610403882
 967.000000	9.2107555724179591	95.6458643088937919
 968.000000	10.1209620308989496	139.4552894491287134
 969.000000	9.1054391458843309	144.1405374445046448
 970.000000	7.8749380609948325	87.4189346102310623
 971.000000	8.3154345487965760	97.2218301794459876
 972.000000	6.9016278762220846	66.4938588669114807
 973.000000	6.0501137245672201	103.9908895643299900
 974.000000	7.3075793903671755	75.1528775418248927
 975.000000	7.4788786656941717	102.6814803281735067
 976.000000	8.5191716740326964	133.4583504275155406
 977.000000	7.5454265768812130	60.8363455092513874
 978.000000	8.7730789476130564	90.5428153608786772
 979.000000	9.2759136290824937	107.5186241442371369
 980.000000	8.5502711144642820	113.9428411629263138
 981.000000	3.8038120639061876	75.1651321942406696
 982.000000	4.6110302076527399	76.7572312505592720
 983.000000	4.4768067446576465	59.1773991348387511
 984.000000	8.9282497813666417	160.2685540480268571
 985.000000	7.6666448782003460	85.0889716859926324
 986.000000	4.7951796437542766	67.8651152620205806
 987.000000	7.3174288181585361	97.8069980910120762
 988.000000	9.5288081231634525	103.6996710199479850
 989.000000	4.8593993882008197	99.2814608897289190
 990.000000	7.5500089614974177	106.9043917846693859
 991.000000	8.6801052935425798	128.5905373926356674
 992.000000	9.6343532460831867	98.9630762935539536
 993.000000	6.0285590422664219	76.5066103781023941
 994.000000	5.0520400733055810	100.3782901606829938
 995.000000	7.6375889883455024	126.2495050048649148
 996.000000	6.8627358934385994	86.6861678591692879
 997.000000	4.8597413720999318	77.8481659536067241
 998.000000	7.2185034817264393	74.7842894597202132
 999.000000	3.6712505307792203	97.7056630824635590
 1000.000000	4.3879174777472825	55.2247087769182770
 1001.000000	4.5489138403750013	87.3771138867167991
 1002.000000	7.8039011911885892	145.2237821602570307
 1003.000000	6.8636329428029761	157.3689914550204776
 1004.000000	3.8244478904032602	77.4800693905856548
 1005.000000	4.0668265546317643	60.1668147565716112
 1006.000000	6.9240098506620420	142.9306869699720437
 1007.000000	6.0241512564160518	125.3837067868167310
 1008.000000	5.8820043906412183	76.8984310057831806
 1009.000000	4.7498686077074463	84.0236595184749859
 1010.000000	4.8145663112471873	118.1726750950521847
 1011.000000	5.8495914470064356	99.6193052970307349
 1012.000000	4.4205219005370475	96.1314293770567190
 1013.000000	5.8357072700474779	97.9315627550001295
 1014.000000	8.8404383567193445	107.5903256927931437
 1015.000000	10.7290989402808652	128.3662416573920666
 1016.000000	7.7354456432591228	98.8476698498212727
 1017.000000	8.3224063110994546	99.9597621529867411
 1018.000000	9.5759268581497921	90.8949087756272434
 1019.000000	6.6058582396047756	97.6402810059829278
 1020.000000	4.0218877605125485	86.2957067147005432
 1021.000000	4.6194064891598243	69.5760772484302805
 1022.000000	6.0317655821761482	98.0274920162800640
 1023.000000	4.6343903724325548	106.3358204096462174
 1024.000000	5.7692367833659350	112.6867311514532588
 1025.000000	10.2936477765398724	145.1995072906775022
 1026.000000	7.5367820117851041	64.2032031366800027
 1027.000000	6.1183057994432000	98.4199292558705281
 1028.000000	4.6740276782508205	69.3400794970056040
 1029.000000	4.6485233791492258	43.9290649051480102
 1030.000000	4.7136550950184368	79.0143815387477559
 1031.000000	4.3370762342547264	78.7648653661328524
 1032.000000	4.4069566343292772	122.5120070427716996
 1033.000000	7.3578114430717090	98.0616301919030207
 1034.000000	9.8910213440853454	122.2225193317947287
 1035.000000	10.1800218092387205	153.0290327886367834
 1036.000000	5.8724598114728712	85.5889172432794254
 1037.000000	7.4975348193169653	71.8535897185351615
 1038.000000	7.9388497301987924	94.4246185384612602
 1039.000000	5.9141287347406717	90.3134009259925392
 1040.000000	8.1510793945807549	140.4326440202312938
 1041.000000	8.7552023818726195	148.6908280523108772
 1042.000000	9.9875667802901908	114.9650049147730044
 1043.000000	9.6527106954423250	92.5957700448866206
 1044.000000	6.8339839534885538	83.8111393469573045
 1045.000000	9.7389425520521939	100.4188679313070196
 1046.000000	9.9635518994977108	49.9423135980185293
 1047.000000	6.1603771785783703	67.9491158700883773
 1048.000000	8.5100291815796965	116.2605379448445149
 1049.000000	10.0769804456088270	135.3099198954092515
 1050.000000	8.6571746173160413	135.9251094780718176
 1051.000000	8.8883130828005950	123.6520681712178487
 1052.000000	8.5003117620194040	70.4208185568113407
 1053.000000	8.1978394005495421	153.7248957954803927
 1054.000000	9.2992973812197341	84.0908160711642552
 1055.000000	8.2735091033511896	156.0058875750631557
 1056.000000	5.1568323102391513	160.2111861403721491
 1057.000000	3.3049466968161094	112.4700263355545502
 1058.000000	3.2237384562686140	101.0426575166274290
 1059.000000	8.2515809225418604	90.5567885433399482
 1060.000000	5.1071114682112944	91.0677128558149604
 1061.000000	10.0706500693020313	120.1320143311685911
 1062.000000	5.0810168758893903	63.5542462466925855
 1063.000000	4.5908216106695807	102.6026348502807224
 1064.000000	4.9592831473215995	67.0244867270067175
 1065.000000	4.9753093213545982	59.6202391665516700
 1066.000000	5.5360794395220063	77.7320813971986126
 1067.000000	4.4604955638528319	97.1162600694963203
 1068.000000	4.6188561698167137	86.9754634487878775
 1069.000000	7.0371991090616168	90.9182031481504254
 1070.000000	9.8036378585256738	103.9983241947450381
 1071.000000	5.2273542187888031	114.9893286125752070
 1072.000000	6.9402691321014229	91.5031434114779643
 1073.000000	8.0686650551201122	90.5608820061674891
 1074.000000	7.8916284542262982	77.5120973867221466
 1075.000000	4.8881370982267995	84.8851401264462027
 1076.000000	3.5791967188347651	80.3134760106438677
 1077.000000	5.9343001224093159	150.4148556591341048
 1078.000000	5.4231006654438625	164.0857134331241411
 1079.000000	10.6019151196163968	128.0647757956861597
 1080.000000	7.1912802931918982	82.6250888997349477
 1081.000000	7.1715420195433746	84.4950725298205896
 1082.000000	7.1646266829101366	101.5914536118316391
 1083.000000	7.7955966880295620	51.3078207559568398
 1084.000000	9.6235148796489494	98.8218570327342718
 1085.000000	4.1948740771935507	50.0708825554572741
 1086.000000	9.3262877186089774	110.8232896513531074
 1087.000000	4.9857019082039802	118.7413743133594721
 1088.000000	5.3906723593656842	119.1282130745734662
 1089.000000	4.0326450359349533	114.8853964310736160
 1090.000000	5.8472027812085825	117.8920377914377298
 1091.000000	5.1138854219842971	115.8698846483858205
 1092.000000	3.2772407400694079	135.7443629051014966
 1093.000000	5.2668046260534984	159.3574292830102195
 1094.000000	6.1860617522514501	141.1945702821242605
 1095.000000	8.1007166083532720	118.8834009054517509
 1096.000000	6.4935052394479627	105.8594341646241190
 1097.000000	2.9450072476583240	128.4212188454239936
 1098.000000	5.9560898232637207	135.3469251182307289
 1099.000000	5.4568905298355519	105.2873915073702591
 1100.000000	4.9817766283123017	104.2740839595661555
 1101.000000	3.8573126770830912	83.7342743567757140
 1102.000000	7.1590364671901829	105.3010073398979074
 1103.000000	5.8290765342534669	121.7671419322142583
 1104.000000	5.5593598123575285	123.0117476439132957
 1105.000000	4.8188584035223592	119.5585016364635464
 1106.000000	3.3824820893927727	107.6596838347899165
 1107.000000	5.4678119691775411	124.9114297773888325
 1108.000000	4.6909759876118322	159.3608922274681561
 1109.000000	6.1741379768721920	149.1994835286908199
 1110.000000	5.0670032622414789	161.1595536039306182
 1111.000000	4.5764874514814489	149.6986740407954244
 1112.000000	5.5763501245310989	155.5948340346761540
 1113.000000	4.8988739763146576	149.2921113529680497
 1114.000000	5.2083281074322079	144.9762755296364674
 1115.000000	5.1222749210735463	169.2297364574055223
 1116.000000	4.7957986728892790	160.8916179263055710
 1117.000000	4.1794180693034431	152.4227828164895584
 1118.000000	6.8632507830328828	150.2793634327838959
 1119.000000	4.9021471263414034	115.8391937157872604
 1120.000000	3.7592724876023325	102.6022870343818028
 1121.000000	4.6709364084983243	154.9183713511204985
 1122.000000	5.5935253868772197	52.7821434966732568
 1123.000000	6.3402655216094059	110.4492177606861105
 1124.000000	7.7143934608617890	135.3878075198003046
 1125.000000	5.2383802364124952	53.8846495493717015
 1126.000000	4.1000786760982209	62.6119670686767478
 1127.000000	5.0103734684907790	94.8311372757276700
 1128.000000	5.5522520135787605	71.4665836057454698
 1129.000000	3.0683178943851814	41.5314434076211114
 1130.000000	5.6280659358172365	53.4050708830890102
 1131.000000	5.1942652503678550	144.4612886805618928
 1132.000000	4.6015075601168975	70.8174461989665645
 1133.000000	5.1654880791938531	55.3309839131243848
 1134.000000	7.9292507401980723	103.1267625393348055
 1135.000000	6.4983391097033580	58.7887766799850624
 1136.000000	6.6185240762780415	68.0994572220046166
 1137.000000	8.1634306019672476	25.2615551579724809
 1138.000000	9.3464345608741066	113.0598359970212101
 1139.000000	9.9822863702543696	105.5145149843718002
 1140.000000	8.0537332109862181	24.2978150488296194
 1141.000000	11.2076465160657559	108.4349476649397843
 1142.000000	7.8649709788905380	68.2262262810857436
 1143.000000	8.4324237564914704	56.3827267854022267
 1144.000000	9.1682609782114461	62.8990911184162513
 1145.000000	11.6119297425637313	115.8357352211242386
 1146.000000	6.9049222772036218	98.6019861663738908
 1147.000000	7.9024630405025427	33.8835637821367754
 1148.000000	9.0527422532867092	54.1410428100458176
 1149.000000	8.2606151758617923	68.5173730875163471
 1150.000000	8.7241646959115453	72.8380932195842519
 1151.000000	11.8896431079464335	119.8204762905428140
 1152.000000	8.6946479655028330	52.3989181882699739
 1153.000000	10.0247038087910028	122.6254652129482849
 1154.000000	7.9081614181687918	69.5353180041077934
 1155.000000	6.5075113863386767	10.4564168261003942
 1156.000000	9.2636741901207564	67.0884950343541107
 1157.000000	7.5503785931807244	176.4402098864111395
 1158.000000	9.8543662998641128	138.1194108324942249
 1159.000000	5.6699917168506868	35.1197673089448301
 1160.000000	5.6011454941091801	71.4311193113333758
 1161.000000	3.7715526598235560	82.0706554692862937
 1162.000000	4.8656812394068636	128.6013973395170922
 1163.000000	4.3256844274651787	61.6406343986292455
 1164.000000	7.4082755189003988	137.9883483830879527
 1165.000000	5.9615942661070971	160.5082597154363953
 1166.000000	4.3295663743995227	47.9237906271536644
 1167.000000	5.6677777792461415	48.2963556206424016
 1168.000000	5.5756959667149646	60.2092046300368224
 1169.000000	6.9580455804208157	36.6843186371096408
 1170.000000	9.5823742536533310	157.3718278427544988
 1171.000000	4.1809006865017908	136.6973001812136772
 1172.000000	6.9407052481292810	82.5158172626712485
 1173.000000	7.4177757463477985	109.1104870309399928
 1174.000000	5.7009411702310020	96.6795458456196997
 1175.000000	5.1349386127501067	131.8455420031717154
 1176.000000	2.9952941426770532	30.1024733971176488
 1177.000000	5.1385421151958361	51.9555285074629012
 1178.000000	5.9355553025886891	71.5615514415620737
 1179.000000	4.1292949518247610	65.2808924303619733
 1180.000000	4.9567229246387710	48.6558964691433289
 1181.000000	3.8637377950265273	81.1594562058515834
 1182.000000	4.1156461085082201	93.6964042515889446
 1183.000000	4.1662337975449963	71.1720824773511538
 1184.000000	4.3158803592408486	67.3775045236459249
 1185.000000	4.6188074061205935	77.7575706280271248
 1186.000000	4.6501869642628675	83.8532243987215793
 1187.000000	5.1152666164314118	64.2730574462413671
 1188.000000	5.9476941657735685	60.6423411024741057
 1189.000000	9.4532218762589295	55.0153662186879728
 1190.000000	9.6072814023943049	135.1312844644572522
 1191.000000	7.9400647257914967	77.9129030222004104
 1192.000000	5.7750076952790774	71.9979174193081661
 1193.000000	7.9588229359828029	53.1436247094060832
 1194.000000	9.4716927601879739	138.5775138294310977
 1195.000000	5.3198756813825234	53.5855163083048609
 1196.000000	7.1463250429082539	123.8551998319428833
 1197.000000	8.4859676608620536	113.7842837046850377
 1198.000000	8.6927697646349262	34.5178530218677508
 1199.000000	5.4214460883505735	102.2647113434134098
 1200.000000	4.7135940291803458	94.1395777465141776
 1201.000000	3.8754508659081170	97.1877958065839351
 1202.000000	4.8846793794590315	41.8319821696834424
 1203.000000	5.7579665536639215	153.4139654699607149
 1204.000000	3.9188879693622476	91.9898167745167683
 1205.000000	3.7859136579005086	81.4258767275436099
 1206.000000	7.6052934762551336	140.2924813067168941
 1207.000000	8.2064551502380461	57.1127225680456263
 1208.000000	6.5550738223378424	56.7473686761107956
 1209.000000	8.7443785375466874	36.8148748742293037
 1210.000000	8.8813152774482766	86.0241439518201929
 1211.000000	6.3420996149760462	58.3071992535642067
 1212.000000	7.4644651796357664	160.8162003742603190
 1213.000000	5.0778310363383410	62.8129416967063747
 1214.000000	6.7680186098098254	43.2626605014569918
 1215.000000	7.1250386503247762	149.6228234280803520
 1216.000000	5.1056095094094323	68.7514421664436242
 1217.000000	9.1136867311871654	155.6086819890369668
 1218.000000	5.3507478849927272	65.8390549409659656
 1219.000000	9.7194737462755434	140.7724540944267630
 1220.000000	4.1355096699830014	91.4763002330679171
 1221.000000	5.2424397262589135	74.8346891486925898
 1222.000000	5.8250660396779459	58.7642509155707700
 1223.000000	4.3891543990121011	65.9094369203331070
 1224.000000	9.3591218468276853	138.1652247608708706
 1225.000000	7.9131705706465141	159.4695972718991754
 1226.000000	8.7792907233559436	42.9618723311719748
 1227.000000	8.0606954515739613	26.6118573609087719
 1228.000000	7.1178563893105800	88.5872589155303842
 1229.000000	6.4158159237150025	103.9851926221500236
 1230.000000	4.9848436763733428	87.2908983649452352
 1231.000000	6.3632337719553584	58.0765750220776056
 1232.000000	5.3609230188661412	55.1189046106289169
 1233.000000	7.4820973724653950	52.5847306882875216
 1234.000000	8.7163079375224868	82.4504210550618524
 1235.000000	6.2898094971348497	123.0031603617577076
 1236.000000	6.2736677911308645	113.4191548434804560
 1237.000000	7.6200550538492644	166.5212101268398897
 1238.000000	3.5986683652358691	119.1102407194185702
 1239.000000	8.0981879470043587	134.4763005998434551
 1240.000000	9.5003559769516848	134.2897964793909864
 1241.000000	9.4176474424437924	146.9228123906287351
 1242.000000	6.8599498505843375	69.4772915856331537
 1243.000000	7.6716057870045420	118.7137986102317200
 1244.000000	8.1383148367536542	44.9470151594824756
 1245.000000	8.2999506171680419	88.8113028303730090
 1246.000000	7.6863288178107796	106.3747160359283441
 1247.000000	7.0483867953978994	60.9788344136051705
 1248.000000	9.6416310969301762	135.7424329370604141
 1249.000000	4.8844044708763548	54.7153688227077879
 1250.000000	7.0948898991505960	131.2205002788616071
 1251.000000	6.5854314072133686	139.5747943744582926
 1252.000000	3.8108040802675194	113.4665760255367104
 1253.000000	4.2392813078759879	88.1135374728209655
 1254.000000	6.2481545990609497	100.4015624503065851
 1255.000000	4.6183672697826728	48.8956231789987044
 1256.000000	4.9448511948303295	108.8894002280272417
 1257.000000	7.5145117247411646	59.8022260082386765
 1258.000000	7.6733941961332208	153.2043011914399813
 1259.000000	8.9411335127872160	150.1974221848899447
 1260.000000	9.9209762802527006	96.5325002094137830
 1261.000000	9.5690749055145226	127.9344759631987500
 1262.000000	5.4921063024547756	75.8879969348997321
 1263.000000	7.8140490083793503	103.2071138775007881
 1264.000000	6.2223813574808524	64.4071247159275799
 1265.000000	9.0986737440994592	155.0073210910063608
 1266.000000	6.9508205977698063	65.4068856741203035
 1267.000000	11.9996066912705004	125.7199041839660083
 1268.000000	11.6748483725215326	115.0167221822578796
 1269.000000	12.2229766413424823	113.2521668683706650
 1270.000000	6.5812949391507338	112.7879843781472147
 1271.000000	3.1476508262066041	107.4038990290180351
 1272.000000	4.1528823138137518	79.6892266633539634
 1273.000000	6.4681861493223973	63.1135291301459063
 1274.000000	7.4177827660760336	54.8707847112981710
 1275.000000	7.3935009483396055	106.1340706742909958
 1276.000000	4.1034456054175799	114.0951453608366677
 1277.000000	6.2063156652610107	154.5538730392359525
 1278.000000	8.7074351278788935	28.8407703644420508
 1279.000000	9.1398325903632873	33.4757572964100802
 1280.000000	8.1695676733515796	10.6255919179732246
 1281.000000	7.5128304325720725	68.3500554764440551
 1282.000000	7.5643932449885067	43.7653810058309887
 1283.000000	7.7527925355792711	146.1409867797783591
 1284.000000	8.0218239789323214	63.6473673280684693
 1285.000000	7.6805133330105697	75.3493031623851977
 1286.000000	11.7734439607530312	136.6377281249436919
 1287.000000	9.6206210131000773	76.2593226441007488
 1288.000000	9.4012500251720947	51.9079624072853960
 1289.000000	8.7805582255025278	26.2128001475159351
 1290.000000	11.4669011622840014	101.6555131565255152
 1291.000000	8.8916280217973132	20.2147292006303303
 1292.000000	9.2621455064276237	64.9916119977903151
 1293.000000	7.2216385178724103	54.8810251188559590
 1294.000000	5.5918468692929597	80.6207973482704432
 1295.000000	6.9855027824279459	136.6441582423118746
 1296.000000	6.9511531097843768	76.8940824431126231
 1297.000000	9.8971145029511955	94.1583208776815326
 1298.000000	7.6062772508152827	73.1846686845142358
 1299.000000	6.6921168246989984	46.8478949208783035
 1300.000000	8.1233619119318661	57.2545367238256944
 1301.000000	10.4749544064551827	91.5110935715850218
 1302.000000	6.2931136677778277	153.2481682914943235
 1303.000000	3.0034431040790524	46.1502605321659019
 1304.000000	5.0904348726273279	92.3783093682397975
 1305.000000	5.5423327457815130	42.5137460509934328
 1306.000000	5.6861727652886040	101.8950021532898802
 1307.000000	8.3440730347340146	56.4558238313697416
 1308.000000	5.9003652875427068	75.1916210252176143
 1309.000000	5.0639495747829004	85.3662919895554069
 1310.000000	7.6647131434213733	132.5468240260490802
 1311.000000	4.4119180450807569	40.6425912285207289
 1312.000000	6.5237565385753209	133.8595809746389591
 1313.000000	5.1127568592441612	105.7808120866847901
 1314.000000	9.6219196684515271	124.1720200350035839
 1315.000000	5.8960691451727456	97.4044694037860381
 1316.000000	7.6764860262069456	83.2522430769435715
 1317.000000	6.1384187491146101	50.9466318836498999
 1318.000000	5.2750102079987773	103.2185516427568217
 1319.000000	5.8924358925283604	139.1693108559250618
 1320.000000	4.3854391976609604	88.3354144517964102
 1321.000000	6.3113219100753986	130.4797955439656221
 1322.000000	6.4538117646407205	136.4314953565893234
 1323.000000	9.3101062006641193	92.3199868750189978
 1324.000000	4.9211016524275397	101.2748799788148943
 1325.000000	6.6177368167910622	47.0238073110644734
 1326.000000	6.6895512506739117	88.8537814714976690
 1327.000000	9.0809791260116146	25.8899235727774339
 1328.000000	6.6586935740743911	128.5147551169623625
 1329.000000	4.4511831276121185	100.0512464655078304
 1330.000000	5.9958716051335195	88.9903278122657895
 1331.000000	4.1988489770990620	42.8504585108115066
 1332.000000	7.4946766597333232	139.4678448305035658
 1333.000000	9.2085304015869927	163.0162302000973682
 1334.000000	5.4558555591761184	86.0236298899466760
 1335.000000	7.4936046403497532	65.1893594032021184
 1336.000000	6.6019107939520945	45.4162637592781948
 1337.000000	5.6810814488109056	86.6823781458633960
 1338.000000	6.9344512737021331	53.2695786473665436
 1339.000000	7.0789103947405536	97.7737132185965123
 1340.000000	4.4078343484027718	74.5924137629423569
 1341.000000	4.7753706384001475	31.5192140738234627
 1342.000000	6.6586342142927224	33.2795754365766356
 1343.000000	6.4502368473384539	52.9069763995006070
 1344.000000	6.3410999550674045	46.9386231545488783
 1345.000000	2.9474511296476056	22.8723797662439381
 1346.000000	4.6127918613291490	46.2818424349940756
 1347.000000	6.1305310601375469	98.2549964848845576
 1348.000000	6.7934378284416743	52.5424039270162524
 1349.000000	8.4811101231951262	36.7902019409106913
 1350.000000	4.3148995835869863	114.7087790436733457
 1351.000000	8.0457997830568804	159.7839163787889447
 1352.000000	6.8658926490873373	72.4997854689621306
 1353.000000	8.3877700309657417	147.3231287163903858
 1354.000000	4.0929531129101733	86.3263897068090529
 1355.000000	3.3089619135893305	90.6279738187116379
 1356.000000	5.3302198133296113	79.0567972771997489
 1357.000000	6.1762806280946601	89.0404408224596722
 1358.000000	4.4965799497361809	50.5607605623092979
 1359.000000	2.9463920963382360	21.5797767199060218
 1360.000000	5.2858943362475275	50.3599302718300521
 1361.000000	4.5611885637631397	61.8174530400095250
 1362.000000	7.2118900411278384	97.0525075945597706
 1363.000000	7.1171205292150050	134.3403974065080604
 1364.000000	5.1714654365570532	170.1856420237275529
 1365.000000	4.2195877222001927	104.6806969109249792
 1366.000000	3.9252872775259537	89.5449416325830896
 1367.000000	7.2956972228807508	47.8041729043326598
 1368.000000	9.4808987245477265	124.4168284234198723
 1369.000000	4.9183346349663131	37.7612743462196647
 1370.000000	5.5520508589429527	74.0342616602888484
 1371.000000	5.5682663567273556	69.4668412469930701
 1372.000000	5.9887454019500144	152.1312604774481088
 1373.000000	9.8011654739503662	123.7070493320530886
 1374.000000	9.4060725240122647	109.3410676001566060
 1375.000000	8.9279930156223166	124.5015733969827636
 1376.000000	6.4476672115771398	132.8984802310178281
 1377.000000	8.5447604175240528	61.1807242856392293
 1378.000000	4.7982659378263079	33.0412006991006990
 1379.000000	8.7173880170279983	92.6033578439960507
 1380.000000	9.0403441208596931	168.9280295628391002
 1381.000000	7.5533659901001897	71.1914431766198987
 1382.000000	7.2032987962668509	77.8821307410243833
 1383.000000	6.6620504603516473	47.5430685048974055
 1384.000000	8.0577313182575239	71.9829663868376741
 1385.000000	9.9120322674371000	125.5948523943403217
 1386.000000	8.0111925580084620	23.3030079123591918
 1387.000000	5.8397592610112099	27.6044219384203871
 1388.000000	9.1960978348556708	107.8398299996399174
 1389.000000	9.1913676285226451	31.4587316962846728
 1390.000000	10.1378100247973304	107.2596628385678770
 1391.000000	4.8550978618936025	87.4030136689190016
 1392.000000	4.4114934776010779	138.8495171996829072
 1393.000000	4.4167948752139328	87.4060215210946438
 1394.000000	4.2286780015152630	47.6784788861265270
 1395.000000	4.1331626131371317	148.4368907015263801
 1396.000000	4.1659649626253117	70.6078987290320299
 1397.000000	4.5515947470005864	68.5503641800337391
 1398.000000	5.8096455475902840	18.7427110134865700
 1399.000000	4.8113720618716469	61.8459225091814631
 1400.000000	4.5534546812461079	70.2242616969442963
 1401.000000	4.4074469988548142	53.4891771603735720
 1402.000000	3.3871356409429532	51.3257599870371166
 1403.000000	5.1597599183548759	87.6360906105935982
 1404.000000	3.0243109124788243	43.9758340439309734
 1405.000000	5.4787229136877205	138.2592388043089215
 1406.000000	5.4418583324105727	22.8423689017568847
 1407.000000	7.4488535658054511	113.8013136950165034
 1408.000000	6.0164124929926048	66.4226014331272125
 1409.000000	4.7879564622517732	37.1880673320769120
 1410.000000	4.5915515348091827	36.1749598508152985
 1411.000000	4.0427398357274553	43.7892829510423098
 1412.000000	6.5592968436741970	66.7336885556174764
 1413.000000	7.0320420810832953	44.9484534339550805
 1414.000000	7.1592783268797495	49.4194132553942325
 1415.000000	6.8064447360477383	49.6400495802369903
 1416.000000	6.4071018576354266	92.6978939927048771
 1417.000000	7.4405973695772980	129.3329367796432621
 1418.000000	3.9678221289303659	69.5309239135556396
 1419.000000	6.5474831089958361	122.8509395795953481
 1420.000000	7.3124891985289713	105.5062421367074847
 1421.000000	7.2347547278507340	125.6770177643795989
 1422.000000	6.5690287819907720	64.2180350271864882
 1423.000000	3.7011022650138217	56.0929249847583549
 1424.000000	5.1631795021249358	44.7243577981465990
 1425.000000	4.6507196761361422	22.5953626496919640
 1426.000000	6.3659319304927999	57.8477862531720604
 1427.000000	5.9926467446131024	57.2234293386431006
 1428.000000	5.3964226959561348	44.5827577486297741
 1429.000000	7.7838403925788890	106.1901941498526867
 1430.000000	5.9162023837918811	42.4579188888756676
 1431.000000	5.3211379685918629	60.4045258404622558
 1432.000000	5.4942366175894897	53.3034346303214903
 1433.000000	7.9688254903295537	73.3784418563215723
 1434.000000	5.5418245287056820	68.0460544528808668
 1435.000000	4.9909319756357888	31.9024377361891993
 1436.000000	6.8215645951036263	101.5317465836039617
 1437.000000	5.7672906021136257	123.0185844990467956
 1438.000000	6.8323759209738011	116.7758653491728467
 1439.000000	6.7584139171298583	86.7558116208611239
 1440.000000	5.9806370376217695	50.6089732535751011
 1441.000000	6.2229048082222995	125.4912160382799300
 1442.000000	5.9493276396308854	68.4824000476661610
 1443.000000	6.3426270583964941	134.0426131100674070
 1444.000000	6.8544527871848384	120.8002028704956388
 1445.000000	4.7670922656043739	50.4427831781736415
 1446.000000	6.7487017918686591	144.6291115971932300
 1447.000000	6.8966390892046130	118.8904083388297153
 1448.000000	4.6945377948497349	71.7727566824608516
 1449.000000	4.4810617362735838	13.1203192861233333
 1450.000000	3.0972699920272966	42.4267967614928523
 1451.000000	3.4273095708775201	108.0200992384211816
 1452.000000	3.1969982020571139	59.1425837309473081
 1453.000000	5.1894511316888945	49.6754648201098234
 1454.000000	5.3791879032987824	71.0943474436737688
 1455.000000	3.8925945633017309	92.8517756755229158
 1456.000000	8.0985547655386885	124.3332699624728548
 1457.000000	5.3400282347536114	34.6820982569287537
 1458.000000	5.8907704687917759	80.7705132223351541
 1459.000000	3.8027561144328779	93.4211893907172168
 1460.000000	3.8919597417061333	85.8172102982004787
 1461.000000	7.6081112056993057	13.6319191897619021
 1462.000000	7.7336068412268730	107.8926942789670704
 1463.000000	6.4374543789571028	34.9363248412891494
 1464.000000	5.7879600545782521	63.8725880828803412
 1465.000000	5.7302734832141455	59.1754175801150382
 1466.000000	5.3105181510368773	159.8447706548927272
 1467.000000	3.9318360665382728	113.2788299074675251
 1468.000000	5.4376633668267074	69.3734619063103679
 1469.000000	4.2495853906307470	79.1516719209008954
 1470.000000	4.8097620716245908	44.8453591786326342
 1471.000000	5.0359479568830707	35.6100831795422437
 1472.000000	5.9044970948127418	140.2905272918287665
 1473.000000	6.3545120695959803	123.3195069636545611
 1474.000000	4.9930098288770317	56.2691877187056235
 1475.000000	6.5238042715189763	148.9313882373558897
 1476.000000	5.8965937441212510	108.0812202258862129
 1477.000000	5.0665724290026901	140.8684408331071438
 1478.000000	4.9904751475783522	77.1904854845270876
 1479.000000	4.2006649678534860	115.5020971719249019
 1480.000000	3.0830428619287740	84.7268298658229639
 1481.000000	3.2930455553107194	99.0441707493055503
 1482.000000	7.2538946796205108	50.0802425153921433
 1483.000000	8.3236754029671722	125.3707001559675689
 1484.000000	6.0641026563169227	50.9994891667774084
 1485.000000	7.2627543106713741	62.7753207798410813
 1486.000000	6.6887569743928115	70.1661541280523835
 1487.000000	8.1218893953851037	148.5141701143670616
 1488.000000	5.3403286248478246	81.8654203949620580
 1489.000000	5.4093800696433973	55.1129562836321583
 1490.000000	9.0719296215825391	136.4237920658426333
 1491.000000	3.8889920187395606	74.0317900754686775
 1492.000000	6.2367838153344888	165.2467071268899304
 1493.000000	2.9084371409212801	8.4476447621706257
 1494.000000	9.7177124771407186	94.7144017157040992
 1495.000000	3.9601661521937048	74.1827290344355390
 1496.000000	5.9443983103789932	69.0488893545199289
 1497.000000	5.8220818687649540	57.6814042702467304
 1498.000000	8.6538551248637443	81.4738764658317223
 1499.000000	5.6980773913851808	65.5358500093159506
