 0.000000	3.8437349955486568	81.4866705041214345
 1.000000	4.0825036956625222	62.6226108414610678
 2.000000	4.6817618499826388	113.0925439722470003
 3.000000	4.6404886284677840	130.9350418132618188
 4.000000	4.7137220564378559	92.8230890067568311
 5.000000	4.7185420201665718	140.9712231157099041
 6.000000	4.6630993379765195	92.4656180237585943
 7.000000	4.5055378328238556	99.4090929101989929
 8.000000	4.6496808462207051	102.7016719939160794
 9.000000	4.7205315412820665	115.0496152249709212
 10.000000	4.7625555463433820	139.8065752649770275
 11.000000	4.5187790601252615	116.1615022925856806
 12.000000	4.6060173233902404	126.3357396731684616
 13.000000	4.5003033244666488	94.3816141503238555
 14.000000	4.5438935572800530	96.9894453034511486
 15.000000	4.8095156593315185	102.7412398546316012
 16.000000	4.7393983426340194	107.6534496092314015
 17.000000	4.5575186740740081	122.1245027223319539
 18.000000	4.6859144213052559	97.4911516778413016
 19.000000	4.6325907483905882	124.1867265309135178
 20.000000	4.6835955065400698	111.3417732049176294
 21.000000	4.6073845881105848	119.4728125071433169
 22.000000	4.7502579142410708	115.2859389274190960
 23.000000	4.4036886629768901	145.8283891576532199
 24.000000	4.6333527845475446	132.6564629980399275
 25.000000	4.4871163974400412	124.8488587005496981
 26.000000	4.5217569669092397	114.1243714663234812
 27.000000	4.4284656630927444	128.4184653737472956
 28.000000	4.4944300068772298	111.1605000552664961
 29.000000	4.5795058971798905	116.2117405762700173
 30.000000	4.6816037860009185	108.0167606825646232
 31.000000	4.4286675916947891	96.4831614596311340
 32.000000	4.3927990450071404	96.2476149891147372
 33.000000	4.3555304808089099	97.4260221764724150
 34.000000	4.5165488045903901	93.5293363809130653
 35.000000	4.3678380326061088	116.6104461024238788
 36.000000	4.8186898441021393	111.7255575634300300
 37.000000	4.5739092264620371	107.6635343210732003
 38.000000	4.5170474573350559	91.8514745568841988
 39.000000	4.6949539044835102	99.9060605379374209
 40.000000	4.5746641141223252	105.2890716921410217
 41.000000	4.6014078755397430	131.2887744477817193
 42.000000	4.7319258963152819	128.5483004384474270
 43.000000	4.7539818472494826	84.0974577450810585
 44.000000	4.7012099268020879	137.0124412789963344
 45.000000	4.7467075298871491	132.8460559524339715
 46.000000	4.6468216657155885	113.1830581911998479
 47.000000	4.5907455152620429	113.6125719871414645
 48.000000	4.4736265290454522	110.6658880055180276
 49.000000	4.5333201374109056	118.3249615645860899
 50.000000	4.6505668541915597	115.5810959902553776
 51.000000	4.6684920956106986	141.9303010477939324
 52.000000	4.6276231713565616	118.6240992338096305
 53.000000	4.5540872478743557	92.6761907715817870
 54.000000	4.7276152744894784	113.4947392256246133
 55.000000	4.3872913235233328	114.5437833916503507
 56.000000	4.5902764543636394	130.3778180239972357
 57.000000	4.6991497418658952	114.2496441496200532
 58.000000	4.6980147340047740	117.8105749625096053
 59.000000	4.5346935259761150	110.5868109153057190
 60.000000	4.7017694003568709	137.6971819418559448
 61.000000	4.3333946276659825	79.5083459702446049
 62.000000	4.5115928860544354	122.6634601488211445
 63.000000	4.7691000683614355	119.3299653190784113
 64.000000	4.7740557623861619	118.5981503579148324
 65.000000	4.2839170116501561	104.5294538011604715
 66.000000	4.1021887485972890	105.2544503939952278
 67.000000	4.2362735966097240	105.2934359421024624
 68.000000	4.2076379912761972	91.3815569942269690
 69.000000	4.3549565420898961	90.2807145994325140
 70.000000	4.3013575691552219	91.8712777583122033
 71.000000	4.3431533975721335	106.3973612063529259
 72.000000	4.3674130256939199	108.5101234450830106
 73.000000	4.3319290221042204	99.8167091413344849
 74.000000	4.1435822461367966	96.5970277626081639
 75.000000	4.1948409306345047	108.7259230839090094
 76.000000	4.0890796265095384	104.6623405851529185
 77.000000	4.2419278814318364	103.1820715841252820
 78.000000	4.4412417734369267	112.4176682287288571
 79.000000	4.5151440443279105	110.8303242013670484
 80.000000	4.4398294294993557	101.9823696581656094
 81.000000	4.3312028213420621	121.6705558913641312
 82.000000	2.6685178128584863	38.0236756190130905
 83.000000	2.6408313649580917	30.0541265549952641
 84.000000	2.9094960968345172	56.6558350984087156
 85.000000	2.7506548910001931	18.8730024783256738
 86.000000	4.2254566828265165	70.6467324491475637
 87.000000	2.7951906038527863	26.2581812271666593
 88.000000	2.6296811870387371	34.2960443675517865
 89.000000	3.9115304909813058	54.3612443906157381
 90.000000	2.9543280437944128	31.1884567401013442
 91.000000	3.0958171597670230	41.0919200667516691
 92.000000	3.9723528787843803	57.7250493922597769
 93.000000	2.5972123754065648	27.9641714434589232
 94.000000	3.4896421214433779	62.0612750706410168
 95.000000	4.6814964778800316	138.8634094563865915
 96.000000	4.6894923927672618	114.4911736678900951
 97.000000	4.5191884127174315	89.0147971952544879
 98.000000	4.4934380001285303	120.2222261058403205
 99.000000	4.3590776323413554	120.8036900093741508
 100.000000	4.1349884084737738	125.2179094409006836
 101.000000	3.1066137152905782	42.2416610647377695
 102.000000	4.1554496814441055	69.4990240657786131
 103.000000	4.3428674840753976	101.2628296693674770
 104.000000	4.3214473292302369	90.8455545430032458
 105.000000	4.3685772490279327	100.1233060464187474
 106.000000	4.1045868629770919	126.0451056047643306
 107.000000	4.3680019341159007	89.7707282229696375
 108.000000	4.2606890464763039	104.4002982284951315
 109.000000	4.4297884490007364	108.0345306654354687
 110.000000	4.3168275684112549	103.8542959758696327
 111.000000	4.1006822475513358	100.6036980138488559
 112.000000	4.7188045708580821	96.7757784011923121
 113.000000	4.7017704991039224	111.3365910981003708
 114.000000	4.5808704570642469	117.3065893117495193
 115.000000	4.2416866841876688	110.9150981876395008
 116.000000	4.4562682109671039	93.1176209807819788
 117.000000	4.4682323129645578	96.8664885045286468
 118.000000	4.3067500538857599	120.4943860476356292
 119.000000	4.1975667249735684	99.1556907405260830
 120.000000	4.1738736810668113	102.0954803458587747
 121.000000	4.3138455687075741	94.1175249987045532
 122.000000	4.2978977353164494	80.8791316778142573
 123.000000	4.5592903523643349	87.0075206440185980
 124.000000	4.2793771457925338	105.2357018392487760
 125.000000	4.4885352356778982	92.6469524060123604
 126.000000	2.7330314966958533	35.3057489500184829
 127.000000	2.8499968495881429	33.3396839764444053
 128.000000	4.2002521126385490	73.7321820559521655
 129.000000	3.9991394030772578	61.1733712329394308
 130.000000	2.7481396239576306	39.0826261205408514
 131.000000	4.1176131645157428	57.3578736779337390
 132.000000	3.8781662029034880	62.3478039393938559
 133.000000	3.8509756379373314	64.4575291703616955
 134.000000	3.9388869689465587	71.2618175337687489
 135.000000	2.5954893520863243	34.4222473377167262
 136.000000	4.3945823290475898	76.9316528318547626
 137.000000	3.6854211801513745	47.5631044929630775
 138.000000	2.8677303350508163	64.7186811711015935
 139.000000	4.1394351588378955	55.8045695249728766
 140.000000	4.2340559636106798	60.0898522122538310
 141.000000	4.1490270306433548	55.2899009274158431
 142.000000	3.9560403547364142	67.2647207164674938
 143.000000	3.9879775565855979	60.0508056640389896
 144.000000	2.8478415134956521	36.6401757896526590
 145.000000	2.8366942058137745	36.7031895042102008
 146.000000	2.7336427286949947	33.2818687837166465
 147.000000	4.3078554330970347	72.8690927808332276
 148.000000	2.9217861939202758	38.8746245043513170
 149.000000	3.5512362517901881	50.3197214049122010
 150.000000	3.0083604563101560	41.0821335423719916
 151.000000	4.1300288582197471	73.0109202852447083
 152.000000	2.8395019466797540	41.0722762975782700
 153.000000	3.9386891789379375	61.8025950515746558
 154.000000	4.2417020216864190	55.3954576156789358
 155.000000	4.0589932859283779	61.5106019171082323
 156.000000	4.2136441480045725	64.8205594314883911
 157.000000	4.2045068151196983	57.6999085699825685
 158.000000	2.5780283578352048	30.7318478139128501
 159.000000	2.8436395393535867	30.4376270254848293
 160.000000	3.9679458737969115	80.4222802856781129
 161.000000	2.8679053909165257	48.1095637337219273
 162.000000	2.5327210641664943	14.4205057601324427
 163.000000	3.0041717750189791	51.4061915478414733
 164.000000	4.0987056516108566	65.1174843285951681
 165.000000	2.8219392990924748	54.7907833427395161
 166.000000	4.1963081486272893	63.4618749081309375
 167.000000	2.4927180142514738	27.6593312588159392
 168.000000	2.6631466634124847	34.4695076722281897
 169.000000	4.2194118821543078	70.3130718980604144
 170.000000	2.8020429120195178	22.1114753232203611
 171.000000	2.6197488341994397	26.8044254843887302
 172.000000	3.0508134990948301	44.5427800476201980
 173.000000	4.2692601538672967	93.4178056281168807
 174.000000	3.5489936058938034	57.6355582973249625
 175.000000	4.8066241201084026	96.8557225993232720
 176.000000	4.1813356832840176	102.6923233235964261
 177.000000	4.1794197801955040	93.8811861944709847
 178.000000	4.3079436057527474	92.5135150219448690
 179.000000	4.3906532254404009	101.0817660339415909
 180.000000	4.2322606957647855	101.6877823352062791
 181.000000	4.2531385925620739	110.0690386948311073
 182.000000	4.4060245862681802	102.1250822117396808
 183.000000	4.4095308757140614	111.2720181280620437
 184.000000	4.3115250308076316	94.5967046654753290
 185.000000	4.1298533848692127	96.5268421662759550
 186.000000	4.1994618272748490	99.4921752168850588
 187.000000	4.2291692942666765	92.5727443655942182
 188.000000	4.3103922010254285	116.2924601953619685
 189.000000	4.1963268850541313	103.9883110655826499
 190.000000	3.9976353325202227	94.8452221346089601
 191.000000	4.3649460458497273	107.7459849802637137
 192.000000	4.3865364115663246	95.5536791137905368
 193.000000	3.9735074014269887	58.6303661999138370
 194.000000	2.7198316290412001	25.8382915219714846
 195.000000	4.1854344144364957	61.5518262837099570
 196.000000	3.8781128901914439	72.2751875304992240
 197.000000	4.0935508539020278	62.4952311285064468
 198.000000	2.9974560591487425	59.1915853614954557
 199.000000	4.1473366740760111	76.1199310013179797
 200.000000	4.1419224077081864	71.7688169621673637
 201.000000	2.6334583251748325	35.7186110409943183
 202.000000	4.0893532282131240	67.2138044630801232
 203.000000	2.8403442272786199	36.3533284183934597
 204.000000	2.6614778447271106	25.8083343981366227
 205.000000	3.0746506862012999	57.6293579958460072
 206.000000	2.8958285299179423	46.7133517607636577
 207.000000	4.6025565021922699	117.8603018036975811
 208.000000	4.6967809945583436	113.7490449577040579
 209.000000	4.2931203689783297	109.6863989625509817
 210.000000	4.4479299297764063	100.2583354747699644
 211.000000	4.3457577300721359	107.6528285990553542
 212.000000	4.2768816224638782	109.8107043619537819
 213.000000	4.3255390697693761	83.3432144967785291
 214.000000	4.3064931954919894	101.0932771649498250
 215.000000	4.2520387146662397	90.2943248638061391
 216.000000	4.7694901868729467	112.6542988130997429
 217.000000	4.5565301289113567	122.9756620912052085
 218.000000	4.6101389689747450	118.3448017119846440
 219.000000	4.3540509192815327	96.0548198425846209
 220.000000	4.3029973634441703	103.7919238872224952
 221.000000	4.2618860840793271	88.6176045536820283
 222.000000	4.2737295143929828	120.0145312714946755
 223.000000	4.5919250330820915	107.2023519961636850
 224.000000	4.5060109212405717	115.4135829201660783
 225.000000	4.7533008293845107	100.3169140311484284
 226.000000	4.4660107633104102	123.1791573272296034
 227.000000	4.7361554224552744	101.7375770026086599
 228.000000	4.6472215437852329	109.2515539577581620
 229.000000	4.4791392656289446	123.6620545251283545
 230.000000	4.5837498163160104	111.1240647579757024
 231.000000	4.6250010280140375	108.2096888451845018
 232.000000	4.6453271863849697	114.8354497810019268
 233.000000	4.5737715896477926	118.3841423957732957
 234.000000	4.5972416507227303	125.4491413504015469
 235.000000	4.3336174763345685	66.5759443303664114
 236.000000	4.1164145718039897	80.6692866201910874
 237.000000	3.9903275790875430	55.1222726183558649
 238.000000	2.6737210486363341	31.2214250440272281
 239.000000	4.0688326382691269	56.5028458725444978
 240.000000	2.7063422615166122	34.8878758411566423
 241.000000	2.7494738519422657	37.7790175562382160
 242.000000	3.8209726202580674	61.5378611254762689
 243.000000	4.1103225037703783	51.7689949252622057
 244.000000	2.9673820816944390	24.9221523253082466
 245.000000	4.6248313526543479	116.0289456914919413
 246.000000	4.5450675431997372	120.1753444618884714
 247.000000	4.6622652002188314	110.8189852775208806
 248.000000	4.5180010024073747	124.1695709174578184
 249.000000	4.6223866390877131	132.1010275638011535
 250.000000	4.6260881190481298	114.9978338677804430
 251.000000	4.6856171364848311	118.8382182962709805
 252.000000	4.6612238026933843	115.5092908213684382
 253.000000	4.4983109821723577	118.4234526174232087
 254.000000	4.6175738912016211	119.9243359311047641
 255.000000	4.5355051635884758	117.4288713986581456
 256.000000	4.7257412743774587	96.8270408897110286
 257.000000	4.5003120719949887	100.2930445280238558
 258.000000	4.6918891542678107	92.3652015752972773
 259.000000	4.5491476322050106	87.0728815235579106
 260.000000	4.4940723621861478	116.2697984795781281
 261.000000	4.5975192845397137	122.0008196562258860
 262.000000	4.2428436798297087	119.6690300104172877
 263.000000	4.4448664467171355	102.0365276449077214
 264.000000	4.0976398926958533	129.2246370990663138
 265.000000	4.2316320849738691	98.0041819307510593
 266.000000	4.2197867466005370	95.7687545968717870
 267.000000	4.1059932312819214	89.5003426639568431
 268.000000	4.3031067577002737	114.8071513824800007
 269.000000	4.3555501372033421	104.1680510821921928
 270.000000	4.3508902194355734	84.4101180489595038
 271.000000	4.3991149306580377	110.4902120252094591
 272.000000	4.2393362357038917	100.0016355542879012
 273.000000	4.4164157212062198	99.8850967459919303
 274.000000	4.1332995984303338	73.1085346526344182
 275.000000	4.1589455474876642	64.5659205052607632
 276.000000	4.4199893093189395	102.8231556204503221
 277.000000	4.5028760632887339	116.0624441167857697
 278.000000	4.6702899374081639	84.9448426791826279
 279.000000	2.5406369436236056	34.6709464245303707
 280.000000	3.6302778231175319	67.3494847906193570
 281.000000	2.9109425557086004	46.5515238643042153
 282.000000	4.5459686376696151	140.0581729162400393
 283.000000	4.7166535502228166	102.3773829718897446
 284.000000	4.5069488116125918	123.4338642801082813
 285.000000	4.4679270905351283	107.5246174088470639
 286.000000	4.7496019603574124	111.0281971576390276
 287.000000	4.6547447754665052	95.7098775637292647
 288.000000	4.7817801622024563	103.2214732112522029
 289.000000	4.3520172861666708	100.5154514444087823
 290.000000	4.1780966294285200	96.6986074423540032
 291.000000	4.2413507707894214	109.9408651875126566
 292.000000	4.3040557059068503	99.4631060110031200
 293.000000	4.1316087784960187	124.1483137307076987
 294.000000	4.5808229958173063	135.3664844096684305
 295.000000	4.7147438414245340	119.6382921951880576
 296.000000	4.6962561754450176	113.3341132651041647
 297.000000	4.6554783784421812	146.7586661888324500
 298.000000	4.6932932587169205	131.8681996759754895
 299.000000	4.6305197999539258	127.4720397151260443
 300.000000	4.4468023569959385	119.3849446447261755
 301.000000	4.5629652365236977	96.4333079380315894
 302.000000	4.4510384826824101	123.9745312056119815
 303.000000	4.4487326423524012	106.3312450023782390
 304.000000	4.3287805909973631	95.2752197298190993
 305.000000	4.2487760737606601	103.4074692180385426
 306.000000	4.4217011655968088	103.7852159322098800
 307.000000	4.3337896541053391	101.7306083133361341
 308.000000	4.3614896600656019	113.3074486122580140
 309.000000	3.7340357728913616	110.8309001861529595
 310.000000	2.6261171700139432	34.8424764062147574
 311.000000	4.0489011303932809	46.3152797517095109
 312.000000	4.0099496721116159	58.3332416518076116
 313.000000	2.6750851278879999	22.1544699567087378
 314.000000	4.3454638439792568	73.1299637405477654
 315.000000	2.5577020802488644	40.7536654553628068
 316.000000	4.2753351403365523	96.6413450106225298
 317.000000	4.1283731292298036	122.8737581677715980
 318.000000	4.5007554588698957	103.3953331196389627
 319.000000	4.3331315948362379	96.7112186122000281
 320.000000	4.5336108365896628	95.9735128842136618
 321.000000	4.6727992690910147	112.1585307609853288
 322.000000	4.5870613907306641	118.4478641606356177
 323.000000	4.6773533345451810	113.5002921088575505
 324.000000	4.6164776133843377	128.8470459015008487
 325.000000	4.7023433540630375	121.0434469117659830
 326.000000	4.4512986747317775	119.4906458026053286
 327.000000	4.7199981191722085	117.1692739622654216
 328.000000	2.7747580665640861	41.5967612011372978
 329.000000	2.9282167954967089	56.1643941172298469
 330.000000	4.6009501396608252	115.1205955359492208
 331.000000	4.0026353880302619	66.1758669944073858
 332.000000	4.2271355361754592	67.6873765320611938
 333.000000	4.1799155919056350	59.8279489634475397
 334.000000	3.9177494642384887	62.9638712916332395
 335.000000	4.0151766881670703	59.1140571576090537
 336.000000	4.0373971848956689	64.0098040939656698
 337.000000	2.6823229368074739	30.3488027592162837
 338.000000	4.7821418844739378	98.1404679177034609
 339.000000	4.5741106003840146	94.1265031897267903
 340.000000	4.6990230600530509	124.4753207970500739
 341.000000	4.0490154636088231	50.2371537472079410
 342.000000	4.1217821344096839	51.6207872818311273
 343.000000	4.1257862382286303	54.2762021446559260
 344.000000	2.9868572549939114	75.4676331498809532
 345.000000	4.0477287093877550	66.2217753381939502
 346.000000	4.3075508945973011	69.2441298772251770
 347.000000	2.7913864592289244	34.4353314575963907
 348.000000	2.5934574736764064	13.2547010175460684
 349.000000	2.6798331377498359	27.5120604493606322
 350.000000	3.9175268204498885	67.7386412078074187
 351.000000	2.6271088666865667	38.9048840168246954
 352.000000	4.4338737964036987	70.1068383468129781
 353.000000	3.7140971972607746	73.2529692281130878
 354.000000	4.6424093919211193	125.1277775669400114
 355.000000	4.6556394364430176	120.7567795605087611
 356.000000	4.7723943325191218	131.3260608181960549
 357.000000	4.7646468684649861	91.5911342518126617
 358.000000	4.5433658037839493	111.8884870903701341
 359.000000	4.6637824043897931	120.5154015442811613
 360.000000	4.7621256792263988	89.8564689497003286
 361.000000	4.6716370578783009	106.8507708155248679
 362.000000	4.6664533104308932	111.8100252970299664
 363.000000	4.6682762925071355	119.8017347240413244
 364.000000	4.6462306102171151	117.0320697336995153
 365.000000	4.4902573574986633	122.5989782804649337
 366.000000	4.5239566325612097	106.8519301505215822
 367.000000	4.5342802125890493	104.5259323192007059
 368.000000	4.5442731602314712	118.6440253784149519
 369.000000	4.7591777143921474	116.2192053478580931
 370.000000	4.6979117131978763	146.2041174863530557
 371.000000	4.5603199445116998	112.8841868733220934
 372.000000	4.3344799148409265	96.9537145876119126
 373.000000	4.2823832824612511	127.1696068604334187
 374.000000	4.4042850016636930	109.7334929755320871
 375.000000	4.3371279305907020	109.2557837052069090
 376.000000	4.5314397292277571	115.6333004683504697
 377.000000	4.7078038052923983	107.1558680546436193
 378.000000	4.5310560680989900	100.3656664400790675
 379.000000	4.3238105962046296	106.5064695490986963
 380.000000	4.3146045155412995	65.1267604520042767
 381.000000	2.7580770656821145	27.4875969899846950
 382.000000	4.0488570763423803	64.7275725756584279
 383.000000	2.8179499037901583	34.2776873767143400
 384.000000	4.1290950874544325	64.9921484229208204
 385.000000	4.2682278617053537	78.0019654620440264
 386.000000	2.7353660008844445	33.5746273530476174
 387.000000	3.0199961927858872	55.5171412701726297
 388.000000	3.2491247917925565	48.5978878300656731
 389.000000	3.1185715192289547	126.0720971850315948
 390.000000	3.0401098769213322	50.1152586497701407
 391.000000	3.0905608158165045	53.9281459795877112
 392.000000	4.0417935740910380	66.4008346901459561
 393.000000	2.9966997836606719	41.5249875669611015
 394.000000	4.3131865670813632	102.4115048311115004
 395.000000	4.4094092744638305	87.1118237236323409
 396.000000	4.3021957848449324	101.5529733394510146
 397.000000	4.2268113966792322	123.4480210961758360
 398.000000	4.6231848834743623	100.4553613665893153
 399.000000	4.6537704370234403	114.3928917413646360
 400.000000	4.5053970329495989	119.1267051317022378
 401.000000	4.5089062543531622	120.4521737127726055
 402.000000	4.5825533376667655	135.8670629083446784
 403.000000	4.8015896267665932	82.2642288005980475
 404.000000	2.8803219277739389	39.4961528957138626
 405.000000	2.6597097717197196	32.5234012351824333
 406.000000	4.1354269416669203	63.1451236172938337
 407.000000	4.3454261617896162	69.4998101717373800
 408.000000	2.6813414089766758	28.6151007560114010
 409.000000	4.2686534250968515	60.4714320896833186
 410.000000	3.9007027788939683	66.6904197511735077
 411.000000	4.1666099883111016	92.7459735143795285
 412.000000	4.3247519679387469	94.7120630014584322
 413.000000	4.2849587170977346	98.5405348489661890
 414.000000	4.3088555010041452	99.7302225816693380
 415.000000	4.2199117714313905	100.4717290180903149
 416.000000	4.1714788475892748	121.7830019999962872
 417.000000	4.1840939780867723	97.4611515758492430
 418.000000	4.3312709640427789	130.7386701885826596
 419.000000	4.4690839423977513	109.5899509042012596
 420.000000	4.2473947186131076	126.3844073011423461
 421.000000	4.7111293247332506	100.5478831969509770
 422.000000	4.3417900145340109	93.7920915792830812
 423.000000	4.1090628403918421	125.4994692925474737
 424.000000	4.3680908526893552	96.5609498647901887
 425.000000	4.2792436404181196	93.3115008799165793
 426.000000	2.8357369194811444	37.1391375143757614
 427.000000	2.7890346788384441	34.1073357168802147
 428.000000	2.8686053128429525	39.1613766813596840
 429.000000	4.2669186860973749	66.5016114343991376
 430.000000	2.6172609957617641	32.7216079391172343
 431.000000	4.2052264484791761	64.7440121054517306
 432.000000	2.6929466723829099	31.6302089205860568
 433.000000	4.2235735878714040	69.4459209069509171
 434.000000	4.7057265711030070	111.1125697358498456
 435.000000	4.1831276985761168	78.8095539893999444
 436.000000	3.9835630459896674	83.1775481880383438
 437.000000	4.3248744046721255	66.9766771127450511
 438.000000	2.9102752870873987	43.0509954694571206
 439.000000	3.1029415890355119	35.3405039343772103
 440.000000	2.7587964539983054	33.2872116202424309
 441.000000	4.0932515268421010	77.5670762964601721
 442.000000	2.5981691981291402	31.7337683392828751
 443.000000	2.7311794659271120	26.2773398814307200
 444.000000	4.3585382774112089	108.4760085411716943
 445.000000	4.1163784018797189	107.1761983907301783
 446.000000	4.2761929760191526	121.8243843980138195
 447.000000	4.2481367801923806	104.6345833966956604
 448.000000	4.2481985560337217	121.8911909683076971
 449.000000	4.2875462008223000	100.9505966462035644
 450.000000	4.1851607870697460	86.7262680734730083
 451.000000	4.2319859567314486	108.6665903609783754
 452.000000	4.2547945993503022	92.2604149147820749
 453.000000	4.4275477075182721	98.1259396426609669
 454.000000	4.4134476655139201	114.5797225654104778
 455.000000	4.3164641682441705	86.0618867004075696
 456.000000	4.3897394966159142	105.7238237224483157
 457.000000	4.2678591689285978	97.2903803673250138
 458.000000	4.2489179740238896	106.5605129477123683
 459.000000	4.2856076713991129	110.5557062530652956
 460.000000	4.5857278686137386	102.3701745190884651
 461.000000	4.3557031068053398	94.3569485700319177
 462.000000	4.4041054693959474	118.6887772820928291
 463.000000	4.4548109169829289	100.3007833822612014
 464.000000	4.3879723057115090	90.5683398853125539
 465.000000	4.5751360075336516	104.9654580013054357
 466.000000	4.3394053619982058	97.4894233778241954
 467.000000	4.2188729255461945	108.9928531944065071
 468.000000	4.0789047382726000	95.2200110175112400
 469.000000	4.1453448493683371	122.2493958815472297
 470.000000	4.3629022839542255	129.2376104276031867
 471.000000	4.0659707588827665	98.5141946928560230
 472.000000	4.0515523836353680	108.5033950633104070
 473.000000	4.2211035152461429	100.9978679876512331
 474.000000	4.4012367757864634	87.7141826540757279
 475.000000	4.3156481621750924	94.2246912921911814
 476.000000	4.3521532985005686	93.7445237382421652
 477.000000	4.5835497006873487	97.6606069679021829
 478.000000	4.1146155374426883	85.8567475390392048
 479.000000	4.3918779757623536	92.7451720543716362
 480.000000	4.2667222560341695	111.9962694527681890
 481.000000	4.0311829949085185	95.8011779204833829
 482.000000	4.2098093252632420	93.8594754125979023
 483.000000	4.4177797960473475	97.6724314918679113
 484.000000	4.3705979774203518	117.5236467252588568
 485.000000	4.3046602206488256	109.3619431037981400
 486.000000	4.2286586802413781	97.8629647329319567
 487.000000	4.2933962316526459	127.0846194471746458
 488.000000	4.2215620126792892	114.3181707617054030
 489.000000	4.1630974906416576	97.9251694784277902
 490.000000	4.1758045672322304	121.7814175315565706
 491.000000	4.2015647628177968	92.6483123267900197
 492.000000	4.2744114255380437	109.7840654700679863
 493.000000	4.4175362371295117	98.1823443655131030
 494.000000	4.6620085083873768	115.0779897274311452
 495.000000	4.6151627696736899	144.6002986468392351
 496.000000	4.4215624922104970	96.1825748867393457
 497.000000	4.3232404765572197	104.6809589335071706
 498.000000	4.3125369517486414	110.0241222065703255
 499.000000	4.3768860082274497	99.0519936881323275
 500.000000	4.7660056264752884	119.3668805250552793
 501.000000	4.8707176299704074	105.4895326617647413
 502.000000	4.7862546293814949	106.7604898245417075
 503.000000	4.6074972345718370	113.8426643501402538
 504.000000	4.7363284857225345	105.9154199833578218
 505.000000	4.7166311809771369	130.3861595070877684
 506.000000	4.5684199832235981	94.5646879164332432
 507.000000	4.3420357560189169	98.0746599257893052
 508.000000	2.9536247201317072	31.5263975236794352
 509.000000	3.9623843668074241	50.6283175108009118
 510.000000	2.7725497767084835	34.0672473863601510
 511.000000	2.7705543035522964	32.9517786901617740
 512.000000	4.0197026882081239	62.3857359253818942
 513.000000	2.8309195171141792	52.7070117263138229
 514.000000	4.1021227023223856	60.5422204763367660
 515.000000	4.1364329344702400	69.9611180044798573
 516.000000	4.0133420517591558	55.0038050374865435
 517.000000	4.2265823385162076	96.3958437306599336
 518.000000	4.4666402932906548	107.2074769884895886
 519.000000	4.1702457700191289	101.0596624133684998
 520.000000	4.0532200119132344	129.2151375927546439
 521.000000	4.4152953514248630	101.2097699100833097
 522.000000	4.1558044415024131	108.8387770824331113
 523.000000	4.2576093498792771	111.8907343927145490
 524.000000	4.4049352952067133	105.6364781566419992
 525.000000	4.4943130468546846	101.8533225321945537
 526.000000	4.1035543640507823	107.6775092567830825
 527.000000	4.7792416056893385	95.8700320348371804
 528.000000	4.2005235868857298	96.6195074392555568
 529.000000	4.5778302794255801	128.8292682542613647
 530.000000	4.8152362701061469	120.6570845478159413
 531.000000	4.6768763736408117	115.2976166390452732
 532.000000	4.6098041734477757	108.1422130336608802
 533.000000	4.7588000540755901	141.6171374796016380
 534.000000	4.6495209079712332	135.2371077217669040
 535.000000	4.6062062261487329	96.8229541063080745
 536.000000	4.4171415866973600	137.6089625305453978
 537.000000	2.9055595030629502	32.9109313820364378
 538.000000	3.1353918074216218	53.2679239366476622
 539.000000	2.8875074924839765	42.5195035801029348
 540.000000	2.7331790766829505	35.3956395631465739
 541.000000	3.0231788253764296	42.2986066596317016
 542.000000	4.0166398897757150	66.3828182780385276
 543.000000	3.9135267359392274	72.2372221521715687
 544.000000	3.6000015707827826	62.5358454015540275
 545.000000	4.1427035688073230	53.7895663901330749
 546.000000	3.9871092939690453	120.8901972965942662
 547.000000	2.7453959390163063	26.0891618667162675
 548.000000	4.1320687072216575	66.2828072275298581
 549.000000	2.7526036300116772	26.7974893937387435
 550.000000	3.9875074862930200	61.6687099716534135
 551.000000	4.0856859977491951	54.0149314433626415
 552.000000	4.1394241764321373	62.6611227909852460
 553.000000	4.0474797009319001	65.2875263066985667
 554.000000	3.6115845582008137	76.0743374695607031
 555.000000	2.8768671756822704	24.8895778924243700
 556.000000	2.8677985135981876	42.7469878483479704
 557.000000	4.2498510046468594	57.5579511704201963
 558.000000	4.2398681342700453	56.5895445396744492
 559.000000	4.1466232595756018	50.0593290906854236
 560.000000	4.1526875244488330	61.0657564077862247
 561.000000	2.7380532578127594	39.9832301043523159
 562.000000	2.7390237133088546	31.1144793207880355
 563.000000	2.6365415906691161	37.8119359238482389
 564.000000	2.9299531380463599	34.3848743220704023
 565.000000	3.9136900558244472	62.9353490840417891
 566.000000	4.7113514663959224	118.5399305586779093
 567.000000	4.3398155557114482	97.1371857823851741
 568.000000	4.2872301739745007	102.7726547112560525
 569.000000	4.2051824224572467	99.3399472259402501
 570.000000	4.3126233524954598	104.9640315736428988
 571.000000	4.3409125557687309	98.6194424989922283
 572.000000	4.1595078559099301	110.4798411749788158
 573.000000	4.3113461893892229	92.4521078477772988
 574.000000	4.2109498934256058	100.9419152088107552
 575.000000	4.2409042936641717	100.7271182184702667
 576.000000	4.2476763611546451	112.2380041616838326
 577.000000	4.4586212568441459	113.2516870023239051
 578.000000	4.3153972243202343	101.3572182323345174
 579.000000	2.7313065907174545	32.7829732610648250
 580.000000	2.7338375224017897	41.8057184148218823
 581.000000	2.9263589432924189	46.2880740204801100
 582.000000	2.6953241598796622	25.1415020179013311
 583.000000	4.0935592755777046	56.7214053346649223
 584.000000	3.9037129159062500	62.0377536989466449
 585.000000	3.8819653068588424	70.3753113213923598
 586.000000	2.6839362070558104	22.5720152351347849
 587.000000	4.2533123573093414	61.9674670991727652
 588.000000	4.5242086928002321	107.9970812244176557
 589.000000	4.5891018398465819	117.8214593078158572
 590.000000	4.6837170166838558	115.0584415478132740
 591.000000	4.4849619648621051	115.1555081630761208
 592.000000	4.4475850441827207	109.8851721671835548
 593.000000	4.7451930505252990	108.8293905236624965
 594.000000	4.4385885068879771	135.4285487998760971
 595.000000	4.6620251265918915	87.4841928979476364
 596.000000	4.7944539674384838	105.4581387339639207
 597.000000	3.2613727878248882	48.6535663420685296
 598.000000	4.0496480027870447	72.3277644489593001
 599.000000	4.1228383822744563	72.6808498878806688
 600.000000	2.7045437327676729	32.0184791885866957
 601.000000	2.9085529284844824	37.6944807399616479
 602.000000	4.0490838673860869	68.7563637947858979
 603.000000	3.9984234163635333	61.2505583825951305
 604.000000	2.9481240669020283	63.9103739105656246
 605.000000	2.7332740896168346	30.4691745249141661
 606.000000	4.2407156257956817	95.4728395675508352
 607.000000	4.2883658854214222	93.4801888377168098
 608.000000	4.3417647932243799	118.7010690985007670
 609.000000	4.3967162177954737	105.0852653483879067
 610.000000	4.3719282147350924	97.4639574966880673
 611.000000	4.1458660848684117	99.6765521479139096
 612.000000	4.2062384952790248	105.8988745401581610
 613.000000	4.2096153054029752	92.4625236499974648
 614.000000	4.2820797442369756	105.0688525362511854
 615.000000	4.4279053209385566	97.1434542132249277
 616.000000	4.2665009509124445	88.3663385956596414
 617.000000	4.1777013105165217	105.7113818967734886
 618.000000	4.3950081917265162	113.9050258725190190
 619.000000	4.2732480230898142	105.4643402351475316
 620.000000	4.0656219255343640	98.0776301507648043
 621.000000	4.2251400398651091	106.1573616563690763
 622.000000	4.1713455758275035	89.6420535624369279
 623.000000	4.1982409037092214	97.3151977930169352
 624.000000	4.3500998986797423	96.0423401010534121
 625.000000	4.7403147543059703	105.1175571885603262
 626.000000	4.6554414204835100	117.3619709554663189
 627.000000	4.7908802749104380	142.4090560680866986
 628.000000	2.6782955254503107	24.6883333178747080
 629.000000	4.1239003774645431	69.4018382916008818
 630.000000	4.5458259994400754	80.8067839059181665
 631.000000	2.6114500618916243	38.5503674308612005
 632.000000	2.9585303141911230	63.2226428315213411
 633.000000	2.7363907911856233	45.9195923249776286
 634.000000	4.3638924253284284	68.1426147044593193
 635.000000	2.7906099703031679	35.4088634244792502
 636.000000	4.2157293380416583	74.9097898313146544
 637.000000	4.1577113056896895	60.0247702496228897
 638.000000	4.0653114755081949	59.6823520506325877
 639.000000	4.0448537139835130	63.1977970552711241
 640.000000	4.2696504606876671	113.5488862937936005
 641.000000	2.7349360452839728	33.5544574750485367
 642.000000	2.7755651732667270	38.4471378013108449
 643.000000	4.0344747401847219	70.2021691518189783
 644.000000	3.1025693575912414	96.8858992442972919
 645.000000	4.1934642532714985	67.6160209713221860
 646.000000	4.1544345845961956	91.0919231452834168
 647.000000	4.2314325128268058	97.2792845753014603
 648.000000	4.3674376174588394	98.3243219241434474
 649.000000	4.1889995968364273	80.1980535680673370
 650.000000	4.1972439170455429	75.8881689458578137
 651.000000	2.7129619969390539	38.6161564140254541
 652.000000	3.9942911099743572	66.6366437920707000
 653.000000	4.2398337449527022	69.8861074566473661
 654.000000	3.8706440674379410	63.9931753602886317
 655.000000	4.1008883606389341	66.5384143718995773
 656.000000	2.8796975756058658	32.1250287886603303
 657.000000	4.2898120540787881	66.2936451470754093
 658.000000	2.7021595897043382	33.2244269641017524
 659.000000	4.0958692120185276	67.7498203684840519
 660.000000	3.6902820286622209	57.1314242928503262
 661.000000	4.3464402379013283	138.9526670939965811
 662.000000	4.0993145835242721	69.5155177886396842
 663.000000	2.7855299097116917	27.1412291527768161
 664.000000	4.3019060063761669	131.2018521642531255
 665.000000	4.3904094618701581	107.5159137973372907
 666.000000	4.4841977252427769	113.1346993295501306
 667.000000	4.1991015619949605	101.7219780564281280
 668.000000	4.2122020895176977	103.5566794505834736
 669.000000	4.4264427991696662	98.0453847099092570
 670.000000	4.1716579562302929	95.7724461422334343
 671.000000	4.2609756367663172	108.7743327650482996
 672.000000	4.2733785813916905	125.3146482338935925
 673.000000	4.1554673951207670	90.8879179134992654
 674.000000	4.1460065559401746	98.0208904155821159
 675.000000	4.4966038343034676	105.7952576520733032
 676.000000	4.2002347597043226	97.5806264175999019
 677.000000	4.2217524918729152	123.3311599610890994
 678.000000	2.7395335521294251	38.0218570740694872
 679.000000	3.0263326641388746	69.6723463242047814
 680.000000	2.8590400830182960	31.0894235214310015
 681.000000	3.2802206356914785	58.1447272999732121
 682.000000	3.1535233850202733	41.7733339373404249
 683.000000	3.9393980355279430	71.7851238048320965
 684.000000	4.1111329617737589	58.3897577839577622
 685.000000	4.1497271273292737	57.3633809121972007
 686.000000	3.0702818523110533	60.0576593177460722
 687.000000	2.7761776153659596	41.5066619255705120
 688.000000	3.3690176656243587	69.6026295537819095
 689.000000	2.7571440276952153	35.1291650099440460
 690.000000	2.9495318107800537	43.3271273389447344
 691.000000	2.8370625914053811	40.1524722198098800
 692.000000	2.7492890607306237	20.9061268224357377
 693.000000	3.9916042086923849	52.9663455782606860
 694.000000	4.2931306685879287	75.9932079313759203
 695.000000	2.5543182846072532	36.5702383494185028
 696.000000	4.2877793678771710	66.0553322625900421
 697.000000	2.6642966696077641	37.6011939708562579
 698.000000	2.6629137434643559	32.2887603129422303
 699.000000	2.7962462444150602	38.8039957764977430
 700.000000	2.6371178748920925	39.4201958356884177
 701.000000	4.2466298537350715	108.7527923293799006
 702.000000	4.1712967542635768	65.9066828820452173
 703.000000	4.2761014444118004	77.0971537454365148
 704.000000	3.9563013582383730	58.2007469311659804
 705.000000	4.1235236627036791	75.5663128705486713
 706.000000	2.5067738155633812	33.4864141074695567
 707.000000	4.0259531069242378	52.6192715004227267
 708.000000	4.3245171907392717	81.7746609104966637
 709.000000	4.2641822354711074	69.3416552484111435
 710.000000	2.7687387101118621	49.6546572582919339
 711.000000	3.9369277258729629	87.2865681604233714
 712.000000	4.0815428895914803	68.8500052373808984
 713.000000	4.6178804092339032	86.1638842131943790
 714.000000	4.7467648674797580	96.9945721686028577
 715.000000	4.7320275408273247	114.9773330618124447
 716.000000	4.7735930480991504	98.5019894624415571
 717.000000	4.5547616923388183	102.6188740888253790
 718.000000	4.7874016426993133	101.8494035306037944
 719.000000	4.7383538375473808	108.6994553112422892
 720.000000	4.6756875827558178	109.8633481987170342
 721.000000	4.0758860110944193	59.6152481268299823
 722.000000	4.1377185459191237	62.4856844732187966
 723.000000	4.5203095717950212	118.1757440313881773
 724.000000	4.6243728051050716	93.2903417668689201
 725.000000	4.5146898052894500	92.7758881761666174
 726.000000	4.5438022907216489	103.4105228868742614
 727.000000	4.6502915886147420	109.4294790733820122
 728.000000	4.6344635142216104	116.8388330913802093
 729.000000	4.6206032227356220	116.6468063088297811
 730.000000	4.6620273825865501	112.2672414932144420
 731.000000	4.7273925427832664	91.6754762913123216
 732.000000	4.4482350255876506	125.7298019637504041
 733.000000	4.7388346921416042	138.1601274622105961
 734.000000	4.6593434089055634	114.2713314500244621
 735.000000	4.7814312716733847	118.1987183495617160
 736.000000	4.5907008182222206	128.3822330770731810
 737.000000	4.4997380855338021	105.4054820117309106
 738.000000	3.9739646916340257	71.0053165230095544
 739.000000	4.3389871474960815	108.0478727971797497
 740.000000	4.3137824184388665	101.0079564679895299
 741.000000	4.0934545844363681	99.5781502691701945
 742.000000	2.9552535555856898	47.6877825826174728
 743.000000	2.7738998139134141	47.3236566184082221
 744.000000	3.8899772056643616	63.2612143426545117
 745.000000	2.6294902163318650	28.3828569776815982
 746.000000	4.0868379269808415	56.6695846038252711
 747.000000	2.8061566248630503	49.3289300753767463
 748.000000	2.8880244242072961	50.6642803417515495
 749.000000	3.6550580002233288	65.4796972024641804
 750.000000	4.2080654841642389	74.4174510790977166
 751.000000	3.9021500693110798	68.1576078254977489
 752.000000	2.8912783857309585	40.4578863495621306
 753.000000	2.7600630775823944	41.7417616069707265
 754.000000	2.6256076437743832	32.6680968758759889
 755.000000	4.7979399571286088	101.5620714466038805
 756.000000	4.5662891899760298	102.4778750752812471
 757.000000	4.2920031393991662	113.2039568773333400
 758.000000	2.7686883260069797	27.1528554467037679
 759.000000	2.6089495815932957	25.1983757523129839
 760.000000	4.7981101190784106	114.6981519061159531
 761.000000	4.8851734352995786	108.9903876093762136
 762.000000	4.5706028804004228	132.6369841906711997
 763.000000	4.7042436903932385	114.3377263365171785
 764.000000	4.8230748560962491	103.3353168077805293
 765.000000	4.7173455197668570	116.1663328605574463
 766.000000	4.5044103007723821	107.2935018808949650
 767.000000	4.7485391499947216	114.2837507885118384
 768.000000	4.7105740369309705	117.1074824227546287
 769.000000	4.5233992186189891	113.2621035581992714
 770.000000	4.7130543763236696	108.8669583441167390
 771.000000	4.6276718083066939	98.1918329849961680
 772.000000	4.7340783444922936	119.4573625919457527
 773.000000	4.4324804774170490	102.7362477102937390
 774.000000	4.2080659613243272	102.2011070844034464
 775.000000	4.3250170896932714	98.6909258334470678
 776.000000	4.2423764411978313	106.2397729636506085
 777.000000	4.1585304190960208	99.9554057938351548
 778.000000	3.1954594319724205	53.3892196446490743
 779.000000	3.2276695373991169	42.3088433155556345
 780.000000	3.1404703146748481	47.9611869822979884
 781.000000	4.2725778637745284	66.9791913639520828
 782.000000	2.5689993649868335	31.3440415815055360
 783.000000	4.2545596084786075	71.4446463284229765
 784.000000	3.0568433687152701	52.7219221161380744
 785.000000	2.8984240101150673	32.4371226690315382
 786.000000	2.8805266391736324	49.9962235130152806
 787.000000	4.1022595295702544	64.2888949443975264
 788.000000	2.7569061349110706	27.2301282738187354
 789.000000	2.7483381441752512	36.1020864198838751
 790.000000	3.8447164535840912	51.8590341356617159
 791.000000	2.6375935944572766	43.0897745502024065
 792.000000	3.8938909054194535	60.7707267248700447
 793.000000	4.1299039152972963	48.0809908479197077
 794.000000	3.4962813075961647	111.4323196565390219
 795.000000	4.0371696407242599	60.9139010253398965
 796.000000	4.3240336646626538	116.8117383550320483
 797.000000	4.5447683379917692	102.2151549573205358
 798.000000	4.4785701909835476	127.4456806450848774
 799.000000	4.6532137050884526	94.2300649161183514
 800.000000	4.4605485285668642	81.8586464863558518
 801.000000	4.7271180636929326	93.9172451272025057
 802.000000	4.5923039951862066	105.1913738264325389
 803.000000	4.6122134946489695	104.4396263978652541
 804.000000	4.2220364360801073	66.9141797869723689
 805.000000	3.0532483669123560	56.0682515097703487
 806.000000	4.3971636590710270	121.3443955131607481
 807.000000	4.1902460506645944	68.3468697641641683
 808.000000	2.9385759112207617	36.2544852844029322
 809.000000	2.7474981737880300	43.4834513385690684
 810.000000	2.7935410222077559	52.6633054134038900
 811.000000	4.0764098823981367	56.1278684415934634
 812.000000	2.7924110349818472	40.1755832826225685
 813.000000	4.2011927820487971	62.8695485042006084
 814.000000	2.9349113909649835	43.2875377480866632
 815.000000	4.1560214983212695	72.2858641483020250
 816.000000	3.7034231425645050	70.6762869277728214
 817.000000	3.9173155403539606	65.0524969610859358
 818.000000	3.7915902812512372	62.5866326560353485
 819.000000	3.3484126651972699	76.2421271461850694
 820.000000	4.2190657643005087	74.1015528733168196
 821.000000	2.9565521961923054	34.3659326829435372
 822.000000	2.9162057593031467	27.1060941803301034
 823.000000	2.6508193418744233	34.4629935946208832
 824.000000	4.1713224005480765	65.8857699950014535
 825.000000	3.3995199363396269	61.5841409062896616
 826.000000	4.1819760051003856	61.2248211253063346
 827.000000	4.0642466556504022	78.6870652218300108
 828.000000	2.8953797255397893	38.8257881337405308
 829.000000	4.1637507569492751	66.3896260495123300
 830.000000	3.3203292449190811	52.3565583157746772
 831.000000	4.3807447008180338	75.3389172842875041
 832.000000	4.4372391188226530	128.9050519301472946
 833.000000	4.5755957759247137	118.0409438582227040
 834.000000	4.7322236836525624	84.1242789067028127
 835.000000	4.3721258037202606	105.1203656731519516
 836.000000	4.6402068193432413	92.0168869342056865
 837.000000	4.6540697953193106	142.4508667767573229
 838.000000	4.7779341564618516	96.3658677325946371
 839.000000	4.6565261589727198	95.2072499454177574
 840.000000	4.8400954258022484	79.1675750614433014
 841.000000	4.5882800328709532	123.6593220430584239
 842.000000	4.8618619902751146	97.3934182894227831
 843.000000	4.6461568853865627	94.4197603601465403
 844.000000	4.6237435675573648	102.0237983062416305
 845.000000	4.6673460786493681	114.3772346475572874
 846.000000	4.4915862695802646	85.2820084179901130
 847.000000	4.6900644620321401	116.2379644346486316
 848.000000	4.7391297593366062	97.1898383234864838
 849.000000	4.5862806867026409	118.8496608907227312
 850.000000	4.5871114025034059	133.7208706597635057
 851.000000	4.7605485806090053	121.0791025753320014
 852.000000	4.7373289482488774	108.0173246500424113
 853.000000	4.7316313828662206	114.4548046684902118
 854.000000	4.3958332099185267	106.6765936879991017
 855.000000	4.2768127081941021	104.8978228296015232
 856.000000	4.2099483988459241	112.0270027866802707
 857.000000	4.3109823814186257	115.0609542169490425
 858.000000	4.2504774439990989	93.2555663638645740
 859.000000	4.1249171423572575	117.4509486811037817
 860.000000	4.1813068533308559	100.5591768122214518
 861.000000	4.4101259112997369	126.1885084000924451
 862.000000	4.2999662968291190	105.7742391508227797
 863.000000	4.1784431243335307	104.9554488117167068
 864.000000	4.4584380142449369	119.2998518359322873
 865.000000	4.4065220290243206	108.5281505700811522
 866.000000	4.2227874155346248	103.7262345366177243
 867.000000	4.2892475631316529	105.7435627643415756
 868.000000	4.5156140150473441	113.1754236179627640
 869.000000	3.9766984236021456	55.8855638602548481
 870.000000	3.3032690202325115	46.9278200776954293
 871.000000	4.1874580243600992	62.8743403184288070
 872.000000	2.5034106592503780	29.4245671808463669
 873.000000	2.7009494870580424	29.7334521995748275
 874.000000	4.2372051582378454	98.5518080136287722
 875.000000	4.1434414055650359	97.8082877902717627
 876.000000	4.4147470009225929	111.4826298432434726
 877.000000	4.3614990428145228	96.1359024211952828
 878.000000	4.2414680356894117	92.1929555750182459
 879.000000	4.2325155210975796	97.7038298415771038
 880.000000	4.1467300403271494	96.8185595977316780
 881.000000	2.9410793495759826	63.8907923864824028
 882.000000	4.1502064660987665	63.4771070565312101
 883.000000	4.3059156383172796	49.6882475121958862
 884.000000	2.6813287886293686	39.1565649879789817
 885.000000	4.1026032006729762	66.5463296551278631
 886.000000	3.1633638115107128	125.2943262975590670
 887.000000	4.7314298069544414	92.7335985279488852
 888.000000	4.6667526096761485	119.6669137079272787
 889.000000	4.6428753119675168	101.0639707427493477
 890.000000	4.8678643828632673	106.6544708035909537
 891.000000	4.6753358958138165	96.8419731907699912
 892.000000	4.8892981651028435	96.0117260731297790
 893.000000	4.7876214761403002	110.1114046379609164
 894.000000	4.7714571347628008	94.4555146872291118
 895.000000	4.6419632965924364	111.2980269348967397
 896.000000	4.8411366541724723	104.9711479408622807
 897.000000	4.5355579101252372	119.5395668596184464
 898.000000	4.7585797136730124	100.9148723441330162
 899.000000	4.7236639809195209	119.6738117731285911
 900.000000	4.7569023419265495	120.8288733321548989
 901.000000	4.2543860264995201	95.3475696994712649
 902.000000	4.3300661550091499	101.4175342090727128
 903.000000	4.1641394927987445	108.1174768601058958
 904.000000	4.1669871082477954	96.5111140162566699
 905.000000	4.1914437184305378	91.0861361683103752
 906.000000	4.2110011885733281	124.1940371293606518
 907.000000	4.4933685525976914	107.3606456676677823
 908.000000	4.2802353222516647	126.9424230052716780
 909.000000	4.4326657009727581	95.2319753702345224
 910.000000	4.3776261182088767	101.6087183237007707
 911.000000	4.0777095121841747	114.6621277136358685
 912.000000	4.7498213032830581	115.1561614796421793
 913.000000	4.6668678326991202	95.5847736124848382
 914.000000	4.6612098279928302	111.3799607292262266
 915.000000	4.5946772922597319	114.5386457031097791
 916.000000	4.8018749647722077	112.8921513786771271
 917.000000	4.5550508553390125	105.0050556142384011
 918.000000	4.6364885538350373	114.9917504982852279
 919.000000	4.7365079861298254	111.6066872460177706
 920.000000	4.5776459985150213	116.7564287254553221
 921.000000	4.6810729223634997	120.8849042495849631
 922.000000	4.7890051543172723	85.4865771072312413
 923.000000	4.5616068037302435	77.8598481571297469
 924.000000	4.0874367865216401	60.1516288030446873
 925.000000	4.3849385634927662	71.4667894458888924
 926.000000	2.7164729237403118	25.9821455886855404
 927.000000	4.1374732378121148	79.1795858373813815
 928.000000	4.1013972694722902	56.0389364685608058
 929.000000	2.6944296887693420	20.8377953478726567
 930.000000	2.6106587756366939	10.5653212052236256
 931.000000	3.9225466610631528	63.4083458249480714
 932.000000	3.0614552708973823	128.2169453042135103
 933.000000	4.2537229389523938	97.2325693918904221
 934.000000	4.2530351668265824	94.0484852301803471
 935.000000	4.6405523848598307	121.5150958456758730
 936.000000	4.6294064509663775	131.1177092428908395
 937.000000	4.6543390079086207	125.1418152433810747
 938.000000	4.3685730651307324	107.3024118040027446
 939.000000	4.4997847982764405	116.2149768366304272
 940.000000	4.6738739117202170	103.6090483453177029
 941.000000	4.5814894218238189	145.8140065373994787
 942.000000	4.7007417707927406	119.8799210641771822
 943.000000	4.7431363513736429	110.5311661844668549
 944.000000	4.6696517910982029	112.7235449475749363
 945.000000	4.5695820863420389	122.7474267509137462
 946.000000	4.6453674239036165	96.8089079119988583
 947.000000	4.6752955229383755	111.9618658204515640
 948.000000	4.5196114631569317	114.3581440702285477
 949.000000	4.2703980155067223	116.5949810550131929
 950.000000	4.5302113424196113	88.7532326440355632
 951.000000	4.4097939210374699	103.1019901837064481
 952.000000	4.0817302169573786	92.5855954791944527
 953.000000	4.4196310798867131	88.5063342771104544
 954.000000	4.2034618372730028	94.3405526918989068
 955.000000	4.3987530822131706	104.6815358217666159
 956.000000	4.3736573571577901	114.1558019356101141
 957.000000	4.3490211259562370	102.8349604920013149
 958.000000	4.7580728497929927	111.3591207360658046
 959.000000	4.6945645363439104	144.4593132188583695
 960.000000	4.6945366667221897	95.2778233485361028
 961.000000	4.4624891326592584	113.0822590513291459
 962.000000	4.2138564875133699	111.7383160730824017
 963.000000	4.0795741723128014	108.9741706826846581
 964.000000	4.3688211275695297	109.8762434359088189
 965.000000	4.1901661927949734	107.0368227022991903
 966.000000	4.4454937743692486	88.2587613925271199
 967.000000	4.3165784313230136	97.0239346336761770
 968.000000	4.3658895959353359	101.1302122316702707
 969.000000	4.2424953253984938	96.5549704418710633
 970.000000	4.2578053259956574	116.4407427182681261
 971.000000	4.3900709140913259	107.5125233271085392
 972.000000	4.1030455538790651	96.7556686539653015
 973.000000	4.1130090549904228	103.4532302305869536
 974.000000	4.3055738303987754	91.9958242769728542
 975.000000	4.3592104313606894	100.0113915870961563
 976.000000	4.5067943326048008	106.9771593063204449
 977.000000	4.3333544493902485	94.8935792563564604
 978.000000	4.2059583711663429	97.5764548551048847
 979.000000	4.2453829615326839	93.2964010568045836
 980.000000	4.2711183771114305	96.1257235109199826
 981.000000	4.3026577352392330	87.1974456099884918
 982.000000	4.3656880086986467	99.4830957569850369
 983.000000	4.2739893829742481	96.4391633109341200
 984.000000	4.3463584868681755	100.0347755428846455
 985.000000	4.2420752969881841	105.3454643291106976
 986.000000	4.7494358691283116	124.9689187215363262
 987.000000	4.7254056112789753	93.4238823282059201
 988.000000	4.6940709200278725	89.9670938712447850
 989.000000	4.7067291687179074	88.1425546318614295
 990.000000	4.6325562065853134	125.4461734494961433
 991.000000	3.3261397447956740	43.5515187073715992
 992.000000	4.1652577197909881	61.6040971528201595
 993.000000	2.9222318724965408	55.6058780051416477
 994.000000	3.9285107843015239	68.3350896247675053
 995.000000	3.0848793226262625	51.8184477220296742
 996.000000	2.5469338250740834	37.5643436979103740
 997.000000	4.1916677081339682	65.5500550215820255
 998.000000	4.2295356777883466	67.5199275576855342
 999.000000	4.1024452939991916	52.4535228180061779
 1000.000000	4.2028975793521743	67.2642807956049751
 1001.000000	3.9050795266726617	70.7103939578720713
 1002.000000	4.4482421355667539	79.7734864025225363
 1003.000000	4.3050408698406830	127.1007647114535644
 1004.000000	4.6859340419580064	133.2810171104359824
 1005.000000	2.8843030600843185	50.4855292937379545
 1006.000000	2.7042786870422355	14.6103150740143235
 1007.000000	3.1401902925975915	44.0669300892687659
 1008.000000	4.2110486089216428	69.4120726093929079
 1009.000000	2.7660013467783418	46.3900399980171017
 1010.000000	4.0873817087764719	111.3239091589055505
 1011.000000	3.8759155958361062	72.5042774297537704
 1012.000000	3.2057114914881844	54.1083206451871632
 1013.000000	3.0677551617853780	50.3680789152246575
 1014.000000	2.6973307694687279	27.8305615688023238
 1015.000000	3.3294363056399479	96.0072614512058209
 1016.000000	4.1328077509686780	60.7312415230667284
 1017.000000	2.7598090360655516	43.3320341266795879
 1018.000000	4.2371824780521816	58.0866260196205815
 1019.000000	2.7558608720098761	53.6757648087700119
 1020.000000	4.1651931001547347	132.1013691281398224
 1021.000000	2.5942144609234910	28.4469092511743327
 1022.000000	4.5457724839086815	96.4804543906049901
 1023.000000	4.6017805957631577	121.1588033909385160
 1024.000000	4.6172651189974827	114.7750461356270364
 1025.000000	4.6054953030801880	103.9876962179604192
 1026.000000	4.6758146840625132	137.5157013000533937
 1027.000000	4.6601354751275981	132.5004610214687943
 1028.000000	4.6810905748764080	108.4300797762574859
 1029.000000	4.7901165726221846	103.0025706755025112
 1030.000000	4.2984910174983968	95.6861494650634654
 1031.000000	4.0873249313603699	130.9067922890026239
 1032.000000	4.1210918087211956	106.9967217450206931
 1033.000000	4.7645742513174616	107.2581756620162992
 1034.000000	4.6455557017072815	119.8327627695204853
 1035.000000	4.1178575784678406	89.5705498394048192
 1036.000000	4.3359247290907579	106.8440879620475954
 1037.000000	4.3200100475806300	100.5389171817199099
 1038.000000	4.2567677910920976	116.9759039199941242
 1039.000000	4.3141027923272297	99.5292986190177800
 1040.000000	4.4496523983526215	129.8724120654235890
 1041.000000	3.9337108938324667	82.8497230305099492
 1042.000000	4.1816506880153090	66.2148766685183148
 1043.000000	2.8119884146998886	38.0444303099309025
 1044.000000	2.5274380085235566	29.1673604330738385
 1045.000000	3.4477669196056682	64.9400753534901298
 1046.000000	2.9502443091365573	54.8609380859010258
 1047.000000	4.1621333872687485	52.3406653451113328
 1048.000000	3.0967368474802308	86.2201730119521557
 1049.000000	4.2743921371707971	81.4616858516428266
 1050.000000	4.1619259135248390	59.1156800452005768
 1051.000000	4.2318222488132120	55.9898910274018107
 1052.000000	4.1836019048999118	82.5167740028115020
 1053.000000	3.0348885106994441	65.1629751125794172
 1054.000000	4.2606522549236940	71.6853487306837280
 1055.000000	4.3670873516893405	62.8586488413551194
 1056.000000	4.1849115649538504	59.0293705569078213
 1057.000000	4.5299585010491183	88.1231006563379822
 1058.000000	4.4930955862715498	91.6416499030679290
 1059.000000	4.1319652581400286	105.7007000893212734
 1060.000000	4.2798665959827451	101.2776004401895875
 1061.000000	4.5139011466221053	101.4488178418667133
 1062.000000	4.6583074908953339	106.0164954320473214
 1063.000000	4.7642932142811087	107.2615504367467310
 1064.000000	4.6013830200797452	114.6753198223991745
 1065.000000	4.6470381957794542	115.4181247624543971
 1066.000000	4.7895961688815847	111.3582578740565197
 1067.000000	4.5888092168303558	95.8232293415155851
 1068.000000	4.6697234612681990	107.8224355381636030
 1069.000000	4.7189833956031384	108.2233356424412420
 1070.000000	4.4942475411905161	121.6505774266644551
 1071.000000	4.5018770829160477	118.4375822567376701
 1072.000000	4.6037715943300697	106.4563246898139965
 1073.000000	4.1591755292412467	91.7545106963816011
 1074.000000	4.1822989888768936	90.2018724965875265
 1075.000000	4.2889427943652016	99.7419821532910760
 1076.000000	4.2168244300606599	90.6829326988344491
 1077.000000	4.2336279132187205	111.3886223236196429
 1078.000000	4.4315994238501384	119.6547179077688412
 1079.000000	4.1454440710748797	104.2443549837497869
 1080.000000	4.1190823845399400	97.4096359750782312
 1081.000000	4.2756006062173970	101.9624473882070959
 1082.000000	4.3243388475341744	101.6019293051451768
 1083.000000	4.2891374905619992	111.5206707653828460
 1084.000000	4.3448434275858920	119.7301282144217396
 1085.000000	4.0700319014560877	103.4952380039029833
 1086.000000	4.6338306980816970	138.0879330923658017
 1087.000000	4.5850663123792357	125.4232440015135097
 1088.000000	4.7084044428898091	107.1040205790953763
 1089.000000	4.6350897150508112	119.5442239721068631
 1090.000000	4.4980604454679991	116.7062990392923041
 1091.000000	4.7156931942364038	96.4256342534781226
 1092.000000	4.6116303739779463	112.3056652167050942
 1093.000000	4.7683735287773930	109.0000886241591900
 1094.000000	4.7091250134248588	113.4821285411635046
 1095.000000	4.6856424376354378	139.4238979890692178
 1096.000000	4.5044695931360126	115.0240276489132896
 1097.000000	4.4670504367470816	119.9947074598318295
 1098.000000	4.5409678827745763	89.0339301855407541
 1099.000000	4.6551460316074955	104.0615585041730782
 1100.000000	4.6719510024211797	114.9397979847525448
 1101.000000	4.5818809452915632	93.7968491991485536
 1102.000000	4.6518941059057362	136.2581500700823653
 1103.000000	4.4430833914600267	128.2208609248690152
 1104.000000	3.7992152192822597	68.4146516326846381
 1105.000000	4.3142227196264296	77.0627786790640243
 1106.000000	3.7101176433616745	61.3148588959925576
 1107.000000	2.7836280008133825	37.0088349568306398
 1108.000000	4.6371512207594803	148.5170000639438399
 1109.000000	4.5340058042883493	114.5632349728026753
 1110.000000	4.5926785561192025	111.1124262806563507
 1111.000000	4.4829213839184376	120.7195034515156351
 1112.000000	4.5965399334336201	134.1354108644281382
 1113.000000	4.7353083006332923	112.2747184380312859
 1114.000000	4.5504075857024926	120.9840927710345113
 1115.000000	4.5763734530499693	117.8107526768976072
 1116.000000	4.5650837621185065	120.8056103561746681
 1117.000000	4.6392203758841664	107.8034921842492508
 1118.000000	4.6924837703353592	119.9173823877177369
 1119.000000	4.5226251023726656	123.2079899556746625
 1120.000000	4.6342820648463388	95.7642977756083837
 1121.000000	4.5749976820146934	114.6803747786481864
 1122.000000	4.7643486077834121	108.2530644068416166
 1123.000000	4.6417348898249369	138.8798979282063328
 1124.000000	4.5706725205361485	118.6258460144712075
 1125.000000	4.7716772588802634	115.8364544557988154
 1126.000000	2.8912944804360143	54.1495196991435961
 1127.000000	2.8595597037705871	36.7339400341315923
 1128.000000	2.9073380202620829	33.9346374511141562
 1129.000000	3.1725795325758677	73.1047203936987415
 1130.000000	3.4283474947143104	92.6802923732156927
 1131.000000	3.9729028947339939	65.1717694017956433
 1132.000000	2.9296586471778454	30.1056162986629090
 1133.000000	4.0687741058169253	59.2108351123552552
 1134.000000	4.0765232000938205	68.8537010130154101
 1135.000000	4.6400406258801379	121.8554196069301554
 1136.000000	4.7534117734450776	91.2750670006569464
 1137.000000	4.6903371056478438	109.8471230174366440
 1138.000000	4.6509805825995221	96.3504536142369830
 1139.000000	4.6681350040761984	115.1514814494587569
 1140.000000	4.1043753079085237	102.7562194133893883
 1141.000000	4.6292109711961036	95.2667628525310590
 1142.000000	4.0832212123819360	90.8013820999777579
 1143.000000	4.2056288511871305	125.3389000836346270
 1144.000000	4.2913433704031334	108.9238665014228360
 1145.000000	4.2957852783487320	100.5775865536412823
 1146.000000	4.2034441094000812	106.3599505564531000
 1147.000000	4.3079295730553628	105.9983418425719179
 1148.000000	4.2416787033345962	119.8670687419004537
 1149.000000	4.5814100842235375	126.1339907658838513
 1150.000000	4.1717411717443280	91.6874615822588339
 1151.000000	4.1938805729360773	99.8875476197386831
 1152.000000	4.2141053074866646	96.4954098165610787
 1153.000000	4.2077166349784445	103.0993506434527660
 1154.000000	4.2970271611504716	124.6949843642318569
 1155.000000	4.3419911872644832	98.7194596500184502
 1156.000000	4.1985675797601871	101.9092742148633732
 1157.000000	4.5129875338092660	120.9258572811521333
 1158.000000	4.5974739150502009	123.4959210836419885
 1159.000000	4.7328981759292397	120.0975307359774149
 1160.000000	4.7301760761151508	105.4637322912123807
 1161.000000	4.5118511770648251	118.4012284376495927
 1162.000000	4.7780654784572052	122.6072408311886903
 1163.000000	4.6590528774652613	140.6506007015934472
 1164.000000	2.5984619932273172	41.7706253784659225
 1165.000000	2.6672794266460547	35.8337746207494376
 1166.000000	2.8341064149421658	36.4749974252058848
 1167.000000	4.2028755929846362	53.9577589760243370
 1168.000000	2.7241558277107925	37.6832620415792690
 1169.000000	4.2867317085211099	66.2369924385981648
 1170.000000	4.3279584930959762	112.4934011988616476
 1171.000000	4.1709713331639016	65.7509669899093296
 1172.000000	4.3935871682792031	102.3802704408504241
 1173.000000	4.4938639029668046	96.3416029759774517
 1174.000000	4.6267793793011505	129.3614874457904875
 1175.000000	4.7493353849724249	110.0759323773423688
 1176.000000	3.9868869200067141	66.8722992032098631
 1177.000000	2.8111751021184204	30.2543888649836390
 1178.000000	2.7925798429450235	39.0797564472917145
 1179.000000	4.2328727635683405	67.7476109571743876
 1180.000000	4.1716037109155213	65.6197879674676585
 1181.000000	2.7411966973591939	37.1761161744693993
 1182.000000	2.7898328344155985	33.0772432302623258
 1183.000000	4.0568293287105570	67.4214224023669146
 1184.000000	2.6613350205948874	28.5584802491127334
 1185.000000	2.9222746441048399	37.8855321381893191
 1186.000000	4.2847906199483639	68.2464700290553594
 1187.000000	4.0220299686079688	57.9890623682684208
 1188.000000	4.6985669635327145	109.4013027676655128
 1189.000000	4.6608792378736430	86.7491603730403540
 1190.000000	4.6111549463752768	96.3118928025387362
 1191.000000	4.5889654034846679	113.2687929293987139
 1192.000000	4.1547768307547006	61.5551448426909928
 1193.000000	3.9342045559815424	63.2530138347840705
 1194.000000	3.9019522140920890	57.6277926517691839
 1195.000000	4.1560052603160855	62.1481688483554109
 1196.000000	4.1469942549163381	65.8096489958529816
 1197.000000	3.9387828012902948	59.2749099761943938
 1198.000000	4.4008317951661970	60.0531152974483575
 1199.000000	4.1552795547128367	76.8208648623577517
 1200.000000	4.0893939652611451	64.4165824174255448
 1201.000000	3.6964709194198697	41.2328136072866016
 1202.000000	2.6896598108094780	31.6995139704312976
 1203.000000	2.7022062768443269	27.6626008575744322
 1204.000000	4.6906388209974406	120.4379654514123672
 1205.000000	4.5921186319721370	113.9818864202771778
 1206.000000	4.5589086068404185	141.4779115266807139
 1207.000000	4.2996718523690509	104.6082076145576707
 1208.000000	4.2473695719720288	98.2649025873152482
 1209.000000	4.2494395616883311	112.7166970826659735
 1210.000000	4.2999675718346930	131.3746469035794746
 1211.000000	4.2233625737195206	99.7948491202631516
 1212.000000	4.1805187175528600	102.9076700932445902
 1213.000000	4.0602999478134452	114.9927191395744046
 1214.000000	4.2832468728129180	103.6104494764751820
 1215.000000	4.4285933248378084	109.3369565864515209
 1216.000000	4.6430602303112352	105.0095506452073693
 1217.000000	4.4262758942524858	110.9405567152234937
 1218.000000	4.2952074205662720	116.5920798703822356
 1219.000000	2.5733301181232728	31.1699782943088906
 1220.000000	3.9780297754209535	55.3528074423451102
 1221.000000	2.9590193774392723	53.7242164376278026
 1222.000000	3.7907898637174786	66.6937373872592616
 1223.000000	4.6161674320076500	93.4791100095966243
 1224.000000	4.6972137702008894	83.9803084463031411
 1225.000000	4.3408664429773198	102.6318661627690432
 1226.000000	4.2781949200482794	107.2840053556159603
 1227.000000	4.5780424432002338	103.2549345056430354
 1228.000000	4.6578320664147999	101.5648623426641848
 1229.000000	4.6526834446635492	141.5392987958708773
 1230.000000	4.6550757120550585	107.6710082305523599
 1231.000000	4.7142316652853955	90.9428864796565364
 1232.000000	4.3683661606438378	96.0080413914867137
 1233.000000	4.7536068960177218	117.7107953848339434
 1234.000000	4.6366807245981070	108.1345469290160821
 1235.000000	4.5444769657382658	105.7574205662834856
 1236.000000	4.4629869126865653	118.4725666517261118
 1237.000000	4.6583102108629015	103.2217641578529452
 1238.000000	4.5168814746073371	111.7305596311001779
 1239.000000	4.4490958676307661	123.5554553713588035
 1240.000000	4.6234624229374139	119.0137446074904233
 1241.000000	4.5586005516443970	107.4543634553560025
 1242.000000	4.7734287576079213	105.3118075709425199
 1243.000000	4.5558531290222355	120.2580787051532809
 1244.000000	4.2428349244357779	104.0744219959203605
 1245.000000	4.6201828493537542	109.3513864691058615
 1246.000000	4.7450626870275450	106.3779743431111626
 1247.000000	4.7643961065533285	94.4836485275134663
 1248.000000	4.8237709466644452	105.6262735425829931
 1249.000000	4.5601295232194792	120.5660011315076900
 1250.000000	4.6184991746653132	108.3522120980072145
 1251.000000	4.7020785161289922	102.0625172844651019
 1252.000000	4.6482254410111743	108.7789211965711189
 1253.000000	2.8222230455002806	31.8301588643834066
 1254.000000	4.1225573416450159	102.6740859393389229
 1255.000000	4.2663261245196429	97.7577377348773666
 1256.000000	4.1878971334401021	111.7166393147942074
 1257.000000	4.5944477932726038	119.4893246057476262
 1258.000000	4.6500365976162348	113.9440899719517262
 1259.000000	4.6471062201225735	138.3712151683331513
 1260.000000	4.6411427912096554	136.5110491538132464
 1261.000000	3.9798860992309475	80.8754025280214961
 1262.000000	3.2694945088387075	49.4687786459936660
 1263.000000	4.1232919818959077	50.2860115717909082
 1264.000000	4.0552511163316183	62.2241082007506350
 1265.000000	4.2847379127082208	64.0163011444743262
 1266.000000	4.4735232714096309	108.3588122179746023
 1267.000000	4.7528653242956471	123.6331994141515054
 1268.000000	4.7386853884181477	117.2845103164230949
 1269.000000	4.5981874395700721	113.0658005709164229
 1270.000000	4.6634597326090717	140.9649414873747730
 1271.000000	4.5881745343203217	119.0563698415483600
 1272.000000	4.6684458038790799	104.0377289825424469
 1273.000000	4.1043535700345419	56.9211057875694451
 1274.000000	2.7236451441655514	38.2863791514980392
 1275.000000	3.9407766503035253	64.0114202513210984
 1276.000000	4.0689680670364741	55.5801467274538936
 1277.000000	3.1452657745827861	64.5275542266663820
 1278.000000	3.9129217040891815	59.7888492987025870
 1279.000000	4.4179909727764652	104.8622518045109189
 1280.000000	4.6139778974252730	107.4422776171606841
 1281.000000	4.6026819677293771	108.5111668994316716
 1282.000000	4.6141814224746085	130.3420535878323960
 1283.000000	4.5796144963564114	125.5676071744924087
 1284.000000	4.8724443112537283	107.9631535329195202
 1285.000000	4.5377850963173971	116.1140290384329035
 1286.000000	4.7953768546564008	90.6283855965278065
 1287.000000	4.8785705393873213	108.7334847241296671
 1288.000000	4.7047865802427129	91.5733209606601264
 1289.000000	4.8032148240845274	110.2812849862085045
 1290.000000	4.1535997853179039	110.4475943109241456
 1291.000000	4.3081470108359881	108.4663006323371945
 1292.000000	4.3874949071174578	107.7350519483817095
 1293.000000	4.2206214680197007	95.9378697091179475
 1294.000000	4.3173486786027357	99.7328293937757593
 1295.000000	4.1145282332220630	105.7684625787190811
 1296.000000	4.1861888937823313	98.5086430544542537
 1297.000000	4.1634009569308672	96.9608663206758195
 1298.000000	4.4248685910498189	103.7861616915961918
 1299.000000	4.3734468222263985	101.2421749237246758
 1300.000000	4.3260686223799851	89.7204436052107894
 1301.000000	4.4124125645205110	102.2124114837179434
 1302.000000	4.2784011719589703	109.1302368272606316
 1303.000000	4.2060448446255139	123.9828743231462056
 1304.000000	4.2488334492937758	114.5317063401141979
 1305.000000	4.2705900162119272	98.2662671830204744
 1306.000000	4.2539410276941121	97.2953676183231835
 1307.000000	4.2244327700283737	107.8717778794508888
 1308.000000	4.3015750110853768	97.1170870728970783
 1309.000000	4.5442837898831154	111.4390872421811878
 1310.000000	4.8108404345701459	123.0087503944012042
 1311.000000	4.7526711347343324	97.0048803258007695
 1312.000000	4.5879515647812052	114.7095675096140042
 1313.000000	4.6712995612663670	114.5219248414441324
 1314.000000	4.3449305620032481	93.8543350714256661
 1315.000000	4.4376005351302084	90.8272235776665582
 1316.000000	4.4513968381905098	105.3033323568081556
 1317.000000	4.2550025071814845	102.1296882702049089
 1318.000000	4.5388160299036500	136.7163075298068691
 1319.000000	4.6457105713124127	100.5007210175332801
 1320.000000	4.5745620947835786	109.2814578768904283
 1321.000000	4.2846979314290365	96.6602547561666086
 1322.000000	2.9131463032220761	51.1252436169046973
 1323.000000	4.2464034278915417	77.5629481749280529
 1324.000000	2.8122325281818967	46.6869457607467666
 1325.000000	3.0193843965419842	57.5358075381280685
 1326.000000	4.2258912139114893	69.6626466398350317
 1327.000000	2.6221978526026235	31.9162983322565310
 1328.000000	4.8668113142062293	136.5665292593334925
 1329.000000	4.5624086264232275	135.6689263223013029
 1330.000000	4.6456216596904332	122.7386996672263990
 1331.000000	4.2171578557737615	66.4499596377389565
 1332.000000	2.6391808453443075	24.4135339388309944
 1333.000000	2.4980176382534922	23.1874048852508849
 1334.000000	2.7020927695326411	47.8725317654244975
 1335.000000	4.3991219595567834	88.3337537182235337
 1336.000000	4.0349300462258553	75.0349540265670640
 1337.000000	4.2597297546770063	62.6479060814511115
 1338.000000	2.7919379238379727	45.5869971158763860
 1339.000000	4.0935630209439156	63.6185736880540134
 1340.000000	3.0354633699643387	102.5654949486145711
 1341.000000	4.2813418062887392	74.7695511078186712
 1342.000000	2.6486411231155862	23.5809014013695730
 1343.000000	3.6154303725903199	83.6467935488481658
 1344.000000	2.9522408093044459	33.9696038873156851
 1345.000000	2.9963713832999410	39.0865353038851424
 1346.000000	2.8508491163991638	35.6412352288409977
 1347.000000	2.8321112603413692	27.9511944457750587
 1348.000000	4.3545563018493230	101.1699491843831424
 1349.000000	4.2646720328109833	95.6289393529510647
 1350.000000	4.1554507357076274	118.6606985272883321
 1351.000000	4.3524493296880760	122.7450904693019709
 1352.000000	4.1651693467741806	89.4280042412429736
 1353.000000	4.0370010044582463	107.0323745542279426
 1354.000000	4.5305480370066604	122.8839269238539487
 1355.000000	4.5739959144325963	104.6405953368917636
 1356.000000	4.2533088061362081	98.8012502797104872
 1357.000000	4.2003125213618198	99.0572273602594322
 1358.000000	4.5906330211785900	103.4524184700479594
 1359.000000	4.0495575610394638	98.0469075278493278
 1360.000000	4.3841862461685368	90.5081868298316721
 1361.000000	4.3271574112324434	95.4174723930043598
 1362.000000	4.6976469137715311	116.7855010820291284
 1363.000000	4.5684368232235730	104.4467862625405274
 1364.000000	2.9140378263341145	53.3353430757059783
 1365.000000	4.6968950997651975	118.5638849447641974
 1366.000000	2.9220528720903469	32.6449341377157225
 1367.000000	2.9490407531914977	39.2490869202608508
 1368.000000	4.0251105011631534	97.0066035714429660
 1369.000000	4.1223487374179033	60.0850968325573831
 1370.000000	3.1125366800070635	51.0383241687802069
 1371.000000	4.1781842019509199	57.5724309034517461
 1372.000000	3.5149405915642422	52.2377412680853439
 1373.000000	2.7174816347448898	30.3258223870123800
 1374.000000	4.1456463989475418	56.0804632695613492
 1375.000000	2.8529536570287579	35.6974182839630316
 1376.000000	4.0674861423260316	54.9810483793384890
 1377.000000	3.7137680712819865	65.6877281163319253
 1378.000000	4.7698214738862630	117.4553292332792012
 1379.000000	4.2883117472533465	110.4361166881227660
 1380.000000	4.7133757090587496	107.4118336571803951
 1381.000000	4.5203887723791203	137.5564983134393913
 1382.000000	4.5046802785180153	119.2004181375833838
 1383.000000	4.6585431940678665	92.2470671466199406
 1384.000000	4.5148207311614668	119.3044520255801757
 1385.000000	4.6407877398151003	107.6310479032788550
 1386.000000	4.6543173745571131	108.7528284003327599
 1387.000000	4.6234831381174946	112.8799441959237555
 1388.000000	4.7431743321133082	134.3001033877772556
 1389.000000	4.5989593420807759	124.0273320664392003
 1390.000000	4.7816263230462939	107.7872857531302344
 1391.000000	4.6671091333337538	117.1116156616630519
 1392.000000	4.7586929725864069	98.2007039018425019
 1393.000000	4.6648318035256553	117.6027785956268019
 1394.000000	4.5917161544507401	120.2088111963202834
 1395.000000	3.3993835008777604	46.2035371334748675
 1396.000000	4.1080745399534262	62.0381185824440138
 1397.000000	4.6805604582651696	115.7794536669106265
 1398.000000	4.7982081787723869	93.5977394440759127
 1399.000000	4.5535361275557564	111.5924583254913784
 1400.000000	4.1410383146989274	98.8718668322238443
 1401.000000	4.1788345688504203	99.2378164872839648
 1402.000000	4.2092883488929358	82.5844435453055041
 1403.000000	4.2592544117723365	106.9365016920844624
 1404.000000	4.0780358584957943	119.9995555621154892
 1405.000000	4.3408443862552177	95.7293958188975438
 1406.000000	4.6310887193229302	105.4990590220157145
 1407.000000	4.7286548715574979	106.1778793975682049
 1408.000000	4.7704383424283687	116.0743486308661119
 1409.000000	4.7086234178432473	100.8129138480175300
 1410.000000	4.7014405511489201	134.8890013397752625
 1411.000000	4.7721877977599787	107.4273800961366305
 1412.000000	4.3044470755599642	120.1433887929341751
 1413.000000	4.1582449795089760	97.4646582976600797
 1414.000000	4.1142327223612236	127.3412861514648569
 1415.000000	4.2889746830855486	113.1237609312152159
 1416.000000	2.9427026424757612	32.0255356930032065
 1417.000000	4.1842197108642543	67.2824843256468341
 1418.000000	3.0985618364010254	43.3892727701604599
 1419.000000	2.7717025457102569	28.6484858640844209
 1420.000000	4.1530559542112933	56.8280920279713655
 1421.000000	2.6245392272451555	26.4657572850370286
 1422.000000	2.7443037712778531	31.7259203777218772
 1423.000000	4.1200158538139258	63.5673068403940249
 1424.000000	4.1965562834589916	73.8796451119441286
 1425.000000	3.0559862141104928	46.4553529830486411
 1426.000000	2.8697236692981916	33.4337419620489413
 1427.000000	4.2879317468156710	61.8461190764459445
 1428.000000	3.3253770800327573	55.9418668494984246
 1429.000000	4.1846730039751732	79.1933556637712570
 1430.000000	3.4063613745220169	161.3115416838716669
 1431.000000	2.7253288736165890	19.7608100751339748
 1432.000000	2.7288590685806375	29.9741832329305566
 1433.000000	2.6191509988329917	32.4370335114753345
 1434.000000	2.8990389571229773	55.7160499251172467
 1435.000000	2.5204009416755748	34.7200007982248735
 1436.000000	4.1382649760011834	72.9300038914181528
 1437.000000	3.4341487683016489	106.5990218622388710
 1438.000000	4.7946875376631999	120.7182888147475524
 1439.000000	4.6626743698837902	139.7125585670608245
 1440.000000	4.5319410668753735	89.9294763527701804
 1441.000000	4.6632913328109069	95.4107051513664146
 1442.000000	4.6025766197359133	123.9105827654901475
 1443.000000	4.6757129085047193	116.0276227190622365
 1444.000000	4.6346102626841770	98.2243883462892313
 1445.000000	4.2458283925806795	101.8106788881840288
 1446.000000	4.1342170530828435	97.1704581704173052
 1447.000000	4.2961136799015636	126.7358981925439991
 1448.000000	4.2875199309266518	99.4906699022199064
 1449.000000	4.2944405865441198	123.3494134008152798
 1450.000000	4.0890552314194419	96.6601342451088925
 1451.000000	4.2885025211944994	95.9493236574463282
 1452.000000	4.2183493131605116	108.3206930659855800
 1453.000000	4.4949785551170534	96.2846755037849675
 1454.000000	4.1209177438773485	87.0038934033496929
 1455.000000	4.4516367182602208	105.9253451030459701
 1456.000000	4.7392954469672350	119.2524185705978113
 1457.000000	4.6044572784493383	124.5912471503874031
 1458.000000	4.6806472558898760	110.9849909761674809
 1459.000000	4.4926228487852127	125.3839548777805248
 1460.000000	4.4386095491150499	93.8737774839380137
 1461.000000	4.6766326136085867	108.9882272615819403
 1462.000000	4.7747145777419018	144.0276447607022590
 1463.000000	4.6823695815099704	117.8002977483010483
 1464.000000	4.4825687216703560	139.4281595382759917
 1465.000000	4.6703128878039228	104.1692159279629948
 1466.000000	4.4941778635992593	110.9404351258931030
 1467.000000	4.5920868649980582	119.2314902761582687
 1468.000000	4.6199198825743562	100.3396958246476913
 1469.000000	4.6314600297138995	99.1716700046203101
 1470.000000	4.7246056868491291	104.6163656816522973
 1471.000000	4.7611709351740918	100.8193065594318654
 1472.000000	4.6080038947028976	99.3610687237893444
 1473.000000	4.4941833122950179	116.8968138275220667
 1474.000000	4.7294434329142199	108.6246322094310273
 1475.000000	4.6429989738682087	114.1130122358760985
 1476.000000	4.7543811143320625	117.3881370065948033
 1477.000000	4.7051527442029872	119.0510555878814642
 1478.000000	4.7427321651360881	117.4305328615564008
 1479.000000	4.3406852525737065	114.4659321026378080
 1480.000000	4.6385016010416980	127.1035761436958609
 1481.000000	4.0623453843098458	54.5541557059017066
 1482.000000	3.0892134508374238	47.7073436878222026
 1483.000000	2.9809300129968297	25.9313289907825606
 1484.000000	3.8613897529013848	66.1402840200952653
 1485.000000	4.1802477186023390	51.9776455531588795
 1486.000000	2.6641585524821796	23.2160329745130980
 1487.000000	4.0613376486635815	69.4208038899271997
 1488.000000	4.0436457070704046	74.1738680678519842
 1489.000000	4.1286181586767530	53.2518495438939965
 1490.000000	4.0422274735284338	58.4231235707035523
 1491.000000	3.2215420563699748	61.5746514931075808
 1492.000000	2.8149193643537869	38.7077244623100967
 1493.000000	4.8064776545124124	119.0445289845413583
 1494.000000	4.5932019173669616	119.9972899784108620
 1495.000000	2.8822939955082507	41.7064602160448601
 1496.000000	4.3593641760925941	79.3268210356403785
 1497.000000	4.1260205112888455	59.7202930451953335
 1498.000000	2.7042182823970626	41.0868403736786831
 1499.000000	3.1016819299089180	152.9898603890108859
