 0.000000	14.9323819745004744	45.9809187099243672
 1.000000	20.7068882420610407	39.8737327607632608
 2.000000	19.4780689509800098	99.7167220147855886
 3.000000	12.8146446335981139	41.6407659398982730
 4.000000	16.1641992342153102	48.6434683495002389
 5.000000	17.5905753125715805	80.6902197245611461
 6.000000	14.9605681078519144	9.8577001239860635
 7.000000	13.4675623414009227	41.1397855737152724
 8.000000	10.2449526896655936	35.2053531424861887
 9.000000	10.2296556917011667	39.0096847488071035
 10.000000	10.1707162997188014	33.4943342815177516
 11.000000	11.1999784219552261	43.0066344139825105
 12.000000	14.0661505289915851	21.8811413320548525
 13.000000	14.1262656274044147	31.1604704846118636
 14.000000	17.6266452018823720	57.8287441903915038
 15.000000	16.2791900036283010	37.8797364704531105
 16.000000	12.6048080797859985	26.5275125463226686
 17.000000	13.7992943496583784	37.3363510583810125
 18.000000	12.1693844044230328	37.9863695580987155
 19.000000	11.9624489491687580	19.4738721386183613
 20.000000	12.6457220790513336	27.7269601790888487
 21.000000	12.3408313808447154	38.0378427981999323
 22.000000	10.2477452900450068	35.7950187084353217
 23.000000	11.2250909330391924	70.7734043745480790
 24.000000	12.5763309700853512	43.4381464333304450
 25.000000	12.3217821090325153	7.8819847496573630
 26.000000	10.2746049760749312	22.8445828000363349
 27.000000	13.9880220677171181	24.6177133985615626
 28.000000	20.9437489265349974	71.1733329909024945
 29.000000	15.0748346846179846	31.3399985142287107
 30.000000	18.7352204476184419	43.5374192771840285
 31.000000	17.0116941549591729	51.3503691309348369
 32.000000	17.4487976899330590	63.5668300110127547
 33.000000	15.1165870769778881	26.7401593819007815
 34.000000	14.4023574393711531	71.1572639808623109
 35.000000	14.8485155133648625	29.2988758551735486
 36.000000	10.3312747166204417	10.8999318021269005
 37.000000	13.4606280392378128	72.2925504040796767
 38.000000	15.0032216111421359	40.2648295633927091
 39.000000	21.2132984606335953	83.6781401482308098
 40.000000	15.6138785186640359	88.0739872585501189
 41.000000	18.2952549219881782	71.0591012401283280
 42.000000	15.1357092497121002	104.4242382570426741
 43.000000	17.3306184939711194	85.5131008233102534
 44.000000	15.5036961333567387	32.4681749408599103
 45.000000	22.3780245545789960	83.7595725835795548
 46.000000	21.4932940885943324	124.6247764438466135
 47.000000	16.1997196536228358	46.6559871001238946
 48.000000	12.9510420936696491	123.1823079011754771
 49.000000	16.1096383803195700	122.0865211255976703
 50.000000	19.1452750326507974	117.2972638489673614
 51.000000	11.9703236817871588	37.0580791458712611
 52.000000	19.4122056586558749	66.6716972310878617
 53.000000	15.3520751282194130	83.6525837899606444
 54.000000	13.0220030423548376	139.7066901077339480
 55.000000	12.7735224838042161	48.1646443877032766
 56.000000	12.8339672653591208	70.8126835902060208
 57.000000	16.0994329026997356	33.1455286505718334
 58.000000	11.9666008758708085	62.3866626813465643
 59.000000	19.1573899017351259	60.1710343214074896
 60.000000	15.5059357707217753	44.9413639784282566
 61.000000	18.3153999395878806	92.9657748126306984
 62.000000	10.1215192255291235	21.7729374926685750
 63.000000	11.5587553094272568	26.6356775263056136
 64.000000	11.7040564602791619	44.2144499291798354
 65.000000	10.3846498076252551	33.3038582964611010
 66.000000	12.5084132532060863	42.3902591378663374
 67.000000	10.9495933196004636	40.5193066468970926
 68.000000	13.5483578652713437	72.0599358178155995
 69.000000	10.6459526392824522	32.6831948876477156
 70.000000	11.9027488245337718	18.5060053272543712
 71.000000	10.3430578574798560	52.9258089993848415
 72.000000	9.7053909496811972	45.8712057454789601
 73.000000	10.5616202132275401	32.1742194166615150
 74.000000	12.2009381162761521	50.5360389910011634
 75.000000	22.3009045921070665	78.3911650687007437
 76.000000	29.5727286732057699	56.6907249555387978
 77.000000	25.9260830598226448	82.5765307794497545
 78.000000	27.3278356559176459	112.5880560018005241
 79.000000	28.4857976723742752	104.7293544894143906
 80.000000	23.0913683185129166	80.0635660646019147
 81.000000	10.5975862805250785	69.1316479377385775
 82.000000	11.9310488078906189	38.7447949047696341
 83.000000	19.2880130009986175	135.6882155040781868
 84.000000	15.3794321912672540	82.8216720702713189
 85.000000	10.8386463140900258	69.7100249392080258
 86.000000	15.4336487200826795	38.1801247176393304
 87.000000	13.8741531700443499	30.9734222542801092
 88.000000	16.1859342892308469	61.0315039214392669
 89.000000	15.3540517168098720	98.9976486814218646
 90.000000	22.8229068732084919	77.4760180658850430
 91.000000	17.7570118500012946	38.7622664974145437
 92.000000	16.2841195728021759	102.6823310520170196
 93.000000	16.2014770418337619	81.8654021106896295
 94.000000	14.1847304683157400	59.6036362727297444
 95.000000	14.4019815037467627	106.7994013402720412
 96.000000	10.5802608582764250	78.5853445845041847
 97.000000	16.5894359553237791	27.4384806093754889
 98.000000	10.9247375195909857	125.5540202502393186
 99.000000	13.7251762391564345	53.4118496858675798
 100.000000	10.9393942590027287	50.8364477083834458
 101.000000	20.7128919573788579	71.7790707536278063
 102.000000	22.2556997307487876	101.3755203441810551
 103.000000	9.3889308727205592	76.8257590358136184
 104.000000	16.1228529818521977	11.2284309150094543
 105.000000	7.6210745851722868	120.7853974342168897
 106.000000	10.0379077319578567	146.0548865858405634
 107.000000	12.2110680303178896	80.8268517913033406
 108.000000	12.9285423182704804	49.0641452553439592
 109.000000	17.0762641060417550	109.4042339680273273
 110.000000	13.9882356930133103	31.4818547823303447
 111.000000	18.2286299642545906	63.8208975441442732
 112.000000	23.8352142217962353	85.6127684669960445
 113.000000	23.0963657105182030	92.8915528404531017
 114.000000	18.0907298882791707	107.6040931403877323
 115.000000	15.8426297933695039	40.7586100714254087
 116.000000	20.5154665190320209	65.3242566542251240
 117.000000	19.7062539722118402	67.7497684751350420
 118.000000	20.5696311951629447	112.7860317752706152
 119.000000	15.9520898156774997	113.1891461576280733
 120.000000	14.2155180311223610	105.3545435550122846
 121.000000	17.8243518792817461	56.1872346822460429
 122.000000	15.0189950076518315	73.6553079771803851
 123.000000	18.0630196509413281	88.7845224910528259
 124.000000	10.4639094813803855	50.7952675918537295
 125.000000	15.3162209966220395	82.6609260812358997
 126.000000	15.4844535626103852	66.9368672818215344
 127.000000	17.4516078868772695	119.6602172357623317
 128.000000	13.9125567260215792	60.1555019949551024
 129.000000	18.8721230259114741	74.7837814484832819
 130.000000	17.1500544076334762	65.6184548763114606
 131.000000	19.8123654458183580	57.8468501874021825
 132.000000	15.1679549608318123	68.8062332849456197
 133.000000	14.8005697907515721	63.6816753429657183
 134.000000	13.2496616664157845	91.1629221466210993
 135.000000	14.4469830608669056	62.9436030091747796
 136.000000	16.1048198213407368	59.3312417523651163
 137.000000	15.4856818050338259	51.5072358174834903
 138.000000	21.0405914975601718	71.4715343038560889
 139.000000	23.4044018468472146	54.4560853393772533
 140.000000	15.9929570225101507	36.6845153141895537
 141.000000	18.2270988605713704	62.2915499614526595
 142.000000	17.3215399683720470	17.4700474061086481
 143.000000	14.9605445330255549	50.8534013966806526
 144.000000	17.4722714597802806	59.4979223189103408
 145.000000	19.1730977257488533	94.9447658158294558
 146.000000	17.6013258327214004	137.2624971171767356
 147.000000	17.0668340629657322	60.9407125960439799
 148.000000	16.2110558546274532	54.9246143096269606
 149.000000	16.0291637809901744	99.6159582392436533
 150.000000	24.4625585563456553	102.8905588358255443
 151.000000	18.1900816528735056	80.2247953228155524
 152.000000	14.0687434336379784	23.5288857101500923
 153.000000	18.1764856498995648	48.3601051637341186
 154.000000	9.6929729084052898	20.3786488202978546
 155.000000	19.2520134083376533	107.7928694306635293
 156.000000	25.6431512350148516	115.8099333822860189
 157.000000	18.6576549960534521	127.5463956705188480
 158.000000	21.8858882089584164	8.8587215842998432
 159.000000	16.5541614454708679	108.8373087818764446
 160.000000	20.1249478488662383	108.6412235143575060
 161.000000	19.1036651426607804	106.1193180302998371
 162.000000	20.4283472488354896	89.5065090035314910
 163.000000	21.4985367650870032	99.3957993993314943
 164.000000	19.5951924898613612	122.7613755581988357
 165.000000	22.4259913194054512	15.9985098453399814
 166.000000	13.9102066948548195	36.5760144560072717
 167.000000	13.7986670588167595	148.7431522450879982
 168.000000	8.7075193723663045	47.3621745954628750
 169.000000	15.4848532313076870	114.3366664787799323
 170.000000	16.6504364934531601	126.1020495899227569
 171.000000	16.0916833696193073	52.6589785333045626
 172.000000	19.1165467202374622	141.2086514078149833
 173.000000	23.2062568874457291	86.8960468954843037
 174.000000	20.5991618667632110	110.4377458866228352
 175.000000	27.6819825901931829	92.0135410975956773
 176.000000	10.4718705928966891	24.4457915984793601
 177.000000	20.9744778047579565	98.7468784882548931
 178.000000	20.4128425459544260	89.4033741030061719
 179.000000	20.5171577612525482	97.9980542320255665
 180.000000	19.0446857858891079	119.7941749127679856
 181.000000	20.5809898784589151	44.2343062462469732
 182.000000	12.2086208751992498	16.6948458912441708
 183.000000	17.6208097877160839	43.1518984603317790
 184.000000	17.9520951839749152	42.2201086646269914
 185.000000	18.7819108296150468	53.6561598213825448
 186.000000	18.9052970069375945	54.3915854442276014
 187.000000	17.7514531821612849	104.5046296528633150
 188.000000	21.9882541278157468	107.3939325972685594
 189.000000	14.7432262778634797	34.4784021265960234
 190.000000	8.8430173313791531	47.4160091648043078
 191.000000	16.6140765292552324	54.6894917364080868
 192.000000	20.5821130812089912	82.2947503164002825
 193.000000	19.8148792931263706	91.1516634779143828
 194.000000	13.6275667139464005	71.6143334174742421
 195.000000	13.4945000195279352	63.3438410649180952
 196.000000	14.6080951138478170	47.6180617244708628
 197.000000	17.6800075073703447	71.8086790216771647
 198.000000	14.8816708424084680	81.0021313666925380
 199.000000	17.2515220828569902	89.3340892923149283
 200.000000	14.3530943767231296	55.2098359612589462
 201.000000	19.3511059374953902	81.3098547036730395
 202.000000	12.8326739972792279	71.7339709384364568
 203.000000	15.6685318716331476	57.6207973627249572
 204.000000	16.4230644582664347	73.0003928899727867
 205.000000	20.0878685440228821	44.1917994215101260
 206.000000	20.9497907885853039	74.6353835914417658
 207.000000	21.7701291896328151	91.7033427152760225
 208.000000	23.8277678793052239	45.5857869525416106
 209.000000	14.5183873773782164	53.6418664679121520
 210.000000	16.6388366604710214	17.9130197973644556
 211.000000	29.9032824178111518	73.5024315557221399
 212.000000	24.9727831653815784	67.5218739275869666
 213.000000	26.4205313405007836	19.6817248852670730
 214.000000	21.9764599300534265	90.3828384833809082
 215.000000	30.1036260132934324	88.1736821376102426
 216.000000	30.1586494663629097	100.0839815566815645
 217.000000	15.9177501564370605	62.6652040114366713
 218.000000	22.3447809985051080	117.5714897292298815
 219.000000	23.8554855760190705	76.8686890452513438
 220.000000	23.7667815369106030	77.3771767021409715
 221.000000	24.9567571567590640	101.5208487451072017
 222.000000	19.8067580161521803	84.9761179205731878
 223.000000	16.6561983634032451	123.3340174529408557
 224.000000	19.2680205639507491	67.6328680916836475
 225.000000	22.2661571169112769	101.5382636744640905
 226.000000	18.6961954862664506	128.7253557092452922
 227.000000	18.6266457369990803	105.5029404420037764
 228.000000	21.4330656621597697	82.4564120206826630
 229.000000	20.1802375577236042	108.9301175437937133
 230.000000	18.6347142189583401	127.6805764701241799
 231.000000	19.2099531242153247	130.9384701553632340
 232.000000	20.8709302949066497	98.0213661616553793
 233.000000	19.5208559592321969	50.8407350356288532
 234.000000	20.4310069537255963	81.0573291865604091
 235.000000	23.5080427445800986	56.2127611743500069
 236.000000	18.5171764068536824	70.6228728331383167
 237.000000	15.2658707156981102	65.1543532532382130
 238.000000	14.3158227026012135	64.4951062668442603
 239.000000	15.5550003053110792	21.8074178235576994
 240.000000	17.0905955470766671	25.6535087683452900
 241.000000	16.7599404067913191	44.7109250723570426
 242.000000	22.6095326139681916	66.5521817121361181
 243.000000	17.6249878843383101	73.0509230071757827
 244.000000	13.5016987119083218	37.2129594508922139
 245.000000	16.7934921699811035	54.1874414450386297
 246.000000	17.7144834548828847	60.4498133214028854
 247.000000	11.2513985053340768	14.9310483427115059
 248.000000	11.3675875449090125	12.2012446423958920
 249.000000	12.0276911722567572	37.4634145904784646
 250.000000	17.3474331985236887	37.7652447730627330
 251.000000	13.1914285990495461	33.7828579284450541
 252.000000	16.3815868401541813	29.8205156906152240
 253.000000	15.3491288241680497	96.1434110922285043
 254.000000	20.1639627530668122	32.8774954281973351
 255.000000	18.2003423461966136	118.9612699275626539
 256.000000	10.7704231151477732	54.4754419506042922
 257.000000	14.4329232185276837	23.2323775799263501
 258.000000	17.9209406360140697	66.3469698016385934
 259.000000	17.7069253570112437	24.3474951111685698
 260.000000	16.8614429615083772	47.3537827432105303
 261.000000	11.4794836638150723	104.3498929040110426
 262.000000	24.3208293412406746	127.4079711909272987
 263.000000	22.9667055970007006	82.5418709386972722
 264.000000	19.6688418144409098	110.3180106535864979
 265.000000	28.1195679414154753	82.1933894289969942
 266.000000	19.6426784247681283	78.8795576665169023
 267.000000	15.6021406424361029	98.2822916187736553
 268.000000	20.4325676620986876	113.0433515851833732
 269.000000	23.1152725392540113	101.1234585141648950
 270.000000	17.6375290566530403	90.9907441761835685
 271.000000	25.3770092065236526	120.4331486925006800
 272.000000	26.4984097670486811	81.7093448960005588
 273.000000	22.7561159939662545	147.8042870980523560
 274.000000	16.6091873509068328	67.1525018395425093
 275.000000	23.7036917771435647	66.0101013300171360
 276.000000	23.0976600504909371	74.3651191144768404
 277.000000	24.9255093636291889	102.0943424337492758
 278.000000	24.4601568068238997	17.0098893273239185
 279.000000	21.2619670285396154	16.4196779885238016
 280.000000	18.5921230181846191	83.5769345311866516
 281.000000	18.8266419931758797	111.7778262167570205
 282.000000	21.3991952153920728	105.4769284941895222
 283.000000	22.0033657895423325	64.9602571022117843
 284.000000	14.4947545518148413	53.5565449452481488
 285.000000	15.1217982614301398	42.6166816044111272
 286.000000	16.7570264933106152	41.6061119210948505
 287.000000	19.8204118131115941	74.3926039085273771
 288.000000	13.6886340755234137	53.4445054012212353
 289.000000	12.5046599302184909	24.2766873944779036
 290.000000	8.5524632626802788	13.4398998237187755
 291.000000	11.7322186392389529	28.4987228638135264
 292.000000	20.3554774551362812	74.0415381557052257
 293.000000	13.5989326106405493	55.7487406206047922
 294.000000	12.1734923219262541	47.1731538694670007
 295.000000	9.1111225453629316	28.6411843754137294
 296.000000	11.8526376185485578	42.1391742700197085
 297.000000	10.7686606029134868	32.3396569275505215
 298.000000	9.9177755171256923	22.8218849214089516
 299.000000	11.6826874593362984	24.3514148503500678
 300.000000	11.4833156962533369	34.7342744096596334
 301.000000	15.4562805578879967	49.5770278039874484
 302.000000	12.7440903966333661	28.8534944499059236
 303.000000	11.6840318485012453	25.8283200706103742
 304.000000	13.4669082628631287	10.4693627760745471
 305.000000	11.1601418920856421	45.3483506719404375
 306.000000	13.3752301551025905	20.7961656262539236
 307.000000	11.4741955321660694	27.2121231081953283
 308.000000	13.2559458554908396	49.3751495815668875
 309.000000	12.1707197288684608	21.3379629591687490
 310.000000	15.0881448698848875	94.9711089862970823
 311.000000	13.9223769564383932	33.2430954900286508
 312.000000	21.7107966018416931	36.0805681049689895
 313.000000	20.2149764153340961	81.0541278557390115
 314.000000	20.9157232923262377	92.7468154404560181
 315.000000	14.5177626164660563	76.6153175952831305
 316.000000	19.1416547656366909	42.9627860234755303
 317.000000	12.2883686100026583	54.1668777383784033
 318.000000	9.9148762374779587	4.3525440718718471
 319.000000	11.4621440551145231	47.3001006599413074
 320.000000	8.9600985115635563	32.8278546157712583
 321.000000	10.7941665009761163	7.5427737999646354
 322.000000	10.7132149312945444	24.9975353612208835
 323.000000	12.8476486578773663	26.0290979566395890
 324.000000	20.7838861506861718	62.2297528825315993
 325.000000	12.2603912859221573	11.5850901448648074
 326.000000	9.3847557138357001	35.1061902196501308
 327.000000	12.1035516541900847	44.4330373962878014
 328.000000	12.7895115533041785	45.1906292209192202
 329.000000	12.6682597199841549	31.9896345985447965
 330.000000	18.1884054041837047	85.2545360490642992
 331.000000	14.5532889696647061	75.8684772112578543
 332.000000	11.0500027449780038	36.6766068666665319
 333.000000	13.2397461782104298	51.2249578857087329
 334.000000	22.6391331718290196	60.5077164015125391
 335.000000	23.0981960025223536	108.9564749670408190
 336.000000	23.4452894406854035	93.3179014369648741
 337.000000	25.8402520271456559	33.4877270266672724
 338.000000	25.7436232187093381	96.3114269386998529
 339.000000	17.5200748531229209	66.9643712748330415
 340.000000	17.9838726572962706	89.9932051670145512
 341.000000	20.6526499418465370	62.0146965630272859
 342.000000	16.1341415952540217	70.8377808958678372
 343.000000	21.5225453183371371	94.3147035745624436
 344.000000	19.6671946916325027	100.7291971483536486
 345.000000	18.6567762902156993	86.7848390842551112
 346.000000	13.2749169727194776	37.3170585972445110
 347.000000	13.6673335997680692	142.9839476143748129
 348.000000	27.1781002857397844	126.7509126164668771
 349.000000	17.1724577446948281	139.7260757166999952
 350.000000	17.3131750733113066	96.0469291177024473
 351.000000	17.3503355323118313	58.0632438387436451
 352.000000	19.0417908529914364	86.0134515997569480
 353.000000	20.8890594389720441	73.5514856834957413
 354.000000	21.3479821409800792	84.9362692116562386
 355.000000	21.0638009232152612	46.5625941308712754
 356.000000	14.3153314030165930	37.6051043115827781
 357.000000	18.3679511944842204	57.8305295730784508
 358.000000	22.6914889057012843	96.3397291900794102
 359.000000	22.4919844574395746	108.3671639510325662
 360.000000	15.1614276438652862	100.8948415744914371
 361.000000	12.2982347709086373	152.5001033815896676
 362.000000	7.4957386897422484	25.2890450912821905
 363.000000	9.4213953981353242	58.6896856367447413
 364.000000	9.1712348614564032	81.6580937915565528
 365.000000	9.4861539446465848	11.8078787259894398
 366.000000	7.3113802476129868	93.8934090086629283
 367.000000	12.6216571058092839	93.7212443004938081
 368.000000	19.4675400650675243	105.8630964159355727
 369.000000	21.5592753042445295	96.7725693312771682
 370.000000	21.3525905176013460	127.3767857377260384
 371.000000	22.7047573623257009	59.4985814482820103
 372.000000	24.9438324091521118	80.1329089980982587
 373.000000	23.0625620022769517	41.3723526468443197
 374.000000	22.8670310879989103	34.0446543013035523
 375.000000	16.4104684542984138	14.4195474553952181
 376.000000	25.0244409960343788	121.2603395190150763
 377.000000	18.7354258805745246	135.7826127222141110
 378.000000	13.2543809854179759	128.9246333470420609
 379.000000	17.7030587956592953	73.8715118433393343
 380.000000	21.7865538398745144	33.0303833079636036
 381.000000	22.2863939057847276	106.4632765231824436
 382.000000	13.6392631897866679	132.6569060960705428
 383.000000	13.3820921097960923	146.9811697921580276
 384.000000	15.3124050008798900	50.5763719648641370
 385.000000	15.3537820941279257	53.6257581393933975
 386.000000	12.7059642726227651	3.9338881719525602
 387.000000	16.9628183487468256	67.6009488033740098
 388.000000	12.7057850593075479	29.0377559132818988
 389.000000	21.1445598940139554	82.1513206996923060
 390.000000	16.8904899655490865	38.1288563202415673
 391.000000	18.9724299087033152	58.3510606993992411
 392.000000	16.9980444542637734	50.7560793231005789
 393.000000	21.2699755584912253	103.8665061157771561
 394.000000	16.7394343706762427	49.7198116512280137
 395.000000	21.9051790144677518	76.2158756995986408
 396.000000	21.4271848028488670	53.3678627381376458
 397.000000	22.4424085818473387	58.6375578416955534
 398.000000	22.3165082017651031	42.8783787946362622
 399.000000	23.1943070497042747	28.1662290062597549
 400.000000	22.3370541454504092	56.7931377250566953
 401.000000	19.4178830615301301	44.9036336580778652
 402.000000	19.5262312744875111	68.1582930589152056
 403.000000	16.2065746801240707	69.1053759717215428
 404.000000	11.5623161482838235	149.9217148065463334
 405.000000	14.4675286937430769	54.6113814136441960
 406.000000	11.0605670880022888	63.6218945650581276
 407.000000	16.6325763895024608	39.6657608875129029
 408.000000	19.0674660081894949	75.1951956444071072
 409.000000	19.9699105168545969	72.4227574404751664
 410.000000	20.2901598585891243	74.9821765213961413
 411.000000	20.1424263080575798	86.0309423676197156
 412.000000	23.7019740802223389	129.9389699416947224
 413.000000	16.2744089311689883	63.4103867114700250
 414.000000	15.7595544318438971	37.1782153015817016
 415.000000	16.4200725415592110	62.5114592019680515
 416.000000	3.2645390271890564	22.9417207508980709
 417.000000	7.2221509351854518	86.5126954599983549
 418.000000	21.0173522685918144	47.8722956421688082
 419.000000	16.9318256926218531	69.7743301147288975
 420.000000	13.2187405834092306	56.6430391439048293
 421.000000	18.4171235579957902	85.1418967345914695
 422.000000	12.1670625290235819	60.5274369507047822
 423.000000	11.9391445993442531	142.4125065176974090
 424.000000	18.0928428893787654	78.6680883835425817
 425.000000	16.8849916810562348	84.5909236662602950
 426.000000	17.6538851246511896	79.1058752657894075
 427.000000	16.8677244055025817	87.1536149168835266
 428.000000	20.3095408468694956	69.3475821101828132
 429.000000	21.9213854117920199	88.9264529421650707
 430.000000	19.8845343920655964	65.9156458210325980
 431.000000	21.6728424349548163	108.6883564291247524
 432.000000	15.9026448461145762	52.5393614155961615
 433.000000	15.4037278591498143	64.6261178004647689
 434.000000	14.3879567683657861	56.0596974339266296
 435.000000	19.9039735244476468	75.2636527320722024
 436.000000	17.7768951383337850	70.7918005362299425
 437.000000	18.8610843402481123	123.5889527004807320
 438.000000	21.8463419765359497	73.2982211530069208
 439.000000	20.8370498989398847	119.4977711405733913
 440.000000	16.3772076853874324	113.2557292902063040
 441.000000	21.6349678259626543	58.6530414525261250
 442.000000	17.5528476666397921	13.7725321365537070
 443.000000	13.6845422060010904	110.2827961640782917
 444.000000	6.2193996483522396	151.9730370130808694
 445.000000	10.2897862528520356	101.4847853117502297
 446.000000	16.4008075353064626	110.6677343079924327
 447.000000	13.8611022791401943	102.0722054619290162
 448.000000	13.5995982452675186	89.8972848792366506
 449.000000	17.2723517005779392	127.5356649808269509
 450.000000	17.3131824647144512	141.2633018975615755
 451.000000	12.9628441536469001	117.0063554229314491
 452.000000	13.5761807918919377	117.1837864374362113
 453.000000	11.1516022842325171	135.9262159957987421
 454.000000	10.7862823537920640	66.1450395825448680
 455.000000	11.2779978571841895	27.5384997816740338
 456.000000	9.9268395432508516	11.6845349755624284
 457.000000	12.3266778413422564	111.6576854083842676
 458.000000	20.3947925968259973	130.7437705244611550
 459.000000	20.3081702017698298	108.7929368327891240
 460.000000	18.2592852708685953	106.0998207394255815
 461.000000	17.0809737639465133	103.4178858404371510
 462.000000	14.0865978616472045	94.6445255695395389
 463.000000	19.2561068758154192	115.1466047337145397
 464.000000	14.9470234697931676	54.5318496583744121
 465.000000	20.5736446750586239	55.2028679045175323
 466.000000	17.4681944027475033	27.6678741387916602
 467.000000	14.8078313322698936	75.2665097647105341
 468.000000	17.6297009205516062	45.6387170519449228
 469.000000	17.8857219715547693	50.7397901058142224
 470.000000	18.5825011551789103	82.8282811578931870
 471.000000	17.4338664672306827	32.2433116766909507
 472.000000	10.2841728742981857	149.0010617885660906
 473.000000	15.0319025664265720	113.2176318154639745
 474.000000	14.7818862525248971	54.5436819062837799
 475.000000	12.5911878624482014	32.9727045790704665
 476.000000	9.7707740801354568	38.5025986533956939
 477.000000	12.5200393780439949	29.7323752116109290
 478.000000	11.7513754350609183	19.6942808089704897
 479.000000	13.4876815993632011	26.8212200349188379
 480.000000	12.0274189969640002	77.4187765932191638
 481.000000	13.1274899505370097	38.0959628480148638
 482.000000	11.0497022440440951	56.2722392885963103
 483.000000	9.9101519832768599	41.8601365767190998
 484.000000	13.7052624622911186	68.0225896550302451
 485.000000	13.4726180858407609	37.1956666090530064
 486.000000	18.7164423166340974	74.2813977644516967
 487.000000	18.1347015308002355	60.8722766012566581
 488.000000	18.7787039049778031	59.1267633808705710
 489.000000	12.5711259013087897	20.0123053120227610
 490.000000	21.1789707193172880	77.1641728055271727
 491.000000	25.2980337907502708	115.0046199575845094
 492.000000	23.8977385487378768	73.7074765826338165
 493.000000	21.5976733906566345	69.3147190079464650
 494.000000	21.5573340260498547	109.1388101210285129
 495.000000	20.5227030541724567	71.6449323638135382
 496.000000	24.7607096129094515	77.5177742945650010
 497.000000	18.4774159399039455	44.9411563141223667
 498.000000	17.9600734197526748	24.6771629216636086
 499.000000	15.0703315477681699	10.4618845122938922
 500.000000	11.1646093384475318	10.9686343725659583
 501.000000	13.7249803637933852	24.4691149172228393
 502.000000	17.6042975547625211	72.9349157366222300
 503.000000	17.6238622286206379	56.1596892545231867
 504.000000	15.2152545162755324	88.8067538844352242
 505.000000	14.0125459812196880	25.7020467903415692
 506.000000	17.4970229466390919	121.4409658134527206
 507.000000	13.3549597509983631	85.3415974105064521
 508.000000	16.1978313428561229	43.1878652748781917
 509.000000	16.9922360313865290	63.0551027617443083
 510.000000	21.0226648904421403	89.5120700596095986
 511.000000	17.4377770299042432	58.2796945842847407
 512.000000	21.2453686146946552	92.6970411879257057
 513.000000	19.8811575487120535	80.0542250413487579
 514.000000	20.9224042881252785	45.4781815691516726
 515.000000	15.1474285249588796	41.3086192958890024
 516.000000	21.9817463005517446	103.8119326185979787
 517.000000	16.2475952826044292	57.4086281258509246
 518.000000	13.0377307149150798	93.4712714345271820
 519.000000	10.6933394809827984	51.5580574423993596
 520.000000	13.8177499811296141	56.7334069805867500
 521.000000	13.2757732379639890	13.3599426325048967
 522.000000	13.1056809117359698	23.7569286232618992
 523.000000	14.7422297202688863	35.4014418462339222
 524.000000	18.1390542959221257	93.5832459656018187
 525.000000	18.1717264825948170	73.1970621069032745
 526.000000	14.0732079996902772	24.6117667179320279
 527.000000	14.3948540969262027	22.8202254079668592
 528.000000	12.4612045067232931	18.1049474249348918
 529.000000	11.5361914949793913	42.6332725464692430
 530.000000	10.8690882763363845	75.6362652073309079
 531.000000	11.7508615766572646	4.6547456894466563
 532.000000	12.8272998563347844	38.1856481101241343
 533.000000	13.1085244121909046	63.1119864511140065
 534.000000	17.4020200149796480	94.7661599099157854
 535.000000	18.5337598108828310	95.9213422442803392
 536.000000	20.7885137551340513	106.5943464645809939
 537.000000	21.6599150411777401	99.5824615095419148
 538.000000	19.0669761013981223	73.1476190453596899
 539.000000	21.2495483491406318	86.8110703871726628
 540.000000	20.6964218118223400	61.9505756677270938
 541.000000	19.9223669334965727	33.3443030737601589
 542.000000	17.8265321676519122	37.7183409327039385
 543.000000	20.9299844507590294	42.3603683777590163
 544.000000	20.9017226136852976	42.6439801095022517
 545.000000	20.3783577583806768	84.0674009537960671
 546.000000	19.0089638397717948	93.8836744531176635
 547.000000	12.4380376351144513	25.2991360810554795
 548.000000	20.3039803842891899	88.1038080790545735
 549.000000	21.2077489517689486	69.2940121441917967
 550.000000	16.3375252100977058	34.7597660179438037
 551.000000	12.7628864555684931	10.0479089143466922
 552.000000	13.3415753059656979	21.8961859333536211
 553.000000	13.6262839344698001	57.3226502947698577
 554.000000	14.8203902020287526	43.3318665809515267
 555.000000	12.8188001206342115	24.3587977584617761
 556.000000	16.3572542790778463	50.5635543690807197
 557.000000	21.3955580199673143	58.8902729739852333
 558.000000	21.7734230478405948	80.8976186353864648
 559.000000	22.4272649520854443	80.8777095013786465
 560.000000	21.7728241608713340	60.4025578216932644
 561.000000	15.6222356277447734	29.6781781795383495
 562.000000	23.7140572993488057	72.3173901424482892
 563.000000	24.0277586431471413	55.4850889055806533
 564.000000	14.8246600813336791	57.2597047325026551
 565.000000	19.4838689212985940	48.7019811129404161
 566.000000	20.9861253933642580	82.1913178242543410
 567.000000	19.6454986405656484	54.5482360756009541
 568.000000	12.6138809181918514	17.2835610090496345
 569.000000	11.4115795949762280	22.1102607043722799
 570.000000	15.2189176736738450	41.1173503845068922
 571.000000	10.0668296882882338	18.5758771496359145
 572.000000	11.9787805331912018	27.6184923027695959
 573.000000	11.8467405322746586	15.3045281289956847
 574.000000	12.1707808776270561	24.5038934661513395
 575.000000	12.9241301126146872	22.9264820433313048
 576.000000	13.0212639698326047	50.9877564078640262
 577.000000	10.7509463607132805	8.5136680832435161
 578.000000	22.9232138748354792	70.3584542163642226
 579.000000	21.6296944138309080	56.3546501112360545
 580.000000	23.6870270697323164	69.6753804807669468
 581.000000	21.7922004869929893	61.6112198659001820
 582.000000	23.5168319389915474	70.6623518512576823
 583.000000	14.7929449752533415	117.6032929395399833
 584.000000	15.6503009103607926	7.9385877211833531
 585.000000	16.5478029543621901	23.2602940592731215
 586.000000	17.9175065752927090	30.8649806193759275
 587.000000	17.1571857657197562	25.2942296833783189
 588.000000	15.2800109756895495	10.4551405983698089
 589.000000	17.9326590774823416	32.8217648257157180
 590.000000	18.2220717702662007	19.2275728155789523
 591.000000	13.7433188005519700	22.9184302210506701
 592.000000	15.0239831983199981	15.4519010499841727
 593.000000	16.0299008285604252	38.8587429262455828
 594.000000	17.9229111686886782	38.7284064892601236
 595.000000	19.5009387292414615	58.5052116636844630
 596.000000	19.6347494376713954	48.6643095550730607
 597.000000	21.1903113203215803	63.1875365077759739
 598.000000	18.2366473612709292	90.6708799688128835
 599.000000	20.5201019580316917	82.7291171332047810
 600.000000	14.6762993262343429	76.4462129888860318
 601.000000	15.4003448769787656	122.0215756177914983
 602.000000	17.7852246802931688	84.2826427542324979
 603.000000	13.3504589832381377	24.4974516810007685
 604.000000	14.7571999614737912	62.7776507921900304
 605.000000	14.1809664982182078	47.9925219148257156
 606.000000	16.4347015678114055	74.1643779814802997
 607.000000	12.9750724293554391	28.6838239530943042
 608.000000	14.3444565096253864	33.2030279949560168
 609.000000	9.8874208974655584	62.3447284002759972
 610.000000	11.9180924851522612	35.4453481828339818
 611.000000	13.5273846166021112	30.7360859839565421
 612.000000	9.3958692197335019	19.2928233836069296
 613.000000	11.8966062096225702	25.8539742198979354
 614.000000	8.7979178567375378	37.4295484241307008
 615.000000	13.8982588155521860	41.4851325294504534
 616.000000	18.3447714381600591	109.1834007113163807
 617.000000	16.4271896376268280	85.8868169540956075
 618.000000	22.0196627705009256	60.3726279826145458
 619.000000	17.9222691937385541	142.7905397265189151
 620.000000	16.4985875806986080	77.5524568775515206
 621.000000	17.9546792132478181	95.2122967744282676
 622.000000	11.3624222358607607	18.4637081419459719
 623.000000	15.4356178300009645	23.1772346972871048
 624.000000	20.4646916433044339	127.8311895077598592
 625.000000	17.0480777794530738	111.2267127238382614
 626.000000	15.8156173749135327	149.1595240274395167
 627.000000	14.2434889774324116	42.6831519256625711
 628.000000	12.5298991308133747	62.8942396548919902
 629.000000	18.4322805775987817	144.9047774931447066
 630.000000	20.2030644464305347	133.2217324608585329
 631.000000	13.4829618392908319	147.0709146916504437
 632.000000	16.1836914253606494	105.8086456681613896
 633.000000	21.7653223100166784	135.1040635901831877
 634.000000	10.5766175203826034	53.8575605653880984
 635.000000	10.3719268083552247	82.8490024791763489
 636.000000	15.1415487728226079	66.3529341363224745
 637.000000	12.4633702133190916	25.1910035313948981
 638.000000	12.8036552099553429	24.8477803631626841
 639.000000	13.1161010291218130	20.5446072467765362
 640.000000	19.5402003647535771	55.3556632279892824
 641.000000	19.4045056579763902	87.2722063878596543
 642.000000	15.7467869953413722	113.9383690168368020
 643.000000	17.8144831871783964	77.6481057538061492
 644.000000	17.4470331064373774	54.9402653039958153
 645.000000	10.4455748303655565	84.7935198530704071
 646.000000	12.3803784183705687	20.5509094752726753
 647.000000	14.3686962957184523	69.8795498629641401
 648.000000	13.9044615125336577	21.6503346613733640
 649.000000	14.8922731362067484	8.1628509699927463
 650.000000	17.5510115474290025	60.5785836910085465
 651.000000	14.5268359267954299	44.2113841580342921
 652.000000	15.2040883342444211	105.9558271290149918
 653.000000	14.2234394766746366	23.2116883302613530
 654.000000	15.5856471319611760	85.7285882986145538
 655.000000	15.5993745307351421	83.0126879693063131
 656.000000	17.0698290729145654	47.9622906526238921
 657.000000	11.8607960057527944	29.9840338221208640
 658.000000	10.6609201694361442	3.8196795810208641
 659.000000	17.4856991179219996	42.2142593682725931
 660.000000	19.1811190867283514	70.0002235980022363
 661.000000	21.2636432026973949	107.5142329553290494
 662.000000	21.8464012478674547	72.3728762780438757
 663.000000	15.5490350285766059	46.5918042735323183
 664.000000	11.9526004585909345	35.8702279874767100
 665.000000	13.9290892896812633	107.7755627147517004
 666.000000	11.8011830073987607	37.7209551957949145
 667.000000	6.2583441467600016	46.9812834041075007
 668.000000	8.1645044471510637	22.8342408822375660
 669.000000	8.4184316929227130	83.7675368952875630
 670.000000	9.9491925246866852	56.2981006532365029
 671.000000	18.6990426690791978	118.7154449434966068
 672.000000	9.2414932007588266	68.7471578553451081
 673.000000	17.8399576896556127	82.3886721879637349
 674.000000	8.5907212349671198	88.7064251512889541
 675.000000	9.8118970614909422	20.3367985159605666
 676.000000	11.2035703541995453	98.4624391467647939
 677.000000	7.4471649682118013	131.9937221161369223
 678.000000	12.0314681052334755	7.6702212126344875
 679.000000	13.4150527038216616	30.2283863913821733
 680.000000	14.5565595674290602	19.6820221904008577
 681.000000	17.5611021942942571	123.4047074821971677
 682.000000	18.9352353539221170	113.2259849067511226
 683.000000	17.3606682543456756	71.7584012337543982
 684.000000	16.0550517724409403	118.1545217922509039
 685.000000	15.8882480475404471	107.4531710682038295
 686.000000	18.9212568633259011	121.8793165602709792
 687.000000	18.2319177584824708	135.8589808134598229
 688.000000	17.6515741327815086	83.5349223339643601
 689.000000	20.5119675085951307	93.3027359618768486
 690.000000	15.6505364519478949	103.9733429816324559
 691.000000	16.7051326710528230	59.6363998029555518
 692.000000	17.2580025610512422	81.8580871645723249
 693.000000	16.5264335837661633	89.0380957112562754
 694.000000	20.8407811932340259	107.9438002762470177
 695.000000	20.0604268020599577	104.2480570092019008
 696.000000	21.1168469164713066	92.3804751871204672
 697.000000	16.6234736716373774	119.0235192855092237
 698.000000	9.9847886152039997	79.8100284392050554
 699.000000	11.6379134362350563	27.1546146501303269
 700.000000	11.5970045353133759	65.7720230898314924
 701.000000	15.3464326563975746	65.5610835333353492
 702.000000	18.8383448313226225	16.3171142178271964
 703.000000	12.6659998881372715	26.2802606259416791
 704.000000	16.1691804567263659	47.7198544588908931
 705.000000	20.7067435256319285	48.1148545092105167
 706.000000	15.6078782247038514	33.1102058891618753
 707.000000	20.9612058720727568	29.3733292907671455
 708.000000	19.1172627972183342	121.5569144877343888
 709.000000	19.9094094788073868	97.3749980980964267
 710.000000	13.9454482328862550	144.7958114777528351
 711.000000	12.0534140645231140	50.5446540238004047
 712.000000	19.3846784157043857	39.6665702206983610
 713.000000	8.2704758517704580	58.4253867985537454
 714.000000	9.7632499620162339	24.9674419676026957
 715.000000	10.5688070211412590	29.1482785716253829
 716.000000	18.3049358106721876	78.3982588815181032
 717.000000	17.7278171372256850	67.5963348631287602
 718.000000	13.2371299301978294	122.2788263933509256
 719.000000	9.1588478619394014	87.7717616936845815
 720.000000	16.4255386762833311	53.5417423412304885
 721.000000	20.6144926676077276	86.9780028366618865
 722.000000	13.4454401828057897	136.2355155000487059
 723.000000	11.4192686621133390	124.1711935226419712
 724.000000	15.1586339231716352	121.5691601815836691
 725.000000	11.2052271829617851	116.1177274494872904
 726.000000	22.0265606835614456	112.4934328332803801
 727.000000	21.5369402178806695	88.4982782255024460
 728.000000	13.4222666457373574	83.8698313949580125
 729.000000	15.7854939080680463	90.4988716617294244
 730.000000	13.2520194503527158	76.9431222021405148
 731.000000	10.8743359111624116	76.5259214633447158
 732.000000	8.5772053666824970	32.8470550036909685
 733.000000	12.0641204916050739	44.9364813004096106
 734.000000	15.6868942024290625	96.4715388660305138
 735.000000	19.5626182323428175	87.2007963794154790
 736.000000	12.9309053182695770	55.9589401826921744
 737.000000	16.6670751469695126	103.4861018377267925
 738.000000	8.5041623572286547	112.1048746158774065
 739.000000	11.1367178272735821	66.0769459320057280
 740.000000	11.3501551053826386	41.8835552853718127
 741.000000	9.4867644997594223	54.6936281084520033
 742.000000	11.3630119936010914	85.7276820939782027
 743.000000	20.2894729530625320	121.2242522661033064
 744.000000	13.6579356324219123	99.2570774142594843
 745.000000	6.8610729629984961	70.8724095939592615
 746.000000	7.5452437340641128	58.9470654761170181
 747.000000	13.9749202674391348	68.3439959757635194
 748.000000	15.1512410899958923	74.4947119830644624
 749.000000	7.0406351587664515	101.6801454313659434
 750.000000	12.2356955441436313	15.6769783742691970
 751.000000	10.9593175202723412	21.9044234551771524
 752.000000	7.8682339287982419	41.3558263418111949
 753.000000	6.9596087022775839	52.4865709867513033
 754.000000	8.3554973296853507	63.4026802573827837
 755.000000	16.3722237505423927	122.3932835320584616
 756.000000	17.4240936663381731	41.9332026369777680
 757.000000	18.9545284918483325	122.2895123726968052
 758.000000	9.5687325126240133	107.5851070462972672
 759.000000	11.7145719854332917	144.2187203272313809
 760.000000	18.3166355345434262	162.9575767267535014
 761.000000	18.5493560649447211	117.0459005520757216
 762.000000	15.1310796020833145	125.6922261016358391
 763.000000	19.5811330644268118	125.3000794179804700
 764.000000	18.0494725825618225	73.6361969822197153
 765.000000	17.7865247289499067	120.8943109624833596
 766.000000	17.0643868448857710	66.2685205154895982
 767.000000	22.3936690033050816	113.3100769636035920
 768.000000	19.6978275912211416	116.8809229357722757
 769.000000	21.9441268208419089	119.0073637208706998
 770.000000	19.3993831903026752	77.6492540024888740
 771.000000	21.4989340133021543	90.2438302511958881
 772.000000	18.0105153257854980	93.8179493949915155
 773.000000	14.4160419310256209	114.4564759501375022
 774.000000	17.8230851292458858	112.0592185812113826
 775.000000	13.5406135016337874	153.4074518063693517
 776.000000	16.4473118254039115	102.0802520230514858
 777.000000	19.0441953289351531	114.1135115243081231
 778.000000	17.1889707197684700	104.6018491006253868
 779.000000	19.8246436557040866	117.4588339970651134
 780.000000	15.6134054179291493	60.4199457066844587
 781.000000	11.2746455486501542	60.8475383362107323
 782.000000	15.6672891363452838	134.6832365559422442
 783.000000	9.7680909206109483	60.2753111561190593
 784.000000	17.8324638890592446	128.9454241797602663
 785.000000	18.9633687086150360	119.8377613496830065
 786.000000	18.2691783894295092	65.3563051074016528
 787.000000	17.6970368589366345	78.5980802532185550
 788.000000	13.5574423529934336	53.6333239313708390
 789.000000	19.4703671332124095	67.5826445735600174
 790.000000	16.5251976464988921	56.5725877060720705
 791.000000	17.0513270878817806	98.4006793827923048
 792.000000	14.4549148350478340	72.2716121438394623
 793.000000	13.9702321897267705	98.5588128753996813
 794.000000	12.8831183262878657	47.9584722825957783
 795.000000	17.9411804842338896	49.7582875413153829
 796.000000	19.7096370771955627	58.9581445972096390
 797.000000	12.7027458893344534	96.6852287259073648
 798.000000	14.5974111097960773	76.0090925802155084
 799.000000	16.4892657905793598	88.9801308533939306
 800.000000	15.7374315852232449	68.6743629440424428
 801.000000	12.0808163022272357	77.6069191563190230
 802.000000	11.0072361578339581	116.2346755053297898
 803.000000	16.0002227909897350	102.7527174496637627
 804.000000	13.5685590891581089	31.6855428051805177
 805.000000	14.0182925779369203	100.7727701765665103
 806.000000	10.7296954355665779	76.5360954694447457
 807.000000	11.4322551641339736	80.4277832927873249
 808.000000	17.0249836917499806	65.8747847392729255
 809.000000	20.8071431960282354	49.5713279488349201
 810.000000	12.2846108681479649	133.7111539640070816
 811.000000	17.3668783343121014	82.9751929578735030
 812.000000	20.9426033798007794	78.1765137607660989
 813.000000	13.7219908130877890	102.9891126031666602
 814.000000	21.9695498931715782	31.1752691420595056
 815.000000	17.3972568558237590	121.9727420317525173
 816.000000	17.2925925045556212	120.7759980467279775
 817.000000	14.6247068456631499	58.8966302188392632
 818.000000	23.4277994984122060	89.1311338939071334
 819.000000	20.3181212546354431	84.6010482165929432
 820.000000	20.5170088498382306	114.3565257438235534
 821.000000	24.8130991063804842	93.2830354746341612
 822.000000	17.5597633861647218	55.1230913253175743
 823.000000	19.3295218899017094	138.1472027187662945
 824.000000	19.5233610709784706	111.0000027656776638
 825.000000	17.8093131510409357	143.5703774089058982
 826.000000	18.2693844443669455	132.7683615909217281
 827.000000	20.3225368605633570	132.5844118620463519
 828.000000	17.8737867606153635	140.1800162250819142
 829.000000	21.5228473906928848	101.5576334942364980
 830.000000	18.8502303954318293	124.3574760901537672
 831.000000	20.9698833842264136	125.3614849094983299
 832.000000	21.0232156684830400	112.8575343090082299
 833.000000	21.9300918905738591	59.8972261561659138
 834.000000	13.4156693195657049	75.9377877757836046
 835.000000	16.9573544779959988	93.8439153073986461
 836.000000	12.3961350606406739	45.5034158442188357
 837.000000	11.2347152766588305	43.4947806461699145
 838.000000	13.8932437754227145	11.4143834583722708
 839.000000	12.6184529142049726	60.6868250771711075
 840.000000	13.3773644869805963	77.3336515084115632
 841.000000	13.6530151629735599	37.5520246557170481
 842.000000	12.2946325449921670	5.9750727582875527
 843.000000	17.7281156368534276	41.6334839063875961
 844.000000	13.8962575799168881	72.9500204539360340
 845.000000	11.8394512191109520	19.0743459572284451
 846.000000	13.5447708070093995	25.3755904642302426
 847.000000	11.1863259275265321	53.1467414329274987
 848.000000	18.7771273966051311	106.8600730730908026
 849.000000	24.6476712816121264	117.2305485811410222
 850.000000	24.4978782695282931	85.0762917861931811
 851.000000	23.8009218569400147	74.5297308024928924
 852.000000	21.6798145787110812	76.1423999125510420
 853.000000	16.5317911360126075	83.8905410434859675
 854.000000	19.2234730594848813	116.8336362615314954
 855.000000	19.9928521350769550	148.2022539481335457
 856.000000	20.3840576099666890	71.8428702890852122
 857.000000	19.4839801127783439	141.5486807273571799
 858.000000	22.7264714634946152	87.7353252484151369
 859.000000	21.2024109583125302	120.7665805739599136
 860.000000	20.2727955027371429	88.1072921381129248
 861.000000	18.6624257932477136	104.1520242442942674
 862.000000	16.9495629583337788	87.4169104018581180
 863.000000	19.0393213477859682	97.9793840506521150
 864.000000	17.7295386321024004	123.8219138198203382
 865.000000	22.7597531280029415	146.3521795093204503
 866.000000	14.5670013350963963	45.3598556665096737
 867.000000	11.9315044501595402	49.7929962016794434
 868.000000	23.1094249051443867	47.7327467013937508
 869.000000	15.1989445055902070	80.1956862948272260
 870.000000	20.7902814818553274	86.5675645619166261
 871.000000	15.3114138101688191	65.4531533797448191
 872.000000	15.4424132925135016	52.6719433596472015
 873.000000	14.4427650036368203	40.5202801007631024
 874.000000	12.9270123416958818	15.3169066354151653
 875.000000	13.3494986763557293	17.9709053987330094
 876.000000	11.8795231440868854	25.6022805696320574
 877.000000	12.4177336834626946	31.3074153832960747
 878.000000	12.2886376904193817	29.5946655762441537
 879.000000	10.3784680316255056	32.9186474868436392
 880.000000	9.6611922995841120	28.5436422141366393
 881.000000	10.2801027818315749	32.0180489998463429
 882.000000	12.4949029470750439	6.3586737755755109
 883.000000	16.6843936848836627	82.7842814243810210
 884.000000	21.1361848500733380	63.8569019000649973
 885.000000	17.9243382315941417	88.7414685515356894
 886.000000	17.8884581950820802	71.2362467095508407
 887.000000	20.3284022143659548	20.7919271085850994
 888.000000	13.9640469988218410	114.0427976179379499
 889.000000	19.6070299027966470	71.9524591013616259
 890.000000	17.6428936139232384	106.3429379818186078
 891.000000	18.1628031256564704	37.3134230838146266
 892.000000	19.7990534308038804	51.5834028150055985
 893.000000	20.2996551378578367	88.8310548732841028
 894.000000	23.5039822511323173	76.1898809729192834
 895.000000	21.3393700220195406	36.8887601801100402
 896.000000	20.7921090022096635	57.8245316848076669
 897.000000	18.8981903033152641	48.2053051287758478
 898.000000	17.3048586426065114	51.4328845109612303
 899.000000	14.1009304744291164	21.7825830219042302
 900.000000	12.4066473496000818	13.3410108568491239
 901.000000	12.7942452703955603	21.6474698624962514
 902.000000	11.4298769930230542	53.2039108421848397
 903.000000	13.2648548752101636	38.1591907890501716
 904.000000	21.3988036626046956	45.8025118153303765
 905.000000	24.2845154108543113	89.2737019840294295
 906.000000	23.8774731726301788	85.5118352078226565
 907.000000	22.8889608808326379	53.5457986280806750
 908.000000	19.0073520203366044	47.1099623767205458
 909.000000	14.8972579971381016	58.0670220474208350
 910.000000	15.5899887490966016	51.5308592737673905
 911.000000	17.5583518702302754	72.7216557831894761
 912.000000	16.9563542115597734	64.7043156901876557
 913.000000	16.3890933299611667	108.4570057604203015
 914.000000	18.9019929788679235	43.6339172965786304
 915.000000	14.8683966226857045	39.9626528766326317
 916.000000	13.2442749912822855	73.8165652923142233
 917.000000	16.7850010199866162	86.0280601763140567
 918.000000	10.8111309734673053	17.6233522132137068
 919.000000	11.7430160811073492	55.7265278547676672
 920.000000	14.7968257060344648	66.9702536998197075
 921.000000	12.2416850172549019	20.9207223392874937
 922.000000	19.5826201792490551	57.7012629676882227
 923.000000	14.2803704648184091	31.3707289658578361
 924.000000	20.5248171916713318	66.9045059492474081
 925.000000	22.5746619250474723	73.9403958864518955
 926.000000	17.2718117498975801	46.3886055418997501
 927.000000	22.1351557555526739	64.9969499015846850
 928.000000	18.5865273344084159	72.2969612330623477
 929.000000	20.2321884397850802	96.2201084470844989
 930.000000	16.0701980351580609	80.4319301722704552
 931.000000	16.5779503551726535	20.3646248883840428
 932.000000	11.7332880408613498	26.7276971918883248
 933.000000	13.3653658058237568	25.1142541033341615
 934.000000	14.5738195206831751	38.2336075168742013
 935.000000	19.5079923367730608	82.3864866993548617
 936.000000	19.9750124080486557	89.7783682105212932
 937.000000	21.3445223011692882	33.2958723330453381
 938.000000	22.9916023456300600	73.4124072035866533
 939.000000	17.7808448101200618	37.4485428536155780
 940.000000	25.5383877541267914	38.5353942050813600
 941.000000	20.6867129984239178	92.0294218079311293
 942.000000	20.1124725208014929	54.6282283660666792
 943.000000	16.8339421146350894	75.1864006501435540
 944.000000	20.5852520851803753	36.6746586441859677
 945.000000	17.5033685521955285	44.8032747807719431
 946.000000	14.6512888236910115	53.3289766511768875
 947.000000	19.1015565891237245	63.1310801789084053
 948.000000	19.0645502108680667	38.5555974239875070
 949.000000	22.0342881272372928	65.0174565926229064
 950.000000	12.8020929896992453	20.3697049745170489
 951.000000	10.9575992131798792	29.4290230080835613
 952.000000	15.5644026389646317	34.8255012440335179
 953.000000	16.6371500352962585	86.0044346806122491
 954.000000	22.1660515485190146	109.5995679301390737
 955.000000	12.7553392319629761	19.8588529729811967
 956.000000	10.5324849509384766	10.5296833822012843
 957.000000	9.8261700408883961	22.7282548224681591
 958.000000	10.9552622699861448	13.3343605853032443
 959.000000	15.3822748587259497	53.6498145588252129
 960.000000	14.1876462250576942	93.1330617299647514
 961.000000	11.5482031099868507	93.4310237582919285
 962.000000	14.4418275967703433	113.5165679706673103
 963.000000	19.2391506162623251	46.2095366999682255
 964.000000	15.4846304627971953	108.9171841262873812
 965.000000	10.1996674693673217	12.6266679764618175
 966.000000	13.2163198884834809	27.1692069516711854
 967.000000	17.8188708797270507	55.8558165603102026
 968.000000	10.0790135399532748	101.3710183332403858
 969.000000	11.1587045062014791	55.2274107543514248
 970.000000	14.6961873104741798	31.1705924327642663
 971.000000	14.0016637683422456	46.3676933253838115
 972.000000	19.3258466819217958	49.4556194229246842
 973.000000	13.5693369921988136	57.3409373406454108
 974.000000	10.0537417968624254	36.2054869653123887
 975.000000	12.4469868535702108	29.5449487405069533
 976.000000	12.1585635925879121	59.4327475991823206
 977.000000	15.7054982988652814	59.6257969951414850
 978.000000	11.6853812573418647	22.7735277795378579
 979.000000	10.9458062513727103	14.4967950128008738
 980.000000	9.2279713752844170	22.4132392978518737
 981.000000	13.9257417324830826	23.8623875020984428
 982.000000	12.8885873254421881	19.6157383158873699
 983.000000	13.9425460012864129	30.2802777594417591
 984.000000	9.1499541547988397	54.0331474152644091
 985.000000	10.5272045090635000	39.4510933759555371
 986.000000	10.7842027066977906	57.1039722098002756
 987.000000	11.9452871382401238	41.3353430427196145
 988.000000	12.8255375825470015	72.3780016303807656
 989.000000	14.1410407777355385	70.7775910426132526
 990.000000	11.6777074207902860	65.2114060508654632
 991.000000	18.9792264938335826	96.5808343908062596
 992.000000	21.7994136046027940	75.1573042402468587
 993.000000	15.3625728902020438	29.4461071392949520
 994.000000	15.7089912526603435	76.2782472251844439
 995.000000	16.1371991249749307	105.1363508772463575
 996.000000	14.6327925134773391	123.2129922987160455
 997.000000	12.3900724316924933	71.7749905192637243
 998.000000	13.5626989677505616	51.7289159754489845
 999.000000	11.8422988167779639	100.1413487985934267
 1000.000000	15.4600686015620106	98.8728931003735596
 1001.000000	17.3316575483242588	26.5822786235210344
 1002.000000	15.6431656040290488	102.1144305211824701
 1003.000000	12.4334958428247901	72.9224205362938704
 1004.000000	11.8918076715382828	111.4533454963064969
 1005.000000	11.1756289427621009	161.2277021412337774
 1006.000000	15.3877682366276929	90.4461295217672046
 1007.000000	13.8775775528762999	134.5415250497242710
 1008.000000	15.3775503246210548	42.5263385231230870
 1009.000000	15.4549309881062840	87.0378727787438038
 1010.000000	12.1826852259083971	54.6509746335773201
 1011.000000	9.7803411170761994	90.4897312265926530
 1012.000000	12.4438547388245695	81.4277590759362511
 1013.000000	14.4911452721380041	62.6198209385892710
 1014.000000	13.2760557788298641	72.5662246730969542
 1015.000000	13.9389224266876361	98.5214350476644398
 1016.000000	13.4914883137848864	60.2324064085253497
 1017.000000	13.5022694787706659	77.6791645132108926
 1018.000000	13.9481568964885856	92.6438237546210814
 1019.000000	14.5869203452170719	122.4678364255266132
 1020.000000	17.0173323854751750	63.5760572008143896
 1021.000000	16.2971621958747477	54.4757380903079707
 1022.000000	18.6748119165849467	98.3006505375910677
 1023.000000	18.4284244224880105	124.7707219046154989
 1024.000000	14.1199554252885022	4.3567544215990779
 1025.000000	14.3474191637829609	38.5501429438801040
 1026.000000	18.2826374263304174	68.1539916884919847
 1027.000000	15.8479279763331551	46.3024553705925541
 1028.000000	19.6978937836152248	68.1985397739428976
 1029.000000	19.6414729695185564	104.3882681792518525
 1030.000000	18.4699296639624890	109.0614259342128207
 1031.000000	14.3087937063170063	19.4270759617720898
 1032.000000	11.6526468857975321	17.2947447030653336
 1033.000000	13.5480581316060089	44.2323052085136510
 1034.000000	13.7316112999924549	49.7225217504481236
 1035.000000	11.0170761848187819	60.5830286798326654
 1036.000000	11.0983899187134245	36.3006110242025102
 1037.000000	10.9798943464450662	31.9840716675760461
 1038.000000	11.1228548430181959	45.8894773798629956
 1039.000000	10.6721097556049909	14.8143816183152524
 1040.000000	10.6626710423285296	42.0087304508380441
 1041.000000	11.4420962930417698	22.0503102372229307
 1042.000000	10.9460499017252815	88.8219345780206737
 1043.000000	10.8437041944617611	124.5612040316082272
 1044.000000	12.7891651656221956	61.8545063423234893
 1045.000000	19.0557537147555323	75.8465645034961540
 1046.000000	10.8641298612563517	149.8777137058017956
 1047.000000	20.9258750664579196	140.3172112567302179
 1048.000000	15.7609972802646539	109.7986447662611198
 1049.000000	16.4522972257535116	116.6815829490211485
 1050.000000	15.4023251249900905	125.5750133642247306
 1051.000000	13.7250745627199873	130.5913630130321508
 1052.000000	16.1734589320455768	132.0781013788181326
 1053.000000	10.3749744624099911	149.9164249832640508
 1054.000000	19.9797092422596592	107.6439631622880455
 1055.000000	8.5153868624908089	104.5613298931131965
 1056.000000	10.4433197374252948	111.0188628664760557
 1057.000000	6.3377060952962507	67.8017728172645917
 1058.000000	5.9086762337135896	57.0766007670400768
 1059.000000	6.8346118321886822	46.6712563678826484
 1060.000000	8.9111347424755305	119.8174891440704641
 1061.000000	9.2010867332885109	91.2570162616112839
 1062.000000	9.8839546871243904	129.5970733276162150
 1063.000000	14.0245696103965809	142.8049970303693499
 1064.000000	14.9414497916817837	96.6100459098838940
 1065.000000	9.5792777530139812	155.7067256210983146
 1066.000000	10.1295363977204484	138.2989991041583551
 1067.000000	6.0029849214397224	160.5560373596088084
 1068.000000	5.9872562409812708	111.4412250346006772
 1069.000000	8.1775135664139729	95.2424336554790330
 1070.000000	6.2247063093662884	81.5701829121098001
 1071.000000	8.2202767818638378	63.6315129107606481
 1072.000000	8.7615562318848905	96.6657902044997286
 1073.000000	5.8540878223046739	112.3511468362625294
 1074.000000	5.8491668246729818	102.1215505112614466
 1075.000000	6.9184379931021009	109.3811026637889796
 1076.000000	10.4749136595891272	58.9826852246890638
 1077.000000	6.0089667750621709	41.7018064920208076
 1078.000000	3.3005748432356499	28.9418013545182760
 1079.000000	6.5588725957491656	54.1311000873869830
 1080.000000	11.0356429967553318	67.2091970823092026
 1081.000000	8.4973003616113498	72.1349747789957974
 1082.000000	8.4983505535329638	75.9825787339950125
 1083.000000	7.9568865021640383	76.7624911305836974
 1084.000000	8.2266517713194105	73.4998008724616625
 1085.000000	14.9135344661479063	93.7690175807895372
 1086.000000	18.3203942542291784	111.9602808424887712
 1087.000000	9.5653793268807288	91.6794093917194459
 1088.000000	8.4018170910488248	115.9901634797588770
 1089.000000	15.4087559807355436	139.6651058938336121
 1090.000000	10.2365788597404954	146.6247360195927740
 1091.000000	13.4320332565971405	141.7937787447265521
 1092.000000	13.5366953103468255	125.8782974559936747
 1093.000000	9.4979094311200321	97.9817906030440184
 1094.000000	10.7924800588038998	133.3494370496666477
 1095.000000	15.0537740141893259	94.4746031836269822
 1096.000000	14.3052475839760493	134.9826902347647888
 1097.000000	15.9419734683785439	137.1160900918843595
 1098.000000	19.5450504328649828	70.3025826677488652
 1099.000000	19.6095908109353516	98.2791410169936910
 1100.000000	15.8156996924534408	114.6106220948665850
 1101.000000	9.7007900557943465	127.1148645281317329
 1102.000000	15.6116536923035962	131.8141494561780860
 1103.000000	16.3396015680431219	127.6979742798230575
 1104.000000	16.9440258366281959	95.7044494376513768
 1105.000000	18.7893967717605008	104.4795455350068494
 1106.000000	17.2043529887575986	109.0836540819563538
 1107.000000	16.7109652843930014	109.1702707493108306
 1108.000000	17.7394491306501223	95.1264371510389424
 1109.000000	14.4939901264312443	98.8771568328341743
 1110.000000	14.4952420313040218	118.0379946657601380
 1111.000000	13.6551172567603079	96.4999219361521767
 1112.000000	14.4197071431989929	133.3579484773624699
 1113.000000	13.2523629581503393	106.0962348850692791
 1114.000000	13.9380000740184986	116.9822380981158858
 1115.000000	17.2085714799970226	114.4833013775022152
 1116.000000	18.7506019322273225	119.7569065911183088
 1117.000000	12.1062509122632793	130.9567615582037661
 1118.000000	9.2805455931254190	107.6854074513424138
 1119.000000	14.5602675396374099	125.1442532955939697
 1120.000000	22.3745619898334915	94.7092805088865504
 1121.000000	13.7202241040310469	109.6701545506711852
 1122.000000	8.8103373950323043	136.7598618541370854
 1123.000000	16.0432945531585851	109.7285224252067195
 1124.000000	16.2891869410858625	106.2629308012015485
 1125.000000	12.9774029096497276	125.3309428864369011
 1126.000000	15.4779990363195097	110.0518724745356707
 1127.000000	16.3559799642083021	67.5888343160810052
 1128.000000	12.3641550077940110	62.5979479087153408
 1129.000000	13.7586136152375893	162.7755453078658832
 1130.000000	13.5294294095046066	83.9920319325497076
 1131.000000	13.0584003617834981	106.2684792007489278
 1132.000000	15.4659005845838138	64.4033585133920212
 1133.000000	13.4215299040200335	106.7276621175943347
 1134.000000	11.8879383724656158	42.9815354127934484
 1135.000000	17.0860909973343311	103.2194609888630339
 1136.000000	15.3647773342683429	124.0462512768447851
 1137.000000	11.1442267480414330	93.9895947641259824
 1138.000000	14.2616148642377443	122.1449986222952191
 1139.000000	13.1870643233660658	121.3749122856107192
 1140.000000	7.4660333082000871	115.6660523463225729
 1141.000000	13.3402539929524018	108.6008168640535274
 1142.000000	14.5239276706482645	87.6096878499021017
 1143.000000	16.7709524022192902	121.9990425691733122
 1144.000000	14.5776984717980493	112.8434739991121774
 1145.000000	13.2007726893012229	123.3180964102073176
 1146.000000	17.6306017583239161	120.6255175240121389
 1147.000000	17.0474977475764469	97.2527286473548855
 1148.000000	13.3168813155667802	112.2916171647536885
 1149.000000	16.8831166637177823	117.0531569418390063
 1150.000000	15.8253038893505202	122.2982783999351000
 1151.000000	12.6432552778719849	110.3071364886658046
 1152.000000	13.8001937279488658	90.7439198339692297
 1153.000000	14.0295333450452606	85.3387945218723587
 1154.000000	10.4529767040224471	103.6410076273633649
 1155.000000	13.6326120696131312	106.7317092245238399
 1156.000000	10.4390096581308338	106.6177210295107756
 1157.000000	13.2979177999353766	109.4995042614029188
 1158.000000	12.0954083512436625	145.6878498284222587
 1159.000000	11.4663060015019393	86.2544003125089773
 1160.000000	12.1276962145292639	78.5285251430502882
 1161.000000	15.9451720366746432	111.2657491530515728
 1162.000000	18.3274413655292676	44.3851089228885201
 1163.000000	21.6721850004987218	84.9741000658073347
 1164.000000	21.2663802520030245	68.5494565356879804
 1165.000000	20.8660521972788899	107.5354708772893559
 1166.000000	20.3264079308941064	99.2764165207113791
 1167.000000	20.1925400949550280	64.1909156517225625
 1168.000000	15.8320217576323259	123.9000124928416824
 1169.000000	18.8259140729481516	32.5405222750380858
 1170.000000	20.9980104997782817	57.1652934970850737
 1171.000000	26.9825860732887399	83.9543132049357865
 1172.000000	16.9406996266706145	36.3849645768705443
 1173.000000	20.2863859990430448	68.4170601758693948
 1174.000000	18.6563354685143707	31.8696505862388904
 1175.000000	20.4029719216187679	138.4491313445730611
 1176.000000	18.4863925832009279	101.2896450779698228
 1177.000000	15.7242248714040542	96.2007514341186010
 1178.000000	11.0632857496961137	140.8629746149744619
 1179.000000	12.3379435900526939	103.6776040071917322
 1180.000000	11.3722557896220682	111.7376307181802702
 1181.000000	10.7879454017195577	35.7639008284504882
 1182.000000	16.5701002788205116	121.2959321250454821
 1183.000000	19.9090189238657693	95.7709149669862967
 1184.000000	23.1510542067833534	35.0498014485336000
 1185.000000	23.1403599946188834	53.6681087491121929
 1186.000000	17.0880800276630431	40.8673716851093616
 1187.000000	17.3884104415759744	64.8883167377738772
 1188.000000	20.7193892587715744	66.9106942675367833
 1189.000000	14.6610053019960258	30.1477512726385726
 1190.000000	18.1003899648706437	59.1656681687838955
 1191.000000	16.0658027520364506	29.9589995491142531
 1192.000000	12.1128817186892892	31.7190661537892424
 1193.000000	14.0008519970783567	85.6625202587392351
 1194.000000	20.0890771749441797	73.3824554029161078
 1195.000000	12.6924991079466132	143.0807970039769259
 1196.000000	17.9401476040943919	69.7401649538354462
 1197.000000	16.4798060864456914	96.3858993062037257
 1198.000000	16.6109196919198361	43.2163726271675159
 1199.000000	18.4218331530316206	48.0375570203907216
 1200.000000	15.7560752569284563	80.9317548979919508
 1201.000000	17.9498715387629311	77.2519015762958503
 1202.000000	24.5219953089650105	92.2665969832990100
 1203.000000	22.2588383287482330	76.7618936123110700
 1204.000000	15.7632914568590810	61.8044966481300406
 1205.000000	12.3972686360218667	71.8889108698518982
 1206.000000	18.2189986490184594	141.8154313639837198
 1207.000000	19.0323097191382686	55.7817807199592011
 1208.000000	13.0299058658097646	125.0652126253861525
 1209.000000	8.8616619948559698	92.7967516298394912
 1210.000000	12.0818884961311799	38.8624637985021479
 1211.000000	14.6748169698023307	66.9869752917456509
 1212.000000	14.1599771155194283	117.1715728287797447
 1213.000000	10.8728530531984831	119.8508817861229545
 1214.000000	7.9582193125604572	100.3772059033247501
 1215.000000	8.2457919693987503	112.2694595351109825
 1216.000000	7.6639888339931757	62.9393049579973507
 1217.000000	7.5019407632448631	113.8197073861921780
 1218.000000	12.3258523560716391	127.2730438758766240
 1219.000000	7.0926849324082406	74.6099130684802674
 1220.000000	6.4794261278199903	85.0573867512350006
 1221.000000	11.6611278350601388	48.5321188017650229
 1222.000000	12.9873732863281450	79.3595175601639653
 1223.000000	13.8178304295051930	148.9906874555431671
 1224.000000	12.9062599080081171	136.4248998950180294
 1225.000000	14.5828655875487065	80.8582576684399328
 1226.000000	15.5737507153227757	103.1105386764266285
 1227.000000	11.0254691106526703	144.7404316437204557
 1228.000000	17.2137159200769858	132.7673636192876927
 1229.000000	11.6628027140724164	83.8251058375165172
 1230.000000	16.8386411441107100	99.9544352116756727
 1231.000000	15.2393639093630568	60.1374917225460450
 1232.000000	8.7575999343016449	44.6571463825793842
 1233.000000	12.0113106063896478	56.8661946074394677
 1234.000000	10.7095513631927304	50.6319394845407658
 1235.000000	9.8975401192081254	40.7228291370975342
 1236.000000	11.0354094708756421	36.6577896171332611
 1237.000000	7.7790277974159769	49.0120342264579278
 1238.000000	9.6573113153433177	39.2660628702532790
 1239.000000	9.1082056484791050	56.5426340549386879
 1240.000000	8.5709598980898765	43.5646435322505567
 1241.000000	7.8049602147730628	42.4354100321909300
 1242.000000	11.2998051340351591	44.4493905535473459
 1243.000000	9.6747976785160557	67.9475867216225282
 1244.000000	13.4673129960410716	75.4692159303942134
 1245.000000	11.4871467582425240	72.0470497507433691
 1246.000000	11.7080814830481472	89.8879191118042513
 1247.000000	11.8199261021029081	58.3053271661783725
 1248.000000	11.7292982700672646	73.9226858706461627
 1249.000000	9.6167977735075052	61.3374974800295121
 1250.000000	12.8844328318495567	64.0998194798374357
 1251.000000	14.0148178100441037	118.7261402423539920
 1252.000000	9.3397125490063502	90.9057397421433109
 1253.000000	12.3788515430125905	95.1464416874773349
 1254.000000	16.5194352082144569	127.4383658517384674
 1255.000000	15.1641342491787086	73.9983050726279714
 1256.000000	15.1945640313796932	88.9960860604125799
 1257.000000	13.8115958323145467	119.6947013251551084
 1258.000000	10.6659628220892326	104.2051709206905059
 1259.000000	6.6625313914244808	55.0318436723358531
 1260.000000	13.1112278485998104	105.7512679334411700
 1261.000000	11.6407937045610144	74.9548214784882134
 1262.000000	10.1873474687644894	79.5729865276317270
 1263.000000	13.8728827185018311	72.5891970227723533
 1264.000000	8.5640922000613706	110.6625261706807208
 1265.000000	10.0625516674145477	131.2877300397434510
 1266.000000	10.5994013360221295	130.7307507386195198
 1267.000000	10.3683326975543935	135.7931983009191015
 1268.000000	12.5643778109532462	37.0241294256255173
 1269.000000	11.0843403227503448	66.9463970367701933
 1270.000000	12.4232860376276228	110.7751736819277113
 1271.000000	17.3354780374257338	94.4396992368651667
 1272.000000	21.4369940653042619	91.4099165821580186
 1273.000000	22.4643364850201301	34.9153163515363190
 1274.000000	21.9460887435197272	78.7136842047117398
 1275.000000	24.8816062805854123	106.9378599414669253
 1276.000000	27.3192491855874700	89.6236806393897893
 1277.000000	26.2815942413937442	53.3616202641694315
 1278.000000	22.3319631917398915	81.0683596174964123
 1279.000000	12.7654287891996230	40.5536450705306493
 1280.000000	23.6837062725155576	117.4442879825884063
 1281.000000	18.8511742344446560	92.0313354626204472
 1282.000000	15.5732714042231528	106.8772228787580616
 1283.000000	15.4352016581525167	42.3166630596219591
 1284.000000	10.5903837467826101	57.7052219548589846
 1285.000000	8.8735718512894550	38.2314747806667015
 1286.000000	10.0035091584174474	4.3806013555951040
 1287.000000	11.2040504297691950	40.2123672750733192
 1288.000000	12.0524789729618256	50.7783041058845583
 1289.000000	11.3037606660442798	51.9112343456016276
 1290.000000	11.5096799341478135	52.8331575121050179
 1291.000000	11.9349685596984720	26.0916031942013831
 1292.000000	10.5979419362471390	57.2122987500366378
 1293.000000	10.0873092741127266	26.8889132382219316
 1294.000000	9.8390845277573895	46.9630259212310648
 1295.000000	11.0060346625096059	19.1417552677434344
 1296.000000	10.3001536676040857	34.0241657727017923
 1297.000000	10.2526706646158949	35.4015270636507182
 1298.000000	9.5208567592129416	21.9380144094947411
 1299.000000	12.2540907347929053	55.8963566907864760
 1300.000000	8.7135728438528304	18.4461964308107156
 1301.000000	12.2999349472478574	34.8477358121979535
 1302.000000	12.9686943246528479	6.9760327467357399
 1303.000000	14.8416002249502945	80.2796404019756551
 1304.000000	17.5110447037794756	73.8446818769480728
 1305.000000	21.0675164935174877	79.8225109242732316
 1306.000000	17.5394153619766406	63.3373699637938046
 1307.000000	11.2715151511352261	70.9246567232310383
 1308.000000	9.8955276925845368	84.8036637344784907
 1309.000000	12.4069209702648795	54.1434669261317083
 1310.000000	14.5410874328069557	27.7179813050492214
 1311.000000	15.6981220599389726	48.4084577933841160
 1312.000000	11.4178773986095887	18.3255769694072512
 1313.000000	10.8741389778025734	14.2277226079746697
 1314.000000	11.8952476575777517	49.1540353702302468
 1315.000000	10.8590548340546587	29.3558010675878620
 1316.000000	11.0651273358814493	12.1036134484065485
 1317.000000	19.1512418459293308	91.0946531234875891
 1318.000000	24.5474042177745133	86.6960059292868692
 1319.000000	23.2964161721772989	45.1572658814529575
 1320.000000	26.2741059326882258	82.7059896231668716
 1321.000000	26.6901282030249440	71.3796905516527289
 1322.000000	27.8581908820057897	116.8617649725141945
 1323.000000	22.5954289035687204	66.8514721273345742
 1324.000000	23.4300239768640104	49.7075067298371778
 1325.000000	22.9292334184082200	70.1205776881165121
 1326.000000	21.9389031938935943	63.8951038196881456
 1327.000000	19.7508159310849116	66.5299605734250008
 1328.000000	19.1817440672147370	65.6652640292471403
 1329.000000	19.8009976791394564	85.5424593964902300
 1330.000000	19.3314810639591492	37.9253109214053268
 1331.000000	17.1289596448395791	40.2045263153939914
 1332.000000	20.9476115971489314	56.3296460010930815
 1333.000000	24.4931487874106857	79.5506644265834808
 1334.000000	21.9523880395556787	55.7911348453297791
 1335.000000	22.0114132238790141	70.3093119218008837
 1336.000000	21.6581532948516688	17.2219337341382470
 1337.000000	23.4060732177015574	71.9712522904774943
 1338.000000	13.3657713420422990	52.3967783380323340
 1339.000000	16.6244702585065092	98.1261532085104591
 1340.000000	11.4265911578830597	2.9165911996115312
 1341.000000	20.5135695504303541	37.7686257287703313
 1342.000000	15.2606485064378870	71.6469881163952493
 1343.000000	17.6536049910074340	74.9471706147949419
 1344.000000	18.9031836758082292	53.1911388415458788
 1345.000000	22.5080884927736662	37.4042046620632789
 1346.000000	22.8678999009342263	75.3949014281495948
 1347.000000	23.1215174618477555	83.9860223882557619
 1348.000000	21.6112703378053546	96.2904464562786586
 1349.000000	24.3060453351776040	76.8410887123372675
 1350.000000	24.3088193847589551	87.2554378514446398
 1351.000000	22.2227214717141095	63.1104642652208554
 1352.000000	21.8997591096463253	65.0745453832369662
 1353.000000	22.0125917404060516	83.2434680124447937
 1354.000000	20.3305448867505802	37.6924008432270057
 1355.000000	20.3354866356023578	39.1954932530069016
 1356.000000	20.4159975702944472	57.5366884690409961
 1357.000000	21.0998056732810682	87.4001152188841814
 1358.000000	23.2719125613219973	80.0612811698212994
 1359.000000	22.6021947727887103	65.8194882872169273
 1360.000000	21.5930582182956883	88.0744196030985194
 1361.000000	22.6676211641954382	81.4457571404427938
 1362.000000	20.8788771425641428	72.7969400180433865
 1363.000000	24.3304927806715341	51.2120996172352250
 1364.000000	24.6480425575970727	68.9578739397741458
 1365.000000	21.1657644509288936	55.0272276626536438
 1366.000000	21.5180172434605055	65.4519502981042223
 1367.000000	21.8026913816329824	94.4798080215255141
 1368.000000	20.0338634813850369	60.9754780037689130
 1369.000000	20.3634066590532719	54.9960091591799056
 1370.000000	22.9413577820169543	46.0567013276531156
 1371.000000	24.9971217198055697	77.4253038110674510
 1372.000000	23.9882042742986030	94.7477618998397446
 1373.000000	23.2666256133352043	59.2836324009820572
 1374.000000	23.6507141422834408	103.8131493983836862
 1375.000000	22.6627107253888127	59.0750115725503804
 1376.000000	24.5313222791334411	71.7748396497560321
 1377.000000	23.0091840990240826	99.6569411286823481
 1378.000000	21.9274821805129889	77.5492396859864925
 1379.000000	20.6238123715240746	59.5808841586998312
 1380.000000	22.0582132049613655	78.3865989700203443
 1381.000000	22.3205936540663181	44.4989859189718402
 1382.000000	20.5779597809566681	42.5444398729833893
 1383.000000	21.0826049738224732	72.3592031533501654
 1384.000000	19.2454646150508175	44.2385928616519664
 1385.000000	23.3839717281530923	73.1479817013152598
 1386.000000	23.7983426994257208	95.7939536471818229
 1387.000000	22.3164857204054883	60.1636019544849034
 1388.000000	25.7360056007843028	83.3683877591310534
 1389.000000	21.2899000610763878	56.2112975256139720
 1390.000000	25.9664727489707374	88.3672248866518260
 1391.000000	22.5093180303723024	100.9179595797765359
 1392.000000	23.3141578053650562	86.4968286990535660
 1393.000000	23.4820396057974285	87.2222595823539706
 1394.000000	23.9756207324464157	74.0396459212552145
 1395.000000	22.4212921115343242	96.3453464061201288
 1396.000000	22.4222390624346737	112.5645421422475039
 1397.000000	24.8283736174163963	91.8196069165595787
 1398.000000	22.3159720155444994	86.8464469454781636
 1399.000000	21.6568752239764031	83.9229361044869790
 1400.000000	25.7098994581686462	84.8744473145117411
 1401.000000	23.9926568476174751	114.6697028327879622
 1402.000000	20.6928362738948373	42.3311811201241426
 1403.000000	21.6933837891645744	82.2103736843000235
 1404.000000	22.6429584968433701	72.4675565953273093
 1405.000000	22.1624260035907632	96.3570833839402923
 1406.000000	22.0813501825801382	58.5537661880675273
 1407.000000	22.7622233179156019	109.2801890804776264
 1408.000000	20.6100723047085381	42.1992545476078931
 1409.000000	23.0716282911581452	84.0435386775764073
 1410.000000	24.4114566404019584	128.2875803812679010
 1411.000000	24.8855564083774006	90.3329590356408119
 1412.000000	22.2231800974014284	84.2544436636253096
 1413.000000	20.5194775436913872	38.7041034632308083
 1414.000000	20.7529247387485576	65.3420690384747331
 1415.000000	20.5430963980852255	51.8401464455924952
 1416.000000	22.9811347329030298	65.1912163938075651
 1417.000000	26.7868827224680324	67.6120493196999774
 1418.000000	28.7441026201885421	74.1740361200102853
 1419.000000	20.1686706155900701	84.3190514410581073
 1420.000000	24.1725161848201466	133.1951074553180092
 1421.000000	18.8216341292668332	93.3185881122785474
 1422.000000	14.9752005924435991	30.4342726694957548
 1423.000000	17.6485821505394327	129.3539105516562415
 1424.000000	14.3456107288414341	133.6721303131689069
 1425.000000	19.2721288966895727	108.3530801375368924
 1426.000000	16.5000720092242368	99.7006548918267868
 1427.000000	18.0364091350952123	106.8707057182634230
 1428.000000	17.0049966314253140	70.5521013477327017
 1429.000000	18.2255319392230817	129.1075831524625244
 1430.000000	16.0792054693290964	82.9183496213873070
 1431.000000	16.0790810621205225	132.0333363353524874
 1432.000000	22.0014658446051570	134.2991247489770501
 1433.000000	22.1916941789496249	97.8532414499310335
 1434.000000	22.0593347584021551	133.1739085568797236
 1435.000000	21.6665310569811709	111.0679381341217749
 1436.000000	19.6163628800265997	93.0872988817907867
 1437.000000	19.9899942413560616	59.8211337714065365
 1438.000000	18.6577406174352234	59.9175275980986015
 1439.000000	9.2342953076397585	67.9230412961472041
 1440.000000	24.0949119356114139	97.6479828458724484
 1441.000000	21.4819884389044624	87.4506772993974124
 1442.000000	15.9341774239925265	41.6032892744768503
 1443.000000	24.5442231310833101	53.7731899494862091
 1444.000000	23.9695540940498439	50.3068582737268173
 1445.000000	22.0376138762916227	68.4570766344080681
 1446.000000	20.9218033947129527	65.1400265672433676
 1447.000000	21.2251394251093402	62.4780359262194054
 1448.000000	21.6921735733676861	47.6513542218462760
 1449.000000	22.3797678237742055	81.0806797882878811
 1450.000000	19.2355139479653623	49.3955272477711560
 1451.000000	25.1729811405179014	80.7265635126492356
 1452.000000	22.2566787030876299	45.5795855861390748
 1453.000000	21.4973197827427853	67.4049247965258189
 1454.000000	22.3360523726199247	66.2811155627083366
 1455.000000	22.8418877498580777	77.5531151237030372
 1456.000000	22.1231460287918971	61.5835270870678499
 1457.000000	19.8613405724380918	51.1865930814040553
 1458.000000	19.5525457757023311	36.6163155532770475
 1459.000000	24.2356072832805509	55.7717257562998725
 1460.000000	20.7131182964322029	73.2008233493314577
 1461.000000	19.2397557659327560	77.6733008964795744
 1462.000000	16.0843837419258620	52.7518343667361052
 1463.000000	10.4200178121041223	14.7450015195885840
 1464.000000	19.1393742603516728	41.3067551721493089
 1465.000000	17.5803095687630879	35.1622177861157752
 1466.000000	14.3880262040044098	24.2863144729489022
 1467.000000	12.6087340627236646	39.1616636573403412
 1468.000000	11.5089941857137461	22.7621449769222579
 1469.000000	17.4302548793298868	38.2312516323796672
 1470.000000	19.2651641055455158	83.0979308939798500
 1471.000000	13.1858311769147480	19.0485288743089143
 1472.000000	22.2182951908077833	73.0578043922049716
 1473.000000	10.5955970972348705	21.5733858404133230
 1474.000000	11.3405046590319838	28.7691382893758885
 1475.000000	16.0198801387965659	39.6729091701256777
 1476.000000	11.0997656626667940	49.8641310975558554
 1477.000000	12.4597310621528354	28.6580621610037838
 1478.000000	14.0221145796571598	21.6276794862171471
 1479.000000	13.2489135954340291	31.2070098141749952
 1480.000000	18.7335887350397563	120.5449245520238293
 1481.000000	20.4491724613476933	99.9598929552574589
 1482.000000	10.7690168913093327	5.5150601867437956
 1483.000000	11.5168487805515802	26.4628000413403583
 1484.000000	13.7648023417645824	27.1191027417721102
 1485.000000	19.6741159864569823	85.4466900507389937
 1486.000000	18.7803629799738054	72.0453767984951554
 1487.000000	17.6698478887072490	39.0210194505510799
 1488.000000	18.2195181074884935	89.1218826784419491
 1489.000000	16.5271548556701724	72.7226563605203467
 1490.000000	19.0450334005264565	116.6897278786499328
 1491.000000	20.4662585368328394	74.1987207600068075
 1492.000000	20.2100891461899401	33.6940191375917664
 1493.000000	17.2976109216545630	69.1683744655887125
 1494.000000	21.3583768396280469	118.7123153869217589
 1495.000000	20.9689371086524510	42.3556277261563423
 1496.000000	19.8932590459027629	54.0571302615795304
 1497.000000	19.2052257277983323	101.2264623705612081
 1498.000000	19.4679774528058616	82.0041549481232721
 1499.000000	17.6720236085636131	114.3762876394385160
