 0.000000	7.4158315373263468	110.7603152996850895
 1.000000	5.4171840873460662	137.1965333743576991
 2.000000	5.8637538424172417	124.8891663954137243
 3.000000	5.4550033966826259	123.7549688189677113
 4.000000	6.0988587263226037	90.9519457522872727
 5.000000	5.4379973675177968	132.4061795637921364
 6.000000	4.4720128761497921	83.6144948959314860
 7.000000	4.5250426222648068	81.5145693110741263
 8.000000	3.2076440777413215	75.4517473146642601
 9.000000	4.0960113471464314	100.0690322837525628
 10.000000	3.5199066543249233	74.9922085039999331
 11.000000	3.9479434790358039	89.2772052122348896
 12.000000	3.2241912548485083	92.1754576128429761
 13.000000	3.5888498994215641	100.9901288199310585
 14.000000	4.5079774589280932	104.8339404877195307
 15.000000	3.4696980182321755	93.5553986140735958
 16.000000	4.2732042964663952	66.2537699040771599
 17.000000	3.7803941796173834	85.4715769185530263
 18.000000	3.8784863308559814	77.4588781906661694
 19.000000	5.6020777341637569	129.2585001411756309
 20.000000	4.2142231069267115	70.8327084614765852
 21.000000	4.7096425153999437	40.8141892163667990
 22.000000	5.5314751277014427	140.0735203077223332
 23.000000	5.6452265680244125	124.6018261833442295
 24.000000	4.1629359874414549	69.2024000273179070
 25.000000	3.3132026179911436	82.8732507204424849
 26.000000	4.7509305542992104	68.0437491558431873
 27.000000	5.4495815489216604	122.7262748776425951
 28.000000	4.5761642562391787	95.9430632817963982
 29.000000	2.9630268517120939	124.1478716241508380
 30.000000	4.0967018115548246	76.2981012308222404
 31.000000	3.2159699349647131	88.6650268244477218
 32.000000	3.7854143730473204	72.1718250640163319
 33.000000	3.5886525853220230	81.8704552950359101
 34.000000	3.3361479719400298	76.5827308500123536
 35.000000	3.5768505731709737	82.1207291940598907
 36.000000	5.1421622568733953	84.5262471219275540
 37.000000	3.8709758753618253	65.5889954270575402
 38.000000	4.2377126016788100	70.5928368007509874
 39.000000	4.3923975312875729	71.0252321155684996
 40.000000	4.1435086243924690	72.8733428870512370
 41.000000	4.5646512364005680	84.5902277249537491
 42.000000	3.7715144957583187	82.7833771539768577
 43.000000	4.4647808753661042	82.0917009205471260
 44.000000	6.0588421962268431	85.2538681622388879
 45.000000	4.6442728798875219	66.3227559589588367
 46.000000	5.9055121204685435	116.6145402107536881
 47.000000	4.1448612097185116	68.2082137501128187
 48.000000	4.9778780409572434	128.5521800602467692
 49.000000	4.3800911353245837	60.1192528261577053
 50.000000	5.6346565148535142	122.4349986971140822
 51.000000	4.0695964303349257	66.5079134263898908
 52.000000	5.6879337287419673	137.6049333858214823
 53.000000	4.4707017585624147	57.9565329428671987
 54.000000	5.5454851709591635	95.8964662919287036
 55.000000	4.4732007232653794	74.2141238974225246
 56.000000	4.5723464063392409	78.5734027084448314
 57.000000	3.6889538590162458	108.4556904521987946
 58.000000	4.1913087544416729	85.8697343515801919
 59.000000	4.5512450091210317	66.3584403073453473
 60.000000	6.0789339153807935	118.5368380753081681
 61.000000	5.8535009473154478	126.5319955486565107
 62.000000	5.7259072000184510	124.7999538796279495
 63.000000	4.5400765411455977	62.7463774448766429
 64.000000	4.5948482866210743	93.3338415928199936
 65.000000	5.3281032409678240	128.2061858493275963
 66.000000	4.2995731175345044	65.6186478681485568
 67.000000	4.5291053606948655	64.0648598718909170
 68.000000	4.5144807731140899	71.4726934163546730
 69.000000	4.3328758932455242	75.5612638983782574
 70.000000	3.4296470876833420	56.4125263123660829
 71.000000	3.2474208086846219	92.5169823067929968
 72.000000	3.5745470288628098	83.3485475056634755
 73.000000	2.7807843222943074	148.6626390063462111
 74.000000	3.3880388710868359	93.5975025565785472
 75.000000	2.6989706045066963	28.8067109285285028
 76.000000	3.5281017523461444	71.2386986333693244
 77.000000	4.2919649264001638	62.5550120024328891
 78.000000	4.4790108637763417	83.2123929118180286
 79.000000	4.5523785119887767	92.5080104215641370
 80.000000	4.4864281647067230	80.0050102449067424
 81.000000	5.6693496802014200	129.0440464128845974
 82.000000	5.4397984827775892	81.0643428985665651
 83.000000	4.6188622800572610	65.4603162533756660
 84.000000	4.6285390928537975	71.7295073318376240
 85.000000	4.3077896213387996	79.3367195030622696
 86.000000	4.9102557688533652	91.7616229756746122
 87.000000	4.1591614048738741	65.2949027823849235
 88.000000	4.1376324772902962	62.7505641132298706
 89.000000	4.3331315718806422	67.7182585046477925
 90.000000	3.5310914839481145	86.5919178264657603
 91.000000	3.1232159672468298	76.7200368625083229
 92.000000	3.7259410063012726	85.8770899970880208
 93.000000	3.5326228362686685	69.4765833145883818
 94.000000	4.9906944234454818	69.4670085711370007
 95.000000	4.2536198773472043	76.7813299473407227
 96.000000	4.1821833829364445	53.2940670886625867
 97.000000	4.5829606969710470	73.1059838905992336
 98.000000	5.8561104940425546	122.6417188591487388
 99.000000	4.8586252246169481	68.0087288498701810
 100.000000	4.5512472777093853	82.5970650552549870
 101.000000	3.7523539697333397	67.4239505527341976
 102.000000	4.5232411042016656	99.2224142585705806
 103.000000	3.9984765863529623	84.4660129574431551
 104.000000	3.8436708578176928	67.1429134582563876
 105.000000	4.5348250235508232	83.1883943959577437
 106.000000	3.7874962273969817	71.6553627509877202
 107.000000	3.1219676271484205	81.3304659204378737
 108.000000	4.3855659246541467	67.9840181839968523
 109.000000	4.0585071866834754	109.9517233573487829
 110.000000	5.3908580899328449	130.3423955101494300
 111.000000	3.8863279169098988	51.9571616152771583
 112.000000	4.0733698418170974	72.6163685927221110
 113.000000	5.6276376722809953	126.1054458990915066
 114.000000	3.8348055875932054	102.5199698264453900
 115.000000	3.6981978025894753	83.6467171596575128
 116.000000	3.4004436656857742	96.2526559616559041
 117.000000	3.2281271146899169	87.2559353937126900
 118.000000	2.9836363543944935	91.2436935258845665
 119.000000	3.4758272152613836	102.7086594955971037
 120.000000	3.6795229695578096	101.8769373966472926
 121.000000	3.0002712116536387	96.4876962451821782
 122.000000	5.7847848836778972	125.0764749019820385
 123.000000	3.9452358981078333	71.4404809539868211
 124.000000	3.6568555404898602	73.8396252093892826
 125.000000	5.5306433145396330	132.1686227249738295
 126.000000	4.0464808159390833	74.1307498310053461
 127.000000	3.8448316333162000	106.8445551888324587
 128.000000	3.0514854064534127	126.9615589068318684
 129.000000	3.7421076703712957	83.5709137902355934
 130.000000	3.5187279347043163	97.0137835580896137
 131.000000	3.6177030896014073	116.2588998430657909
 132.000000	3.0841902491219173	97.4202769022164290
 133.000000	3.0224041377606090	57.7736284139144942
 134.000000	3.7870899983039541	74.4538979183232499
 135.000000	3.5968314268533379	85.4698400094465143
 136.000000	3.0144956881170426	62.9380884819002375
 137.000000	3.9315039540675576	70.2132406842672339
 138.000000	3.1195783127340051	143.0429271378794454
 139.000000	4.3284501897470831	69.7318948432497336
 140.000000	4.5846251954932615	73.5424089263346445
 141.000000	4.4262879845601075	136.9199227301874942
 142.000000	3.9645836260429097	63.7104501138157246
 143.000000	4.6331955621999557	96.6541295804851757
 144.000000	5.5350526752632563	133.1760989930999699
 145.000000	4.7305859852098679	72.8035339267239721
 146.000000	3.8426821699412508	85.8609538145431088
 147.000000	3.2614785276725247	109.2954906036562903
 148.000000	4.5217688175687876	66.1458039283091779
 149.000000	3.0347678379935097	108.7243385256577426
 150.000000	3.3791968751262664	96.5098680119264571
 151.000000	5.8019902338609075	77.8811260891334740
 152.000000	4.3643176357162270	73.9651555555676055
 153.000000	4.1119656382979128	119.1117240374313724
 154.000000	4.1351813105446702	74.4258667829878249
 155.000000	5.4460290462614722	122.6614503212800429
 156.000000	4.6688731673695401	74.0745451537201518
 157.000000	3.6573243069900512	62.7785091655779439
 158.000000	3.9778276650167057	76.5148243929833853
 159.000000	4.3592699637799193	71.9082945342562141
 160.000000	4.2148292607903546	68.8202959840577506
 161.000000	4.9694489168583544	135.0377945689031947
 162.000000	5.8469664620216406	131.4374984653254330
 163.000000	4.3538739384076530	75.8906591868678646
 164.000000	4.0414388953238118	80.6345431017289087
 165.000000	5.3056371911515843	95.5894642323749935
 166.000000	4.4993791286104825	70.0049105839984662
 167.000000	4.7878535211650890	92.6112145741892903
 168.000000	4.4087600949852908	65.4125293378182420
 169.000000	4.5931940748472773	135.4943362686923933
 170.000000	4.1352841510385003	60.8220524090029784
 171.000000	3.9749664247010035	61.8161394195944496
 172.000000	3.0412856657048182	83.1113289033231837
 173.000000	3.4431339344230336	98.4851894421631897
 174.000000	3.3339893775144365	78.5055259890438180
 175.000000	3.3571295105144419	93.9754808850614154
 176.000000	3.5153082628282091	69.2232409390568364
 177.000000	3.5362141067372543	98.7791605295955009
 178.000000	3.4567662241468429	96.6184448284147521
 179.000000	3.2160325189873138	88.9172478716874366
 180.000000	3.6574892465406301	79.6505599626673160
 181.000000	3.9536882516015712	90.0211481240771150
 182.000000	5.7355907246583948	134.8986867513136190
 183.000000	4.6382522980669503	63.8352572953073008
 184.000000	4.3465551287589896	68.7117400981653503
 185.000000	3.4225152563600290	90.9140895179242534
 186.000000	3.8021531149765395	73.6891056445060997
 187.000000	3.3144217691320828	80.1923380261704182
 188.000000	3.4204273828115470	62.6908393273150892
 189.000000	3.6793208548884864	114.3394307041293700
 190.000000	4.6493958648590654	67.4535226192349171
 191.000000	2.7079598622626944	12.0150557235292581
 192.000000	5.3054997815099068	125.5146338653778173
 193.000000	2.8864306494098328	92.5463753688940471
 194.000000	3.2744634380658324	93.3157316072230856
 195.000000	3.3833015449258226	106.2887605575836005
 196.000000	3.0562972413307548	141.4335261186551804
 197.000000	5.4059059361468185	134.8431224343479187
 198.000000	5.4134899048597998	113.4864849298664780
 199.000000	3.0097041686023895	72.7565014489114787
 200.000000	4.1004830192786281	78.5659293455949665
 201.000000	2.8524424762478069	51.2316540723006426
 202.000000	4.6588988879611293	89.4727668326996479
 203.000000	4.2406770444857980	60.3829662023947833
 204.000000	5.7246962616404629	140.2901070728348714
 205.000000	5.2087306516337142	136.6321445146502072
 206.000000	6.3199499055908150	131.0101037589203372
 207.000000	4.4545243183284988	89.4802767157481611
 208.000000	4.2078866811127131	78.3951534904660576
 209.000000	5.3839110740839171	130.7015050517762802
 210.000000	3.7937286846102989	64.0773830293254747
 211.000000	4.7996487899206297	61.1175045180150818
 212.000000	4.0514982071757126	79.2431456953133875
 213.000000	5.0229931201602271	144.1734402884700330
 214.000000	4.5321228048371696	95.7037235823818548
 215.000000	4.5767863079999787	92.5063100715546085
 216.000000	5.6284359122936003	92.3718289362467004
 217.000000	4.2661808318778851	84.2795760622749128
 218.000000	4.6766554915927658	59.6291732890059478
 219.000000	3.8286438821345672	143.7204297499711743
 220.000000	3.8092067515882873	48.5318816022832493
 221.000000	3.2034183627361008	107.2191148808966403
 222.000000	4.8391832210653423	58.4227033420087452
 223.000000	4.0429652240332405	73.3840216282744677
 224.000000	4.0312923458766248	74.7105670033298139
 225.000000	4.4776975254284181	75.7262279935670506
 226.000000	4.3075865568077125	71.9650542820844947
 227.000000	4.0065525367005748	63.7436396808304124
 228.000000	4.1289372166154417	77.4386240170108948
 229.000000	4.3741758330637275	76.3493358358532248
 230.000000	3.0539563599015560	100.9006683715577992
 231.000000	4.6630358615855885	148.4028344601095455
 232.000000	4.2930082149444679	78.3215191044392043
 233.000000	4.2607689771369719	71.5415031359967770
 234.000000	4.4692154174182814	76.4879648180640572
 235.000000	5.1247528297953906	132.7639782330934963
 236.000000	4.3461683164384493	152.9060020939483877
 237.000000	3.8779697875407573	58.1521499221409641
 238.000000	4.1097453036453659	55.4139016652830776
 239.000000	4.7900907138401125	140.9876354327928993
 240.000000	3.8929109354794340	59.7120404071663415
 241.000000	5.2295859450495916	92.6137639254587981
 242.000000	5.8254939185489336	135.5665860049161893
 243.000000	4.1628065155565466	63.5311142128035868
 244.000000	5.8999918511448586	129.5344477702504378
 245.000000	4.3582436840822041	117.1362366747115971
 246.000000	4.4910321214526228	68.8418825154688960
 247.000000	4.2239887685413464	64.8377089792768118
 248.000000	5.1507468284378799	106.4145288195491048
 249.000000	4.6502001971133762	82.6107748312966237
 250.000000	4.9871484152236683	82.2200844942995417
 251.000000	4.0592119226046082	64.7550476838401465
 252.000000	4.3864233337263920	77.9433952224936206
 253.000000	5.1659550029480981	138.4451981740137967
 254.000000	5.6218641051002383	133.6422935593342061
 255.000000	3.9334014586354837	64.0236157325185928
 256.000000	3.6973397521200719	81.7750057724234836
 257.000000	3.6047507162382022	93.1821142843413099
 258.000000	4.8192505078429413	106.2530606454048296
 259.000000	4.9587405251306800	87.1505513134849679
 260.000000	4.3649968921264826	84.4008661219501732
 261.000000	4.6869710617573972	81.0911892486773240
 262.000000	5.0051155884417966	78.9957205050408504
 263.000000	4.0534557001661993	78.7095446475219660
 264.000000	5.7061458208003710	131.5718127316509936
 265.000000	4.1551832091493033	73.1881216927139633
 266.000000	5.4929956818125802	129.5229557324142888
 267.000000	4.3937988248991884	74.1719274276602221
 268.000000	4.5368237739565878	93.7321960883719640
 269.000000	4.3008258486337709	75.7134361047400972
 270.000000	4.8403190816839157	67.9024956017570531
 271.000000	5.6781786179711267	117.5902795664816836
 272.000000	4.4778073154304083	64.2260785712032032
 273.000000	4.0018815226381683	150.5740893301407368
 274.000000	4.0506729409365576	65.7035560773369269
 275.000000	4.0658717318056494	45.1238689334466585
 276.000000	4.5435351939517226	89.7391057960224146
 277.000000	4.5093880454399651	71.1537740873667133
 278.000000	3.8476917894253684	71.7880984184537425
 279.000000	4.7727200392549918	41.2268513365912668
 280.000000	3.1120951301778774	88.6919241362667492
 281.000000	3.5718388690268759	90.7310540606418527
 282.000000	3.7965482474216787	77.4046173918947886
 283.000000	3.5232584610004221	96.3098472490715665
 284.000000	3.5433060298640537	90.6440288841077830
 285.000000	3.4338051008562940	113.3510428264622618
 286.000000	3.7968587289079614	95.0615499197410259
 287.000000	3.9359669723125390	80.8519122691218399
 288.000000	3.2516356117404048	88.8161556261432281
 289.000000	4.6164174102492179	62.9736356738109464
 290.000000	4.2553810371763827	72.0186846183831051
 291.000000	6.0207319498919594	118.0288294744000552
 292.000000	5.8461534362532763	121.4744096100018282
 293.000000	5.7763376377466198	131.2140375610162266
 294.000000	5.2826246035266058	93.8811477247364365
 295.000000	4.6571555566929712	77.5328851885104768
 296.000000	3.4664050360175369	99.7611277602247810
 297.000000	5.3040773599941353	139.1675633994293833
 298.000000	3.4058685045828252	96.2468849085626488
 299.000000	3.5486859020402073	105.3912385688626756
 300.000000	3.5232748246049765	74.7268123823965738
 301.000000	3.9503298874593771	75.9193408383037109
 302.000000	3.2827384685644971	73.4313224233322615
 303.000000	3.5603216985974586	73.3740845834493882
 304.000000	3.3506105729859890	69.9805076420195888
 305.000000	4.0009559539509549	74.7398502743921398
 306.000000	3.2338007374259741	109.5762228464551526
 307.000000	3.4501809435350892	69.0499041198955581
 308.000000	3.7898199527788461	92.4529320414530957
 309.000000	3.2785132730213031	98.1127719630080293
 310.000000	3.5999816151673212	68.8640545006981313
 311.000000	3.1425903840689076	114.7401548228853301
 312.000000	4.0918129222930819	83.8178955326473272
 313.000000	3.0873097389665105	82.2341216827887962
 314.000000	3.8678630510054415	86.2593004545538946
 315.000000	3.2066834941448974	70.0465785197288682
 316.000000	3.7829970293250152	85.8896030844301066
 317.000000	3.5629929338751989	75.7719426768952076
 318.000000	4.0429322874684379	79.8496664689823774
 319.000000	4.5550503653418559	66.1601393640857935
 320.000000	5.8948713358077756	133.3834142389125077
 321.000000	5.9338231417092260	124.3031865713539048
 322.000000	5.8140665932669462	90.0470371875971693
 323.000000	4.5513078204171640	61.2122803664026947
 324.000000	3.3748969180328232	99.3970368972617706
 325.000000	3.5138395122518564	89.7320419405456704
 326.000000	3.3375792964175370	84.4304873501482689
 327.000000	4.2026440215089576	104.3220435531304418
 328.000000	5.9082320520352569	91.7300481426349705
 329.000000	5.7003110881465098	114.2873710710118331
 330.000000	4.6525950213818978	107.1343229490668563
 331.000000	3.1979668121941787	118.0493251172025140
 332.000000	5.0451072823458274	53.7325053288923584
 333.000000	4.2904804879472040	56.6400494677489945
 334.000000	5.4364845088575962	123.6058872548147178
 335.000000	5.8946986401347674	92.0246554021759806
 336.000000	4.9238606649873748	74.2700753705716039
 337.000000	3.4152469705820061	89.8544397639514614
 338.000000	3.5060023969938436	92.7241019676693412
 339.000000	3.5059224585232642	94.3295555283466598
 340.000000	4.1243610477484864	63.8003659852478506
 341.000000	4.1428312659644426	92.9758259181861320
 342.000000	3.6613765831072995	59.8472378374463148
 343.000000	4.0275168202482741	73.3189767580605576
 344.000000	3.7193270762550692	153.6626217987209202
 345.000000	3.1494473353580954	94.4832286164263166
 346.000000	3.7640465044336993	71.1974675499733252
 347.000000	3.7344970146283414	90.5022552803854126
 348.000000	3.9085836666268015	80.4978126801864278
 349.000000	3.6535838296833205	68.8329484393730127
 350.000000	3.2453604528859601	89.0895049821542955
 351.000000	3.1056940442272651	86.7306134917346441
 352.000000	3.5321274735348043	75.7182005884001086
 353.000000	3.7000080201976000	71.1913241261737397
 354.000000	3.6513922543359234	84.9219599764681163
 355.000000	3.3288136879396806	69.1833464814011592
 356.000000	3.6263575102481727	91.1368850328809827
 357.000000	4.6537368355637607	63.2301210829171225
 358.000000	4.6351258431780016	90.7491079492966861
 359.000000	4.6955190816803958	48.5074466646992732
 360.000000	3.3632650161089326	60.2130725623606224
 361.000000	3.3280252796232528	58.9637191389585098
 362.000000	3.7798471392560762	80.9470074725412019
 363.000000	4.8894573224346818	55.9835802019735524
 364.000000	3.2741496944800903	91.0890638211716492
 365.000000	4.1439446500364037	76.1932180629900841
 366.000000	3.5664852705888150	76.0137673264943743
 367.000000	3.6333140308378313	84.8059674393984011
 368.000000	4.7827230506567515	65.6249649189127950
 369.000000	3.4854891481991248	74.4299355255545834
 370.000000	3.6392345241576307	92.3222434620011398
 371.000000	3.6900383977500337	96.5491163810289237
 372.000000	3.3131123240285270	90.8120638478652040
 373.000000	3.3643232267938159	92.8562809703373659
 374.000000	3.2174881585017565	136.5911494655892966
 375.000000	3.3020458424457728	49.8551348592295653
 376.000000	3.2271918808207607	85.4217429853291463
 377.000000	3.2439961557280030	89.6689661526679629
 378.000000	3.2327577890278252	108.7186656648616037
 379.000000	3.2775643049089433	94.2800825685746275
 380.000000	3.1452157825650255	92.2608008714994412
 381.000000	3.4284203011661427	102.6436925980993067
 382.000000	3.5584473153048539	74.5607101075049457
 383.000000	3.2367054265934172	83.2985599861596171
 384.000000	3.6101299010964918	82.8189905783176243
 385.000000	3.9041397142846241	68.4776796677771387
 386.000000	3.5674214430433784	75.5183986356124137
 387.000000	3.4947536844583000	90.2736317024955213
 388.000000	3.5623171656524613	72.5336481268421238
 389.000000	3.2407952477184319	143.7600919397699784
 390.000000	4.1059163663857730	97.3431487704679057
 391.000000	3.3846943835682732	138.4472480458370853
 392.000000	3.3609554015955072	57.0128112943856848
 393.000000	3.7301441600576668	96.6271497580314644
 394.000000	4.2980624451098945	66.1296599895883190
 395.000000	3.1430505785801950	86.7311220973406876
 396.000000	3.5888444720797423	84.9826326022839140
 397.000000	3.5644699668180206	98.9833560449822016
 398.000000	3.7273446914132995	58.8473833171944420
 399.000000	3.7561541017449285	72.1481328541649276
 400.000000	3.7337527471411627	86.1805490806751493
 401.000000	3.1591109166172173	94.3927904170764975
 402.000000	3.4981355924039153	92.3808837499624218
 403.000000	3.3361560028333019	88.1733552127988958
 404.000000	3.7145898679873852	102.5765213942304399
 405.000000	3.5412703632964919	85.9577286838014203
 406.000000	4.6602584308732373	71.5276062018438239
 407.000000	3.8746723676664594	56.9980095710132844
 408.000000	3.3444433744246469	69.6813420683198217
 409.000000	3.8485394058427898	58.7002362329452012
 410.000000	4.6712047724132164	78.0791556654451142
 411.000000	3.9889283857709392	75.6804106717487883
 412.000000	4.2719607336054812	65.3727187775888723
 413.000000	4.0986070792202378	58.9144954075507741
 414.000000	4.0044197383490570	70.9035445704369636
 415.000000	4.1375789790184774	59.3971149205631974
 416.000000	4.4895233801321188	67.3762268916540279
 417.000000	3.9619863314065911	51.0387598129748596
 418.000000	4.1392865757503428	61.5153098926107305
 419.000000	4.5510329633347011	101.2265137023328521
 420.000000	5.8174666687909005	136.4129098810171570
 421.000000	4.6038983459188003	69.5990161175113968
 422.000000	4.1403240121618996	69.2383180709769874
 423.000000	4.8004197790280259	97.2115873340892449
 424.000000	4.7458404057921486	62.3012036241611042
 425.000000	4.0153734739447433	57.1046266063963515
 426.000000	4.4962676325084834	92.1269337000177444
 427.000000	4.4800900200334404	77.2757424187350495
 428.000000	4.3220513735515675	74.2843196757796420
 429.000000	3.6974742507460796	65.1937628791593085
 430.000000	4.1256811937654128	56.2560166043065948
 431.000000	4.0713243288350265	62.2203964213896370
 432.000000	4.4713219988847923	64.1938242428133208
 433.000000	5.6980671753647831	141.3699537920002172
 434.000000	4.4278123985771520	75.0985814628030681
 435.000000	4.5667810451231059	75.1923996756153628
 436.000000	4.3074984324794361	73.5359124358144669
 437.000000	4.3549434267754821	74.3083914897646736
 438.000000	4.3653268479433551	66.0905798519866607
 439.000000	4.5698381626562981	74.5189727679976528
 440.000000	4.5332564602404446	65.0110278045594185
 441.000000	5.7300193474825267	153.5457080908224441
 442.000000	5.5479558512731710	109.7151955800089951
 443.000000	4.5807010440623044	81.6852011899256354
 444.000000	4.1567101151142030	73.1136286540908742
 445.000000	4.1892778790871494	82.6812930368962498
 446.000000	4.4713765398143526	69.1286411701737507
 447.000000	3.7919078112136146	72.5372948193001292
 448.000000	3.0600990007773992	91.8797794219678963
 449.000000	3.1583240260310137	94.4412515168541802
 450.000000	3.5509552528732953	85.8049416282415365
 451.000000	3.8161985228269311	89.4839831424797580
 452.000000	3.6868436090176075	77.8693627236979609
 453.000000	4.0008272467770505	97.5803519233516568
 454.000000	3.4059475114655902	95.3729029911989556
 455.000000	4.0226376623650113	78.5110791025578436
 456.000000	4.0936323456312405	83.2530869012833818
 457.000000	3.3021415137645032	100.5118747003868265
 458.000000	3.9209831577736409	83.9971511720718809
 459.000000	3.1751786087160792	79.8490526275307104
 460.000000	3.0260555677529846	91.4272212260071058
 461.000000	3.2219130566303762	77.6771991769659280
 462.000000	3.6503799138877038	87.7736504061642506
 463.000000	3.7922572169570943	70.5355278094587419
 464.000000	4.3826374043841936	73.5681054372116279
 465.000000	3.4540924755755298	102.5995602607935524
 466.000000	3.2579116572056193	62.1819682008991492
 467.000000	3.9523132315036342	87.4292304489417944
 468.000000	3.2249937128059352	94.6195329643898333
 469.000000	3.9837175796216306	88.8771049741934291
 470.000000	3.3586391384105476	87.3529187844762731
 471.000000	3.1002012377582835	90.8369872766161137
 472.000000	3.9638451361797609	60.4362870115957236
 473.000000	4.0112850559034996	77.2898039361417517
 474.000000	3.5711507683643218	90.5928831321827204
 475.000000	4.8394203803084705	66.6934908818741548
 476.000000	5.0466517937628792	98.2493965797303446
 477.000000	5.1686466200727903	59.1568892001375275
 478.000000	4.4402186422269851	79.9966048691210148
 479.000000	5.5735598821615966	141.9706381632115608
 480.000000	4.5106990119954053	77.5010476168804132
 481.000000	5.0212361407735955	65.5570234684844024
 482.000000	4.7312583234114687	81.4364030767333702
 483.000000	3.9587436857493898	94.7378269104357997
 484.000000	3.6150260877823275	75.9856646773533839
 485.000000	3.7511375572275187	72.6909028428415525
 486.000000	4.0666955754002503	84.8617736133777072
 487.000000	4.1425980885797440	74.2419000412559740
 488.000000	3.9408917442059042	84.9552737523015935
 489.000000	3.2742547161508870	82.6647282379855568
 490.000000	3.9463637459522753	55.8756696153336350
 491.000000	3.0598311544484349	95.8948592718532069
 492.000000	3.7706491593002478	84.1167269355715916
 493.000000	3.7252249995732107	81.4610121651365091
 494.000000	4.0781594456772305	78.9823542466698143
 495.000000	3.6528691933021071	84.8826797128110400
 496.000000	3.7230282524669969	82.4393224058962915
 497.000000	3.1088967184715131	85.5173457422618526
 498.000000	3.8330536547489897	98.3319059326359479
 499.000000	3.6400893252938014	82.3018820679867531
 500.000000	4.3720353101629712	62.1450395238984754
 501.000000	3.9656868510771504	71.0218415641743945
 502.000000	3.8031743492004484	81.3880456512320620
 503.000000	3.7697985850622078	82.0919159547086821
 504.000000	3.0630297187977753	104.1003614892015747
 505.000000	4.4153249247624364	64.9918982461256292
 506.000000	3.7788447529977680	72.5177332888309678
 507.000000	3.4515006189253206	98.9068352799696555
 508.000000	3.8449183573732704	83.8478139217839669
 509.000000	3.6894274251113739	99.2888338684244189
 510.000000	3.9603979635113666	74.2698267229865792
 511.000000	3.9642185147966340	62.2453752132284137
 512.000000	3.3069728508609364	85.0106930172142370
 513.000000	4.4597807994065821	71.0550249635540752
 514.000000	3.4418336304644814	91.3870128569847111
 515.000000	3.6106484247093884	74.0460118127461158
 516.000000	5.1441160694988639	53.3407254493025107
 517.000000	6.5659379954814492	152.3297327080240393
 518.000000	4.9890776162326969	67.4332156837201637
 519.000000	3.4106041288619595	61.8001699636028405
 520.000000	3.8604144491292662	86.3830857604295801
 521.000000	4.0008010300756798	81.5722071777807969
 522.000000	3.6336737948077595	91.8997336075441353
 523.000000	4.8059325478136774	56.6974987756533864
 524.000000	4.1150194906592210	81.3962607793460649
 525.000000	4.2430620663169751	72.0185505156868828
 526.000000	4.4194444602857876	70.7722300668397537
 527.000000	5.5241433832389593	130.1904521571817952
 528.000000	4.0104769682648866	66.3877252653994105
 529.000000	5.9711176602137988	117.0469807905469395
 530.000000	5.3299974252016531	62.1131164984447821
 531.000000	5.4274637221047284	108.3136773107513164
 532.000000	5.2366052234638083	93.3999440572504227
 533.000000	4.5642846245013997	70.7285921668233897
 534.000000	5.4601720324343983	127.6379326606040934
 535.000000	5.2828762532491176	87.4447268797388233
 536.000000	5.8856053725465207	94.4778371225644520
 537.000000	5.4736555351142382	140.1900344225828690
 538.000000	3.7973546114913139	90.4841154124797384
 539.000000	3.6173020906932303	100.5837803604606506
 540.000000	4.1064723214311671	57.9027842846782761
 541.000000	4.0380524792237891	77.0613786242274728
 542.000000	5.7901495190083505	121.8063554169224432
 543.000000	4.3505092374348786	70.4830811081928772
 544.000000	3.8007690075397278	88.5416423462142603
 545.000000	5.7479183445274789	126.2822706116838560
 546.000000	5.3719331003745943	115.5020280070247196
 547.000000	5.6707833905942397	129.1790042836222199
 548.000000	4.6328263419809605	74.1767540306134663
 549.000000	3.3971442255199618	76.6065325729586704
 550.000000	3.8136295290981952	85.8654217581337349
 551.000000	5.2597590596787391	42.1200452141927997
 552.000000	5.7966341483364250	22.6485940469654565
 553.000000	3.6853415480568494	68.9188240677959669
 554.000000	3.8241571145458280	63.9244059122813297
 555.000000	3.4399136518406541	82.4332249115772271
 556.000000	3.1973332766330587	99.9593942801152195
 557.000000	3.7191138233395269	70.8292235526695748
 558.000000	3.4136548861441898	71.5743910402002825
 559.000000	3.5151019587150723	73.3488928835410832
 560.000000	3.7031430798767166	77.3727694681870162
 561.000000	4.6668148755003580	57.8065506248572092
 562.000000	3.7684221815781931	59.0417782978468608
 563.000000	6.7341799064762320	121.1622046721265775
 564.000000	3.4456621761387018	93.9688410943869457
 565.000000	3.9954411982390452	81.3123563992987926
 566.000000	6.2492584174922010	110.4201193841243196
 567.000000	4.3669044085772786	73.9272574372855900
 568.000000	3.4113722911133624	81.2128996105129630
 569.000000	3.1706749120430042	98.5074333733113860
 570.000000	3.1852725867134155	121.5953028043205393
 571.000000	3.2421172931695690	107.2576337791638963
 572.000000	3.4961937136522607	99.1181622743935975
 573.000000	3.7752455494644921	92.4610359995683808
 574.000000	3.2435242201815542	79.5974402801587786
 575.000000	3.4269328034391520	90.8657190273533644
 576.000000	3.4676523922946014	71.1813424005303546
 577.000000	5.6877096733783770	78.9825490580343796
 578.000000	5.8064748562123558	57.4264408055341846
 579.000000	5.8003445799726165	120.8921805730246888
 580.000000	4.3913721363655291	75.1761808187802387
 581.000000	4.8934939339705776	62.2522077910741274
 582.000000	4.4092937486994384	61.6654252869459043
 583.000000	3.5745175334198613	62.5342752994007185
 584.000000	3.3561676174861379	92.5614832108520744
 585.000000	4.9364721647338916	65.0349743116241541
 586.000000	5.5722214340249634	52.0945626831048401
 587.000000	3.9004002784207601	87.4623258165224797
 588.000000	3.7097596636798431	84.3381637993484503
 589.000000	4.2814024909184178	75.0787609150374635
 590.000000	6.2431748202573738	101.1371638127005781
 591.000000	3.8936767774820140	65.2215045511121190
 592.000000	5.6140923889058634	99.6926846085416116
 593.000000	4.6328005761600410	68.3167091049047883
 594.000000	3.7285225763857048	94.7246902711586216
 595.000000	4.3025881595407354	70.3228936847428798
 596.000000	3.3288849547935011	97.4268465936356876
 597.000000	4.6393616898847405	76.8256482541318633
 598.000000	4.4394059424758820	67.0764510359026076
 599.000000	3.1912937211541292	79.6810175038410335
 600.000000	3.2553244207155587	87.2036200578900491
 601.000000	3.1475687785959212	97.0206985011017053
 602.000000	3.5505960335099891	106.3569402595692281
 603.000000	4.3616390831310952	70.0077552666583784
 604.000000	3.6073586167127494	83.1108336473304377
 605.000000	3.3207006879477818	79.2134442306859228
 606.000000	3.3859676141208501	83.9127709550618164
 607.000000	3.9326705165645182	66.2894163954351257
 608.000000	4.1901285944552047	57.3865223729686988
 609.000000	3.0704211107281374	88.2277466606071243
 610.000000	3.6621710276624437	79.8624243764121928
 611.000000	3.1753959324231373	84.2224458448723112
 612.000000	4.0627641249501663	60.6572881853540764
 613.000000	3.4738785369120819	94.6810021591535502
 614.000000	4.2792199923190628	66.4535814112305729
 615.000000	4.1376170640182988	78.1801475433198334
 616.000000	4.3409211586681042	68.2771281200070774
 617.000000	4.3756758451881392	64.4787372723620251
 618.000000	3.5938766869940677	86.6953978216329375
 619.000000	3.6199436397644718	64.7781423230927231
 620.000000	3.0824727933156648	97.1098000016269083
 621.000000	3.6047737234421153	91.1721909338939156
 622.000000	3.3250700598178646	89.3854959053600027
 623.000000	3.3409714007207221	72.3875751282499209
 624.000000	3.3027116231864353	104.9728555237010283
 625.000000	3.9888779935400525	84.3359596095324804
 626.000000	4.3378463829886273	78.9368244862101562
 627.000000	3.4961196067093807	96.3509628021429023
 628.000000	3.4768357427488215	86.4435982128229767
 629.000000	4.4543650648166739	61.6400481290188651
 630.000000	3.4994268331450353	91.4476293692983262
 631.000000	3.8351224076505686	81.8374776821439696
 632.000000	5.1452832425979524	119.0483368293685231
 633.000000	3.6716724806862198	82.0099854012164258
 634.000000	3.3691619916122622	95.7872788958811583
 635.000000	3.5843825746726257	77.2340060522564187
 636.000000	3.4722021345357366	93.2936910623997164
 637.000000	3.7596964300994280	85.1391975006867057
 638.000000	3.1409333677212272	87.2982558332461736
 639.000000	4.2836144682926856	73.3441291364868704
 640.000000	4.7603708837706904	60.6954795544582879
 641.000000	5.5945816729430700	124.3366369122888386
 642.000000	4.1966334082321604	75.0832605422769461
 643.000000	4.0946819453336971	87.6329025004628761
 644.000000	3.6041937928825702	106.8716537792209067
 645.000000	3.2155618001825905	90.9873143982364070
 646.000000	4.2761636768444520	60.8123919194422058
 647.000000	5.6234922625786448	140.4679045892410159
 648.000000	5.2126842770507205	129.6621343903478305
 649.000000	5.6192236932194133	92.3729889675397970
 650.000000	5.7130779764870123	137.3908685590610048
 651.000000	3.6106616989380567	72.5006550720104883
 652.000000	3.6293381667380942	88.6064516955057968
 653.000000	3.2329227477618274	64.1801813534676739
 654.000000	3.7271358260910556	59.1942173689708966
 655.000000	3.1717594191477443	102.1161400710095251
 656.000000	3.6812886368042652	107.2009759891049328
 657.000000	3.3266906738062536	94.0237872156373982
 658.000000	3.2756574202167181	95.8693683826151499
 659.000000	3.5588775643570880	62.6294009478528437
 660.000000	3.6005231867534127	79.8498700892492650
 661.000000	3.7811715126392995	103.1564235387797055
 662.000000	3.5492072155123022	60.1417137434247877
 663.000000	3.4530452595607422	79.6876455849686494
 664.000000	5.0625572987603373	114.5788968899684050
 665.000000	3.9346606926637202	79.9688771106577292
 666.000000	5.6763677970189352	132.4160836233710370
 667.000000	5.8560315588433820	140.0092300611499070
 668.000000	5.6361870355808765	127.1115274204655634
 669.000000	3.9196499186429952	73.0968371778153312
 670.000000	4.8512142845568036	138.2118851011558718
 671.000000	4.0972534886707006	68.6983168582508199
 672.000000	4.7878905743463855	100.9345283569288654
 673.000000	4.4603234840936850	61.7385694554257327
 674.000000	4.7663033451317602	75.0318674521814017
 675.000000	4.4002575572244975	65.9857040752557396
 676.000000	5.8761373008351487	93.9758644411925843
 677.000000	5.2983298812387760	93.6689058164807307
 678.000000	4.4038878648349256	72.0215152849206959
 679.000000	5.6836665607514405	126.6068946834219275
 680.000000	4.5291458205771704	68.9671618369728492
 681.000000	4.6876844781180482	63.5490627524808360
 682.000000	5.6944318316805038	88.7363943534158608
 683.000000	5.7856264085614821	118.4020051248790111
 684.000000	3.7429804188331004	69.7343262142638309
 685.000000	3.4837392703376779	70.6150958960994615
 686.000000	4.4216836313348615	69.8560314022508209
 687.000000	3.8482642469017945	63.6918667602498516
 688.000000	6.1752887400942713	125.2838780588881065
 689.000000	4.4092029669055099	53.4110695641517879
 690.000000	5.3370871571574039	79.2831529714312353
 691.000000	3.2170304146503965	111.3555802808151043
 692.000000	3.8380383066761672	85.4269109420496306
 693.000000	3.7163007551793226	79.3678144633213805
 694.000000	3.4029543575650489	86.7692215592575167
 695.000000	3.5067412885060634	80.6512091174713106
 696.000000	3.6829735295266199	81.0423804683292985
 697.000000	3.2287584070579611	101.1560869176663573
 698.000000	4.0669722977345568	77.3363562120780870
 699.000000	4.3082584151074101	71.0637356478262632
 700.000000	4.8362843235897737	80.1446556042504881
 701.000000	2.8188788865316567	67.7634733147848181
 702.000000	3.5297667288290135	91.2145389860982192
 703.000000	3.7651885730975869	66.3284259036023087
 704.000000	2.9684018352115844	86.6570954150469248
 705.000000	4.4131555361846342	63.0351780486714546
 706.000000	3.5491107653588756	88.7272132225621988
 707.000000	3.1759249775526586	86.0471093163621106
 708.000000	4.2915471265329348	61.8406312297504996
 709.000000	4.5487730161976687	51.7263650321928310
 710.000000	3.8246116141033033	85.0420356602724326
 711.000000	3.8685413398531279	75.7193196609639756
 712.000000	4.0254018630581569	75.7312275133263597
 713.000000	3.9982430772588744	69.5566693969164049
 714.000000	7.6160904113824186	102.6926369203744542
 715.000000	6.0790929969713847	102.9817731226563495
 716.000000	3.2918304056628274	95.8126212964429698
 717.000000	4.3206879275053138	65.3161079304204719
 718.000000	4.1923029450834655	91.4605939102076491
 719.000000	3.2280954032984996	83.3670896994984929
 720.000000	4.1643038377922519	75.2217532336598396
 721.000000	5.0115858588434623	97.5660527093540395
 722.000000	3.4450361754288155	72.3350452852171060
 723.000000	3.3726056053675171	88.6856825137244158
 724.000000	4.7560872042391544	70.8665211407336528
 725.000000	3.9223955731085201	75.4446180629976482
 726.000000	4.9897569462896936	104.2438883240199630
 727.000000	4.0913884723569538	66.0478975587117105
 728.000000	3.4726230649036043	64.0080243320874587
 729.000000	3.9216911089767774	76.8489717474842990
 730.000000	3.8782127034565561	85.3173143503645122
 731.000000	3.8960588500951525	85.9875345653657632
 732.000000	3.8143346540270242	86.3640338926059172
 733.000000	3.5325356919345166	95.6682908629007329
 734.000000	3.6610238911823441	80.5415385400062291
 735.000000	2.9796416239114158	93.1340726098516427
 736.000000	3.8175323636892191	62.0084840122524810
 737.000000	3.4265082396351279	81.1646325201146368
 738.000000	5.9101355566114098	97.9519648632312681
 739.000000	5.4738819461927299	136.2515809008283441
 740.000000	5.3028101219820885	127.1036436954817930
 741.000000	5.4178102441993365	103.3124609054301999
 742.000000	4.6349978046024924	66.6132849789404986
 743.000000	5.6915422980009698	139.1392204792022085
 744.000000	5.4951981113396107	134.3958158479919121
 745.000000	4.1581938307525235	66.8965883617472628
 746.000000	3.8005558548268241	89.3318705304437373
 747.000000	5.3332620685911589	135.3598714112018513
 748.000000	3.3130150992658320	76.4612487114767134
 749.000000	3.9161216110071373	120.1269779372835274
 750.000000	3.5221360378821238	52.9636094071715888
 751.000000	3.7792888335918393	75.7337415558932889
 752.000000	4.9981609239744174	54.8068208791401901
 753.000000	5.7341041356998597	129.1136636476004185
 754.000000	4.6902863260014840	84.6353581793511296
 755.000000	5.5561290359700806	128.3510376271374582
 756.000000	5.1671756636638779	123.2185531315230804
 757.000000	5.5672638041996665	92.5354691434016559
 758.000000	5.4274429416721270	121.6088178952986425
 759.000000	4.4350725488078213	61.6966364542421530
 760.000000	5.1469404281637150	49.9975111769532248
 761.000000	4.5567230048315794	73.0184826674775280
 762.000000	4.8616826890024303	63.8024300957309265
 763.000000	4.7679633901339233	68.6029139458136541
 764.000000	5.3854768745162369	141.7484669010026153
 765.000000	5.8554663939683804	112.2906361217773679
 766.000000	5.2087305928698795	83.3817851331130555
 767.000000	5.6972470293795148	128.7739594086095849
 768.000000	4.8666765429650116	61.2569845244678106
 769.000000	5.7070325707899210	136.7177276686576874
 770.000000	5.6138278092246505	122.6643954053435550
 771.000000	4.0203751020005134	65.8876970224939242
 772.000000	4.6972811912491963	65.3989301883638632
 773.000000	3.8233704425644000	79.4789187768666210
 774.000000	3.8843731785065190	78.2544543871917995
 775.000000	5.8138070883452224	122.3733253651091104
 776.000000	4.7190469241528668	73.5835443865326653
 777.000000	5.5852468719270476	122.4371103531944982
 778.000000	4.0622201962722349	92.3867696905334554
 779.000000	3.4734104444514280	82.8957160089778853
 780.000000	3.3107466912518371	70.8506984945497180
 781.000000	3.4795464104630747	71.1375635750538464
 782.000000	3.6607246830353350	88.6012665653800724
 783.000000	3.0743300701043430	79.8896219782909185
 784.000000	3.8797378256731072	78.4014702456336039
 785.000000	3.4054439114103170	85.7822327832999463
 786.000000	4.1403823381702258	94.5963536836457735
 787.000000	3.4165088842484579	83.2336264946021203
 788.000000	3.5113507873900289	118.5841435433382856
 789.000000	3.7770880176624364	97.1692677322230622
 790.000000	2.8885427580587564	109.8922803972717048
 791.000000	3.9530881580071644	96.6679867331330769
 792.000000	3.9040829069828824	85.8020374654783495
 793.000000	3.2571832954609370	93.3510267551041579
 794.000000	3.5940010940825284	123.7049109635667037
 795.000000	3.4687333173637152	94.4285813828897176
 796.000000	3.4724626645745773	99.8561961175646786
 797.000000	3.3453431137815195	104.8670943852588238
 798.000000	3.8542898460492747	77.6896346113608587
 799.000000	3.7197085675756756	79.8310364813038262
 800.000000	3.0747344946418496	94.5350289077504584
 801.000000	3.2043606286836606	98.6605099104473737
 802.000000	3.8778795600586142	61.5058738707306674
 803.000000	3.5390103804447710	62.8445190040853277
 804.000000	3.0648543875176943	79.0989768134747351
 805.000000	3.4682823171704440	80.3407735026059129
 806.000000	3.7239928526176538	77.6239354526983618
 807.000000	3.7820695186104283	61.7843854625869540
 808.000000	3.4850528637721965	81.7222933657578636
 809.000000	3.6256251342739523	63.6017470374120535
 810.000000	3.8134038510264818	85.1486613422408141
 811.000000	4.4440199863641530	74.0571124411355726
 812.000000	4.0998280861204828	78.7846880720840659
 813.000000	3.6242996397015426	81.2761141490027796
 814.000000	4.0638560163702948	76.5580026018622846
 815.000000	3.7578765532165592	71.9342276384085437
 816.000000	3.4364042972110354	75.4944885334484468
 817.000000	3.7092589470079766	89.9904706030881414
 818.000000	3.4652933072262582	97.6378859644680972
 819.000000	3.8903526271126925	79.3424961708195013
 820.000000	3.9923468114024345	78.3503577770926540
 821.000000	3.1051405620729811	86.2916951528583525
 822.000000	4.4843410055672868	56.8707692618924057
 823.000000	2.9081223475780109	100.2533146191952085
 824.000000	3.8049319396961216	83.4636573458111002
 825.000000	3.6425091676123991	78.9104486253017257
 826.000000	3.9172808891936834	84.2980600721395064
 827.000000	4.7253235606982722	56.7262108997481391
 828.000000	5.5172802906285181	138.9121355808819942
 829.000000	5.8632677663533439	141.5676574983504281
 830.000000	6.0199590792322057	120.7932622666035343
 831.000000	3.9448484612015569	70.4969787065279405
 832.000000	4.5331338127175513	88.1800218486661862
 833.000000	3.8472253190300374	67.1752508819373730
 834.000000	4.3374617059029807	63.2224706157150109
 835.000000	4.4651188185256796	68.0033984842692405
 836.000000	4.0583471462086322	62.9857354522320350
 837.000000	4.6796061177405530	111.5914343313227732
 838.000000	4.2965315785417193	69.7816283540726374
 839.000000	5.7757088018567790	120.4996616616633673
 840.000000	4.3916451063897695	51.6079037350228020
 841.000000	4.2930651884680806	65.2549734281271014
 842.000000	4.2203007555768641	73.5831757090797254
 843.000000	4.2709651040966401	65.1847546845170314
 844.000000	4.3315312729742983	74.1982974139096143
 845.000000	3.5527893176227705	76.2092818838807773
 846.000000	3.5466970423300648	88.1510618655984217
 847.000000	3.5277921478222165	109.6423259530182719
 848.000000	3.7440181425436392	92.6124246852387358
 849.000000	3.6266306058903357	132.4174927427260400
 850.000000	3.0045469852628011	98.0224271810751020
 851.000000	3.1252925563495459	88.6690330997751204
 852.000000	3.1814165546412214	99.2086858568492431
 853.000000	5.8638235908811875	125.2952785217866563
 854.000000	5.6928520167582004	126.0627115128421849
 855.000000	5.7998592102418920	87.6301911536771172
 856.000000	4.1460095354535138	58.6788951159592784
 857.000000	4.5033103054117651	86.3725595277004174
 858.000000	4.2282176183793281	74.1322413939412712
 859.000000	4.5310714427534915	53.3390601080135127
 860.000000	4.4676874393111081	64.4722249759741004
 861.000000	4.6655619849196563	86.3137316131994226
 862.000000	5.4428636235322276	96.7335769932347205
 863.000000	4.2213063052968520	62.4176222598940313
 864.000000	4.0479601638398446	62.0932661733161524
 865.000000	4.2303329356020427	53.2022245120711545
 866.000000	3.1944655630510255	98.2090287717297485
 867.000000	7.0509213909884840	70.3876178493586906
 868.000000	4.6548725736149326	70.2035362499068469
 869.000000	3.1257869008789005	101.5051852939788120
 870.000000	3.9507741625962343	81.1318229638823567
 871.000000	3.1974876960433671	94.9536704633189999
 872.000000	3.3794930608774152	77.1292864083889214
 873.000000	3.2179951066325190	66.4445363608387964
 874.000000	3.0103185119865334	98.4270507459718260
 875.000000	3.2648049457287400	93.2666010238353209
 876.000000	4.3942881455221832	93.7386852482302118
 877.000000	4.2503031442926646	147.0989909982102972
 878.000000	4.4624975754488849	80.3172368698031818
 879.000000	4.3410627297036699	64.9867273191121910
 880.000000	3.1113788364981909	100.9187214122923280
 881.000000	3.6426637055640891	81.9323450919101788
 882.000000	3.2340787365919077	98.8037691253442460
 883.000000	3.9933273422223534	66.6141037972100776
 884.000000	4.4763121720184920	105.8317234881628224
 885.000000	3.6825289372118739	86.1665067956838016
 886.000000	3.3481691634340436	85.6707650184144711
 887.000000	3.4125412062550722	77.1657235725146933
 888.000000	4.0424863188297895	71.7605551772996506
 889.000000	3.7412398816538364	69.4375149971982211
 890.000000	3.7990228313738270	84.5302634166039155
 891.000000	5.5798135421754953	129.4817556623081600
 892.000000	3.4533171094718771	77.7300304032447968
 893.000000	3.4797488430669259	68.8340906682221600
 894.000000	3.6828388635385383	97.6510947490350674
 895.000000	3.6715364672356410	64.9917384397322735
 896.000000	3.7271101116520144	100.1023072364600637
 897.000000	3.4515858074809302	81.0799490897428399
 898.000000	3.6079862916502261	70.1986625366281629
 899.000000	3.8090187817815560	90.5251207867632246
 900.000000	3.4521874277240570	90.6717415940816380
 901.000000	3.0970005118320687	94.3755032604387196
 902.000000	3.5027913247439288	85.6957663116450732
 903.000000	3.0658558965349338	84.8670023193089236
 904.000000	2.9647008093619305	92.0807854678043185
 905.000000	4.5705621568041392	83.9571189822655697
 906.000000	3.3446425628523309	94.0277640238666521
 907.000000	3.7294815718165961	73.1408132730742011
 908.000000	3.6017008779291233	93.4772259071635574
 909.000000	3.3932383002552395	70.7985681414117636
 910.000000	3.4119474902883233	82.9628899379022187
 911.000000	4.1554016390674002	77.1584063908997280
 912.000000	5.1824509664066714	141.7522260713796811
 913.000000	4.7108257389537158	84.7661184165674655
 914.000000	4.3859323487399369	47.8569880757735575
 915.000000	4.2817114510245062	76.1786135214259446
 916.000000	4.4810012781262669	63.5044880818136619
 917.000000	5.6114437571711706	134.5922364050587134
 918.000000	5.6103962146740924	121.7786581234656467
 919.000000	4.0673600009697157	67.7655830775833437
 920.000000	4.5658911429390194	50.4858652075450038
 921.000000	5.4523788828981221	109.6376090537369805
 922.000000	3.3413474432733903	93.8081356582593315
 923.000000	5.4001182760619653	143.5588908850168650
 924.000000	4.5643315522318693	52.1794589228050540
 925.000000	3.4259152213100932	100.3740329169987575
 926.000000	3.8542108195971871	90.1076575768777843
 927.000000	3.0181577589710957	80.3336337473874238
 928.000000	2.9494406334883956	86.6705176312549099
 929.000000	3.5137459025863982	96.5131663940515097
 930.000000	3.9213759785642561	92.8165388255055603
 931.000000	3.0010224598499913	78.1183523179010848
 932.000000	3.9558148261853612	68.2244411166694960
 933.000000	5.4597545626889579	94.2626999650662469
 934.000000	4.0991920811494484	71.5885858972176834
 935.000000	4.9856667646681130	144.6493976447703176
 936.000000	4.2488980241202823	78.3485570946718894
 937.000000	5.9956913301077437	130.6630832724448226
 938.000000	4.6696145704208512	64.3178955385728841
 939.000000	3.9357850178651517	64.8252682591654121
 940.000000	5.6271332187689529	143.0056957807056222
 941.000000	3.8259188746464372	72.0050575049463646
 942.000000	3.3959713415417960	81.0519436172741905
 943.000000	3.1417644768127930	73.1426779991958966
 944.000000	3.3960620425387056	79.8113427873399530
 945.000000	3.4504073649024738	74.6547549689778265
 946.000000	3.6197299610470748	98.2897441778178376
 947.000000	3.4744702775114207	77.2772490003290216
 948.000000	3.4177947408785374	83.9085699892840893
 949.000000	3.3054883964253343	82.6681124309185122
 950.000000	4.3021407740740436	64.2139244528540871
 951.000000	4.5780390580783710	86.7846021778868533
 952.000000	4.9128010533417541	49.5121794869591838
 953.000000	4.8395573172640853	103.1207132798514294
 954.000000	3.1326165099722125	95.5802957674386988
 955.000000	3.6688292478676612	147.2190980080960117
 956.000000	4.1557115363872068	151.2902656196207545
 957.000000	3.2485531459742032	82.4709009421015935
 958.000000	3.1040184449773656	91.7146307479195428
 959.000000	3.0955457339032360	78.9654206071431730
 960.000000	3.0986315149986110	86.5641121398248146
 961.000000	4.7995831805219842	79.4097519106922931
 962.000000	3.4971790545360810	84.1367585641405640
 963.000000	3.9794390830145385	66.2620093874787557
 964.000000	3.7613592311132473	95.4200479091744000
 965.000000	3.4523839392099838	87.6146043021091714
 966.000000	3.8540591722141353	59.1965589530619241
 967.000000	4.7220724236984282	84.8692575669709299
 968.000000	4.3850903325957855	64.0344298802509115
 969.000000	4.8560010550275878	76.5390811780700773
 970.000000	3.8911564625747559	57.1268091137480525
 971.000000	2.9215187844165831	90.4979634026989430
 972.000000	3.5315728470534826	97.6207969682579204
 973.000000	2.9379449663018384	106.2740474803237163
 974.000000	3.3537801390621329	84.8792126587309639
 975.000000	3.7658446290402439	69.4963139449237133
 976.000000	5.9101403542677167	125.0734555774439229
 977.000000	4.5653429146239697	65.4219459419091720
 978.000000	5.2477337377101030	145.8493218206930067
 979.000000	5.3247813344310622	129.5142822538946916
 980.000000	4.1510852837656556	71.2423481181539984
 981.000000	5.2956466028199429	95.0415191204101433
 982.000000	4.2335836174849462	64.2856670542430066
 983.000000	3.5236464568001935	94.5413239115590471
 984.000000	5.8230286115529424	147.4050793863786168
 985.000000	4.6294075995624953	58.8927181189232130
 986.000000	4.0184776631760908	74.4201274259910264
 987.000000	3.6473371491279445	63.3732762833230794
 988.000000	3.9796440906097343	65.1059946215507495
 989.000000	6.6414889202799996	61.7589916035746000
 990.000000	3.3391572000764262	83.5829062537228253
 991.000000	4.0118206926054665	81.7757595252621314
 992.000000	3.3657948890710405	77.5378007182517024
 993.000000	4.1361397787539902	68.2706824606644886
 994.000000	4.1525735270621551	67.4585184350856508
 995.000000	4.1660409912033574	77.1871860512123220
 996.000000	3.8655439176267388	70.4733185310696228
 997.000000	4.5013621192471955	65.0110087112545614
 998.000000	3.7805097809768280	91.6387826656355173
 999.000000	3.2968209699440494	76.5038342189567260
 1000.000000	3.6988600636765252	96.6753012875364419
 1001.000000	2.9640613994744180	83.7348159271761716
 1002.000000	3.5603192934840759	87.6654968862982287
 1003.000000	3.6874232819749619	59.9539937768197717
 1004.000000	3.0581553423085617	69.0428038173541267
 1005.000000	3.6674891981145112	82.3739663685836234
 1006.000000	3.1296758904888260	98.1578196883250484
 1007.000000	3.9609614104266955	72.6812673038222385
 1008.000000	3.7248466615416298	92.5674556870385459
 1009.000000	3.4119655976308345	80.5451226163078928
 1010.000000	3.6096335590973467	96.1185292236062310
 1011.000000	3.8573550645960126	89.4891153697046633
 1012.000000	3.8483138716200989	89.7348701942295861
 1013.000000	4.5313624022962546	53.3402280266162876
 1014.000000	4.0213452561461276	62.4375198987107325
 1015.000000	3.6013202044905328	79.8155956360167096
 1016.000000	3.4642820450682064	92.3527517390836863
 1017.000000	4.3484145313645195	67.7752706976249186
 1018.000000	3.6578513205095931	67.9974166337493671
 1019.000000	4.2516387977028627	59.7080306282059610
 1020.000000	3.3963537098750476	86.5101274253258339
 1021.000000	3.2038089237093019	77.3243393509375636
 1022.000000	3.6404994018315060	92.0568593465529119
 1023.000000	3.3565719770318467	84.4248098834017782
 1024.000000	3.8378636544219837	57.3206066874107876
 1025.000000	2.8230874061251212	88.1721953301577912
 1026.000000	5.7700357122099861	34.6168569498165084
 1027.000000	3.8703018309639821	57.5231280852950846
 1028.000000	3.3884748570338221	85.8945410764311958
 1029.000000	3.0772189091150297	96.4782670009739860
 1030.000000	3.2005450150753818	78.0943913925068642
 1031.000000	2.8295234390283923	83.0636028886944473
 1032.000000	3.4557344894801769	65.0709641544811888
 1033.000000	3.1505130810053821	91.8765928549697151
 1034.000000	4.3734892031507249	69.4884590585327118
 1035.000000	4.4319150458516567	58.0898185661622080
 1036.000000	6.1964069755480002	111.4904378787513508
 1037.000000	3.2840340736982365	86.6060677101156102
 1038.000000	3.2005805498932949	73.4313306957775040
 1039.000000	4.6741575982198587	54.8574118495095746
 1040.000000	4.0657663518324201	71.3952569537822939
 1041.000000	3.9902742970210179	90.8326968149973482
 1042.000000	5.4538701015657622	142.3258001574911589
 1043.000000	4.1794411373182836	103.7558777682160240
 1044.000000	4.3039154189514415	73.1069281023594044
 1045.000000	6.1928509161999141	123.6643123099812840
 1046.000000	5.0944601791797623	54.0845747724342090
 1047.000000	5.3618480800903274	132.6544993210642360
 1048.000000	4.8030264200406290	59.6233289519995964
 1049.000000	4.8271059898257977	61.4325235721971552
 1050.000000	4.3269694185463994	73.8371453105768865
 1051.000000	4.2310799188241113	74.4814069413111355
 1052.000000	4.7344865380962764	80.2988467996307236
 1053.000000	5.9701108047287565	131.8345998362991054
 1054.000000	4.1740661593552923	74.2114584310930780
 1055.000000	4.6818261700263850	69.5665470718654717
 1056.000000	4.1632220480583149	152.3188934695131707
 1057.000000	4.3395597379938708	62.9960621087060417
 1058.000000	4.5359727923233422	71.7670076024337789
 1059.000000	4.4474850580982110	59.2968176204795867
 1060.000000	5.6274263655734735	112.3054982154036168
 1061.000000	5.5415475745840341	138.4542985802980297
 1062.000000	4.4090948715870368	88.2844601146396570
 1063.000000	5.7607884646940173	144.1800440203065250
 1064.000000	4.7830325372299587	74.6428674175632096
 1065.000000	5.6775258814277114	133.6265459314229531
 1066.000000	4.8086472817332337	86.8714938457971186
 1067.000000	3.7408393914985547	80.5487103224441796
 1068.000000	3.5230481665964883	77.1225748710186707
 1069.000000	3.2668822836712303	87.9738696843096335
 1070.000000	4.3722571080026773	82.8968184655866622
 1071.000000	3.1085453391306341	98.2790278910150192
 1072.000000	4.7211696591980710	70.5690909105690878
 1073.000000	3.7344967658447414	78.2163372718632104
 1074.000000	3.1366637009393208	93.7706009123679536
 1075.000000	3.6053599818082200	92.7016813195474327
 1076.000000	3.5134703004158481	81.8694649017526785
 1077.000000	3.6085159472447375	88.6217026625688646
 1078.000000	3.3803368644880294	99.0570230000928262
 1079.000000	3.1889920752998977	72.8139983193540274
 1080.000000	4.5292704015045544	57.3171338283809746
 1081.000000	3.3200719166349670	94.3405811843933435
 1082.000000	3.7643935502338235	90.9230200984735433
 1083.000000	3.9886619522117694	75.0125820881965097
 1084.000000	3.5650579132952180	79.9624009976475776
 1085.000000	3.0294456159144993	101.2190766116784459
 1086.000000	3.6556651856858786	92.4034375038262255
 1087.000000	3.3062169702142632	89.4653786259140986
 1088.000000	3.8041027155653273	89.6578510718387207
 1089.000000	3.4047772246964980	86.8630757990297013
 1090.000000	3.2714860120283711	98.7806170018797189
 1091.000000	4.8600077439233340	18.3103019069661457
 1092.000000	3.4556681132980129	91.1288725794208858
 1093.000000	3.4004086710441404	98.8488666395948457
 1094.000000	3.9889923033647423	41.5976410676613000
 1095.000000	4.3592851458948134	62.6545207684895473
 1096.000000	3.5308800184268692	74.5710982817492294
 1097.000000	3.5425341901281233	85.3200813037760781
 1098.000000	3.5841326237109672	107.4285782939466856
 1099.000000	3.1512964551307148	113.4151495145345194
 1100.000000	3.8508274136390654	86.8629485393597776
 1101.000000	3.3501152092794309	80.5900987504397648
 1102.000000	3.4502097272054928	84.5988117835511133
 1103.000000	3.5331855166605508	83.1290795253769375
 1104.000000	3.3661397048431572	99.4501233786736094
 1105.000000	4.2309290953949921	139.9079121737508729
 1106.000000	3.9904864461910581	137.9443770563586895
 1107.000000	4.3033888556535995	79.0524525523097310
 1108.000000	4.0415068272514532	66.3069687810040449
 1109.000000	3.0791929574984782	77.5419951566777854
 1110.000000	4.2961676562860802	74.8726402907531252
 1111.000000	3.3997694445809294	78.0293887722371835
 1112.000000	3.1005362693272569	99.4297728766409250
 1113.000000	2.9613660974490044	107.4189853342876972
 1114.000000	3.4695254229529371	22.1450660052315413
 1115.000000	3.0462207283792697	107.1858060767975331
 1116.000000	3.3121826749258276	90.8538272821096911
 1117.000000	3.4903036839277952	75.7386650159408106
 1118.000000	3.4237392508337394	77.5985763994524262
 1119.000000	3.4417143782785002	94.5646662794657260
 1120.000000	3.6194067982435048	95.6957162867550295
 1121.000000	3.2124179076795865	59.7485380806654547
 1122.000000	4.5737632038488130	91.2657407449018763
 1123.000000	3.0997475430767647	92.5727398076378876
 1124.000000	3.5226025043331304	100.7785452485566537
 1125.000000	3.5419501853803617	102.2652550732082659
 1126.000000	3.5218206431919290	90.2777865538275677
 1127.000000	2.8933323104709401	90.4915663389727030
 1128.000000	3.8618262668326042	54.3054646123252382
 1129.000000	5.5379607071688461	139.9033099197101819
 1130.000000	5.6557436797077854	98.0318578769476261
 1131.000000	5.2621690223933859	100.2650476533372768
 1132.000000	5.6984625418192509	94.8664465872036544
 1133.000000	5.4532823657415266	88.7676373363861302
 1134.000000	5.9633603887063602	116.1386458709442309
 1135.000000	5.2505061538248210	118.1001849712150289
 1136.000000	5.9628955901424474	81.4733183965367971
 1137.000000	4.8478635575675337	59.6619178400662236
 1138.000000	3.6604467478454188	83.2431204118176566
 1139.000000	3.0607477977591317	93.9186706733395624
 1140.000000	3.2743708890056102	76.3779551990190839
 1141.000000	2.8049809033898043	12.6637328442621140
 1142.000000	4.4463938545730475	77.0906001260556479
 1143.000000	4.4167665334589676	74.2596282786920483
 1144.000000	3.9880884812534538	63.2216491880663511
 1145.000000	5.8151599481827203	145.7111277648544387
 1146.000000	5.8978253881840228	125.4061936815426463
 1147.000000	4.4904404633686479	90.0543312341488473
 1148.000000	4.4274384449191615	69.9301373094075558
 1149.000000	4.6274996445633647	74.9646823691907258
 1150.000000	4.1697902063062839	64.9911759945618286
 1151.000000	4.3941405976891081	68.0120678193330264
 1152.000000	3.0666272111832642	99.0865893816487358
 1153.000000	4.2356620214674034	77.0739751736118706
 1154.000000	3.8380634823158761	67.5409136097123906
 1155.000000	5.8106472074866273	128.2202792825965787
 1156.000000	4.2460788220950887	93.8456022684270863
 1157.000000	3.2084672917510977	73.3503147239298556
 1158.000000	3.8792587890869936	72.7493853082424948
 1159.000000	3.2466538520220976	88.0051826872772551
 1160.000000	3.2834128794598918	73.2996108337335386
 1161.000000	3.1593710312640249	91.6818272132724417
 1162.000000	3.9201238953465385	85.3251775080674406
 1163.000000	3.4944450918973380	76.5052798259621483
 1164.000000	3.0376838541317581	86.8700756737201658
 1165.000000	3.1121490347231093	103.0443508028822066
 1166.000000	3.2006068838989048	76.3050607378550438
 1167.000000	3.1538105543381261	95.6439825851030747
 1168.000000	3.6818982564744194	90.9638517205830226
 1169.000000	3.1340352985964648	81.7202385837926215
 1170.000000	4.5496343151847105	73.4124137428364207
 1171.000000	3.2332576460141187	94.5837526201438550
 1172.000000	3.1333736436773849	86.2549658622151298
 1173.000000	3.6580398663616767	65.9205528200067761
 1174.000000	3.3338156289086491	81.7842193188202060
 1175.000000	3.5547885629693727	71.6869030668716363
 1176.000000	5.5179137544570613	129.7137476150168141
 1177.000000	5.2327276901384110	145.3833089005538568
 1178.000000	5.5806187424645728	135.8103525386744934
 1179.000000	5.5380836468319226	143.3009366947618446
 1180.000000	4.7381774726869832	68.5581255703869914
 1181.000000	3.5445512554390639	114.6587794164326652
 1182.000000	3.7545119616378337	93.4537810765264112
 1183.000000	4.6179508647533840	74.0795426352412392
 1184.000000	3.9666413039329034	81.7723437817607959
 1185.000000	3.0101434439946195	90.9322942783579720
 1186.000000	3.1629487830087251	84.3604757688852800
 1187.000000	4.6441745180294625	65.1450346819451482
 1188.000000	5.6070622110906436	147.5590759224958788
 1189.000000	4.0214241233430066	162.7872515337806760
 1190.000000	4.3963143133440683	72.6833115483340748
 1191.000000	5.8482554711160404	100.8882721037371368
 1192.000000	4.3557590097111039	71.4634531277405074
 1193.000000	4.1316545491765817	58.5983415251404125
 1194.000000	3.1909083321761669	76.7018312329879706
 1195.000000	3.7873182079230978	77.4797636639293188
 1196.000000	3.7866406420112271	78.2637710835572307
 1197.000000	3.7695969135200391	67.3476578097763223
 1198.000000	3.6563516390461022	74.6843417267288032
 1199.000000	4.1656319039521730	82.3081448012681278
 1200.000000	4.5379272426614889	103.7016168866731505
 1201.000000	3.5233209723353309	86.3613194007213707
 1202.000000	3.8319506195347937	145.8239997604271707
 1203.000000	3.7059283104995790	94.6552891868693536
 1204.000000	3.5141147845186675	93.3703837723427199
 1205.000000	3.2226860882478854	101.3808559903432496
 1206.000000	3.9611400599650266	103.4396129367920310
 1207.000000	3.3857231056615391	93.9727367619132252
 1208.000000	3.6210137018761412	65.1548886289741631
 1209.000000	3.0745074727307147	20.0078503743301894
 1210.000000	4.2704390730068944	75.5579609262531733
 1211.000000	4.2216878130690105	75.5382558633045278
 1212.000000	4.4781491787399119	67.0012290376796642
 1213.000000	4.2516578246155330	63.5080652920823496
 1214.000000	4.7610490872149116	63.1030431309373228
 1215.000000	4.5842321392035412	87.5873426910133333
 1216.000000	5.5262185285436125	118.6876078364056184
 1217.000000	4.8015670002143525	67.3040470667751833
 1218.000000	4.5568363921773347	64.9324301279926885
 1219.000000	4.3673162093676554	70.8002291189482094
 1220.000000	6.7069266730621813	123.9486126256457794
 1221.000000	4.3025296381853941	65.1960887003540392
 1222.000000	3.9848535317037346	68.3799318853417901
 1223.000000	5.4007830181983909	122.3524368924414603
 1224.000000	6.7372703602869048	135.8565065118493465
 1225.000000	5.6379195545378185	121.7615095197681399
 1226.000000	3.5446462970539452	68.2449547861737784
 1227.000000	3.9146643181378513	68.2782684566603706
 1228.000000	4.2108563786258149	76.9259968797613567
 1229.000000	4.6123039119628011	68.4937399557924351
 1230.000000	3.1149180669835324	98.0882142615296715
 1231.000000	3.0988444887243678	109.9003992071552744
 1232.000000	2.7534268897111498	55.9556914674493981
 1233.000000	3.7941592506934709	69.8797114088507811
 1234.000000	3.9285306296642908	102.0875155820797033
 1235.000000	3.3584438780994930	85.5529934774311869
 1236.000000	3.7822457153650051	74.1018498910470242
 1237.000000	3.2639812779657338	101.5922231161048472
 1238.000000	4.1086820163464779	63.7486744666030205
 1239.000000	5.0029595858826967	73.9817072850544548
 1240.000000	5.7422360183027843	111.8336957235316191
 1241.000000	4.2039151927062415	81.5660227647420726
 1242.000000	5.5802526264872796	115.4498167535799666
 1243.000000	4.2515473711314824	72.7854495186266206
 1244.000000	4.5019023998463616	91.3529263333293784
 1245.000000	3.7116115725249688	79.6362926619954408
 1246.000000	3.2308273521885602	108.5298785930154253
 1247.000000	3.4530570337063300	82.1554235393077050
 1248.000000	3.4803394674871733	93.2186450686646708
 1249.000000	3.5955092645628022	74.2759152609779250
 1250.000000	3.4316830773913733	94.3397772324110520
 1251.000000	3.2626475553315530	76.6718863589925377
 1252.000000	4.5717991843367951	67.3310601773978590
 1253.000000	5.4061250040003168	140.6648575645758399
 1254.000000	4.6121738793848701	74.3946377406548010
 1255.000000	4.2298555119331009	155.7055814277074717
 1256.000000	3.9517241803996876	71.4844364858333137
 1257.000000	3.2304177928386228	84.2052835443543159
 1258.000000	3.3112310353223839	109.1318595990570515
 1259.000000	4.5001067673561890	64.1968745243738397
 1260.000000	5.5320175135728267	153.4893593320915102
 1261.000000	4.2984490947051270	68.4935345419138457
 1262.000000	4.3093145724822293	76.2005857579979704
 1263.000000	5.0417937010510316	150.5752338205931267
 1264.000000	4.6281555443967211	73.3741226887087947
 1265.000000	3.0584623269473328	106.7978706270452278
 1266.000000	3.0966057470371959	98.4924203895647707
 1267.000000	4.3588278220462131	100.9369073779195816
 1268.000000	4.8193758910856710	69.9528580317138875
 1269.000000	4.3742444337240016	50.9368472807359751
 1270.000000	3.7471135198027432	69.3999247056931381
 1271.000000	3.5869588135347947	64.6479675142486769
 1272.000000	3.8384444565945222	94.7488375886429566
 1273.000000	3.5222870150909000	79.5575651468019629
 1274.000000	3.2682611861586928	98.2266453884049326
 1275.000000	4.4943529174106533	63.6975293565776894
 1276.000000	4.2918640911136743	76.3275629307213421
 1277.000000	3.3345219809855133	83.7351940103049515
 1278.000000	4.2788495966424573	153.8288215024639385
 1279.000000	3.9123192179206066	80.9057892573587054
 1280.000000	5.3149631721614936	100.0283232146101113
 1281.000000	4.2914040890636898	62.2184291355293340
 1282.000000	4.2905835697260617	67.3037261913702309
 1283.000000	3.8324150192224296	69.6956841752961651
 1284.000000	4.4853218899609439	76.5954584319584342
 1285.000000	4.5269401212848654	64.2142500163140966
 1286.000000	4.6626195684524072	70.7936378218068825
 1287.000000	4.5608903653777526	52.9816173201946725
 1288.000000	5.0935128757436550	63.0130498522086810
 1289.000000	4.4738092306058359	48.8767081331223494
 1290.000000	4.9031810654868488	89.8679233482167490
 1291.000000	4.5378111189449646	73.2567240706489002
 1292.000000	4.3053093621134089	68.2437798516282044
 1293.000000	5.5437872165943034	92.4480445022806094
 1294.000000	4.4777179348239642	69.3120030821586681
 1295.000000	3.6616479633248309	67.5641867954487481
 1296.000000	4.4107392305407043	74.5849577071372920
 1297.000000	3.8846012448975222	74.2757791079519478
 1298.000000	4.3393236927386525	65.6973660695343824
 1299.000000	5.6806606859581823	126.4474313952015763
 1300.000000	5.3443217574411817	137.6323669768192417
 1301.000000	3.9910890811516704	81.0901738230740392
 1302.000000	3.6796341470901210	88.6543165496026973
 1303.000000	4.6174095824195609	139.6128143453344137
 1304.000000	3.7015581415129271	99.0038478702367115
 1305.000000	3.4178249830021188	88.9213909685160075
 1306.000000	4.7952775763691049	61.1955940634962303
 1307.000000	4.5428597562026054	83.3723052091321648
 1308.000000	5.8629922738380396	124.2884353654260678
 1309.000000	5.9444567742913907	131.0239789478045793
 1310.000000	6.5048919452849185	103.4235667382736779
 1311.000000	5.6244079451967108	126.8575352330796022
 1312.000000	3.3603443950771266	91.9001696679721647
 1313.000000	5.2383904013314995	47.6424187404680595
 1314.000000	3.7762361926708903	75.4354771920469034
 1315.000000	4.0649110216256847	74.6506106258825923
 1316.000000	3.2759109468659546	78.8200335567084522
 1317.000000	3.5493355785095440	91.9264506418095237
 1318.000000	3.5675889249070867	71.1229227584313008
 1319.000000	3.1693315426426918	79.8142797146204117
 1320.000000	3.6984434106377542	64.2374475600437336
 1321.000000	3.6625022736391815	74.9407336876643200
 1322.000000	4.5607546718395868	49.4541817206377345
 1323.000000	3.9562828368635006	70.0036829860885206
 1324.000000	3.4101188623682250	76.2749305602216481
 1325.000000	4.0012011943438237	87.3856133869602019
 1326.000000	4.5604712121389506	79.4263276022848714
 1327.000000	3.7769058696413884	64.5232958811133699
 1328.000000	5.9160010080167993	30.8098763711202253
 1329.000000	5.6720702115118833	42.0771026386134395
 1330.000000	3.3952749747244702	100.1939328310317876
 1331.000000	3.8264296252563974	94.8546412668544434
 1332.000000	3.4459574109309217	71.0528261429258947
 1333.000000	3.9470861170596585	85.2428751741572626
 1334.000000	7.6882894406358142	130.5557414818936195
 1335.000000	4.4363689528043455	59.1526981050770644
 1336.000000	4.5795002668070328	69.5364359625313853
 1337.000000	3.5337065395096219	90.3386496382967437
 1338.000000	4.0267707464765321	74.2436870341592368
 1339.000000	3.7961933046507914	82.7979909691225515
 1340.000000	3.1628050120836018	96.3529672120237137
 1341.000000	3.6350931262770576	87.0538429603054738
 1342.000000	3.2659765317213298	95.0607508533319105
 1343.000000	3.0388337705658861	131.4679400094312314
 1344.000000	4.9720479714720822	76.6718585785075248
 1345.000000	5.3286761971674865	130.0632515476475533
 1346.000000	5.5184638680188316	86.4033525126632895
 1347.000000	5.3833412995369274	103.6299610954535240
 1348.000000	3.5866353285879118	79.9494689001836463
 1349.000000	4.0266421602888789	92.0653817943710351
 1350.000000	3.8992588650697484	99.5979496433879206
 1351.000000	3.7649734220354127	80.9893567586227050
 1352.000000	3.9918176826782026	75.9338145150892814
 1353.000000	4.4767752176449358	57.4822491334448813
 1354.000000	3.4387781188568236	79.0863210713313975
 1355.000000	3.2700710193295595	91.0928648195492627
 1356.000000	2.8817557625287464	101.2643584482400456
 1357.000000	3.2764777141938546	84.0512631693218424
 1358.000000	3.1180923028551444	83.0214487059566153
 1359.000000	3.3945951414239439	98.1294602633996504
 1360.000000	3.8605886138130745	86.3461189772365714
 1361.000000	5.2840009399580659	122.5760402090357104
 1362.000000	4.5510514692358788	60.8687500502021805
 1363.000000	3.3269696095794679	71.9291894517596972
 1364.000000	5.2295824374614366	53.2820394866515699
 1365.000000	6.5320661334492538	133.1245467219339105
 1366.000000	5.7309677186675101	113.1649251514935344
 1367.000000	4.9321632933986344	113.7811222897691152
 1368.000000	3.5416549242443374	81.1266814340734186
 1369.000000	2.8675361942743671	100.8037793278149650
 1370.000000	3.6638654019763250	111.3328736304654285
 1371.000000	3.5398597667358600	92.8876510325345919
 1372.000000	3.2088724693913435	93.9643427107586575
 1373.000000	4.1195720380342991	50.1816418233491959
 1374.000000	3.6240656335026169	86.1743387205328588
 1375.000000	3.4612752204185813	100.3157234972349841
 1376.000000	3.6357576350528173	87.9625554473502262
 1377.000000	4.1659933330162859	76.1755464926189347
 1378.000000	5.1192114993568989	88.5139811421873191
 1379.000000	4.3462098087956464	62.7930735918156273
 1380.000000	3.6694612928087320	66.6649806863588168
 1381.000000	4.6288822218607946	78.7999510005581243
 1382.000000	3.1113093047279659	98.1980764916772983
 1383.000000	5.4011545116336057	136.6190939119020413
 1384.000000	4.8604816937288735	67.7458067073745696
 1385.000000	5.2625624834275140	136.5253540739788605
 1386.000000	6.2968065489453995	80.3512629797981361
 1387.000000	5.5054345667380602	140.0932220055097162
 1388.000000	5.5367791108195252	145.3794419533326447
 1389.000000	4.5755692577235791	67.6034955732229008
 1390.000000	4.0931730402734621	68.2465232716444490
 1391.000000	5.6176881203968323	133.9488196062015390
 1392.000000	3.8636206102468877	73.6131008234229967
 1393.000000	4.6760603981899767	58.7037385925468698
 1394.000000	5.6856261719489050	124.4981724020616127
 1395.000000	4.6443658119463347	62.2386989754652973
 1396.000000	5.3612420107723500	92.6921848276390676
 1397.000000	4.6029782904110990	87.9518618226523046
 1398.000000	5.7084535124097258	132.9578364334699074
 1399.000000	4.1708985297613355	60.4344537295488209
 1400.000000	4.1124063656769945	65.9580256337968791
 1401.000000	5.2862464593808349	136.8459015861341186
 1402.000000	4.2425132585419867	64.5504874950988494
 1403.000000	3.8708177852529162	72.6627250465000571
 1404.000000	3.2034772476241540	75.8647263853796687
 1405.000000	5.0732883424629662	134.1601899498740522
 1406.000000	3.5339593364874493	94.0516709886817353
 1407.000000	3.8106082545777689	83.4035128557736556
 1408.000000	4.6442363411946097	68.5818724602632415
 1409.000000	3.1851555663517974	80.2224835660052094
 1410.000000	3.5030812721611615	71.3280188641418817
 1411.000000	3.3044201920648950	100.0564492706411102
 1412.000000	3.6647045514695544	83.7511779472777533
 1413.000000	4.0653658176401937	70.3455492039279591
 1414.000000	3.1581202295529529	92.7291697641539798
 1415.000000	5.3849855307034655	118.3262912065342647
 1416.000000	6.5886982064793482	93.6419904553606131
 1417.000000	5.5769594367567468	124.4430702536470790
 1418.000000	5.6901619215687331	129.0780402000804372
 1419.000000	5.3698263882891490	117.8989578763613508
 1420.000000	5.5042477995083958	134.8621958465528508
 1421.000000	3.4689756391144893	67.3587468165537757
 1422.000000	3.6472147755856374	82.0905353298799128
 1423.000000	3.2616341900607546	112.8754116746984124
 1424.000000	3.7394168751248302	85.4684378185081641
 1425.000000	3.9342144350217523	100.5796100891526663
 1426.000000	3.5351170622336534	125.9333741951865306
 1427.000000	3.8883446238722712	91.8616806300885997
 1428.000000	4.0597030679557298	154.3033943668034169
 1429.000000	3.8120496663202164	79.4145302454253823
 1430.000000	3.1974900731337206	82.0700008241574466
 1431.000000	3.0176358292631082	100.2716816473222110
 1432.000000	3.4971214837274416	122.8282804459010720
 1433.000000	4.1988472314706105	79.0431018983346405
 1434.000000	3.4675494922740295	78.0867756564081503
 1435.000000	3.1246346505179710	87.2942364779893722
 1436.000000	3.9630795781619299	79.6530199416876030
 1437.000000	3.7416470302945002	81.1969132187819440
 1438.000000	3.3898421223559931	113.3460786179332018
 1439.000000	3.1322462853764352	101.6893348658022802
 1440.000000	2.9371350390653488	96.4955182050755127
 1441.000000	4.0644915548436718	73.8703990565545041
 1442.000000	3.5158354976361230	142.2651662811925064
 1443.000000	4.1790240844631965	73.1508965303262926
 1444.000000	3.0144062934175304	103.1175903375456073
 1445.000000	3.4449291637238075	97.8085183198832340
 1446.000000	3.2009316234364831	113.2551529811266136
 1447.000000	3.2647024895906198	104.1794971818289923
 1448.000000	3.3372919736600695	89.1085122292656138
 1449.000000	4.8647372501581749	131.1595164577649655
 1450.000000	5.1350706999086073	120.4299773452783597
 1451.000000	5.4183810812682554	87.7012229758314703
 1452.000000	3.7444885424923546	65.7895767199296131
 1453.000000	5.4672317319957289	135.1784257299162846
 1454.000000	4.5026720841429331	63.1235663595874570
 1455.000000	4.2065851625111854	75.9736583536413548
 1456.000000	3.4988134161758784	84.7484253906732903
 1457.000000	2.9188775627948331	83.7593948564087896
 1458.000000	3.7384625236027311	95.4566521935391279
 1459.000000	4.5081692475660962	62.3179813182176190
 1460.000000	3.4367636642613850	88.6994201478921838
 1461.000000	3.6394547620479258	105.4450684755428540
 1462.000000	3.6974757699708856	86.2116565685056031
 1463.000000	3.9771573661483148	111.8694339091173759
 1464.000000	5.2994253867743177	134.5462236902335178
 1465.000000	5.4463849845569738	133.4950876099990467
 1466.000000	4.8369088903806761	85.9068827380084770
 1467.000000	5.3301005758334377	122.9467912215662011
 1468.000000	5.3370222566979191	79.0432951128188819
 1469.000000	5.2829187988320792	137.9626076364469895
 1470.000000	5.3193042555580421	90.6116327375498400
 1471.000000	5.2491653431313416	80.4393774063872797
 1472.000000	3.6183843025109992	113.7659859659634378
 1473.000000	3.4927889880897669	85.8695569621259551
 1474.000000	3.4757285250934364	94.7111285723622132
 1475.000000	3.7041735775091267	82.3895689212365880
 1476.000000	3.9481529710713876	69.9131723811567269
 1477.000000	4.1007362725723677	62.9690100032052129
 1478.000000	4.7188551806199612	53.2736487326258583
 1479.000000	5.3436755220456345	92.4510706239139495
 1480.000000	5.2577495545751853	113.2078871674062128
 1481.000000	5.6188480094538411	120.3282981672216465
 1482.000000	3.9013905576521744	65.1759434958998725
 1483.000000	5.3809442419525704	39.1736038567021581
 1484.000000	3.6526357812776031	83.5684750685701658
 1485.000000	3.4734729429391136	99.0506977488689841
 1486.000000	3.3567743313886140	95.5897835997167249
 1487.000000	3.4468069257854839	83.9320379410897033
 1488.000000	4.2634958824837810	54.8786851680945915
 1489.000000	3.9745855704944129	96.3519295328647303
 1490.000000	3.4533077920642290	99.1279694398210154
 1491.000000	3.6606145179741127	102.1206223970105356
 1492.000000	3.1279889248492005	104.3012779660756024
 1493.000000	3.1046108627064770	67.5416136226526049
 1494.000000	3.4064598113196194	83.2229990109607911
 1495.000000	5.7235792450222425	133.0075233130071979
 1496.000000	4.0086188450935270	75.5100502786144574
 1497.000000	4.2478983192859943	85.4454881466509732
 1498.000000	4.3339721662483122	78.9555724638302223
 1499.000000	4.0460102907578470	78.2217479309312012
