1	+0.000000	-150.228958	NaN	NaN	NaN	NaN	NaN
2	-54.087971	-37.334373	-162.265137	-179.658386	NaN	NaN	NaN
3	-65.180550	-39.626526	-179.791687	NaN	NaN	NaN	NaN
4	-70.173019	-39.401226	-69.186195	+80.268814	-136.896072	NaN	NaN
5	-69.781898	-44.038925	-56.662796	-145.656097	+88.571175	NaN	NaN
6	-107.254814	-20.904234	-56.140129	NaN	NaN	NaN	NaN
7	-101.431175	-51.028595	+177.078949	NaN	NaN	NaN	NaN
8	-69.294655	-49.330780	-70.134941	NaN	NaN	NaN	NaN
9	-95.022247	-152.649475	+179.774048	NaN	NaN	NaN	NaN
10	-130.221252	+148.452911	+65.319870	-178.514496	NaN	NaN	NaN
11	-144.120209	+163.321716	+66.363899	NaN	NaN	NaN	NaN
12	-93.293457	+166.933563	+55.537094	NaN	NaN	NaN	NaN
13	-66.969650	-27.481386	-53.299656	+173.843735	NaN	NaN	NaN
14	-68.384010	-34.154541	-67.241753	-82.589317	NaN	NaN	NaN
15	-65.217331	-39.404575	-70.925385	+175.578232	-79.414246	NaN	NaN
16	-65.322708	-24.736010	-66.427887	+179.471436	NaN	NaN	NaN
17	-61.808140	-18.519266	-99.204323	-167.482864	-36.812664	NaN	NaN
18	-67.481468	-19.238169	-69.213692	+142.972305	NaN	NaN	NaN
19	-101.746643	+10.099378	-53.729069	-83.144287	NaN	NaN	NaN
20	-78.739853	+151.405945	-53.653114	NaN	NaN	NaN	NaN
21	-91.430641	+0.000000	-65.980057	-36.565292	NaN	NaN	NaN
22	+0.000000	+168.861786	-48.795685	-65.086052	NaN	NaN	NaN
23	-123.796745	+157.079620	-78.013115	NaN	NaN	NaN	NaN
24	-85.578316	+136.530426	-83.532700	-165.243484	NaN	NaN	NaN
25	-147.575195	+158.338791	-122.426468	+159.750000	+163.108658	NaN	NaN
26	-84.849396	+117.143425	-74.544884	+107.409889	NaN	NaN	NaN
27	-123.193558	+110.948204	-57.205036	+157.326340	NaN	NaN	NaN
28	-121.874222	+150.444336	-63.253872	NaN	NaN	NaN	NaN
29	+59.019310	-133.640381	NaN	NaN	NaN	NaN	NaN
30	-61.967533	-28.739420	+65.779007	NaN	NaN	NaN	NaN
31	-66.795311	-29.827545	-57.215305	+119.632072	NaN	NaN	NaN
32	-67.188774	-47.629608	-179.277954	+56.980812	NaN	NaN	NaN
33	-71.221458	-24.593914	-61.950111	NaN	NaN	NaN	NaN
34	-66.139671	-39.375317	-69.114983	-106.184486	+1.647281	NaN	NaN
35	-65.251801	-40.182735	NaN	NaN	NaN	NaN	NaN
36	-62.380630	-45.999733	-81.844696	+165.502808	NaN	NaN	NaN
37	-57.103203	-46.026852	+174.454391	+78.578842	NaN	NaN	NaN
38	-60.264603	-46.185524	-162.023163	+79.020454	NaN	NaN	NaN
39	-73.241547	-41.270416	+160.275177	NaN	NaN	NaN	NaN
40	-86.956772	-42.997265	-59.909687	NaN	NaN	NaN	NaN
41	+56.760468	-125.125145	NaN	NaN	NaN	NaN	NaN
42	-64.201126	-23.354694	+33.636559	+161.664001	-16.328625	NaN	NaN
43	-73.249741	-20.736364	-55.992825	+178.485229	+52.289497	-176.335785	-177.309219
44	+79.354973	+174.281311	NaN	NaN	NaN	NaN	NaN
45	-152.908691	+171.457581	+65.439560	-92.752205	NaN	NaN	NaN
46	-127.374565	+138.318039	+45.038624	+98.761902	NaN	NaN	NaN
47	-119.476868	+105.925461	+175.438156	-114.152504	NaN	NaN	NaN
48	-126.597366	+86.609360	+46.391911	NaN	NaN	NaN	NaN
49	-63.037361	-27.760708	+2.198768	-3.120376	+169.929260	NaN	NaN
50	-73.111252	-17.017820	-85.821144	+146.231567	-176.189270	-149.530945	NaN
51	-76.299004	+0.000000	NaN	NaN	NaN	NaN	NaN
