 0.000000	9.8270447771572211	146.4431521055916789
 1.000000	9.6553182864279847	122.9852227268467288
 2.000000	7.3001387242285043	40.7257492622644008
 3.000000	7.2851964978847583	35.8860760420708687
 4.000000	4.6045299978043968	35.3971374507786436
 5.000000	4.5653434480753283	31.1092235696793580
 6.000000	9.7751885128551610	116.6721152300024187
 7.000000	5.8446359553620519	120.9512080212215324
 8.000000	3.1686008378302062	97.9959162036209506
 9.000000	4.6338108348710998	36.2328439206517032
 10.000000	3.7407375912984917	68.3928818871088708
 11.000000	4.1508199047000129	59.7752817953322619
 12.000000	4.1672665577101000	105.2127403651263506
 13.000000	5.5721823936621417	99.2152478953075274
 14.000000	5.4062062706150167	120.9794811581617751
 15.000000	4.0631639463701674	31.8411523259103433
 16.000000	4.3988770166894540	75.3521638941401193
 17.000000	7.6111398768774610	82.5306876488110106
 18.000000	3.6249545900712059	73.6961541484935765
 19.000000	3.2989852499714956	50.9356524693628501
 20.000000	6.7493643255408422	120.3051287568403325
 21.000000	6.4911692807711807	32.2437000659485591
 22.000000	4.2941049148737847	29.6107426791293733
 23.000000	6.8449013028163179	71.8367911456147397
 24.000000	8.0945397146756779	28.9181216718159817
 25.000000	4.7686564788140151	69.4398789841081481
 26.000000	7.4996479160106952	33.7248415872323051
 27.000000	7.4778008836169469	42.4454763943879243
 28.000000	11.4281600920738615	112.9686357464024979
 29.000000	9.0611218183747262	56.1093674337343344
 30.000000	7.8087485216933255	5.3187678547451185
 31.000000	7.4321393590437781	64.0290389455609699
 32.000000	8.2435950678060248	35.9931307701047558
 33.000000	6.8393043115629810	58.2525982707936265
 34.000000	8.2699715960636428	41.7612124694483384
 35.000000	7.8537390243281502	9.6426321241797268
 36.000000	5.5550417510860459	108.8202789541218038
 37.000000	4.9521286408512513	68.7300608812794138
 38.000000	3.3410060918423454	41.7524995674497461
 39.000000	7.4316917989158631	41.7905422129091733
 40.000000	4.8613039398167830	77.0703116145913185
 41.000000	4.9745590690638819	27.9737976364802421
 42.000000	3.1951349231581450	73.3579131148181318
 43.000000	5.1697508775172523	44.2772640575011849
 44.000000	5.8222732368731309	31.2602002594842361
 45.000000	4.1911048419932522	75.4400869477165372
 46.000000	5.2959945002246211	52.7870560861739619
 47.000000	4.4489134194973845	136.5549408472061828
 48.000000	7.8865747212170438	23.4095739669485283
 49.000000	5.8181054250822601	51.4005978738912859
 50.000000	4.5156982233079965	69.1311316481082514
 51.000000	3.2328087350114938	75.3220756496379948
 52.000000	4.8604419782704129	77.2851439299861198
 53.000000	9.1263087720718516	55.5154998597801779
 54.000000	4.4518623242863100	140.7203469559772770
 55.000000	5.7228922347688762	98.6314635029091562
 56.000000	5.4046490042733630	57.9995524379285570
 57.000000	8.8478554761236250	84.5823065648981611
 58.000000	6.6032306615714900	48.6914902188698022
 59.000000	5.3607623323739579	50.8075778219294421
 60.000000	4.6518526005328802	45.6909127356637725
 61.000000	4.1484270796032234	32.6486663670537780
 62.000000	6.3759465306446366	133.9693558155418884
 63.000000	7.0131873302185461	146.0213620267902286
 64.000000	3.3935194373519106	60.3920047683430994
 65.000000	6.9896884794354648	46.8944771507007658
 66.000000	4.6993484795077567	42.6215475789197740
 67.000000	5.9661181974541346	126.3634543560989272
 68.000000	5.2691871631644842	43.1576829654666767
 69.000000	6.4641874109858675	128.1535348590092553
 70.000000	4.9489922952258922	38.2804155203849064
 71.000000	6.7127655612321195	131.1884337624792636
 72.000000	3.6592869764699949	81.7261226894329695
 73.000000	5.0398532001224021	137.9051524597359446
 74.000000	3.8355995738125643	36.5748098287341179
 75.000000	5.0817563124766281	127.0599997140104165
 76.000000	5.6426390041734926	45.0158829944422507
 77.000000	5.4093635794383514	58.0482575442081554
 78.000000	4.4161862936338059	48.5635170343892355
 79.000000	4.5274466756073286	22.6673668676277202
 80.000000	5.0639705022242918	8.5088818685059664
 81.000000	5.5416083313468807	88.3992971727936663
 82.000000	7.7640275444153026	41.4703441215252155
 83.000000	5.3522082075037858	27.9201173755597836
 84.000000	3.9710827124525268	58.3924117941964909
 85.000000	4.8959349027519181	15.2971034109022810
 86.000000	5.4084467961539850	13.8443919475573409
 87.000000	4.5875881690217462	20.7008615633539819
 88.000000	6.1962286560832132	17.6976656047721121
 89.000000	4.0026085172908505	40.1617569420928362
 90.000000	7.7153719194783337	29.5937722276215425
 91.000000	8.3662089618783515	17.9771747192120870
 92.000000	8.0785817070250783	15.4077112373443867
 93.000000	8.9106411556333569	135.3835253755729866
 94.000000	7.7772108782765876	14.6673800279610873
 95.000000	6.9321211406293992	32.1876483478786781
 96.000000	9.3172669605518372	59.1837984526874976
 97.000000	6.6899327741018642	32.0228307398807885
 98.000000	8.1261624230988510	119.8829922234216667
 99.000000	4.1374588007692221	23.6113576485895464
 100.000000	5.4940795993590390	84.5237862912570819
 101.000000	6.8290309375065261	40.1898396286618151
 102.000000	4.8231810327562874	53.3639072241176962
 103.000000	4.9897294762405329	47.6532958419611532
 104.000000	6.4688452767789029	135.9915097829287163
 105.000000	5.8900257643850527	134.1518178581893039
 106.000000	4.4673679852511716	45.6815406167793583
 107.000000	4.3378236390772678	45.3315802312967833
 108.000000	4.3783905965491163	47.7273448276396550
 109.000000	3.5284319697481532	36.7865305527528506
 110.000000	4.6708584599874872	48.6392589650329228
 111.000000	3.8058627244605634	36.0079718746998765
 112.000000	4.1191001960555136	26.4788602187400954
 113.000000	4.7658468303910384	30.9459174393296053
 114.000000	5.4028925313740555	25.0934573510682526
 115.000000	7.6350966953301755	47.7843511711490407
 116.000000	4.7164042476394403	50.8324499033596737
 117.000000	4.8352413405238162	141.4931024248622293
 118.000000	4.5838416793641681	99.4010663144170223
 119.000000	7.2038884639182781	135.3966573965140867
 120.000000	5.3189334470275922	28.6655882879324224
 121.000000	4.8531025026381718	61.9934111509101768
 122.000000	4.4176095870734784	33.9313053234453150
 123.000000	6.5010542873240063	61.2567384941171156
 124.000000	7.7086193708186066	30.0679160101482523
 125.000000	4.4689461781120237	22.5306931623250080
 126.000000	4.5022472202677877	48.8756586150656176
 127.000000	4.5419841116693833	12.8281758471414946
 128.000000	5.1803899687710997	33.2067171522630247
 129.000000	4.5661973019745687	38.0614256892559126
 130.000000	4.1016831533347125	45.8132192998990035
 131.000000	6.1569716763947886	22.9277488563043619
 132.000000	4.0685561275247570	45.0607092933365720
 133.000000	3.9190491784135539	45.8279769937282992
 134.000000	4.1678741369956800	5.0605951247619032
 135.000000	5.0931518475767357	13.6822496685077226
 136.000000	3.9488166942641207	27.6818195517551260
 137.000000	5.2781478215179627	13.8660710848249380
 138.000000	5.3769726189923546	80.1163683991727140
 139.000000	6.3304433100585999	58.2710035896636072
 140.000000	5.4447060659070354	136.7704693309537731
 141.000000	5.0885201069743751	3.4577711986788131
 142.000000	3.4286845886655755	12.0947059946491606
 143.000000	6.5494353842182411	56.1859927006942002
 144.000000	5.9248953130815458	18.2977084248662436
 145.000000	4.7425185290143084	34.2682995643524464
 146.000000	7.0412196381671697	50.0614088359739355
 147.000000	10.5021578376389471	115.3532156541582765
 148.000000	6.3145088445286905	109.5644247036242120
 149.000000	5.4780463430814264	97.4893188350008302
 150.000000	4.3093702539756213	30.8382179289282874
 151.000000	4.5882054459849293	37.6542741351747452
 152.000000	4.6719265319033410	48.3363339690233715
 153.000000	5.1581561019651367	43.2288628906712518
 154.000000	5.1274007117321245	131.1864764704310460
 155.000000	4.9034427440257007	62.1343008063554976
 156.000000	4.0613110060701949	31.3540075940228746
 157.000000	7.0532478868904640	31.6296880077968297
 158.000000	8.5848961963233581	61.9766537845541023
 159.000000	6.6832962505497280	29.3431539213970893
 160.000000	8.6982366594443175	88.3769275686823477
 161.000000	8.6832282396531362	78.5220161864045139
 162.000000	7.3981138915330291	31.9388563276528714
 163.000000	6.2734443268925961	49.4117677320689097
 164.000000	4.6552248014480551	63.1691883056779488
 165.000000	4.3848349630672754	112.6823810333500404
 166.000000	4.2120718076547305	55.9831643987068759
 167.000000	3.7815794117369776	70.4227040223945124
 168.000000	4.4837622291472616	36.0945247347063685
 169.000000	3.8312773751410032	38.9824017815748789
 170.000000	4.3281928541532189	54.9273075625145850
 171.000000	4.9078303206687641	4.8118157665413150
 172.000000	6.0635554052876470	73.0900923320943008
 173.000000	4.2085208757106489	41.7215406656604557
 174.000000	3.8374978976135856	20.0268996097936451
 175.000000	4.3262343176673062	31.5230075579360971
 176.000000	4.6206165104031651	31.0457665621744070
 177.000000	4.8207561621149280	38.7417527684208665
 178.000000	8.5259676105821267	23.4452709784080469
 179.000000	7.3501848081702761	65.1505971103429147
 180.000000	7.6011494508734820	8.4365062589487536
 181.000000	7.7282583505987539	19.0175249134988462
 182.000000	9.5401921529673359	54.8816836350339798
 183.000000	7.0980649676621930	63.0432166744202220
 184.000000	5.1055141853437069	12.0716040492085597
 185.000000	4.3357707794930080	53.9098588847701450
 186.000000	5.6955353091426932	135.6541491124148990
 187.000000	8.9400416169595793	81.1680877585047682
 188.000000	8.1002558958650432	35.8968816488418838
 189.000000	5.8080101271593643	114.2125997478628960
 190.000000	3.3485218523463280	62.5648048848756986
 191.000000	4.0042381591383638	87.4831550360209320
 192.000000	4.8292704620252787	68.6318240875888677
 193.000000	4.4644980769402682	152.3931591417998561
 194.000000	5.0960472515035358	132.1418870237579029
 195.000000	4.5060230418260163	15.2287223389720907
 196.000000	4.4181705830100864	65.5347201520256561
 197.000000	3.9355258853851391	40.3247501771239456
 198.000000	4.3287491287648461	61.0305785446429070
 199.000000	3.4728319960068785	62.8389130571208909
 200.000000	4.0797051003096909	56.9663467552523315
 201.000000	3.6729275458411865	24.2680067601799578
 202.000000	4.7285474823000859	15.0822772188745660
 203.000000	4.4459830873231247	38.9697384591132732
 204.000000	6.2032464696702743	32.0941014774008124
 205.000000	4.2361645685438729	27.6509103498277398
 206.000000	5.5346563743832622	50.3236933297634721
 207.000000	3.5769310152286282	76.6651322951990437
 208.000000	6.2455798263085871	46.4031477477743977
 209.000000	6.2075390943273385	53.7712416734939893
 210.000000	4.0488718474039995	76.0977715558359762
 211.000000	3.5755487322499153	58.2489432414394486
 212.000000	5.2676106141102688	103.8492870033619226
 213.000000	8.3602562565644174	89.4129364466967900
 214.000000	5.2712386319502187	31.1930810399386473
 215.000000	4.1763549435960385	56.4623076045759262
 216.000000	3.8537425138810022	46.6161525232458303
 217.000000	3.8219626057632867	58.0187307533296064
 218.000000	3.2855715212689263	36.2913561200451227
 219.000000	4.2281851864061428	25.1257498019925265
 220.000000	3.5163905119115766	23.8263316174455326
 221.000000	3.8327363470212306	13.2663794385738072
 222.000000	4.4597432336819445	12.2765112779108847
 223.000000	5.6923418960695287	127.1745720378771125
 224.000000	5.2373581148234489	47.3299278757946524
 225.000000	6.8382975967841588	37.9018817932908121
 226.000000	6.9902459104796586	30.4060915983346263
 227.000000	8.1808232281687285	30.4863175709877510
 228.000000	4.2307907556240236	116.0566395156838411
 229.000000	5.2462972092615736	141.4448578510007621
 230.000000	8.2908065958424011	99.1820253151281719
 231.000000	3.8753051894533406	49.5614788976419334
 232.000000	4.9032733117349414	46.8541006019022461
 233.000000	6.2864171887139468	142.0431494625453013
 234.000000	5.0933758446967596	146.2878448519696803
 235.000000	6.9372558601395928	38.0828342461800844
 236.000000	3.6958720197657331	16.0850322996020054
 237.000000	4.7748695147874347	32.8292510437252361
 238.000000	5.0567332167239583	57.0006743589084834
 239.000000	4.3414958293190997	49.5984197801616062
 240.000000	6.5580819500137899	32.6396662460709024
 241.000000	7.3749594656560067	30.7313384165210266
 242.000000	4.4155434182153179	21.9282831378780827
 243.000000	3.7290303707227603	0.5965626354374649
 244.000000	6.1751073160059198	74.0804845018437277
 245.000000	5.9338999493642266	98.4102439609561657
 246.000000	7.9185619612299716	110.5356261918892216
 247.000000	3.9920068299108600	62.1696932946007905
 248.000000	5.5241741235500763	46.6042533785224578
 249.000000	5.4799174696746906	86.7613952559856472
 250.000000	4.1019590169223008	89.3814349634813254
 251.000000	6.1177077305483838	139.1960141004689717
 252.000000	3.9564909495949281	29.9759024795836808
 253.000000	4.5461324990619429	25.0679701818023091
 254.000000	4.6118175657672653	35.2100059521881690
 255.000000	5.2287289842592219	137.8629189259950749
 256.000000	5.2065348862829035	134.7470196618895955
 257.000000	7.4535111994626453	44.7410135922363850
 258.000000	6.5786034610851827	16.6820129771302845
 259.000000	7.6679262226270168	47.6427570927432384
 260.000000	4.4394063743510772	54.7658928422873146
 261.000000	3.5771077414004626	10.2210309876264773
 262.000000	3.5856707249566369	98.9520523433189965
 263.000000	6.4431583609290559	121.2298423106788334
 264.000000	5.3204450435261563	96.0453422923967395
 265.000000	7.7560298711077413	36.1679606688434774
 266.000000	4.8896843675738051	71.2793741556248364
 267.000000	4.3199852919404602	41.7530944876560568
 268.000000	4.0799648638425223	23.4878267588943004
 269.000000	4.2723311984126875	28.6243494418289686
 270.000000	5.1673427512592509	132.8914354691908670
 271.000000	5.2146874676076003	119.0919639545396080
 272.000000	4.9094778177744312	144.9453305659750981
 273.000000	4.4847692611798706	44.8757475541719657
 274.000000	4.5248714977716604	38.4986315280982581
 275.000000	5.8713701484770713	88.5359154296971127
 276.000000	5.4434428335562064	74.6336390247535348
 277.000000	5.5459785275278755	42.9194105047781420
 278.000000	6.0238069487348680	126.7552771292833143
 279.000000	7.8716782170473198	14.4497590794619555
 280.000000	7.8875651408646634	50.2090807687558538
 281.000000	4.9481334553454008	48.4745789404621235
 282.000000	4.6473906820088686	77.6045398605362919
 283.000000	4.4942298465141013	16.1866781356078775
 284.000000	7.5199122842672850	48.2517429094760359
 285.000000	6.7952792116334519	44.4806844310162433
 286.000000	8.0351623341872696	37.6627884999115849
 287.000000	7.7944224588990521	9.7027546274960343
 288.000000	6.9111396808183114	13.1572588938495301
 289.000000	7.9767809566755536	31.8562863158707614
 290.000000	7.1976827862822317	26.8715949169097144
 291.000000	6.5244006028522383	52.0672920924685627
 292.000000	4.6262802116280657	60.7698942155341797
 293.000000	4.0608924648388474	33.0067399931438956
 294.000000	4.1149942750878763	9.2944489856553218
 295.000000	4.7423109561479055	27.0391136492112309
 296.000000	4.2510759852977476	27.2607725163721000
 297.000000	3.9746584030043359	30.9941163487067115
 298.000000	6.2726163758030964	71.5997590860864648
 299.000000	4.3054261902815423	27.7452268456381432
 300.000000	5.1210543081658733	91.6933056947211469
 301.000000	4.1044659175697129	18.5409424070958835
 302.000000	4.9981729644355584	53.2911248189545717
 303.000000	4.4986227155276062	69.7641500655655022
 304.000000	4.4236516978155827	48.6312677613556730
 305.000000	5.4940312352498220	126.1035121866862028
 306.000000	5.1990083383689853	39.7938791528909235
 307.000000	3.9994678926593945	70.7380626887057815
 308.000000	6.7082314534061860	15.2337888450605305
 309.000000	5.3115680958803750	119.1808941259865975
 310.000000	6.7329011423903724	22.4026706997048564
 311.000000	4.1255537477962063	23.5151961760435029
 312.000000	4.3875493391731597	146.9005138580166943
 313.000000	5.1277332708841703	83.9328070338191026
 314.000000	3.9837473300255790	14.9337309841444892
 315.000000	4.9913037294864155	63.5245714476264283
 316.000000	4.3561350075427550	5.9108288598883689
 317.000000	5.2427863641701915	88.1152009268946728
 318.000000	7.5927778746241801	31.4438206084556668
 319.000000	6.3804454508719859	121.6220117047935219
 320.000000	5.7224011254816647	26.9227169691541235
 321.000000	5.3848134095409828	125.1833816051333770
 322.000000	3.9099149575590242	55.4703843327475425
 323.000000	5.6094620565611883	87.8205360544564542
 324.000000	5.0746036374370211	55.3313373031757578
 325.000000	3.6490088570735417	35.4554287726102757
 326.000000	4.7468015039383191	36.0915969644987626
 327.000000	4.8510992343267016	36.8207312577996788
 328.000000	4.9852952354411144	24.1431441233058308
 329.000000	5.5913517686734187	77.0479097027855175
 330.000000	5.0431103873946102	15.8796761857467459
 331.000000	8.3411972728601587	42.0810321375701051
 332.000000	8.5052237746862183	34.8950682327247250
 333.000000	8.9507845432048647	41.9834795470762572
 334.000000	5.0067383926516342	142.0861352888627778
 335.000000	4.4862945807231283	55.2005012720967585
 336.000000	4.4869085372365936	38.0087191045882378
 337.000000	4.0415697038520975	47.8267832596430651
 338.000000	3.7469831823241582	59.3887611465598440
 339.000000	5.0196907475519144	63.5557655366722116
 340.000000	4.9256797679648781	17.3753492269120784
 341.000000	4.6081400669727657	62.1646192426788389
 342.000000	7.3281624950378079	38.3337943643445840
 343.000000	6.6724788124790839	48.0879435964091613
 344.000000	7.9077308589481579	41.2935345975422194
 345.000000	4.9181831973339323	23.0031809068358939
 346.000000	7.7223117967515131	46.1580848486429431
 347.000000	5.2473326019335289	106.5803719333059831
 348.000000	5.8348976396428460	132.7264155593273927
 349.000000	3.5645813879895676	48.3167051593371468
 350.000000	5.4527275335376242	32.4863586546361489
 351.000000	3.9775668864056786	69.1398995595370565
 352.000000	4.7803093322355208	11.2698147846647316
 353.000000	5.6316761752654889	31.6434579485855352
 354.000000	5.3198979032200953	47.9755535774186228
 355.000000	5.4577757836613596	124.0976333274549575
 356.000000	5.6009096763245072	31.4911547467983723
 357.000000	4.0958516875542257	30.3997816745464888
 358.000000	6.3667841508444525	35.5530071416263524
 359.000000	6.5261146299611310	42.8468559914519744
 360.000000	6.8859664438029391	43.0405698759792017
 361.000000	7.5165957843600539	40.7771722081858741
 362.000000	9.2698401411181859	42.2897195224397819
 363.000000	8.2424709888356507	32.8363832122608414
 364.000000	8.2069101308343857	40.5566189704206295
 365.000000	5.5831838708669146	37.5269227021891538
 366.000000	6.4568227164325585	36.2392187557244938
 367.000000	5.0513724995826932	47.4063575683810541
 368.000000	7.5306719955389898	51.8125810068455053
 369.000000	4.0336672365099151	50.2550298443185284
 370.000000	5.9950974325187882	23.4659428086442858
 371.000000	4.4593064748700755	36.1555967072567341
 372.000000	4.6742111646601332	150.1689622615822088
 373.000000	5.0622064878383819	117.5119119862401647
 374.000000	4.3105179072516560	97.7988012521280723
 375.000000	4.5532631543115603	110.4445380690029452
 376.000000	4.3656906302205725	46.6340282750589381
 377.000000	6.1463903000689868	136.2131154861281743
 378.000000	5.8060568531126417	99.6163607694812470
 379.000000	5.9788787753609967	109.5410619746745340
 380.000000	4.2569344099117759	148.6299778397577995
 381.000000	8.3143962989506264	138.0361655232650548
 382.000000	10.2145916577721287	132.4048397818231706
 383.000000	7.3987490199195429	120.3752414209282904
 384.000000	6.6060105308128829	133.2727801520870230
 385.000000	8.9581503311047257	125.9623141198593146
 386.000000	6.7327792854823674	82.0502187838986003
 387.000000	8.2165798282122573	125.5183501555220857
 388.000000	6.2811949934413942	126.8736570782092770
 389.000000	3.9438313658179847	92.2704719619549820
 390.000000	4.7865602926591926	93.8012099982292114
 391.000000	5.6786407738106552	127.8514199571672521
 392.000000	5.1783401507729074	126.8297782797538815
 393.000000	5.1683802842847308	145.0882280557669901
 394.000000	4.4786771839482666	150.8549281925320429
 395.000000	5.8454451382435586	136.6553684579486401
 396.000000	4.4465083650064523	125.4933155912452776
 397.000000	4.4951985132705046	137.2944007214429405
 398.000000	3.9443080904043155	119.1034428538917211
 399.000000	4.7195472132088652	89.0306638428765922
 400.000000	4.2258549062447699	91.2733405709799541
 401.000000	4.1549284286867021	154.0434355971108289
 402.000000	5.3844631624036730	166.0327201973831563
 403.000000	4.5860389899060667	169.8323325385593705
 404.000000	5.2985245328210482	152.9605602798791892
 405.000000	4.5368121157504735	145.0285815579985353
 406.000000	4.4319572259035791	137.6099974964377282
 407.000000	4.5260234583495738	117.0828290852570603
 408.000000	4.8213415535560467	140.1571049946322773
 409.000000	5.6062575229496181	151.3270940864903480
 410.000000	8.0670302997372723	136.1134436263682801
 411.000000	9.0878188335516441	140.7064381583158763
 412.000000	7.0034004454385963	116.6035338025387489
 413.000000	6.9038627072560343	99.2473323292930161
 414.000000	5.4029404096158311	66.7865200051384562
 415.000000	4.1350136744202350	146.3537104299149973
 416.000000	6.8539330805399086	118.6806441279154427
 417.000000	5.8534698266851866	107.1134532410869724
 418.000000	5.8781890378060231	91.1977620962002220
 419.000000	7.9379768132131474	81.6049328293665326
 420.000000	3.4425410521126167	131.1688579447727534
 421.000000	4.9386109712362698	156.7377265361803040
 422.000000	4.7087318598782630	147.3611780563207674
 423.000000	4.7794355355404079	165.3751336882710916
 424.000000	6.6022194312893792	110.4408222906160830
 425.000000	4.7835417022495426	151.4050663287058569
 426.000000	5.1822387815263529	164.3317634724667755
 427.000000	4.9046990957781054	127.1036894262770716
 428.000000	5.5819387492920063	159.7138524400995152
 429.000000	6.1391269323901261	128.8538572816282226
 430.000000	4.1999437887840330	147.8522299485929352
 431.000000	7.3922683981885200	122.4403762266031208
 432.000000	7.6226789933351515	124.0835307343737384
 433.000000	4.3574211645953476	146.8083036877232530
 434.000000	3.9099948742917232	120.7756378244293245
 435.000000	4.9070947436375487	142.7198338618910327
 436.000000	3.8190194546734628	142.3000599709136793
 437.000000	5.0860783606534996	123.0009923322880070
 438.000000	4.5077398008437024	149.7827063787149484
 439.000000	5.4645565216433987	159.9877061565415772
 440.000000	4.7186502692307393	150.2449527600319925
 441.000000	6.5311306792351029	110.0197529371014866
 442.000000	8.9609597795430904	112.8655786446322224
 443.000000	7.3554434543433747	126.0107052780615504
 444.000000	8.5973762510081890	97.1208082891448186
 445.000000	8.0580643390577418	104.9198827831374814
 446.000000	3.7088495583163841	124.2253316554688070
 447.000000	7.1583939870498403	122.7959165440235694
 448.000000	5.8348685243814593	101.4850612234189811
 449.000000	7.6470962872473338	138.9829227037581063
 450.000000	8.4309251040559605	134.2992674946213754
 451.000000	4.2782826895475079	156.1573556278797810
 452.000000	4.5747256796907676	147.8139625571794227
 453.000000	3.6719546786746671	83.4697632014271846
 454.000000	6.6578994568648016	109.4387430371494929
 455.000000	6.4080836337775189	123.1292378806104466
 456.000000	5.4662796488918417	126.6753258362535490
 457.000000	4.6591713465296856	150.5821377585698713
 458.000000	4.3255345840028667	88.4718791767425614
 459.000000	3.8305533738455750	138.7807561487213661
 460.000000	4.3262081035680771	123.6712672153732910
 461.000000	5.0505638053808468	124.4301490924591462
 462.000000	6.1155466288612903	112.9034902126296771
 463.000000	6.3979559565976745	128.2056823907467447
 464.000000	4.2545311369442551	86.6744044754386351
 465.000000	4.0467297377775768	141.9260445618420761
 466.000000	6.0655412040985626	65.1718760324077948
 467.000000	4.1642731435474083	134.5007699581427119
 468.000000	5.7464542682352855	127.6451317754870445
 469.000000	8.4471942813786853	131.3910764554899799
 470.000000	6.2273175767006146	78.1611046742248590
 471.000000	7.3572223415548637	110.5579388189957371
 472.000000	10.0475830987601604	116.4705170984587284
 473.000000	6.5355361392912901	113.9090878865428635
 474.000000	4.0866847972576821	126.4819676871482272
 475.000000	5.6603333326700307	177.0254990939689890
 476.000000	5.2140819416981676	113.6468072417951731
 477.000000	5.0633175631185283	120.7719431346885557
 478.000000	7.0985266531130433	130.2209164788790190
 479.000000	5.3146181058673871	114.1547499477260459
 480.000000	5.1514403584212163	118.1127462983709790
 481.000000	6.0117430564382826	131.1971123895694973
 482.000000	4.3696278555693979	135.0645954553237686
 483.000000	5.0566619106858903	121.3003274097115707
 484.000000	5.3579049182933911	119.4935716202940625
 485.000000	5.2799368512739058	143.0721355522059639
 486.000000	4.8262225825876328	134.0642041498780088
 487.000000	5.3825712677011017	122.9245467908812088
 488.000000	5.5076456750908207	141.3020199697994599
 489.000000	7.4649643813730666	140.0586664147268436
 490.000000	8.7026803489208131	129.9161578744607084
 491.000000	4.1908453739334872	145.9845144638460397
 492.000000	6.9952916829692553	132.0172292382827663
 493.000000	8.3612075292686026	125.9424932595335918
 494.000000	7.2355147362907770	118.9697837187430309
 495.000000	9.3253650114583042	153.3124299240804760
 496.000000	4.9273919518049816	157.7347001450847870
 497.000000	5.4277384222274652	126.9207220725598972
 498.000000	6.3217787797455189	134.8948324242558954
 499.000000	4.6636045874032943	156.8620560539379483
 500.000000	3.9684790500713558	109.1152036728537951
 501.000000	5.1814329580083820	137.5979296857296674
 502.000000	7.0255536006787782	115.7414923583787356
 503.000000	7.0572030565908070	116.5759339533450998
 504.000000	8.7057979481185885	139.8630672569567253
 505.000000	7.4445672350018333	128.0577371722547753
 506.000000	7.5768381771216449	131.3293240403627351
 507.000000	7.3896407055048021	137.5702676214281723
 508.000000	8.7672668362750752	129.9474398462760973
 509.000000	8.0913540064946190	134.5236314110853186
 510.000000	9.3343571583695635	116.2232640567056876
 511.000000	8.6549902292772956	138.7774999840756323
 512.000000	8.0847372905768840	151.6271291758463349
 513.000000	7.1928587200704168	119.6756493227991029
 514.000000	3.7822895371074439	151.3474365305739298
 515.000000	5.7277218038753315	119.6715907579496729
 516.000000	4.3967391029571985	143.9460158050162590
 517.000000	4.4549522141415254	160.0392674307658751
 518.000000	4.3131472559907973	153.2805422876663499
 519.000000	4.4895576731619160	144.1820421797175413
 520.000000	5.2128245392341528	164.3919445246510236
 521.000000	5.3510361446632233	129.8513171368052497
 522.000000	3.9985995196273127	136.7371244583505359
 523.000000	6.0478374067418201	101.1008005203353690
 524.000000	4.3563208507728186	82.9057607078285059
 525.000000	5.8997414630281764	126.0134565237398760
 526.000000	3.8902528388941588	144.5865832437968663
 527.000000	4.3593444371727168	136.1929230890774534
 528.000000	4.4648823772107571	151.9449108659252090
 529.000000	4.2274145736820046	149.3767218488544302
 530.000000	4.2869673946944058	118.1332382241361643
 531.000000	6.0614328877594374	136.9436310537425356
 532.000000	5.0036441319263929	103.0225601835194169
 533.000000	5.3119043833060902	130.7793422309058542
 534.000000	3.7712824128434499	152.4794315444897279
 535.000000	3.7667820543594623	119.6457826194532288
 536.000000	4.4913967318079333	91.9739773026126528
 537.000000	5.9956152124137612	113.8934387688208858
 538.000000	5.2248131227778600	151.4511067753877001
 539.000000	5.1017830770667496	126.2125040758673151
 540.000000	5.2194547361069219	127.0008568895570704
 541.000000	4.8294749746752430	113.2892073302458300
 542.000000	4.5889676824326013	166.7971551069397265
 543.000000	4.4005664166791121	154.2768808077402696
 544.000000	8.9819059641342029	162.1969146804723323
 545.000000	7.7248222664344226	138.9960409588285302
 546.000000	7.3896199791137196	115.5713945553322901
 547.000000	6.8173051640025495	101.0815118612548673
 548.000000	7.0127543152904490	107.0928225476064171
 549.000000	9.3589835996360762	134.0230488534127460
 550.000000	10.0540602885192492	105.2079025619837722
 551.000000	7.5316254599571559	92.8688793344809653
 552.000000	6.7695288302391887	115.3525094234634309
 553.000000	9.5265851197392557	116.5782633618757984
 554.000000	3.7732959795938643	129.7696205448109481
 555.000000	4.9238506973953999	147.4361924897834228
 556.000000	3.9223890411258147	62.8505384224906862
 557.000000	6.2491716341111214	103.0100629217588448
 558.000000	8.3765804251361988	117.9820109117864320
 559.000000	4.8264692407389873	95.9253768224710228
 560.000000	3.8384633913788773	35.4691994876174590
 561.000000	8.2431691798420026	56.9602319835126565
 562.000000	10.4362286566899645	127.6283425653719235
 563.000000	6.7813915638962188	119.3314785304885390
 564.000000	9.1227113496503396	105.4873760929035598
 565.000000	7.4662104863499943	120.9747885939423213
 566.000000	8.0619220867554606	141.8104920686919854
 567.000000	8.7832181224088721	141.5159589695663840
 568.000000	8.5817195516845679	131.9960889242411497
 569.000000	7.0815261467019850	121.2093544346609235
 570.000000	7.1936598902812321	106.3902995072305373
 571.000000	6.8482237110228965	77.8144374634219531
 572.000000	9.2742300550695056	108.7995334331206152
 573.000000	10.2546015035409326	115.1853417657445249
 574.000000	6.9527680656569144	120.5757622565902238
 575.000000	8.1898611471713405	128.6933102306844887
 576.000000	3.9418275694833524	143.2524835005771422
 577.000000	6.6053599752694101	134.3669268430925854
 578.000000	6.7361333658239806	148.8357095483076762
 579.000000	4.4699755329758109	141.6712639472886792
 580.000000	4.9267833668980421	117.7650881046470204
 581.000000	5.2303807871723444	150.5585731025097118
 582.000000	6.5384609605072459	113.2951370774722761
 583.000000	3.9382152616032018	129.2512108800799240
 584.000000	5.6305359464292222	106.3637355833403291
 585.000000	4.7381254792112912	124.2417305806435195
 586.000000	5.6903206153818813	128.1972546259958108
 587.000000	5.1177892416497475	140.6095847953720863
 588.000000	4.9856628543295454	114.9175673089307566
 589.000000	6.1496572818872171	120.3685214186777870
 590.000000	6.0074360859520475	161.3428594279729680
 591.000000	4.1098090021368128	107.5056502369528317
 592.000000	5.7858627211996794	130.6976506417489645
 593.000000	5.0318509744042368	154.1831667353347655
 594.000000	5.6524033017766655	150.8218517179819571
 595.000000	7.1633604707197289	130.7109148656414845
 596.000000	7.1458965538334862	102.7910364905728215
 597.000000	4.4489411273014365	137.9435941131693255
 598.000000	4.4586910710850063	140.4116680437760181
 599.000000	4.8525098270492641	80.9062767102289797
 600.000000	5.6181822174404692	125.1168917632006412
 601.000000	3.8533978517283360	109.9474516218969171
 602.000000	3.3467950940002753	107.7858766855937773
 603.000000	7.1597021895682769	109.8186744583174175
 604.000000	5.1745740881129842	36.7379540597611083
 605.000000	3.2632431205126222	80.6251765277459782
 606.000000	7.1319083454484593	108.0622605054377061
 607.000000	7.1259963168998439	102.6473455081202104
 608.000000	4.3338683779844702	145.5540386109589690
 609.000000	5.0487054182930526	127.5835375380770245
 610.000000	4.0588083087131750	98.7138162299138031
 611.000000	4.8570404807741641	120.6875550212131714
 612.000000	5.2245108688774975	136.4816454158946613
 613.000000	5.2528427056965858	112.7081983142371371
 614.000000	4.4164762246265932	113.8335614509253446
 615.000000	6.3175669960596874	114.2660950309175263
 616.000000	5.0232347131050386	114.7567756973328699
 617.000000	5.2349876859601370	141.7173135625015163
 618.000000	4.1207460680596952	146.7245828694307193
 619.000000	5.3541872216861170	143.2055075115426064
 620.000000	6.3793396834012013	123.2725914510816096
 621.000000	4.8518087290197052	154.4306950707176895
 622.000000	6.0617596305375452	132.3412432840690940
 623.000000	7.4354474773234278	124.2784563070246691
 624.000000	7.1251368019593837	151.4125729971896703
 625.000000	6.7474793106510997	145.5510569913666359
 626.000000	4.1677668619799313	135.0881776969891064
 627.000000	4.9440436130077563	153.9958613487856383
 628.000000	4.3133014181182947	148.6118914108295712
 629.000000	4.7206878307801059	146.8946120256003951
 630.000000	4.1674319087585276	94.3706701446720331
 631.000000	4.7634551884256089	107.3974408070859283
 632.000000	5.9318407530299924	112.8140214288396237
 633.000000	4.4658354225830337	149.3370158068230467
 634.000000	5.3272392927674863	146.2051954286698390
 635.000000	5.7566169705780847	109.5957137901443019
 636.000000	3.7773572841879979	116.2833223061509500
 637.000000	5.4038233225095151	137.9233108283603713
 638.000000	4.8135949277822432	150.8614152573885860
 639.000000	4.7347480433410674	155.8945065751251491
 640.000000	3.8335657298471273	129.9481190363577525
 641.000000	4.5523193292913984	134.9370680339404771
 642.000000	4.7255391581018564	154.9313574620359759
 643.000000	5.0427222099346967	146.9053396068723032
 644.000000	4.2495811009988529	126.3162010821470460
 645.000000	4.5458789740341459	155.0527510030227347
 646.000000	8.8026011010018674	114.3413898856160955
 647.000000	8.3023566285330563	121.8614885377896968
 648.000000	9.4106827115419591	168.4180776564994346
 649.000000	7.5637958531751099	106.3336321539602949
 650.000000	9.0355746722236905	118.9562695235904357
 651.000000	8.9667696483343242	101.1567557581839765
 652.000000	7.0895611741490896	46.0996778225164974
 653.000000	8.6325018287578850	115.3675986373785634
 654.000000	10.3819829582823360	108.4917196731923497
 655.000000	7.5629247675462388	22.1432978500772322
 656.000000	4.3240306459349425	58.7864028183363416
 657.000000	4.0865007362050232	48.9266551449176177
 658.000000	5.0033962199297317	140.8210198304554410
 659.000000	4.2176951400069926	39.0320427088890938
 660.000000	8.0945040127770866	37.6673773684787818
 661.000000	5.7418232354610517	140.3572367720758507
 662.000000	4.0442892214474808	35.8803306911056268
 663.000000	5.9072499128404123	105.8721286601949600
 664.000000	5.3549196773712051	129.2696946599406829
 665.000000	4.8951051582710399	50.4452595501378767
 666.000000	4.5966613171007751	12.7370694564994267
 667.000000	5.1755079550448357	142.4894390018076251
 668.000000	7.2183752933096139	104.2451545250005580
 669.000000	4.7747057595086693	118.4950459570070791
 670.000000	4.5756195559448800	66.1485418304408057
 671.000000	8.1765979800502464	17.4721156455244397
 672.000000	9.7141490179213363	75.9519320884824651
 673.000000	10.6106147944369056	121.9474589376845302
 674.000000	9.4474355614637577	135.1604939518942956
 675.000000	7.5797730715213731	72.4408962133763339
 676.000000	9.9986979070374815	137.2458484869266044
 677.000000	7.5933946711469469	52.5458112882148356
 678.000000	10.4298705539087422	122.0280142637767256
 679.000000	8.1406024361830216	104.2434450935547829
 680.000000	10.7611508285656043	133.3927220663335902
 681.000000	7.1950966244685999	107.3061997147504343
 682.000000	10.1391386078068031	118.2165794495171696
 683.000000	7.6210609502006967	116.4020601091320231
 684.000000	7.4242228986343353	124.8057876440646794
 685.000000	6.9191757500133768	114.7062659724658573
 686.000000	5.8366396387736987	67.7862259512344281
 687.000000	3.9644494716397989	124.4333864417217512
 688.000000	4.4590761848708000	80.9827675942399594
 689.000000	5.1008689097774180	128.9668011294557743
 690.000000	4.2694596297274749	135.2785015314038901
 691.000000	7.8603377649396666	129.5083925102922251
 692.000000	9.2836523629942036	115.9286549925800642
 693.000000	8.0134787485586028	128.0062946564584365
 694.000000	5.3873292958931138	37.2797493885554445
 695.000000	4.4644865160788250	65.0792908999561064
 696.000000	8.9124139294080820	112.1501327785350952
 697.000000	12.1860042847182513	92.8185682307814233
 698.000000	5.5474045404159735	67.3216716494597307
 699.000000	7.1384010393394615	84.4254621713798343
 700.000000	4.6412684587205915	29.5725209178208104
 701.000000	9.9720679113232631	85.9130487232232127
 702.000000	6.7331702380096647	83.4996451051670903
 703.000000	10.1483260087577456	114.1807734834294905
 704.000000	10.8349928525914887	124.1959797500761908
 705.000000	10.7258868958123141	135.8954041908826014
 706.000000	8.8300440837229441	75.6594308906465614
 707.000000	6.8177582606522886	107.8369790901111145
 708.000000	9.5246487601334291	108.7811356132636860
 709.000000	9.8175830609645747	108.3908368131542233
 710.000000	5.5668493578943128	161.1489286621009001
 711.000000	5.1933199274913253	138.2157274533211648
 712.000000	5.3725964065566938	119.2429681070220511
 713.000000	4.1350017650499096	102.9813647874326392
 714.000000	4.0184033334291804	142.0146615479998218
 715.000000	4.0040102333552188	86.0855931202535487
 716.000000	4.1280355766540424	104.5684206038162785
 717.000000	4.2904870665175814	95.7914689435226165
 718.000000	4.2654941347945874	101.4793295589003179
 719.000000	4.6491427829524801	55.2414305985768124
 720.000000	5.4066808878146650	114.9142109647939947
 721.000000	6.2973819322098938	131.1801097127159892
 722.000000	3.8387010460511219	95.6221511889650913
 723.000000	4.0417546432374358	93.0233459436931298
 724.000000	5.0822335863308759	146.7434703572980936
 725.000000	4.8356509999714348	169.4714476572442550
 726.000000	5.2059195955014799	141.1958189023794716
 727.000000	3.1516397424785438	97.0344344975229234
 728.000000	4.1714684683059868	133.5069957259205466
 729.000000	3.2843320768916056	100.4649319743081151
 730.000000	5.4762054008587260	102.9995650275605357
 731.000000	8.9498466987149943	133.6795095114041487
 732.000000	8.5735618923316874	128.4882335353572103
 733.000000	8.0803830738080258	118.9425707265731091
 734.000000	7.2235170146164895	94.2961021438206899
 735.000000	7.4751480965518287	127.8466487998628764
 736.000000	6.7046941254426038	113.1705154023800333
 737.000000	9.0236194827514584	139.4925810877142283
 738.000000	6.8916661774396655	112.7873524095969344
 739.000000	8.8980844954530891	141.9797905658856223
 740.000000	7.9576011957236723	123.2276806122758899
 741.000000	9.6977498969959424	110.7595056027056870
 742.000000	8.9657617837472170	113.3855685633796639
 743.000000	6.9485671068149504	88.1903574586670658
 744.000000	7.4889529471380856	82.5994710184036904
 745.000000	6.6156842647933400	102.6120308221841526
 746.000000	4.7068535882333640	60.8920839414849695
 747.000000	5.7955999537333982	71.2065579274678981
 748.000000	8.8494863973289348	72.8829347260308538
 749.000000	7.1847629378308318	111.0857009616981799
 750.000000	7.1400265159515302	124.4894966694357379
 751.000000	7.8459626738290122	113.6660468818266452
 752.000000	7.3862719866986621	119.8248843008382352
 753.000000	7.5953014827389804	97.1690971376659434
 754.000000	8.1538907133855112	124.3993153491238530
 755.000000	7.9743646054997130	118.5147834222722452
 756.000000	3.7910740958313869	107.4274792997633341
 757.000000	4.2864504784155590	89.2531677251890301
 758.000000	5.6276049338977439	119.4553044833344302
 759.000000	5.0143195840882671	130.5326287805523862
 760.000000	4.4644182763632179	141.7083052841776123
 761.000000	3.8478704450064556	91.2763536072958743
 762.000000	4.4532580063103291	97.8431853964731459
 763.000000	6.4796512063292759	89.3436680054898176
 764.000000	5.9765551265801040	134.4812425601080008
 765.000000	4.4869924178259879	131.4015208894207376
 766.000000	3.8051230817353452	141.1380210179449080
 767.000000	5.1362466671539853	141.3403357388928896
 768.000000	9.1915357844793579	116.4374894253346895
 769.000000	8.7589174353198356	137.7663465805929945
 770.000000	7.6735141311662902	120.5664109722407034
 771.000000	6.1777816588482004	97.1089291908149050
 772.000000	6.8459268026302071	113.0534563935709258
 773.000000	8.1569423722663466	117.4983852839771714
 774.000000	3.7459960727652502	134.2274045008853705
 775.000000	4.6068030058257543	154.9046194252573514
 776.000000	5.5231697525595793	145.2313991924189338
 777.000000	5.4719766072026683	121.5234080033488624
 778.000000	3.6407056325064566	106.8344012515642447
 779.000000	3.8008102398788752	92.4148466349111146
 780.000000	3.6364789700173845	84.9440647963027260
 781.000000	6.5342398303987590	112.9755579865298358
 782.000000	5.2941987626933740	123.3356022297350449
 783.000000	5.1964648159803017	106.9341042973158693
 784.000000	4.0765808391875211	135.8728560723575640
 785.000000	6.2654696713951372	120.1680123447779778
 786.000000	6.1419141629350342	166.9015495255582664
 787.000000	4.6528087688943440	138.3694083080717689
 788.000000	5.0506295493789564	140.1351338181188453
 789.000000	5.8762269333093267	130.6272179604545158
 790.000000	4.4290506024655834	127.1876523535595851
 791.000000	4.7476374993301667	106.2604579124437407
 792.000000	3.3753543144714855	96.7812929398438513
 793.000000	3.6315590123136272	89.5503917265082379
 794.000000	7.0561748011760850	102.9252011292253997
 795.000000	3.8122618653737068	142.5667141536696079
 796.000000	4.8931682367661313	116.7560385230050883
 797.000000	5.1127700186237046	117.8360639271209465
 798.000000	5.2165134065820311	104.7193897622510690
 799.000000	4.3115921634787000	122.8583937316827530
 800.000000	4.6777769006912786	144.3886946479827031
 801.000000	5.6340200352665724	127.0993537161765516
 802.000000	5.8884864700025474	153.7373043150835770
 803.000000	6.3987991298329776	109.1300730743169396
 804.000000	4.4543633189668768	137.8237697005544362
 805.000000	4.1434997201728336	92.6229099076859796
 806.000000	4.9746545819050230	107.3858622013928681
 807.000000	3.7368217083984234	129.9755448440643022
 808.000000	4.0118586003599468	95.4905975380455629
 809.000000	5.4562765293764839	129.9950711558251157
 810.000000	4.3745693793978768	129.3503479645656569
 811.000000	6.4691034193106036	126.0172528582471330
 812.000000	3.8809701224991597	136.9892621722721060
 813.000000	5.4779204170653957	141.4795055217744846
 814.000000	4.4928385050488151	129.8544371909596578
 815.000000	4.3701813199414534	160.1202765897006941
 816.000000	8.1110164711254136	140.6177418227747182
 817.000000	9.2381336046788185	137.4045346016160067
 818.000000	9.9064386042781987	121.9398006473124525
 819.000000	8.6371656685723295	109.4711122485826991
 820.000000	8.5382321174533455	104.8988778414976224
 821.000000	10.3355640731438534	127.1833828207118984
 822.000000	8.7756633490096885	122.0269988890325550
 823.000000	8.7602609154034212	125.7019589902882473
 824.000000	8.6808626319378703	96.5253183037567339
 825.000000	9.4839843875598238	118.8468872756746322
 826.000000	4.5345490795075705	100.9786715471115883
 827.000000	4.4212308019571225	132.6317823124803112
 828.000000	4.3003436905434045	96.2420849971918244
 829.000000	5.9072635119333849	97.1127470725435984
 830.000000	7.0048460255143450	91.7403416835070971
 831.000000	7.6837259654171319	128.1762206859349362
 832.000000	8.8634829340299746	70.9529107881700440
 833.000000	6.6528408698728123	125.9376658698797087
 834.000000	8.8167223927720038	105.0835593044432414
 835.000000	8.2899666255996891	108.2328560408506348
 836.000000	9.3848049604039687	112.6213172933396152
 837.000000	8.2739385061463953	106.0460670073725282
 838.000000	5.4880261069342664	116.1424751106332565
 839.000000	8.0325428886852226	134.2948668949819080
 840.000000	3.8393157140924146	71.5354298189795372
 841.000000	7.4539400629188739	100.7005723223000331
 842.000000	7.1552311063499801	95.6300811496785599
 843.000000	6.2026407084293460	110.2216352035141398
 844.000000	4.0261245473921052	127.4042331394185794
 845.000000	3.7375457486039525	136.6974366718780800
 846.000000	5.5837210956819421	133.1607847816484878
 847.000000	3.8790782598491989	124.5852518898553569
 848.000000	3.7717172710800186	134.0358689983922602
 849.000000	5.5091427516263103	107.3596164094310410
 850.000000	3.8340023041084801	132.8321310812209788
 851.000000	4.4361173159277349	137.6336073130952116
 852.000000	4.9498851023914305	138.3214623745794256
 853.000000	4.3979052317903147	145.7407820089548807
 854.000000	5.2850409907476523	163.7960795587602831
 855.000000	4.0257048709980747	146.6126540648054970
 856.000000	5.3284712557239331	118.2531681572650371
 857.000000	3.4587745799968266	133.8844469474269658
 858.000000	3.4175636758876955	120.8541243956337325
 859.000000	5.5251504515932570	111.6762733800369460
 860.000000	3.4522164820440771	108.9222480669797619
 861.000000	7.0392627882521994	120.0808471676913598
 862.000000	4.5832382979140629	129.3705191261288405
 863.000000	4.5218072771791240	132.2384425647948092
 864.000000	7.0696662058975512	129.0258208498444503
 865.000000	4.9662014886119836	99.5347124023212473
 866.000000	6.1302320671872161	113.8761829082689587
 867.000000	5.1092103969792122	122.2236293527715532
 868.000000	6.5558554932553053	111.1129421854912493
 869.000000	5.1056629250495229	119.9650918556976933
 870.000000	10.1605135140449008	119.6410603218624260
 871.000000	8.4457951901624551	133.9868778231896727
 872.000000	4.4015621655999881	130.1710822897796049
 873.000000	4.8529022691023451	65.4571307079845894
 874.000000	3.8270610131976883	52.0829315555161969
 875.000000	4.7463036647923902	114.1021885539371681
 876.000000	4.0452781708602323	68.3245023221512042
 877.000000	3.5531809693881029	144.1018860252177092
 878.000000	5.2553230263358213	119.6954006421021859
 879.000000	4.8691909247761052	119.1107839443232734
 880.000000	5.7208886227584186	131.8006433932469861
 881.000000	3.8018852039648765	124.3315300644211874
 882.000000	7.0735211404882259	115.4540060886305355
 883.000000	3.4719885260955454	123.8846756924089476
 884.000000	3.6193962652127669	108.8069028065674928
 885.000000	6.5737646435844796	135.3757855165485466
 886.000000	6.8722925276676019	130.8095133419583362
 887.000000	3.8786085556304326	100.9104621414967795
 888.000000	5.9612678270855435	104.3348973421770154
 889.000000	7.7618639473482158	125.1268324447631812
 890.000000	3.9904678880671298	154.3779708279222120
 891.000000	5.9562594283964154	121.7495423381673731
 892.000000	3.9505156030458770	70.1898863083305145
 893.000000	6.3289850819805737	98.7017248960409148
 894.000000	6.7407431101551296	91.1188808172780966
 895.000000	8.1810550287025396	77.5520348898645153
 896.000000	9.5965430749476131	130.9388162249311449
 897.000000	3.9922388526511341	101.6996754082330909
 898.000000	5.0028426813170590	142.8137658782867447
 899.000000	3.6955267870064787	140.6627664098200512
 900.000000	3.7286453479151338	92.1017833071126262
 901.000000	4.3173388521573965	95.4202155710775202
 902.000000	5.6935162347987847	130.0086169743414928
 903.000000	5.9951387379409926	122.3113270398306724
 904.000000	5.5120303391832417	131.5744948032334776
 905.000000	3.3049103791005416	99.9287237821223044
 906.000000	4.3984416667207507	87.4850525387701197
 907.000000	4.3569963582885221	121.0437825861522754
 908.000000	6.3649916347339168	169.4934367001968667
 909.000000	6.8157586468498410	121.1185367958148333
 910.000000	6.2038972803637700	80.6781548909575150
 911.000000	3.5880741258068993	106.3043769538299586
 912.000000	4.1896956325986032	133.2743849313671376
 913.000000	4.9880188979106856	82.4815955789771351
 914.000000	6.0333102720339076	121.8639547358702373
 915.000000	6.5823238913007822	28.9949575580463659
 916.000000	10.0081538631939200	122.8050633065357005
 917.000000	9.2888001216983493	109.8832310099679574
 918.000000	8.2778640867103963	127.8161409629656475
 919.000000	8.8258265900525963	135.6602327697403894
 920.000000	4.0802179170117023	140.5462974270934922
 921.000000	6.7983449349645229	78.1798593315485704
 922.000000	6.0474244574241327	91.6757797100837308
 923.000000	7.7106707353972803	95.5002871245641103
 924.000000	7.7670103011849996	119.6496365051758204
 925.000000	4.4152326427798974	96.7319419579323068
 926.000000	3.2483817781832194	93.2730231792399849
 927.000000	4.6345552376327115	32.0718977167195760
 928.000000	4.1831871299902392	60.3950591090449791
 929.000000	4.9123104195022513	133.0076347102605894
 930.000000	3.9476440754440665	105.7400366101453955
 931.000000	4.0000057347419720	70.2117294429177292
 932.000000	4.8522489659551828	76.3942055525116643
 933.000000	3.5220800883890613	65.1324132564679701
 934.000000	5.9006263717028800	112.2968013945423280
 935.000000	6.3430861572618680	120.7281951895311067
 936.000000	8.1371491355045542	104.9875555639683000
 937.000000	6.0284509860687940	107.3343405361565459
 938.000000	5.3518685555364902	139.1123780478248761
 939.000000	13.2799387688906023	164.4258468528033745
 940.000000	7.2295742653704336	87.1234629375479130
 941.000000	8.5677404985977681	125.8484498682078652
 942.000000	7.9704549057647434	109.1827820591823297
 943.000000	7.0915748612243794	103.1226187675235053
 944.000000	6.5557785801746453	97.3770309268128500
 945.000000	8.6875841212048233	74.2164769031243736
 946.000000	9.7485806718783152	145.9606240347254982
 947.000000	7.6605585727096654	133.0239091191932346
 948.000000	6.0005937202824198	127.7948280031617116
 949.000000	6.5915986049603736	84.5087912377436083
 950.000000	8.3166206785412129	121.2686177121956490
 951.000000	8.4092388048123308	140.8384539271265794
 952.000000	7.4273825489041823	128.5336831242979088
 953.000000	4.8364196791138285	136.6352097317364951
 954.000000	5.0370616741323708	86.5543782860217448
 955.000000	5.1147377967390204	127.8428067463281081
 956.000000	7.7790941466964467	108.1333914576516833
 957.000000	8.6957236412549097	99.4325028968586793
 958.000000	5.1099277477587295	113.9617875759334993
 959.000000	3.7922433766588486	80.1553523826181475
 960.000000	6.7211899100133046	129.8813323764212839
 961.000000	7.1133939370200734	98.0206259815739287
 962.000000	6.5152165260439387	98.0975422864486148
 963.000000	7.4332822863907682	115.2622121591181923
 964.000000	4.2585637962100709	76.0018285026183946
 965.000000	7.6754406770285870	72.9395357197129357
 966.000000	11.4914009374865174	100.7224246082161585
 967.000000	7.3661772615936139	95.2526466256397129
 968.000000	4.1084579966310297	90.5335605422175007
 969.000000	6.9538642682235592	66.2633768637666805
 970.000000	3.9550363428104860	125.3300825246470254
 971.000000	5.3072182864903041	120.8678528031628332
 972.000000	5.2732317411146132	94.9587620391769605
 973.000000	4.8167906148778155	94.2442649449612446
 974.000000	6.6293614698683685	135.1195085254633739
 975.000000	4.0290795864655768	124.9633569465761127
 976.000000	7.2220268758912489	87.1722953838668531
 977.000000	6.4629984558752351	97.7057474817074194
 978.000000	7.4360091083571946	94.2940738042882600
 979.000000	8.2169068273759152	116.1006868460272017
 980.000000	6.0518799961228797	70.9105214248411500
 981.000000	8.5146317629328330	130.9173838989068770
 982.000000	8.1699734171767329	128.9353936379015693
 983.000000	7.1641352877137843	113.1237290060620637
 984.000000	6.9161617996197098	84.2700099019656221
 985.000000	7.0724334705349161	127.2913519782266007
 986.000000	5.4107835717672685	80.8922148008673219
 987.000000	7.6569904203428809	115.7143741802836132
 988.000000	7.8356796791188374	115.5219051970189668
 989.000000	10.0816614058930156	103.2100438252006995
 990.000000	6.8056658697634900	120.8621135494168612
 991.000000	4.8319158335356995	107.2614572653964302
 992.000000	3.1256507208590332	104.5685418442858889
 993.000000	4.8883008136177013	114.8621475729965908
 994.000000	5.5530713036618398	122.5682912055561502
 995.000000	5.0486353103585682	119.4604716887816238
 996.000000	5.0852487485965376	111.1834177574385336
 997.000000	4.7746801215315235	150.9417752079117747
 998.000000	6.4133208936791783	128.2556700330764556
 999.000000	9.7816033762774559	119.8686517027200011
 1000.000000	6.5752673639170185	102.0408921068826515
 1001.000000	7.3630743491342407	100.2680503266169012
 1002.000000	3.8638116566830876	53.2133872176832483
 1003.000000	5.4561441164467270	81.3117286365011154
 1004.000000	4.8280400574141336	133.7915375283510002
 1005.000000	5.0715710217193539	149.4807310940291529
 1006.000000	6.2083684777296400	124.2252054803581984
 1007.000000	4.4711697557757617	124.6173439461614976
 1008.000000	5.1136710362941038	88.8875876897820234
 1009.000000	5.5825229661523252	136.0294217757093236
 1010.000000	5.9886288849842808	121.8900584248765995
 1011.000000	5.1493549736967541	67.5951994044658591
 1012.000000	4.8816736490143171	128.0091398215825222
 1013.000000	5.3427973491340186	133.4404164641555042
 1014.000000	4.1725348243737947	155.5703077298345818
 1015.000000	3.6552778713889809	135.4792424461098790
 1016.000000	7.3039885484740497	108.4079359272426046
 1017.000000	4.1757708111136891	93.6254198838963845
 1018.000000	6.3965439050965633	128.2129685955453340
 1019.000000	4.6872898653414774	119.0796965244949490
 1020.000000	4.2619280530461685	77.2639148883089462
 1021.000000	4.4119500685623390	144.9803026930044894
 1022.000000	5.0694879486894520	109.5471457913045583
 1023.000000	8.3056854607260640	98.8882764466543165
 1024.000000	4.4707742791722627	122.1061598089375622
 1025.000000	6.2567443677750987	111.2325114023154526
 1026.000000	3.5904483889513674	131.1968074056093769
 1027.000000	9.3940665725672723	140.4057422609455728
 1028.000000	3.3705397302245714	111.2752386966059106
 1029.000000	5.3335602453203963	143.1372577319958168
 1030.000000	5.4944419262459006	121.0899298071090868
 1031.000000	4.7705584846514020	114.2283850433636303
 1032.000000	3.7408094021624989	66.3542693525979672
 1033.000000	3.6912157936357657	138.4524971731142671
 1034.000000	3.4191090241600515	110.2386257968514371
 1035.000000	7.0425767156452910	118.5203245538430110
 1036.000000	7.7068300846841353	110.7796525569238923
 1037.000000	9.4756246326970235	136.4295019511692431
 1038.000000	9.7506306346157849	117.1361904779505068
 1039.000000	8.6551810264352014	143.9402623703832660
 1040.000000	9.1382578694452015	123.3876750288393680
 1041.000000	5.5004077671278759	102.2928004722715798
 1042.000000	6.9606773800315658	97.3036531824535018
 1043.000000	4.5872785986139277	68.6921473870405350
 1044.000000	3.3711800105465439	74.0914554921375696
 1045.000000	8.6453474118310520	64.1014339051433240
 1046.000000	6.0295239713589606	54.7557261342449095
 1047.000000	10.4010614207415006	90.0076305668707448
 1048.000000	3.8766220079377387	74.7302997447941948
 1049.000000	8.4943075467003677	127.4938767535921045
 1050.000000	6.9054438741097082	80.0463254339333758
 1051.000000	4.2464815826421152	147.1346816022499695
 1052.000000	6.2323588933587439	133.5756918005576210
 1053.000000	6.3248949829549410	129.4983299228895817
 1054.000000	3.6996609276712169	109.2883619386455933
 1055.000000	5.7094604228155639	74.4560258240217649
 1056.000000	6.7614687445971615	110.2368395656413611
 1057.000000	6.3232136769473568	107.1630066934789767
 1058.000000	4.2417637909940744	91.9986111863166087
 1059.000000	5.1092417223539801	135.0948157316446157
 1060.000000	4.1121945924282972	129.0807874727847206
 1061.000000	5.7273411292261827	136.1634112799715126
 1062.000000	4.6311632235547400	140.8520998229514873
 1063.000000	4.8809314364735101	115.7966051475723077
 1064.000000	4.2743126858508447	154.8958835219806645
 1065.000000	7.0231676974992965	124.0066211536925067
 1066.000000	7.2791038744353029	107.5767058774458604
 1067.000000	8.3047757869239494	134.2832349300195176
 1068.000000	6.5125454002522041	101.7557845942857995
 1069.000000	7.7177534013916000	113.0607171545422887
 1070.000000	8.7492042411475204	141.9133955298855199
 1071.000000	6.5350305696933653	108.0826888949973892
 1072.000000	6.0364480647336185	117.2744117117306359
 1073.000000	4.7140112954138367	132.3633171035770602
 1074.000000	6.2465285994284985	143.4458538706981869
 1075.000000	5.5654641547576622	75.0927377988169695
 1076.000000	3.9575793563534565	147.3813598650588688
 1077.000000	7.6474950281625436	126.9927124334556225
 1078.000000	8.9732097293670847	118.8686093294043360
 1079.000000	8.1361871135510615	129.9751784692290357
 1080.000000	7.8906230417165393	121.5825993838032844
 1081.000000	7.1868032595231970	104.7645392973384162
 1082.000000	5.0790968063947233	135.4481416883894838
 1083.000000	6.1232318141720441	136.5394633935800641
 1084.000000	5.1585449242162911	132.1913507378614554
 1085.000000	4.8733832716598684	147.3623896684265446
 1086.000000	4.9302859413763738	156.3404120445890157
 1087.000000	4.9621009984379674	144.7881510823712290
 1088.000000	3.6479610136881306	148.3930547798856310
 1089.000000	5.8349591983213109	131.8014992226198956
 1090.000000	5.3795723530922794	115.4984793535006276
 1091.000000	5.3981001294104436	113.7224625592828602
 1092.000000	4.7577116714023076	106.3812360172237845
 1093.000000	4.8776911123854214	146.0386783003954179
 1094.000000	5.4421505260459950	144.1078271476843611
 1095.000000	4.2119594741437947	27.0342117508108970
 1096.000000	8.8427207004683126	130.9757644675377719
 1097.000000	3.6438581312957177	141.1364899738282190
 1098.000000	5.4642608656096856	133.8017404842738358
 1099.000000	4.8061080228132145	143.7543548863746992
 1100.000000	3.8723021779252269	117.0513037094887920
 1101.000000	3.9008875365653242	105.3968210812505220
 1102.000000	3.4309938565224005	91.9232128292206880
 1103.000000	3.9792327971204697	129.9628572540343328
 1104.000000	4.7808733126885343	128.8995165140196093
 1105.000000	6.6489321994931183	120.7067226836371958
 1106.000000	4.7504613820932127	125.1996848454971882
 1107.000000	5.9122502455057067	125.9158137922546530
 1108.000000	6.0016528476361257	119.0441621431978376
 1109.000000	5.1389753591221208	117.7813364595441925
 1110.000000	3.3225721067519696	122.5771408634862780
 1111.000000	5.1062463942523726	123.2224290984016903
 1112.000000	7.0609863933541837	117.7285286707167415
 1113.000000	4.8602069783225241	58.2485362233209969
 1114.000000	6.0745580380342439	77.4282425694454872
 1115.000000	6.2100873669045695	135.4984755692454428
 1116.000000	4.4127971639188059	126.1282560752198521
 1117.000000	6.2367359459028835	131.8673654510886024
 1118.000000	4.4567722382974226	94.7543386945052077
 1119.000000	5.9763161810481193	121.9186237060462474
 1120.000000	4.8100560660402225	92.3809727998867629
 1121.000000	5.8577076269189092	124.0261899893165776
 1122.000000	3.7226977519432736	149.0111695636021807
 1123.000000	9.8538343390407928	142.8568477637251135
 1124.000000	10.8146868093625788	138.5720790968472897
 1125.000000	8.5758729810202841	112.1934881941235318
 1126.000000	3.8050812281848470	115.2377520483690887
 1127.000000	5.4341100983136430	133.5925036818285889
 1128.000000	9.1755862854215700	67.7733361379001877
 1129.000000	7.4242848502187915	115.6120971530622654
 1130.000000	7.4043131658028267	100.9527488896910228
 1131.000000	9.8916919909589822	125.3664248602688076
 1132.000000	7.0984048671134827	116.7733048120071260
 1133.000000	9.8089021822883709	109.6860249346887173
 1134.000000	7.4600335495495260	111.9360083482873307
 1135.000000	4.4582774005836390	100.3008542070246705
 1136.000000	7.0378565787671841	96.9552688608344369
 1137.000000	4.9105919251048977	72.3727243134215712
 1138.000000	4.1091803881892774	50.0583431978018041
 1139.000000	4.5101193242785413	129.1476575522080736
 1140.000000	9.2558352783803404	114.4839957516818743
 1141.000000	9.1315340288437969	117.7585432770710980
 1142.000000	6.7071369346783998	83.0516322935168603
 1143.000000	7.1404629501880619	99.1087887692161473
 1144.000000	3.6373156746488138	97.1071343829716653
 1145.000000	3.7580846135585131	107.9740052277959137
 1146.000000	3.7911875635756025	83.4733301660585596
 1147.000000	5.0758884828925632	93.2603022554271632
 1148.000000	5.0178422475247171	110.0152790905839595
 1149.000000	5.7265781856700295	124.1517332779189928
 1150.000000	6.8578390084648859	103.3863064184190677
 1151.000000	4.4300202530234110	107.9353597891350631
 1152.000000	6.2091600966774552	118.0310642830922774
 1153.000000	8.4132277719203596	139.6062669930240645
 1154.000000	5.8068421406725292	123.2235556805096621
 1155.000000	9.0267230499097284	127.6729035235808425
 1156.000000	4.5690132313029217	29.1242379081872400
 1157.000000	6.4182875694749546	118.5739961877317228
 1158.000000	5.3106780975615120	134.9904875639861359
 1159.000000	3.7910172561370068	137.6433898112791496
 1160.000000	4.1781189364671496	80.4579442643492229
 1161.000000	5.7618161279349760	132.1018888738098269
 1162.000000	4.2511175520723921	99.5260261026462558
 1163.000000	4.9133797861488739	131.2204481847547584
 1164.000000	3.2916083822521967	117.9992623952191337
 1165.000000	8.7182986603497170	100.3146158313284246
 1166.000000	9.2330149609447840	102.5805973881435591
 1167.000000	6.3673136697385804	123.9853797136991034
 1168.000000	7.8796256825119242	133.0383314651631679
 1169.000000	5.6127738772182330	129.2715887964267267
 1170.000000	4.3521228980454012	75.5053169058475788
 1171.000000	6.7362484463243701	123.9144398848045086
 1172.000000	5.4111621154600211	104.9822449263772626
 1173.000000	3.6009416800057243	134.0435925012095879
 1174.000000	4.9190685496912074	131.0445254928692407
 1175.000000	5.9670737021571307	139.6240149936934927
 1176.000000	5.5773067068681481	114.8017178795095390
 1177.000000	8.3144036367559657	126.7532647280362568
 1178.000000	4.3714679448879910	127.5491174637146798
 1179.000000	8.3766159430830811	128.9510683217760345
 1180.000000	5.5799868757591877	123.0986718958274082
 1181.000000	9.5201530505410332	113.4220771929290521
 1182.000000	9.6581914749562809	121.6212382631081539
 1183.000000	8.8199072987232885	132.3163163800843165
 1184.000000	9.7585173722866401	115.6996901013187937
 1185.000000	9.0514099346232761	135.6292987129666017
 1186.000000	8.1282919949965233	135.1652006301056019
 1187.000000	8.0754782924928907	124.5938130404741457
 1188.000000	8.0668632452967461	129.0062476371296327
 1189.000000	5.8871565231244869	130.1105423077996193
 1190.000000	9.4397716697156646	101.7322656510317529
 1191.000000	4.3439424307457362	110.5974219729468189
 1192.000000	7.0223837817832075	114.0342371097435858
 1193.000000	6.6738592087149762	132.0447263947258989
 1194.000000	5.2765178648487314	134.9707544232163912
 1195.000000	7.1836868721717622	134.4688708563716091
 1196.000000	6.1405918980209275	142.2831509863688666
 1197.000000	4.1667005588737220	143.0203625591599916
 1198.000000	5.7027949739816322	130.9899128174041607
 1199.000000	4.1734836123666819	109.4393465581421054
 1200.000000	6.4285415771812460	115.9121116048097946
 1201.000000	6.5099415106165299	125.2304404934038189
 1202.000000	5.9834323606603483	90.3381446034363620
 1203.000000	8.9182697861009128	114.1275248405723488
 1204.000000	5.7440090502506642	69.5649771135147432
 1205.000000	7.8511839772608525	119.4155456852192145
 1206.000000	9.3398320777763466	109.8551052381774298
 1207.000000	3.9254186736512966	57.4272113799745654
 1208.000000	3.2357904925018954	142.0455090308193178
 1209.000000	3.9149098101882749	145.4059072102007804
 1210.000000	5.8332550087640600	114.6078365309628708
 1211.000000	4.0181179068364834	151.8011847803378203
 1212.000000	4.6685873980143908	155.1355527351927606
 1213.000000	5.4476101881237939	95.9555780458387488
 1214.000000	4.3097032290651782	122.3413435914860941
 1215.000000	4.8608398868342642	156.8953588712546718
 1216.000000	5.7814101538286078	140.2822237793023987
 1217.000000	4.3096709397231372	97.1655171404753446
 1218.000000	5.1270594590877394	119.4433270573355514
 1219.000000	4.6326892954216197	87.7923789191894741
 1220.000000	6.3678045815649185	127.1066421745636603
 1221.000000	5.2359329835297581	136.2964631640553534
 1222.000000	5.6234515180225122	80.3290784911828837
 1223.000000	5.0342244297362591	106.1114922915489274
 1224.000000	3.8755887152704362	67.7541483332589962
 1225.000000	4.8600545441911658	135.8215663294046749
 1226.000000	4.7294832307072285	110.8340027592337123
 1227.000000	4.3215257560993310	154.9870048721306262
 1228.000000	7.8403213273705097	125.7020451759860578
 1229.000000	9.4531422154178468	131.3174352793377579
 1230.000000	7.7041166525971150	118.7773868551765304
 1231.000000	4.4235735458258176	100.0090815391818921
 1232.000000	3.5860999828607460	133.4738858764462179
 1233.000000	4.1514613542697685	135.4746469163548284
 1234.000000	5.5972769590820066	126.1151089077826555
 1235.000000	5.1549696778082312	117.9857350946991232
 1236.000000	4.4714693501855729	116.0926657714717862
 1237.000000	4.0476225889943809	147.6303899007035625
 1238.000000	4.9331397821217848	148.6954042479383133
 1239.000000	5.9133113230331205	111.8469320607353410
 1240.000000	4.9789424668629056	130.1994700799590987
 1241.000000	4.2732802529388527	138.1217452218321000
 1242.000000	3.6481456052743799	151.0996802478937866
 1243.000000	4.4775321251286266	110.5089971346502722
 1244.000000	3.4896839949532628	126.5592301500991255
 1245.000000	5.2340546812506483	111.5790778900657187
 1246.000000	4.1784084550953127	99.5637250148701582
 1247.000000	3.6319766484406983	147.4220906924680321
 1248.000000	3.8437711173505806	142.4305078293556903
 1249.000000	5.0965710428726423	164.1115155781106978
 1250.000000	5.1250093455313506	155.5228652269097438
 1251.000000	4.6790855707943448	159.7796146807425259
 1252.000000	6.3709156854789812	153.3866433213924836
 1253.000000	7.4841052357328017	109.5646746860389982
 1254.000000	6.2531559497702514	110.1888164887648429
 1255.000000	8.0357834030142357	130.5367683941706218
 1256.000000	8.7647336899010160	150.1775404676704397
 1257.000000	8.6017745873806870	148.8318466622256437
 1258.000000	7.6016776851368393	130.4629917199978308
 1259.000000	7.2081770814325870	113.6563402419108542
 1260.000000	3.7769955496299121	97.9031316178818543
 1261.000000	4.5406373266232096	155.6315974566776958
 1262.000000	5.0856463129568450	135.3183785585943610
 1263.000000	4.8927444225550012	129.8114185439370090
 1264.000000	4.0288781325158380	138.9513364688968977
 1265.000000	5.1166312972340879	56.5488435707035677
 1266.000000	7.5514067374741378	130.7380336747601177
 1267.000000	5.3143360238002328	133.3228854116420621
 1268.000000	7.2865788742986357	123.3118478371936817
 1269.000000	5.9646947375099266	118.5018400913754704
 1270.000000	7.4105971350063449	113.0471872513197695
 1271.000000	4.2254960561990176	133.0116079277467236
 1272.000000	4.4419148009648666	140.1090166304145725
 1273.000000	4.2955858747448694	116.1494954179833883
 1274.000000	4.0053800085291567	46.1896736562452190
 1275.000000	5.0314310668011313	11.4978006712342733
 1276.000000	3.4328424474450370	13.4992717449211455
 1277.000000	7.0129898615682125	40.4280550826422598
 1278.000000	5.8994878509018740	13.7810721316423042
 1279.000000	4.2355802921526937	102.4126118883549310
 1280.000000	9.7732966084795123	140.2329501742048592
 1281.000000	4.6656506276174943	9.4775555057184135
 1282.000000	3.8721202922242073	98.9099238982710318
 1283.000000	5.4398324237076343	146.5398894337804165
 1284.000000	4.3554495419670385	142.9288491445512363
 1285.000000	5.8101437829929390	109.0615687055291829
 1286.000000	6.2739967257896323	116.8999073794484787
 1287.000000	4.4521590590335585	125.1080661580427034
 1288.000000	5.8046514742286499	113.2417635555353854
 1289.000000	6.6081727955914218	119.7788889874165790
 1290.000000	4.2584414494576368	111.7372897920425174
 1291.000000	4.4845963548368113	94.2773300559136658
 1292.000000	4.1178647138061253	99.9911745572264010
 1293.000000	5.6326346796849265	122.6760598601269692
 1294.000000	3.8434810106476602	140.9655631268473428
 1295.000000	5.7235926155882684	143.0540026406540051
 1296.000000	4.0933472499283843	147.7929075427892371
 1297.000000	5.3633628870528254	112.9633168867760844
 1298.000000	5.2144545614638718	117.0018317322974610
 1299.000000	3.3671763281583673	130.1733498029493603
 1300.000000	5.1465438449433139	124.5715375798985320
 1301.000000	3.8799177538333511	136.5963132823842443
 1302.000000	4.8153041165556676	118.4314249845194382
 1303.000000	5.2673138673566440	28.6758629898291701
 1304.000000	5.0504757179846953	45.7137297876491573
 1305.000000	6.5078585308652181	135.8901163213075165
 1306.000000	5.5158390200822627	120.6555532219971099
 1307.000000	5.0632227016835278	134.8332254329282023
 1308.000000	5.2312491333951066	19.7282127511974466
 1309.000000	5.3744068209878826	37.6775829666054562
 1310.000000	7.0030117598870607	132.6927721516593124
 1311.000000	3.2885067185593497	65.2873980278482549
 1312.000000	6.2543140814485829	75.6229919437543145
 1313.000000	5.3412887668842233	34.4476122038626045
 1314.000000	4.2353990351436037	94.3281820002263629
 1315.000000	4.0586753208835651	35.9795708490168238
 1316.000000	4.6747991508737039	38.1149251965247515
 1317.000000	6.9061091761530911	62.0673162443064257
 1318.000000	4.4630965928662922	14.2247088262170109
 1319.000000	4.8057031918554527	47.9468613678101576
 1320.000000	4.6211629543579189	15.3904096927474825
 1321.000000	6.1966182776323917	121.3220794901704949
 1322.000000	5.3099073933232308	121.0125082344337102
 1323.000000	4.0900694217147242	54.3282978707854767
 1324.000000	4.8001706686258396	13.5381736155725036
 1325.000000	4.3725343401138952	27.1810265698447608
 1326.000000	4.6516401613821179	86.9708388342323957
 1327.000000	5.6974466891116249	125.4571708966475683
 1328.000000	4.7043674802470514	50.0194798246886876
 1329.000000	4.9834454904194976	131.5327524642446235
 1330.000000	5.8898174437099984	120.5181043582698379
 1331.000000	5.8408554690309842	106.5237412191806925
 1332.000000	5.1191718920335028	58.8767652293395543
 1333.000000	5.2364801298635228	45.6504427102545662
 1334.000000	5.4487307929120066	124.9506469875356913
 1335.000000	5.2013614553442311	49.2428657929931433
 1336.000000	8.8035613405551683	50.6633677524853567
 1337.000000	7.2486241101460642	40.2448359602049663
 1338.000000	9.0684934119660383	146.9989717876616737
 1339.000000	7.3754970328149110	39.3775071149459279
 1340.000000	6.9286485326039999	24.2266056759897594
 1341.000000	9.6844897892369115	107.7831172478222896
 1342.000000	5.0814743903502704	126.4611439092506089
 1343.000000	4.3078983472834054	30.0557628369583654
 1344.000000	4.8387744374555730	94.2459524629764331
 1345.000000	7.3311429204896044	19.6984037981816016
 1346.000000	4.9891749391896791	38.7734930772760151
 1347.000000	5.6248260299046704	72.0246640855366422
 1348.000000	3.6394679616597996	60.3774911185453362
 1349.000000	6.4194525522247421	64.5941906814059053
 1350.000000	5.0518339066293141	49.9219052709022719
 1351.000000	5.4147045932553963	11.9411306449879646
 1352.000000	8.8460675784721623	63.4517155193194213
 1353.000000	10.0536175334448661	126.8751948399132914
 1354.000000	8.8140925142957922	24.6075453511160731
 1355.000000	9.5110905314086320	116.6518745743202885
 1356.000000	10.2092825463757322	116.5705293603074040
 1357.000000	8.8228262072168757	83.2407775774438505
 1358.000000	5.6574353015401808	66.5468642243589557
 1359.000000	7.5302171495953125	58.9809212727378593
 1360.000000	7.6369498938750722	69.3812681070938737
 1361.000000	7.8416092010085912	25.2633599016113237
 1362.000000	9.7028789539970415	55.2536138409611368
 1363.000000	4.3517333354722165	63.4215697278404207
 1364.000000	6.8709339587661926	87.7714436921327632
 1365.000000	3.4424684915454615	99.3070626851196891
 1366.000000	8.5964830071324059	65.3906129794815598
 1367.000000	5.6369402427496587	50.5632106589960131
 1368.000000	7.9816380964928664	38.3252784624895355
 1369.000000	8.3689419262260039	28.2894875296381372
 1370.000000	8.6315366379194227	11.6583225431320443
 1371.000000	10.6115584371589300	114.4499902828095799
 1372.000000	7.8576533441981153	12.3109406920696927
 1373.000000	4.7252262663118785	21.6516887753339802
 1374.000000	8.3885695540367120	130.6090601268185480
 1375.000000	4.4007956052529487	85.0390617881433286
 1376.000000	5.4472118309884863	35.7084479426561359
 1377.000000	6.8690715935137145	21.7435026688423250
 1378.000000	5.5344076969348617	146.6769259119354274
 1379.000000	4.0175750120424487	48.4723429796701168
 1380.000000	5.5362164531682527	55.5668357831660984
 1381.000000	4.5693194690224148	47.1552025888357491
 1382.000000	4.2862858045689416	74.7938693361079885
 1383.000000	4.7185779371513439	20.9971085925494947
 1384.000000	10.3583169893061022	113.4714995987618948
 1385.000000	9.6532296309956376	128.5779244779001829
 1386.000000	9.9047640668091432	112.4756829263672131
 1387.000000	7.2619901151209616	23.1212063611191638
 1388.000000	5.4026377361926681	7.8473520980191154
 1389.000000	5.6914948262422485	49.2479914094086269
 1390.000000	4.7342098466078122	29.4227797514971314
 1391.000000	5.4641809540495041	43.8861667122571077
 1392.000000	5.1858859371752306	48.1171614163672245
 1393.000000	6.0706085520733017	71.8590217605955104
 1394.000000	8.6467045409678605	70.8192060516014266
 1395.000000	8.5933597362887095	9.9102585615245289
 1396.000000	5.1344557157690014	34.3851482224018241
 1397.000000	5.0837891641604074	35.7931115955366010
 1398.000000	5.7049380755123975	16.6540869212414293
 1399.000000	6.6954836373369488	33.7510825746307717
 1400.000000	7.2281416923326631	51.2532674705333022
 1401.000000	8.3678469864037783	25.2195939263511946
 1402.000000	7.4365493641752218	35.0446088573895054
 1403.000000	4.1558329596495387	9.7805513526422772
 1404.000000	9.8383966695851139	122.1429010240039474
 1405.000000	7.5636878842933584	94.8511661007142379
 1406.000000	7.0960014615665168	47.8492734348980377
 1407.000000	7.7063099137708679	8.7885095702168883
 1408.000000	4.7434389051683246	31.8556836295035453
 1409.000000	7.5929973022408275	36.2719553904842087
 1410.000000	7.9125840102511340	57.4267627338444271
 1411.000000	9.2049422280440361	116.5797732556137589
 1412.000000	7.4706543572225748	1.3882217811825797
 1413.000000	8.0150846332793400	28.6444434100143610
 1414.000000	4.1959853356423276	18.5832175307700425
 1415.000000	4.1555792630558699	50.9679163820989061
 1416.000000	4.8017264018756913	37.4257056973397368
 1417.000000	5.1059329739393942	49.7924159234778188
 1418.000000	4.2177203052361785	11.4983301927973400
 1419.000000	4.7791630278694086	47.3772211970897672
 1420.000000	4.8903252535960817	57.2642335195789940
 1421.000000	8.0575507501438253	25.9641936475441923
 1422.000000	7.7544403965755899	24.7780471680511312
 1423.000000	9.1497895822741437	38.2599970127691904
 1424.000000	3.4452116932578933	37.5118468846749806
 1425.000000	3.5166994881421165	60.2760314866547873
 1426.000000	3.4347394369450690	36.9385184282223236
 1427.000000	3.9358698862201624	53.1777078956965994
 1428.000000	5.1353783461009046	81.4236920205933075
 1429.000000	4.8121593665124447	39.0251022709875315
 1430.000000	5.2214746602560922	23.7075056364513728
 1431.000000	4.2677316537467167	33.0730623464311861
 1432.000000	6.1098812390359560	132.2068499821718319
 1433.000000	5.2904327928210657	37.9552519575283895
 1434.000000	4.8408093249305484	20.6158291538166338
 1435.000000	4.8979878501948866	46.8109951054052829
 1436.000000	7.1610101359576479	59.6082602127051189
 1437.000000	7.9343979460648217	37.3480423203869236
 1438.000000	7.3661571860092696	76.1668913938564316
 1439.000000	8.6173970647266600	130.8332105988112914
 1440.000000	7.9209359596924198	9.3021768271314045
 1441.000000	3.9721549482556591	81.7965917815071606
 1442.000000	4.5237624255092355	70.7231921325567754
 1443.000000	3.9324203649746581	52.0403461017568958
 1444.000000	4.9194606755076355	44.6831344655938949
 1445.000000	4.5862371214104574	22.1399825536047956
 1446.000000	8.2149095696818648	43.5140350694341862
 1447.000000	7.2017748458888322	40.5231809807519596
 1448.000000	4.8327390551595037	17.2787910947933483
 1449.000000	3.5261393621019321	109.5983237947083211
 1450.000000	7.5237093545597951	39.7627110295118484
 1451.000000	6.5837134697386421	117.0217220691968407
 1452.000000	5.0790370774076168	129.8700893250279478
 1453.000000	5.4890518424137689	132.8744324517994926
 1454.000000	4.1302095318248853	30.5144565662651814
 1455.000000	7.7596137419529567	24.6354104303780730
 1456.000000	7.3668966601433548	64.0380190680097598
 1457.000000	7.7634074568554885	13.7193842514395783
 1458.000000	6.0643088777027776	86.4166092159878758
 1459.000000	3.8727905256962099	62.0095530306369085
 1460.000000	5.1284497920076602	57.4052067957376551
 1461.000000	8.2998970264370282	65.5371397826437203
 1462.000000	8.4674597516336139	74.8006560357613495
 1463.000000	6.0650479500722048	114.4849571600262692
 1464.000000	7.3369919776433248	125.8917269321251524
 1465.000000	4.7330601152950100	4.0104262626441027
 1466.000000	4.4538999358440403	26.6036577849027651
 1467.000000	6.7210302004415832	44.4254796476143667
 1468.000000	3.8547366063201092	24.0978278801792953
 1469.000000	4.5708484165924688	4.7305158088012718
 1470.000000	4.8761689396757699	104.1171671678371098
 1471.000000	5.2141463014248002	71.2973253000285894
 1472.000000	3.6846084718223642	91.2393453695733854
 1473.000000	6.0442661569713492	58.7979426412188104
 1474.000000	6.7912661187302552	139.7414550385882706
 1475.000000	5.6736478243123107	144.5999715597978650
 1476.000000	5.0050608320479189	140.0757069032876529
 1477.000000	5.5530975603124162	137.9372560874770102
 1478.000000	4.4467641914861824	64.2658490084160547
 1479.000000	5.4952727505165599	60.7661298899098057
 1480.000000	4.9304685183457302	57.8876434199982839
 1481.000000	5.6083041564622675	85.2962757704041508
 1482.000000	5.2827502702862947	134.9718324349270802
 1483.000000	4.6981695449255341	34.3876299704160999
 1484.000000	4.3100266474314513	47.2934422624331319
 1485.000000	5.8053220415129880	58.7101059596511021
 1486.000000	4.6824732123201507	59.0563968442512532
 1487.000000	4.0289895193126588	23.2352496279910667
 1488.000000	4.6272461745839317	51.9549930932472250
 1489.000000	3.6946701624152318	54.4890556115964699
 1490.000000	5.6480908613010863	27.4239966461476001
 1491.000000	4.4544991354487768	17.6325264454403623
 1492.000000	3.9633779152772206	23.9029230104462158
 1493.000000	4.9793891840070348	105.1006608923639476
 1494.000000	3.7866801801477350	65.2860146629968483
 1495.000000	3.9923512612160557	12.4050773949687994
 1496.000000	3.6044346877134763	54.8462894723264469
 1497.000000	3.9223648535373701	56.1703601755851025
 1498.000000	6.4610846017694374	112.1982457346197322
 1499.000000	5.2155440261404511	45.0909127642967178
