 0.000000	3.9467440145237269	54.4837717793404437
 1.000000	3.2440040507181878	75.3305367629584595
 2.000000	4.1661500351523717	94.0309120808319676
 3.000000	3.3323448612765216	47.8760539274195764
 4.000000	3.7934997673338686	54.3911761425207487
 5.000000	4.5791983661749027	61.6005668460213656
 6.000000	3.1336947865969331	11.0231869502437974
 7.000000	4.0450298353685978	32.8825425417768997
 8.000000	4.8181066992620591	60.5310069587986561
 9.000000	3.7246382674551697	75.4063040900246051
 10.000000	4.5240259949077544	55.2287868434738272
 11.000000	3.9401512015670965	55.7328303606996798
 12.000000	3.8419666682945919	46.9288862231452697
 13.000000	4.4066648813038158	52.1843104078815685
 14.000000	3.9054914238647909	44.6623254162816181
 15.000000	3.2015531342835275	33.7467219276338994
 16.000000	3.1154251777072899	33.2202529765479255
 17.000000	3.2119336763127029	21.2165910990586326
 18.000000	3.7915950456219214	59.1319847322899363
 19.000000	4.6722031134285373	55.4579810384905869
 20.000000	3.5230373027616499	36.0602419463960757
 21.000000	3.6465948854074934	53.9071904010175587
 22.000000	3.4440635262066608	32.0553350737965843
 23.000000	3.1026643811707233	27.9582886741695233
 24.000000	3.1267903212577410	76.4056170906574437
 25.000000	2.8097376892675943	40.0587835992675707
 26.000000	3.4442163987525820	56.5910916166082956
 27.000000	3.5362232292136433	41.5691551332489269
 28.000000	3.7195236875951241	59.0184066355663219
 29.000000	3.5196949118981582	54.4242432521767512
 30.000000	3.4834714080928220	25.1925181659379120
 31.000000	3.5352341479328624	70.1561471063408391
 32.000000	3.2477179401240654	42.7023439544357188
 33.000000	3.4096914372048301	48.5116664185550803
 34.000000	3.1810189051938518	86.9391780829315337
 35.000000	3.0774055058759791	23.6349752763937317
 36.000000	4.7891588874388518	36.6501745570864443
 37.000000	4.1346396813749573	43.1527722570537833
 38.000000	5.0330083122383078	45.3178524943559182
 39.000000	4.9399734541722546	51.6949595275592060
 40.000000	4.3882709494345393	57.8416397222204637
 41.000000	4.4172033274856020	48.9006827344049100
 42.000000	4.2931922736906998	38.4591798588101312
 43.000000	4.4213292339458414	58.7730551758386923
 44.000000	3.9972276204521768	30.2151305406085555
 45.000000	3.0548585081116499	25.3993708716506035
 46.000000	4.3139693951786819	37.2746778996791477
 47.000000	4.3497552058610855	55.5959964570705694
 48.000000	3.4339979704518981	50.3227812257608207
 49.000000	4.1900301661633783	28.9832903666529944
 50.000000	4.3690137353372247	66.1283571797126655
 51.000000	4.5081422658516352	46.1192107252819596
 52.000000	4.8803110756635411	57.5312998307028209
 53.000000	3.6690123049895549	55.7042322775964038
 54.000000	5.0219833583659366	49.7108704241390456
 55.000000	4.2525647456081099	50.9886775886229202
 56.000000	3.9920052666431149	50.1662240879674357
 57.000000	6.0993488076194753	54.7479000478746229
 58.000000	4.5884256010705844	51.1615893593497333
 59.000000	3.0421445765932682	80.5880583715157854
 60.000000	3.7807913644703914	28.0325648793807716
 61.000000	3.9827420617013205	41.7615722902129107
 62.000000	3.3427197323536806	45.7072240024393750
 63.000000	5.3125837233325743	40.3102595609915113
 64.000000	3.8282762581710887	51.2588532279494018
 65.000000	3.3559553201830243	77.9137585545915954
 66.000000	3.5361518727693864	56.3940305654207208
 67.000000	3.7657758430527242	69.8994272697974992
 68.000000	2.8678595829070561	69.4408269594632088
 69.000000	3.7826318537296930	47.9494093894815023
 70.000000	3.1987544538520987	57.7497012605146836
 71.000000	3.7055190043246635	60.1351485290408476
 72.000000	3.9623941981412170	58.6217540284557970
 73.000000	3.2810924194350330	40.9477020593585621
 74.000000	3.5804868280105673	59.0247022320834134
 75.000000	4.3552712503486894	53.5612415506394512
 76.000000	3.5900856938460990	66.0018811625401298
 77.000000	3.1941796520070969	53.5580737812745156
 78.000000	3.2149478033708201	35.8548473656409499
 79.000000	3.1371765607837747	46.3767346504315014
 80.000000	3.0201889930874164	32.2336710099089316
 81.000000	3.0840807303342364	66.9283622728496823
 82.000000	3.5513950497247651	50.3932890519297416
 83.000000	3.0313618780295206	28.3248913241099842
 84.000000	3.0913423735234407	26.8243575325012955
 85.000000	3.0617287936946171	52.6431819212289298
 86.000000	2.9818878834679263	40.7497545493712323
 87.000000	2.9078472819799699	63.1949701661585408
 88.000000	3.2492507140035927	44.5921706618320002
 89.000000	3.2807565707135722	31.8417846725174627
 90.000000	3.0198316682421429	38.3252935906516825
 91.000000	3.1804351406077322	45.1552565475310246
 92.000000	3.7007159020185356	52.1330673585679989
 93.000000	3.4139463138146202	44.7371715457347250
 94.000000	3.0613224426431342	60.3650646667737902
 95.000000	3.0283909960612152	50.4135900732142375
 96.000000	3.1817029979543161	71.7775031157997887
 97.000000	3.3038810475945710	65.0317697131383170
 98.000000	3.0828260188677321	44.4414862973236211
 99.000000	3.1743667168365626	13.9718049829196502
 100.000000	3.4752392808911186	64.3986326433496714
 101.000000	3.6957708842933803	55.9008890418511299
 102.000000	2.9923328873541957	38.0152777115253286
 103.000000	3.3402109623342646	59.7259570513845972
 104.000000	3.1044809658149393	45.4077533120416490
 105.000000	3.2009487582299481	16.0733790504601188
 106.000000	3.7761202973115813	37.8955181683714670
 107.000000	3.4208367272990410	57.8129043399786013
 108.000000	2.9265132815309327	51.2400298517079591
 109.000000	3.5823195078840211	41.8052832470563374
 110.000000	3.8889623380470009	49.6664685623786113
 111.000000	3.4740429908525310	44.1001407135307488
 112.000000	3.2167023798232117	56.2779670698485575
 113.000000	2.9686504688714002	31.6452032454752441
 114.000000	3.2345844633332672	38.8266676127111054
 115.000000	3.4871496476947947	63.1080505249827013
 116.000000	3.3567278087185803	37.5248330266827566
 117.000000	3.1894901981646870	72.9974720802568982
 118.000000	4.3375613992415234	44.1022972295622253
 119.000000	3.3088573625564703	47.3300286857472088
 120.000000	3.4888063817380686	52.1210554243855739
 121.000000	3.1089601268613283	34.7071043053867072
 122.000000	3.4198170851085212	48.6900671922571462
 123.000000	4.0466027169683843	36.5132902651007498
 124.000000	2.9372500322497608	6.4875140908343951
 125.000000	2.9972165808332560	36.2436357163924185
 126.000000	3.5612563522153660	55.5226967303864285
 127.000000	2.9439090978270288	38.1285606675672568
 128.000000	3.2552731084366000	41.3027191068241564
 129.000000	3.0616816940339504	30.7286238844807542
 130.000000	3.2802220800224342	47.9211620299143704
 131.000000	3.1664232876628420	43.3529206544310739
 132.000000	3.1282640564889750	43.5565252987361191
 133.000000	3.9431823829476427	36.6646041008425243
 134.000000	3.1403946464984549	27.6697751709369300
 135.000000	3.3614312649754243	57.8315731205875068
 136.000000	3.0310275596759269	44.1282728867753065
 137.000000	3.2591016497666501	43.3616252531424493
 138.000000	3.5247570379495605	60.7310148626006594
 139.000000	3.0976102746539134	69.8263019543544488
 140.000000	3.3573982532260325	33.6203340946716764
 141.000000	2.9961400015019688	58.1068764664653798
 142.000000	3.5140784682250019	52.0631271727862526
 143.000000	3.1109602464651225	67.6948622383331582
 144.000000	3.0075827286747194	66.2146454967201663
 145.000000	3.3342199355609150	59.3482068255210606
 146.000000	3.3477815297032274	32.4349427208481416
 147.000000	4.3533701837163372	48.6638042402298936
 148.000000	3.9343136332800994	63.8912891373892506
 149.000000	4.3468086451083483	38.3613080622841665
 150.000000	3.4289376952414230	50.8494343478008091
 151.000000	3.0284538929348885	60.3213055382738048
 152.000000	3.4129818607065898	44.5099193551524195
 153.000000	3.2899913326696364	69.3477169089846228
 154.000000	3.4698487640297380	44.2376733896163898
 155.000000	3.5479502833461392	59.5627363980191262
 156.000000	3.7194164496973423	70.8626263992866683
 157.000000	3.2258481326751580	82.3842400890820556
 158.000000	2.7528716315079076	66.2602554885529997
 159.000000	2.9312638252681777	40.3754928389684267
 160.000000	3.1804941262572806	31.5356616188635996
 161.000000	3.1915557482482484	28.0414193864042431
 162.000000	3.1922005205414954	40.0014161929051397
 163.000000	3.6870814132909220	54.3230447353267891
 164.000000	3.5331284587128597	55.9435770460930826
 165.000000	4.7806357857595447	66.5287267591050124
 166.000000	3.5839013717475892	36.8086827146437940
 167.000000	4.1922423681394543	40.1988181977647514
 168.000000	3.0685060790785919	22.7085648995222584
 169.000000	3.4749508145555130	67.5381696892527827
 170.000000	3.7609240603632794	46.9949209019872001
 171.000000	3.0511118521762737	51.0931730424894397
 172.000000	3.0439584665833688	51.5135918296124089
 173.000000	2.9369198844070921	43.7173432787753882
 174.000000	2.7784314547634597	35.5332750581489734
 175.000000	2.8284712680304915	31.1348657887193383
 176.000000	2.9549791687905635	31.8327559744550683
 177.000000	3.0418480583742578	44.4344591434745553
 178.000000	3.0054050896121991	60.0251578546800175
 179.000000	3.1501263068106105	28.5120481893135320
 180.000000	3.1177442386045162	35.7079723894987637
 181.000000	3.2028875201984861	30.4501500878290017
 182.000000	3.2622851706730454	59.7143638159495538
 183.000000	3.7033800817645872	43.5826417848087999
 184.000000	3.6116147035976760	49.7877723287620881
 185.000000	2.6552876921439448	34.4967792955803532
 186.000000	3.5659561778511413	48.2840126310990172
 187.000000	4.9205409483771652	61.1445856294707539
 188.000000	4.7514749646646388	55.8125042567744458
 189.000000	3.6169080922260597	25.1833914957047398
 190.000000	3.3714409314243863	41.5722926448702879
 191.000000	4.1167384325030403	55.0989539168416655
 192.000000	3.6084204884582940	36.7245455532837468
 193.000000	5.0744740265444781	65.5959653397945317
 194.000000	4.6313764395993564	38.5272153923866654
 195.000000	4.3704990499011327	47.1460976349686121
 196.000000	3.7645223768197655	63.7592654540919881
 197.000000	3.3278024317767101	11.5655080231647958
 198.000000	4.8702213746114067	50.4153063937899333
 199.000000	4.4882657263310275	34.9833396878830172
 200.000000	4.2647301277981553	51.9440405575448949
 201.000000	4.5574973298742982	19.2515713042768937
 202.000000	4.1200913241353092	41.3632207657229003
 203.000000	4.0952298724256178	48.6748509877671154
 204.000000	2.8125390049456906	30.0677963123767142
 205.000000	3.0708043067225645	54.9295378694678504
 206.000000	3.8927156796390854	56.3174929394053123
 207.000000	3.2688502004706144	63.2832794317304206
 208.000000	3.4932736188618785	41.3813522343970135
 209.000000	3.3428512872182208	67.8299788087973781
 210.000000	3.5272680267738270	51.8095430505831303
 211.000000	4.5710949217045806	42.7558119732013040
 212.000000	4.7179773448756759	52.1442814072102294
 213.000000	4.8040132803150177	48.3895448361857063
 214.000000	4.1087177761224636	51.8414912202461551
 215.000000	4.5751508572212467	59.7146034697170762
 216.000000	3.8811331167517840	55.1133171362685488
 217.000000	3.8144906630902025	38.5319718447366313
 218.000000	4.0340020991280179	36.3327030158495461
 219.000000	3.6374731449220090	24.7963223395825594
 220.000000	3.9467080657415390	62.0354821328064361
 221.000000	3.8813874618112503	66.1248670224128432
 222.000000	4.2772589825088883	71.7077636949163093
 223.000000	3.7534237230174052	43.9605545874318864
 224.000000	4.1306803007398019	54.9935361990251153
 225.000000	3.5669502093081813	47.0897459453836973
 226.000000	3.3190705268230456	57.8168195227289061
 227.000000	2.9866465120594832	33.7928317516538357
 228.000000	3.7679861077516388	22.7131938657199157
 229.000000	4.2230291825911879	23.9588566624211126
 230.000000	3.5527929928245432	38.6941811519369878
 231.000000	3.8081634109853657	44.4281103950852980
 232.000000	3.6288592601881979	46.7805287734713318
 233.000000	3.1340788570234230	32.7845666866823535
 234.000000	2.9148786273276657	39.2633673390699869
 235.000000	3.0907928601312475	29.1000850185700983
 236.000000	3.5513213527849339	47.2318376938032145
 237.000000	3.9060695232859439	33.5120938090887535
 238.000000	2.9328454600912930	37.8977173033484576
 239.000000	2.8956981981896104	39.3381436268309415
 240.000000	3.1610770311618017	49.0470427148633519
 241.000000	2.9583582951785470	37.3903640534237525
 242.000000	2.9697381802023908	25.9996091538184260
 243.000000	3.0779150144612797	29.9958564366959024
 244.000000	3.4071255855489970	65.8782779485931087
 245.000000	3.2749934753561352	40.6399167812797657
 246.000000	4.3801811480496982	52.7101306554514935
 247.000000	3.2109603117556378	44.2847157916968115
 248.000000	3.3910537421845941	77.5674999879426679
 249.000000	3.0363052269138793	15.8761557024982665
 250.000000	3.2789308704053814	26.8491875930643289
 251.000000	2.9839594643208662	22.0666704014216748
 252.000000	3.5476388308046896	57.6859568624922758
 253.000000	3.3356214311606567	23.0652661928166367
 254.000000	3.2763619814437552	66.5291662093749494
 255.000000	3.5829589209762944	62.2080817578968350
 256.000000	3.1909571863968722	33.6616146460628727
 257.000000	3.5787344439852480	33.8540864445463967
 258.000000	3.3791461440535424	57.9397281605253767
 259.000000	3.0236926361616256	26.8976617781649736
 260.000000	3.0037841383109956	41.4123908209569151
 261.000000	3.8732011675942677	45.0391389724042028
 262.000000	4.4064337642302647	49.7754661571325698
 263.000000	3.2690683719127498	48.2036220886417652
 264.000000	3.3791243142620631	70.7831237771153923
 265.000000	3.5658952052024708	69.2093245344979522
 266.000000	3.5665430996745178	78.4907396921830696
 267.000000	2.9946183481160342	58.2495756049641074
 268.000000	2.8109274214366571	35.1427624802052208
 269.000000	2.7901441378576437	33.6345818313723726
 270.000000	3.4299542932182279	35.0320841652496142
 271.000000	3.4897115639118681	39.7581959014234769
 272.000000	3.3852758728448986	59.3658610919770240
 273.000000	3.2974334240523486	61.4741153785429049
 274.000000	3.1219994010799330	44.5171337557651441
 275.000000	3.1081610165165885	69.0382386959458074
 276.000000	3.0846921425015963	46.6215971785233307
 277.000000	3.2781047724183225	45.4055575556594988
 278.000000	3.8046828146385021	41.3266547101349317
 279.000000	2.9396676791494052	24.0998314914138234
 280.000000	3.1266163740133206	38.8683033033443337
 281.000000	3.0604819619614161	50.8449544499813442
 282.000000	3.4290866906979667	40.9993397624068905
 283.000000	4.3863695179338889	28.4469121481555760
 284.000000	3.3412341744671576	63.5867054217849272
 285.000000	2.9752121870612123	30.2987322730452604
 286.000000	2.9662520064075086	49.2445837762122665
 287.000000	3.3982219446525637	53.1490771632032875
 288.000000	3.7095614398507433	68.5155214957738536
 289.000000	3.1080125206416858	31.8221820882493773
 290.000000	2.9765186072067027	44.5170262243821924
 291.000000	3.0674838619862466	32.3594015784205453
 292.000000	3.5743996944239060	53.1499102859958867
 293.000000	2.8288386287206526	21.9640444318107768
 294.000000	3.1390434752358138	19.2355137017545985
 295.000000	2.7296801206581645	23.0412346727637782
 296.000000	3.3295200367137694	56.8109088295438767
 297.000000	3.8511520227892446	45.4416485555257168
 298.000000	3.2297306632187182	55.9141303418107327
 299.000000	3.4151785351987427	50.8595086920021799
 300.000000	3.3060894223043293	50.4877317849518477
 301.000000	3.1239554220291659	50.5416296958603652
 302.000000	3.0297050702431365	37.1860332737018382
 303.000000	3.7781160791799553	37.9870035561292809
 304.000000	3.1066425163124225	45.0834100473718706
 305.000000	3.4502904044686300	34.4487860640747385
 306.000000	3.3870209029083171	60.9206176664634285
 307.000000	3.3088102802913792	24.4066453516340971
 308.000000	3.0433757356308018	60.7022990195248440
 309.000000	3.6107509998932477	23.0224088741644834
 310.000000	3.2781818708631092	13.2479926096214911
 311.000000	3.1738639892468314	25.9929676431721077
 312.000000	3.1522891392200947	44.3718038339126508
 313.000000	3.7537434638964959	53.8369750334636450
 314.000000	3.9042000025499006	43.6680321795674331
 315.000000	3.2679902938228969	48.3845298328629383
 316.000000	3.2236043023655774	58.9185903329414344
 317.000000	3.5199208830070408	33.0914995684328233
 318.000000	3.1004248627012800	44.7099544092050962
 319.000000	3.5972972963241938	65.1802979833641416
 320.000000	3.5215990773745300	69.4609103324913093
 321.000000	3.5452776140054310	23.4932607083827634
 322.000000	3.4805354209258073	26.9033533324804637
 323.000000	3.7600016641995708	74.1901948319582800
 324.000000	3.4288399093550979	42.3921891930956747
 325.000000	3.6370586906910880	26.5193414770920413
 326.000000	3.3268853402038583	56.7306729698505023
 327.000000	2.9263850329544523	41.7515086408990328
 328.000000	3.0546213186088993	64.0945982866805366
 329.000000	3.1270581087277916	42.7102510917434017
 330.000000	3.0219376621486407	76.0225156890788156
 331.000000	3.7966544774427224	59.5460415548348436
 332.000000	3.1194386601677713	75.6658154542310939
 333.000000	3.1148766910591452	69.4972245554128278
 334.000000	3.0435882235510761	34.8329238443531892
 335.000000	3.1826742647504918	25.4318797077905288
 336.000000	3.3551534284722249	47.2026629294978477
 337.000000	2.9847973846193931	70.3091263540684537
 338.000000	3.6199269187119443	62.2059606815261503
 339.000000	3.7955858257643764	66.9968319252702145
 340.000000	2.8949385397028786	40.6683845578952230
 341.000000	3.7428933228894388	71.2156257982289702
 342.000000	3.5965059867194955	56.9364788696143194
 343.000000	2.8142235233908544	69.0371475873835010
 344.000000	3.5997601422231189	46.1935073511046994
 345.000000	3.0245393141910002	47.7183366102761397
 346.000000	3.1827889166480898	49.9825991322541370
 347.000000	3.6669277098641135	46.3152083523651186
 348.000000	3.3628468699268552	58.6355795220869993
 349.000000	3.4583505355910988	26.3143754641920680
 350.000000	3.1570706526046797	49.5009491164746009
 351.000000	3.5992263410640071	14.1709498529122868
 352.000000	3.7644287486665817	52.5291226976939924
 353.000000	4.0024964042765774	54.4291815294785124
 354.000000	3.3079960352870534	46.1800122491258662
 355.000000	3.6654657537876600	47.3347482209256043
 356.000000	3.4355092823948779	81.1590422794414081
 357.000000	3.7436695584697861	91.8330837220767080
 358.000000	3.2673587909964432	67.7875615366195774
 359.000000	3.6636135557881424	52.3560211150796562
 360.000000	3.4379731042563151	58.9148569121681902
 361.000000	4.7669014754086154	70.7444449540480775
 362.000000	3.5953920297594029	82.8234099008767828
 363.000000	3.0726715987874318	60.1520591996291216
 364.000000	3.4237774251311706	76.3350353675059949
 365.000000	2.9979454150534885	56.7035704571462702
 366.000000	3.5276534929299284	98.1281933449305086
 367.000000	3.0696244844890281	57.5867209041821724
 368.000000	3.0739359929329781	73.4972409274683116
 369.000000	3.5384438916259242	36.0830998967659582
 370.000000	3.1354854256194384	19.6403235886025698
 371.000000	3.2246415216006059	40.9340401969844265
 372.000000	3.2016217736046064	42.6320537597404723
 373.000000	3.3503279056439736	38.3467185055763196
 374.000000	2.9917116931215229	62.0281281492917316
 375.000000	3.5224573037185971	58.5930105346730130
 376.000000	4.3010417348818928	38.0187269278515316
 377.000000	2.9297428471197469	41.6061700709568925
 378.000000	3.6263244275481243	22.6658713423682343
 379.000000	3.3180650000741738	45.8866603667042341
 380.000000	3.4853650635380760	62.5764925112683557
 381.000000	3.0159189934313382	52.5896827160416365
 382.000000	3.7698069395106506	61.6160939356259121
 383.000000	4.4421092699775562	42.7683833067543731
 384.000000	3.7894865803141276	50.2027025108249632
 385.000000	2.8893227052074693	48.9584619936713921
 386.000000	3.7280333535727794	72.7567339071852217
 387.000000	4.0610598707759085	46.1577343074865780
 388.000000	4.3975551594986442	55.8950338281573380
 389.000000	4.6367219504932384	60.9593839562673736
 390.000000	4.0158100625579536	65.1160102923957425
 391.000000	3.7084896804141665	93.1500542756598691
 392.000000	2.9233164810408114	27.5662682469535980
 393.000000	3.4418279683464581	53.6110770714044804
 394.000000	3.0882076391537470	71.3713384202395815
 395.000000	3.1536917416981320	35.2347720439407226
 396.000000	3.0716241014488537	43.2294780187571632
 397.000000	3.2037535726772770	13.6710337330352445
 398.000000	3.4939781157834422	14.0715161084713145
 399.000000	3.0643174376594007	14.7206974017497032
 400.000000	3.4183583353698901	51.9212901085566898
 401.000000	3.2036346247478940	58.1897085908041447
 402.000000	3.3469759672525536	70.0552973709253592
 403.000000	2.9132661825207000	38.0430162731577752
 404.000000	3.3721676642285470	37.6656053108643505
 405.000000	3.3463017016537751	43.2575359557780814
 406.000000	3.4741254279484672	51.2169007340199869
 407.000000	3.1156521842199338	44.0380061884834504
 408.000000	3.2142606096456685	35.3083879638063252
 409.000000	3.5189025646501513	76.1140482494395627
 410.000000	2.9192361300398288	31.2816052989322486
 411.000000	3.0658176658358807	68.5784474064016791
 412.000000	3.0862259284997715	36.8525390684583556
 413.000000	3.1535596221768381	63.1498563890317683
 414.000000	4.5214716880993651	58.9924387923976070
 415.000000	3.1948160291103895	55.6256015218362592
 416.000000	3.4477027400569287	64.3758938160562479
 417.000000	2.7350963988009283	65.6746813200500270
 418.000000	4.0795199855919293	54.4003546215068923
 419.000000	4.9408655714876977	51.8229181879305827
 420.000000	3.4659301074468751	61.6058123664565329
 421.000000	3.4721149200238792	53.5565582447237887
 422.000000	3.3613696666897850	74.1001759030448284
 423.000000	3.4308301494399980	70.3293810557615018
 424.000000	3.0620106535086675	27.8251626662399474
 425.000000	3.2766583835163114	81.2247606601610954
 426.000000	3.0506032344239111	55.1820660738211330
 427.000000	3.3360798798534583	49.2033936951135900
 428.000000	3.4263507761112186	45.1508107343948382
 429.000000	3.2546400576659291	51.6712803121261857
 430.000000	3.4433698913648776	52.7746231580598675
 431.000000	3.4498067267112216	52.5397014002656135
 432.000000	3.4123394082111962	73.1657023209577630
 433.000000	2.9057820767278648	27.2523472577108805
 434.000000	4.1423322390869961	46.7569087320275969
 435.000000	3.5254670302645854	54.2193793995186581
 436.000000	3.6301619837810488	35.6336859716483048
 437.000000	3.5478919550662256	42.0215207326886855
 438.000000	3.5936723019186552	66.1992206722841132
 439.000000	3.3326343221274426	73.2078877441581426
 440.000000	3.0024939708440184	18.6260191029115845
 441.000000	4.1188045604630776	78.5470691342332543
 442.000000	3.4080641237223572	62.4815009504973489
 443.000000	3.1459198850333929	58.2709550715235309
 444.000000	4.5641503762711126	57.0057668265865090
 445.000000	3.2717156228149293	42.8979342454071286
 446.000000	3.5022484477231171	75.6893707075640236
 447.000000	3.1283522385914915	48.2026568418850445
 448.000000	2.8985160100548035	33.9082808337560948
 449.000000	3.3487799411481292	36.0205440137870028
 450.000000	3.1192029105840033	48.3456788147307179
 451.000000	3.4172077146042792	65.9134351008024311
 452.000000	3.7416532618617726	43.3354280863160284
 453.000000	3.0457816740656187	42.0924206191533585
 454.000000	3.2589925955288828	39.1919619405562401
 455.000000	3.9855958363404662	45.6420395470214828
 456.000000	3.6106241142579507	55.0426339528767130
 457.000000	3.9133531888369637	54.6402731514084934
 458.000000	4.4308902851325245	68.2715958138853267
 459.000000	3.0208992828805123	27.4274672574615295
 460.000000	3.3719123580076866	37.3952802099373400
 461.000000	3.0611914835568816	32.3394013486810366
 462.000000	3.2010164594734611	46.8338599524273889
 463.000000	4.2930442470807391	42.8802540546983550
 464.000000	4.2712797242499025	60.4958556051502256
 465.000000	2.8595724452345417	33.3195826333345906
 466.000000	3.1186945019162740	16.5287971347995324
 467.000000	4.0539907658074608	46.4080369965984971
 468.000000	3.5540649387653551	58.4015132468562115
 469.000000	3.5471682520477574	73.4527936299599560
 470.000000	3.9402774915463068	66.7495305020250242
 471.000000	3.2215556679460886	53.1399655967005202
 472.000000	2.7648775032560908	51.0830166020278398
 473.000000	3.7492009841859897	55.9913045115708883
 474.000000	3.0175950483465868	36.4807924548742335
 475.000000	3.3000541704614617	59.4798737565995594
 476.000000	3.2342497747144781	54.8788011845598618
 477.000000	3.9759447669290178	59.9978749252158536
 478.000000	3.8572393744041782	49.9163513341615044
 479.000000	3.0832896623152086	29.6689007672579805
 480.000000	3.2610670965424133	48.8669602054256700
 481.000000	3.9748759321439047	55.1211229214949441
 482.000000	3.4587354233939211	47.4176058712192514
 483.000000	3.1479894480490693	37.9514777800298475
 484.000000	3.4243198460627706	43.5399081374948480
 485.000000	3.4747285433639346	54.6444836117445760
 486.000000	3.2263980228892502	65.8727192144765041
 487.000000	3.3367865602091205	22.3772621075044924
 488.000000	3.3840892509915546	67.3967178637965389
 489.000000	3.1152951874261996	22.9634378730275159
 490.000000	3.6209670513908079	50.0599549956929764
 491.000000	3.4927976242834600	29.2909839741762141
 492.000000	3.3213961252084654	65.7467313123461707
 493.000000	2.9791433040152455	48.3741030932708611
 494.000000	2.9071843015818208	50.9006741453147811
 495.000000	3.4201305889965967	52.4201748470956943
 496.000000	3.2195849730506736	73.4138494884657149
 497.000000	3.1839424861459058	54.5631879536670539
 498.000000	2.8944041977896986	70.2032540874878350
 499.000000	3.1842053852402956	62.7901623217723568
 500.000000	4.0423294971875867	42.3050521430541551
 501.000000	3.3373192206988449	53.7467009994692262
 502.000000	2.8322584055270363	25.4525470244211078
 503.000000	2.9773458557399044	25.6026892076999104
 504.000000	3.1650226791004048	65.0274139651044578
 505.000000	2.9555224287569866	18.3163831057338768
 506.000000	3.0038653656023646	43.5091448328344086
 507.000000	3.2679383216455249	73.3440105272991190
 508.000000	3.1672063863984588	65.8669949997789104
 509.000000	3.0293786098102480	62.7298207789957445
 510.000000	3.4392039972165467	45.9751237286898515
 511.000000	2.9425829882470178	52.2293700848451437
 512.000000	3.2032455940568858	66.5578824910338511
 513.000000	3.0703966844170130	65.1635850270212558
 514.000000	3.5786088120709780	58.2597381934631926
 515.000000	4.1815689559221632	51.0428466287773404
 516.000000	3.1926872887666731	74.7791985736591442
 517.000000	3.1584757633642395	49.0755774606748503
 518.000000	3.2997262409853980	45.3521189847260189
 519.000000	3.0839277155001121	37.5400351123467146
 520.000000	3.1308695325051814	60.6454337546104369
 521.000000	3.6296360371163119	34.6897146809221226
 522.000000	3.6835304765084649	56.7319883521573587
 523.000000	4.3826674663124772	48.1347394780985667
 524.000000	3.1017705863428526	28.4816099159398277
 525.000000	3.5977733963305560	48.9918106972012879
 526.000000	4.0135195433855460	44.7712443843690266
 527.000000	3.0175471594571808	51.2308984536242917
 528.000000	3.7472991013244101	74.2695448355985661
 529.000000	3.3386236565471012	35.2701935022341786
 530.000000	2.9815731833869088	42.8677852547008911
 531.000000	3.2137865617405779	71.3323215858939363
 532.000000	3.5246573797358871	41.4471673052579774
 533.000000	2.8591017901740434	42.6935991692314474
 534.000000	2.9144042928987188	48.2233511366978007
 535.000000	3.1291274994912639	28.8764275198902851
 536.000000	4.1021550099964728	54.3311678290054374
 537.000000	3.7780188657106519	67.2763577505219814
 538.000000	3.4585129966977317	41.2921356130042909
 539.000000	3.7821134419298472	58.2003559226183995
 540.000000	3.4827367196129817	80.0030560831691986
 541.000000	3.2538303939911368	34.0705432410571518
 542.000000	2.9859468342893107	30.6523739208460313
 543.000000	3.2684451682536979	26.6817248255086099
 544.000000	3.1252385079070746	76.7630778147638750
 545.000000	3.2552118541453239	38.6854230277496924
 546.000000	3.0190248797640016	34.5476191074498331
 547.000000	3.3074183041967991	53.1043825817650372
 548.000000	2.8776564351241802	25.3527288768486585
 549.000000	4.1427111593025376	37.4071010612440773
 550.000000	3.7726141579454131	49.7664658516782765
 551.000000	3.9786801746364930	62.9560166123020224
 552.000000	3.1609044395787467	45.5484131917241655
 553.000000	3.1081813838211581	38.7316962630818580
 554.000000	3.0657262833723333	34.3826613407961190
 555.000000	3.3283180600033879	44.3025062824441704
 556.000000	5.1366918274101456	51.7117283700663961
 557.000000	4.0508174656132692	62.8169903978688637
 558.000000	3.8653349461349871	73.2798887106683168
 559.000000	3.6931295013966023	64.5304683221319237
 560.000000	5.1737959677477088	67.7227867016497100
 561.000000	4.8129061419294334	30.5549872937903331
 562.000000	3.8549785646802848	44.3076418768663700
 563.000000	2.9898636734935446	43.7563373418817321
 564.000000	2.8221165095549239	29.0126815942287237
 565.000000	3.5271888560469500	43.9705506861471349
 566.000000	3.5896344243154634	56.2917881509078057
 567.000000	3.1132239709986615	58.4554223742718904
 568.000000	3.0789352065141546	64.9635556321600376
 569.000000	3.6403631298370995	49.4639289439652998
 570.000000	3.1984288637818072	59.0610523658584725
 571.000000	3.4445645794408515	41.0137969786718202
 572.000000	3.2172176074277763	59.3517023947010927
 573.000000	3.3771234565614385	60.1319300167617001
 574.000000	3.0189112260795397	36.3543067165553850
 575.000000	3.0028537721658388	46.4735230274318099
 576.000000	3.2905895599703108	53.3903298493681149
 577.000000	3.1852813425915589	48.5219832123543142
 578.000000	2.9974643339212177	47.7754584850663662
 579.000000	3.0056194557308382	50.9296119015598094
 580.000000	3.1702530368958475	56.2753442228579530
 581.000000	3.6463364826985387	29.3522573404765126
 582.000000	3.6390327739073380	52.4522041056830233
 583.000000	2.9794636135127655	80.3076139765012300
 584.000000	3.1178798570121504	53.2470630376337368
 585.000000	3.1883383217171803	40.0887684271202716
 586.000000	3.1580097951944430	35.2963527573938052
 587.000000	3.2916170226461974	37.9507690994429652
 588.000000	3.2307386439476842	46.1056412677421292
 589.000000	3.4006112799231270	79.9244428922490329
 590.000000	3.1810490582310584	60.6397105998279500
 591.000000	3.7792672443396937	77.3561408701182671
 592.000000	3.0024125556221772	74.9412108321814827
 593.000000	2.9457096500971942	76.2276201712939496
 594.000000	3.3195697933269543	60.6797760626130582
 595.000000	3.7774453129007926	58.5558094542202667
 596.000000	4.3369446816756634	63.4322130055769549
 597.000000	3.6119512786924886	66.0813896082923975
 598.000000	3.1657789179795182	62.7043462314398852
 599.000000	3.2377695058451121	54.9436955888128296
 600.000000	3.1977539783399695	42.0626871879881890
 601.000000	2.8069222971006398	40.5597810219472876
 602.000000	3.4991874207996405	70.9627316068053915
 603.000000	2.8778805678028299	39.0763170378805285
 604.000000	4.6288578579356701	72.7509418788394413
 605.000000	3.1847644409313824	42.5009275180862858
 606.000000	3.0950848395207684	35.2391137086887056
 607.000000	2.9627911941677065	4.2295107732829251
 608.000000	3.3838174506938468	74.0657254100236742
 609.000000	2.9413363350313926	30.6953863369445514
 610.000000	3.6978936988350966	53.6598223383047923
 611.000000	3.2010406672753682	27.2572635780037729
 612.000000	3.1071625027118741	76.2691842516855871
 613.000000	3.1072463935968635	58.0796677379253339
 614.000000	3.0733907205782303	51.1869838520122187
 615.000000	3.2160923445576581	69.2962406542715996
 616.000000	3.9584533256501779	41.4986591929926192
 617.000000	3.1080470417806523	62.0613476220860747
 618.000000	3.4683323659933580	67.8844557593358076
 619.000000	3.5261909745295030	78.6337392588528559
 620.000000	3.4224412626861449	71.2866185762211444
 621.000000	3.1400073517793956	63.9542988053072179
 622.000000	3.4827357646835142	60.8151576492407457
 623.000000	3.6227363490886288	41.5735281658289466
 624.000000	3.1107863636297184	89.1250164160322669
 625.000000	3.4077284565223267	74.0861401845622254
 626.000000	3.7917486715555926	46.2164617964109823
 627.000000	2.8936970544416849	48.5247049428757009
 628.000000	3.4346334627821276	81.0789255990308106
 629.000000	2.9982193531078631	64.7017608281021239
 630.000000	3.1488495648329233	67.9274731927594928
 631.000000	3.0146253782540442	17.0892904425614915
 632.000000	3.0387411342703503	42.9478493841668580
 633.000000	3.1531384472387796	29.9936047985219716
 634.000000	3.3828859627303567	70.5744249574957223
 635.000000	3.3450389894652761	61.9164787832033028
 636.000000	3.4578956759052759	43.6991271630473079
 637.000000	3.5746626049417936	42.4105528308680562
 638.000000	3.4977903503055590	31.7062240449268131
 639.000000	3.4247818756800554	49.9431094995697720
 640.000000	3.8562249800065644	39.4556205565399694
 641.000000	4.1917782055848436	40.1717044777411729
 642.000000	3.4250826179547640	41.3016651554159182
 643.000000	3.0760027412944755	54.7205455689349520
 644.000000	3.3458822508584758	30.7048208919665626
 645.000000	3.2259017869349340	45.5779053879327023
 646.000000	2.8634936119825314	39.9310402855295763
 647.000000	3.2029982286343230	63.5897276848709510
 648.000000	2.9852908088891907	63.9640117269672714
 649.000000	2.9161305532007096	41.8403499207776690
 650.000000	2.8669447140162383	35.1592525995388598
 651.000000	3.1590322196174370	31.0565285771368167
 652.000000	3.5857115347009625	52.5966685519531438
 653.000000	3.1968052393417534	30.0768349378494406
 654.000000	3.1605728070203605	40.8656274638678667
 655.000000	3.2582283357357569	80.4975491359730029
 656.000000	3.0646597674674503	43.4594948149836284
 657.000000	3.2536608390029609	58.4849972937504674
 658.000000	3.1962350854617347	43.1922591897835275
 659.000000	3.5063164676852128	59.5633042400693569
 660.000000	3.4101715664950656	66.0835060441904005
 661.000000	3.3483185862167186	24.3219578484226417
 662.000000	3.5893240405182985	71.5291705431290410
 663.000000	3.2037273789566845	62.9543584760110662
 664.000000	3.1352189547962079	67.3436569587975669
 665.000000	3.4213894342532178	64.2583681619709211
 666.000000	3.9323845980976637	41.7252857516558038
 667.000000	3.2387742158168540	35.4727755978509265
 668.000000	3.9429221170671900	63.4147731142347482
 669.000000	3.0693794254497742	45.5369751263738465
 670.000000	3.0453817439590938	52.4848334110160977
 671.000000	3.3266059890119783	38.9789456925612967
 672.000000	2.8986836877109869	42.0976970149500289
 673.000000	3.3589725943373936	47.9206521527688665
 674.000000	2.9553609889905870	30.3435690721769902
 675.000000	3.0737717574983949	51.6419828251066235
 676.000000	3.1323272538270297	39.3727616486742420
 677.000000	4.0156831720024107	45.9070422250270553
 678.000000	3.3222328278603075	28.0602851457356905
 679.000000	3.9981825505231305	37.9241986734664351
 680.000000	4.1284373628309821	48.8902862085589618
 681.000000	3.1741548218767504	42.2072076692232088
 682.000000	6.3533868841799199	52.6765968700879625
 683.000000	5.5307621847901443	67.4788306851723547
 684.000000	3.0951179579018797	49.8221096783310031
 685.000000	3.3043317759347111	65.7673715564033046
 686.000000	4.2452356263585012	43.4430786761354568
 687.000000	3.2374827133411506	20.6284584060737473
 688.000000	3.1819937041116146	52.6941607080476473
 689.000000	3.7141605080984950	37.4060262122690972
 690.000000	3.1226943168597141	37.0646657216709912
 691.000000	4.0785605294558271	52.8830731522776318
 692.000000	3.2632034728379495	48.4779977140290157
 693.000000	2.8718041345324501	21.8195039808256865
 694.000000	4.8829707479791313	45.7992951739312275
 695.000000	4.1498879819617951	46.0876341821556252
 696.000000	5.0357921200930864	32.3613389648383247
 697.000000	6.0035330826331128	48.4644640279642829
 698.000000	4.8924851077141049	30.6361459481648524
 699.000000	5.8945672354019827	46.2213925444604001
 700.000000	5.2718765382116946	52.2864172184920051
 701.000000	5.2367990547388175	38.1967884880391466
 702.000000	5.2309872659966725	42.9394164723620975
 703.000000	5.8682492250591194	54.5318972931616059
 704.000000	6.4442389856480995	59.0609044855607124
 705.000000	5.7127390069654922	64.4664224707689755
 706.000000	4.4841401283521529	50.1539132024454943
 707.000000	4.6067703350263285	45.3933352410115276
 708.000000	4.7882638192593854	67.1088433666430575
 709.000000	4.6500645030751517	49.4364357595227375
 710.000000	3.2054231465859200	82.4033228976875591
 711.000000	3.6684348341315891	75.6074431951123813
 712.000000	4.4534951170377060	69.1430650493928454
 713.000000	4.0505960102155791	44.3812417950019551
 714.000000	3.3642019381434931	49.9577430893758390
 715.000000	4.5872841063957015	46.2932830106861388
 716.000000	4.2945698044466001	59.9443654965256485
 717.000000	4.8017317714372272	59.1950531642397095
 718.000000	3.9748649171326935	64.4780073699067913
 719.000000	4.4565173743329769	58.6886040350265432
 720.000000	4.0897684745953260	53.7447076045895500
 721.000000	3.5000756280937462	56.6910732677997089
 722.000000	3.2547792479061464	55.4974768010552140
 723.000000	3.3283060080056592	60.3297471163287895
 724.000000	3.8609864831497824	37.1431612166302898
 725.000000	3.4916317861378148	58.2663459633793934
 726.000000	3.6404754538182038	47.2779122514913297
 727.000000	4.5675883947325993	45.8500457072710219
 728.000000	3.3058397916081366	48.3043619232325625
 729.000000	3.3782317221831768	40.6336888617043712
 730.000000	4.5681335791671875	65.2991570977660842
 731.000000	3.9376647733715475	59.5573836055072832
 732.000000	3.0605515325293595	62.3263908230828889
 733.000000	4.1875751577427618	58.5867096305406818
 734.000000	4.3885796126720749	54.8574656791796400
 735.000000	3.2875413511194429	52.4464324883196724
 736.000000	3.0125459778601056	24.4313026524247903
 737.000000	3.5233649485574801	63.0241038460538903
 738.000000	4.1095252833939346	25.3959507903550161
 739.000000	3.2001231841743838	62.7364035119538102
 740.000000	3.7106050012774192	43.1698595550639936
 741.000000	4.0091724922387755	51.9149094797515147
 742.000000	3.9537026216349056	30.3798292765637257
 743.000000	3.7161629175467814	43.2659774351293720
 744.000000	5.2339713771508691	40.7701946777453372
 745.000000	3.4951114186250751	42.6077162237251912
 746.000000	3.5490567234517698	43.1924117151993698
 747.000000	4.7561663514225039	60.6178777021462452
 748.000000	6.0713579603973979	25.2256306779892157
 749.000000	3.7117644764550288	70.2799793936740258
 750.000000	3.1514473032097139	34.6904835976858124
 751.000000	3.0381071936500819	26.9232606061783599
 752.000000	2.8667141003324010	62.8140910296828707
 753.000000	4.4406915014556310	51.9157403641215183
 754.000000	2.8438671886893103	17.4908867398808070
 755.000000	3.1165653649993978	57.1791532490683068
 756.000000	3.2575125410583099	61.5075354308322773
 757.000000	3.1826800508551734	28.6580880042457125
 758.000000	3.1220102947213770	34.5270440749094973
 759.000000	3.1147848858340543	53.6895266415788512
 760.000000	2.9750295656639065	40.8148403862464875
 761.000000	2.9837294534349952	26.6347989283142113
 762.000000	4.4172080018545179	55.3807836479162745
 763.000000	3.2986040973371522	60.1031876092592796
 764.000000	3.0891445584266428	52.1090821674388565
 765.000000	2.9440167037397247	9.2717336952754295
 766.000000	3.8235223913216472	67.7622969758690203
 767.000000	3.4218663626276538	40.0019115651573429
 768.000000	3.6268583084247474	28.3778374800078552
 769.000000	3.3645263623403379	69.3388778573192184
 770.000000	3.6556971528296325	71.5358922020929668
 771.000000	3.1066411279660500	51.4250981534309801
 772.000000	3.0589654222114731	60.2887917129568507
 773.000000	3.6258932210899086	58.5141490147807417
 774.000000	3.4698224346494819	40.2310788552535428
 775.000000	2.9818448533410176	65.0223506547439314
 776.000000	3.7961090802497366	49.0908123908790230
 777.000000	3.7591220029172554	56.9087839179147608
 778.000000	3.3400579066273162	47.7941612877334023
 779.000000	4.3499338916848371	61.8536223145050457
 780.000000	2.9777031045917091	39.7217823968653079
 781.000000	3.1798783276913509	28.7314933675104385
 782.000000	3.0497532911852092	63.6537497549489046
 783.000000	3.2495259912747567	44.3834206154191122
 784.000000	3.2215936566342198	52.5590717398719249
 785.000000	3.4713230071313173	39.1926748814556447
 786.000000	2.9685081455240203	47.8498321354275902
 787.000000	3.8823080677983266	54.2850528537618544
 788.000000	3.6045030965596130	55.8470200171300206
 789.000000	3.5720729384101322	63.9658886274561524
 790.000000	3.0324730697262332	41.4049131004163939
 791.000000	3.4749329723214104	60.3906821894829591
 792.000000	3.0381976830815738	31.3513218449173792
 793.000000	2.9883462959176135	41.5758868917706934
 794.000000	3.9126858707290775	55.2218958513126950
 795.000000	3.1074711230189069	55.9949970185335388
 796.000000	3.1425039677027886	38.5035678989278267
 797.000000	3.6862297416437868	57.1267620422099895
 798.000000	3.3372299768500904	14.6580875226563592
 799.000000	3.3716843442011335	47.9310705419240151
 800.000000	2.9914153132540853	59.1839921676920966
 801.000000	3.1964094565466632	46.2060940454296087
 802.000000	2.9322203513953933	16.8138441812564565
 803.000000	3.7775347479707655	35.6288089728915338
 804.000000	3.2484497941059760	45.3120301518288215
 805.000000	3.7309466961853834	42.6407812896823657
 806.000000	3.5132760118381108	44.2422926883940022
 807.000000	3.9977239352370035	62.3586850669410069
 808.000000	3.1091236526906210	65.4813273483049443
 809.000000	3.4429175243773944	66.9822456844744636
 810.000000	3.5099019690981654	67.3982429692892850
 811.000000	3.0140801528072725	61.8105897005391967
 812.000000	3.3413647874970978	34.0194714468202619
 813.000000	3.7395601654434523	35.0740184280984408
 814.000000	3.3901275874507775	33.6392572193622925
 815.000000	3.4086604584991580	51.7467523240439675
 816.000000	3.5208386292313949	39.8380068949096824
 817.000000	3.4163043033129306	69.0763654674317564
 818.000000	3.0905738829844598	50.1116941260221438
 819.000000	3.9693583669318988	44.3403603506438913
 820.000000	4.0007599773825726	49.5553240968696684
 821.000000	3.9992743613964459	42.8025391791109087
 822.000000	3.5427799560126974	59.8595073613207376
 823.000000	3.0353475931961809	44.8010999307580278
 824.000000	3.3762643141194291	68.2596503920808431
 825.000000	4.0758251759981023	43.4453099622054140
 826.000000	3.2057586781982326	61.3038534411504088
 827.000000	3.0924712322101486	76.2840059258307264
 828.000000	3.1541447069952491	33.8525758796289438
 829.000000	3.5659126918144910	55.6721704699931195
 830.000000	4.0582046470031035	32.5281749261992275
 831.000000	3.4039894719776265	59.6020246077602565
 832.000000	4.6800986156031703	51.7755449881865957
 833.000000	3.3918046702282640	48.4263404732163849
 834.000000	3.0427953125900156	17.9174831533119630
 835.000000	3.1224796100584085	46.1981863964506658
 836.000000	3.2624366040494617	48.3929101335768905
 837.000000	3.1690321228035061	22.9818631515309733
 838.000000	2.8840372546221191	33.5571176544075342
 839.000000	4.4958066486150638	58.0795945290814757
 840.000000	3.1079420400794042	45.0115161795401661
 841.000000	3.6543732699824925	48.4964809696789132
 842.000000	3.4261734080878345	42.1970125962454006
 843.000000	4.2360252450764877	64.5256187861649408
 844.000000	4.3218714363454609	57.9615124971502667
 845.000000	4.3693295965686598	67.4790818891045348
 846.000000	3.4999360925463687	54.6052445642183812
 847.000000	3.7304643215443889	52.7575210628865534
 848.000000	3.9535997694057636	73.4415961154270178
 849.000000	3.9694424040705849	60.6065977535998570
 850.000000	3.8625069980220510	52.4753076906124960
 851.000000	3.6094335278617113	46.8798023814619569
 852.000000	3.5034252401093293	56.5155117339633506
 853.000000	3.4116864671181082	39.3712557955625471
 854.000000	3.3725304343993101	64.4745293129393673
 855.000000	3.3052869601258594	32.2374631162614662
 856.000000	3.5362872412913560	73.6498877239184679
 857.000000	3.7462325546471944	60.2887887277588845
 858.000000	3.0566897994891078	32.0172947464425306
 859.000000	3.5927995249338061	63.1096282964432902
 860.000000	3.6676971943144552	52.1755502603487287
 861.000000	3.3790090902551593	37.4504569271346384
 862.000000	3.1028272430782873	48.0264141843405241
 863.000000	3.3890716441948721	16.8240150140486548
 864.000000	3.3275329107031286	30.2480623721021402
 865.000000	2.8226874410779361	29.4312188569095099
 866.000000	2.9109540593862024	11.8399644450491053
 867.000000	3.0536893550955608	25.9715110777175369
 868.000000	3.7695289507091099	29.4018808278095776
 869.000000	3.7004413787454142	30.6489102833397453
 870.000000	4.2343210191878420	46.3658228920824911
 871.000000	3.8292212229782252	52.9050969006321878
 872.000000	3.4066113075265894	51.3730230249159945
 873.000000	5.1457727779134039	50.5027533061629015
 874.000000	4.2516326417919039	37.7126986408964058
 875.000000	3.5211966638136829	60.3581447090254102
 876.000000	4.7848429137660675	37.8896472963296560
 877.000000	4.2936587589010102	67.8072522226339203
 878.000000	3.6280557849697819	54.9486225692708103
 879.000000	3.6988299854285289	59.4569878105710643
 880.000000	3.8176112390353376	68.7112705067513190
 881.000000	3.9158497576969080	40.9644855428751384
 882.000000	4.0955200430498619	49.6936503569985746
 883.000000	4.4609275134653776	49.9611030234175644
 884.000000	4.4261356231032947	48.8475912313229799
 885.000000	3.1957842250004704	43.9012080115025469
 886.000000	3.4956706898840477	56.0607846221689101
 887.000000	4.0966410831080280	59.5783691721902358
 888.000000	4.4753068248754744	49.1548821526044151
 889.000000	4.1054690381344470	56.9685063918425385
 890.000000	3.6907688218745887	69.8805251425012415
 891.000000	3.4281951925533694	59.6697400003228893
 892.000000	3.6608807856761247	51.8231466823356186
 893.000000	4.1090471911905411	69.7067245021319906
 894.000000	4.5156696343269918	57.2127440373584477
 895.000000	4.2636004424678289	62.6431391136618458
 896.000000	3.4664510415627667	78.3939027425482209
 897.000000	2.8497330063958897	50.8909057055556673
 898.000000	3.7613187304342190	64.4501622177392619
 899.000000	3.2797771866003869	48.8451035429790750
 900.000000	3.7516295780277238	59.1651137049583724
 901.000000	4.2916632389555440	48.9798811674797889
 902.000000	3.9267998152176240	39.6174276611701259
 903.000000	3.4703340529545068	47.0769914020941940
 904.000000	3.1829389915358575	72.6775134534104126
 905.000000	4.0883945068679717	48.8726881590805817
 906.000000	3.7421804098617431	69.6716387101194670
 907.000000	3.2525530271334113	58.2550516977909609
 908.000000	2.8599695983338318	78.4764020448883741
 909.000000	3.4187221537442993	49.3540178442719650
 910.000000	4.5550325084597683	61.1021381250381808
 911.000000	3.2251233855334491	64.4216903182546474
 912.000000	3.1258878891692601	65.4916759757253431
 913.000000	3.5645792749721319	46.1685013073723383
 914.000000	3.5326365869786374	53.9969174039644599
 915.000000	4.6269723828414380	50.2250475947176938
 916.000000	4.3889229564957652	53.6179491775880024
 917.000000	4.0009164174351941	52.0185937441367514
 918.000000	3.6867393289620818	26.9414551988443236
 919.000000	5.9974233326403814	46.3784471254108723
 920.000000	2.7725754305816888	48.3525335926758544
 921.000000	3.9742936774458162	55.3990204193668063
 922.000000	4.1127208083372127	53.4312143161996005
 923.000000	3.7385412741533233	61.4853274342096228
 924.000000	3.5992193371284658	59.9776106560997562
 925.000000	4.0159621644254724	58.6710017528572649
 926.000000	3.4810349987066207	62.8547374352073973
 927.000000	4.7099148010471259	55.2962533935280334
 928.000000	4.6340911613353812	61.3737340382081840
 929.000000	3.5898535759499657	48.7453592834802976
 930.000000	3.6391545793816840	74.8891456659072787
 931.000000	4.1009564784514039	34.7304469833039775
 932.000000	4.4369436794808097	55.7976531516173964
 933.000000	4.3504527036429135	67.9451155864489920
 934.000000	4.3378483456562602	58.6721624928778027
 935.000000	3.8993445579354855	57.6516858166045836
 936.000000	4.3999905072686865	40.6571321090794697
 937.000000	4.6238957283130704	53.6459786545071609
 938.000000	3.6463394149360093	54.4943138204688324
 939.000000	5.3156736200336638	62.1203887866584381
 940.000000	4.1241026843292410	57.7050297913807668
 941.000000	3.8023264363499374	39.9240547703421100
 942.000000	3.8364816899738137	54.8925015473622722
 943.000000	3.6697863749739286	28.5098571627386548
 944.000000	4.0439023485896186	39.8910605030404781
 945.000000	4.5626388242775633	33.0591013701683210
 946.000000	4.4475018280019825	54.5372172769514094
 947.000000	3.8661719837808208	39.7567744897320665
 948.000000	4.3727574923253689	46.4321569153561313
 949.000000	3.2916867868438602	39.0416252197048834
 950.000000	4.1465210337102336	60.4542352390543698
 951.000000	3.6670390744931485	36.2324138677882388
 952.000000	4.1640372292920826	59.5709076981272858
 953.000000	3.6744714496387996	34.2511329735490619
 954.000000	4.5531588335204738	40.5628242929190321
 955.000000	3.9288393236982775	61.9107720485505979
 956.000000	3.8803092963714465	48.4581620093681806
 957.000000	4.4070435904365226	46.9801507512642615
 958.000000	4.7250931142339123	57.5608255099251949
 959.000000	4.5187507990132056	35.3278631017803093
 960.000000	4.6198031219322946	61.0442342384156404
 961.000000	4.0824688791447032	64.0390106651021682
 962.000000	4.0626405375503420	44.1902153975946987
 963.000000	3.8113213995254762	63.3462575783933914
 964.000000	4.1770488308864682	55.0869867531425967
 965.000000	4.3202913969035146	63.2454412170078655
 966.000000	6.0045431368006623	48.8483788011767786
 967.000000	4.5380649557731942	47.9145512215183373
 968.000000	4.2882352093177181	61.6281305473301018
 969.000000	3.9459391006647220	41.3997248457266380
 970.000000	3.9649118412375741	54.5713734439111562
 971.000000	3.9788451157268496	48.5979242908433093
 972.000000	3.8782846212025199	67.0533687566216372
 973.000000	4.1949839984999997	52.4256497164148669
 974.000000	4.1139719392618046	80.3156162281575092
 975.000000	4.7904340498452900	50.3396831434848764
 976.000000	3.5905849115509301	45.8564649505949831
 977.000000	4.0890932405681752	40.8275919721064895
 978.000000	4.8857559623419888	51.2104030010192730
 979.000000	4.1654681055227032	70.7105738125806056
 980.000000	4.3676038764824474	43.1463604141937367
 981.000000	3.2697707778022433	69.4809851255122481
 982.000000	3.1593297720837943	60.0915201001531045
 983.000000	3.0182152678774266	40.7850309913961837
 984.000000	4.4962100238124840	59.2660120574299896
 985.000000	3.0926832784821321	23.7218801576497924
 986.000000	3.3911268686712113	48.3102106779218161
 987.000000	3.2726131331595010	63.8201261760862621
 988.000000	3.2418200578836309	31.8634506241250222
 989.000000	3.3449501976423131	46.3688777839404054
 990.000000	3.6878357323929372	51.3331486608693979
 991.000000	3.9258806768080312	26.6087690658587519
 992.000000	4.2252903508740527	58.9964583465162491
 993.000000	3.0224757812811518	19.3602595317985049
 994.000000	3.5710078158292560	50.9915681983148659
 995.000000	3.0226441745375485	30.9714158443105987
 996.000000	3.4078190976678222	54.6457911040067899
 997.000000	2.9343940470787193	16.8108145985540602
 998.000000	3.8661867965535990	43.9859657773183699
 999.000000	3.6788921896208158	36.2609251521002136
 1000.000000	4.4528708325823931	55.1270665366377983
 1001.000000	4.2112647164296204	77.0566888745545384
 1002.000000	4.6605680300221568	47.4379999793840454
 1003.000000	4.4264028801750275	73.3406848187084677
 1004.000000	4.1712689323130974	67.8639309285372718
 1005.000000	3.7185122210652399	56.0495842788338763
 1006.000000	4.2831860993486082	45.4431403004148535
 1007.000000	3.2052877834698310	77.9430200024668665
 1008.000000	3.3170986329398091	64.4039074567228056
 1009.000000	3.7912275514124758	54.1472840190458413
 1010.000000	3.0674078220953236	27.4883392530448987
 1011.000000	4.7947759518160336	39.2576398817403174
 1012.000000	3.2121866462646587	30.1137409808951020
 1013.000000	3.8132547592011639	20.6079937301324208
 1014.000000	2.7644119931100621	5.0771157481891578
 1015.000000	2.7555785479722896	25.2209038790882403
 1016.000000	3.1523184680815612	55.3373236760624394
 1017.000000	4.8529033396235999	57.6526149182358125
 1018.000000	4.5362152253104426	64.4055147127933623
 1019.000000	4.4032259131033005	46.0008176189442963
 1020.000000	4.6537007657316130	48.9013043464445332
 1021.000000	3.4980771432110020	42.2528504878426929
 1022.000000	4.3806566537144196	47.2811632318041859
 1023.000000	4.5611366599521954	49.2076168378243040
 1024.000000	4.5537036244840357	44.7258090509131989
 1025.000000	4.0057318484248325	38.6389862771063690
 1026.000000	4.0931095580824870	64.5993506666494000
 1027.000000	3.3430898039211305	49.6968508691099657
 1028.000000	3.9925471717962644	48.1175515427098333
 1029.000000	2.9407179796143739	32.4114325684589915
 1030.000000	3.6241734856964363	64.4237189921364575
 1031.000000	3.9835882467865575	62.8295831501356048
 1032.000000	3.7205179601152536	34.4310489410785578
 1033.000000	3.7651406608297426	36.6621675455777734
 1034.000000	4.3906203485404944	43.6977353671721005
 1035.000000	3.9388604821598765	47.0616123236682427
 1036.000000	3.2168317929290544	42.2597467639407114
 1037.000000	3.0528848140613030	29.7790419240136544
 1038.000000	3.6758142728720955	39.6189740099698895
 1039.000000	3.1597453888408507	65.1369137193034788
 1040.000000	2.8016520786573156	10.3480319092748800
 1041.000000	4.3428304239590441	66.0397796164388069
 1042.000000	2.8579376082457166	49.2219730899534227
 1043.000000	3.9365007400337060	73.3099415492330451
 1044.000000	3.8553792118570818	54.3746583723022496
 1045.000000	5.9353147027192730	39.8799656111345655
 1046.000000	4.8836125787759173	54.6348413103412724
 1047.000000	5.9477119057344545	58.4343284929264826
 1048.000000	3.6875578649088578	33.4609569618147873
 1049.000000	4.2617930221441682	42.2724556499828736
 1050.000000	4.3939839137568706	55.1562974514227591
 1051.000000	3.1436245768775977	60.5446180685022881
 1052.000000	3.2451209648132422	43.7797369849566280
 1053.000000	4.1562466581371007	60.0806520988394368
 1054.000000	2.9897422675647349	23.7072438668369330
 1055.000000	4.5803473012071070	53.7271658062396256
 1056.000000	3.0060720489935946	24.9200011353404420
 1057.000000	3.1843314506061207	55.5946478380730582
 1058.000000	2.8486361717603472	35.1007542386855675
 1059.000000	3.2479742202035262	62.2271401600238221
 1060.000000	3.3044714766230445	38.7900705419500582
 1061.000000	3.7043369031809195	51.7291202620799595
 1062.000000	3.2456763191652609	46.4592821841638965
 1063.000000	3.6291782370207959	43.0869535975455733
 1064.000000	3.0678998004050895	52.3617702215266974
 1065.000000	3.1595388332365677	35.9104599957097435
 1066.000000	3.3409784268228551	44.0943198545584210
 1067.000000	3.0106891047682294	50.7491715959058922
 1068.000000	3.0317695847855668	32.6360214941085474
 1069.000000	2.9985742860169160	42.2165124818171194
 1070.000000	3.2334173885295217	82.3691768305063476
 1071.000000	3.0456337161105780	24.6314143317117100
 1072.000000	3.1402180419154786	91.8553874121482465
 1073.000000	3.0867715352420375	50.4061039014167989
 1074.000000	3.3645799318247032	58.7638162331143832
 1075.000000	3.6329350684596715	51.5184612245027438
 1076.000000	3.6388300328401146	51.8994505913803721
 1077.000000	3.4354928049958180	59.8407448143950234
 1078.000000	3.3173782547538804	34.3627491132176885
 1079.000000	3.3547778113094155	56.5617459301860634
 1080.000000	2.8297080798955401	60.9712738392900775
 1081.000000	3.1767596060521317	61.9276594503260327
 1082.000000	3.3061811416695526	63.9376759871546767
 1083.000000	3.2051481958384311	54.5116246360030345
 1084.000000	3.2863271481164440	49.7919710328369263
 1085.000000	3.5084793965817380	70.2024952854017101
 1086.000000	3.0132204901544726	33.1198455455574390
 1087.000000	3.0225105814193762	73.6180622676894103
 1088.000000	2.9499018480425589	78.0453924770797869
 1089.000000	3.1839842269201415	28.5863817593721308
 1090.000000	3.2066341317723648	77.2647975913185263
 1091.000000	3.5183406781807389	74.3478358835029098
 1092.000000	3.0615484944700206	41.1272398570881137
 1093.000000	2.8900811747949864	33.7198574702312044
 1094.000000	3.2552791082925472	65.5264186218093414
 1095.000000	4.8493223334409530	57.8180366945270521
 1096.000000	4.5358514343683760	44.5043799282419172
 1097.000000	3.4087035829754146	51.9445490566174612
 1098.000000	3.5142212024923807	46.7244399364143419
 1099.000000	3.3971305390221125	42.0949707190040670
 1100.000000	4.1545620275813127	39.0588464139544556
 1101.000000	3.7161881509813917	43.2626588548835400
 1102.000000	3.8719468210686778	40.9494688776622127
 1103.000000	4.2616217978663276	73.1469586188249679
 1104.000000	3.0739795453868957	35.2438126672020644
 1105.000000	4.4606971411989669	48.5285985980556802
 1106.000000	3.3811548329119478	28.8917347937220654
 1107.000000	3.9958041773658604	33.1685589123716227
 1108.000000	3.9703436878465066	44.8900650917890687
 1109.000000	4.1093319606012129	49.3072944340156027
 1110.000000	4.3616384943077415	44.2411842126161616
 1111.000000	3.7401084652415100	40.5964138732250035
 1112.000000	3.8287975021827765	51.9183203918912000
 1113.000000	4.1751944266468719	58.2846661186573556
 1114.000000	4.5107691440366171	54.6671555150290374
 1115.000000	3.0579675674506941	62.7318663874500544
 1116.000000	4.0618852790022473	54.5586761094601655
 1117.000000	3.9393119807505008	26.2203186693035093
 1118.000000	4.4680005002200884	63.9057627056433688
 1119.000000	4.1276426711173677	28.4926783434057427
 1120.000000	3.6769621083997595	55.0737447130515818
 1121.000000	3.8215307442017594	49.8366468582811706
 1122.000000	3.4136134043917385	36.6968156901426141
 1123.000000	3.7631868989834847	87.4519014455803898
 1124.000000	4.0028182806998167	56.4734626523714525
 1125.000000	3.9702185649307014	44.4808971323961373
 1126.000000	3.9963074619342676	60.5170504548576105
 1127.000000	3.0626678180341789	36.1765051632143582
 1128.000000	4.7636158372660127	46.5179654940595810
 1129.000000	3.9459630090812912	47.1259439141072392
 1130.000000	3.9723371703488950	40.6205773619530817
 1131.000000	3.9803357784433255	59.0450590921365404
 1132.000000	4.4657594078948399	49.8525840979307304
 1133.000000	4.3293015645315904	45.6021677070524447
 1134.000000	3.4750823774305442	61.7081486990349930
 1135.000000	4.1683335758654563	56.8433691246228250
 1136.000000	4.4032752820544960	64.4890117972062740
 1137.000000	3.7531788335664249	57.1622489485990712
 1138.000000	5.1023813838917516	54.0387726073120405
 1139.000000	3.0578381770609342	42.2645056618023887
 1140.000000	4.0944251440536066	53.0570618541899393
 1141.000000	3.2305234553398137	55.9953553778311317
 1142.000000	4.2033344300580620	43.9059915718405591
 1143.000000	4.1546789759787144	49.9836064565448055
 1144.000000	4.4805913150971977	43.5519645457781905
 1145.000000	3.6779164660165278	64.8559295917888647
 1146.000000	3.8442350283741558	53.9940674008106072
 1147.000000	4.0772234643891823	48.1936840954851107
 1148.000000	3.7789192134416481	47.1758422960632799
 1149.000000	3.5428109064930968	59.6567024115472009
 1150.000000	3.6591164137676504	45.2714420661479835
 1151.000000	3.4269167291418752	64.4501419038254824
 1152.000000	4.1344058554323100	51.8408426740308812
 1153.000000	3.9380093844789159	67.5934506196373519
 1154.000000	4.0456906325009907	45.8233087356646536
 1155.000000	3.4417412827370693	31.5433739208983752
 1156.000000	3.8450605675434262	56.5575462158357283
 1157.000000	4.0667926735120208	61.4657365249857151
 1158.000000	3.8695459554772702	45.7872270743553997
 1159.000000	4.1625553751868427	56.1718190077679367
 1160.000000	4.2906332170683177	51.8584879256956981
 1161.000000	4.5304845804485403	60.7832073030995303
 1162.000000	4.1601090934454374	49.8509202849919291
 1163.000000	4.3429492582761231	51.4079189283665130
 1164.000000	4.2816002113220248	67.7626594001786202
 1165.000000	4.8127707658574295	55.7162692208181198
 1166.000000	4.1021274104363670	44.6207598248390980
 1167.000000	4.5614565825109388	64.6113718357906635
 1168.000000	4.0741571783693198	45.1306736944566751
 1169.000000	4.3883194661902625	56.9618822059243115
 1170.000000	4.3694000688309744	47.8593561132292393
 1171.000000	4.4592190938445597	72.2110932665362100
 1172.000000	4.0938734113261468	54.2166586412906355
 1173.000000	3.9389585727801011	44.4275432417857132
 1174.000000	4.4878944758368959	45.9739398626172999
 1175.000000	4.0104442075296838	49.1325114811424442
 1176.000000	4.0459522808039887	53.7222018565222754
 1177.000000	3.6886704564518666	67.0853402561337759
 1178.000000	3.5140480890297563	43.5486117571773832
 1179.000000	3.6888794964112797	49.3539103053305439
 1180.000000	3.7842936525248128	26.0624414774572983
 1181.000000	3.3513477088968444	45.2163818080813087
 1182.000000	4.0870992261082577	72.2905471223550364
 1183.000000	4.6410732644292452	18.5664639080644349
 1184.000000	3.2613571885499875	34.5951989279652423
 1185.000000	3.6010783799650508	53.9590536408190218
 1186.000000	3.0873764180886827	48.5728389185105982
 1187.000000	3.6375876906720377	44.9047435122037086
 1188.000000	3.2094445781171541	40.0832177394659936
 1189.000000	3.1131121251277585	43.5075766327321958
 1190.000000	3.1637939400750104	32.9138908685504248
 1191.000000	3.1081917640815950	31.0871477721977669
 1192.000000	3.0899476782217588	18.1495845826957805
 1193.000000	3.0984617591984862	32.1290424466412219
 1194.000000	3.3174388049994574	34.8238545453522192
 1195.000000	3.4855559342116527	87.3550581165765010
 1196.000000	3.4470821586100522	62.0802774180399268
 1197.000000	2.9363355952311072	27.8885247417428843
 1198.000000	3.6618134189036691	81.0732234947923587
 1199.000000	3.4365033870017685	33.8960590067460714
 1200.000000	3.2483744854358054	75.0093208103926941
 1201.000000	3.3100597797197762	90.8996428201884186
 1202.000000	3.0407009884631013	58.6697390031332304
 1203.000000	3.2208562166523649	43.9240266151794572
 1204.000000	3.7681659305395119	69.2053401106259543
 1205.000000	3.4575580638545818	47.7632858817970885
 1206.000000	3.5716773271740490	51.1856772783754934
 1207.000000	3.9202310806508915	39.0849577111829944
 1208.000000	3.2394069915140200	41.7601921013283572
 1209.000000	3.5886051238267949	55.7636013841297142
 1210.000000	4.2779316877940818	58.6700775158331567
 1211.000000	3.9118847755623234	67.6485024176871832
 1212.000000	2.8304858444888588	48.3681214365609833
 1213.000000	3.1100941275754286	48.6397112055645664
 1214.000000	3.5291773576259180	86.4198620733026814
 1215.000000	3.0289981278906053	42.5537986552219820
 1216.000000	3.4953814393417568	80.1712245675183084
 1217.000000	2.9779659755170003	43.6814843038515050
 1218.000000	2.8568151156612203	27.0448792832061713
 1219.000000	3.2715411973430371	26.6108965774462831
 1220.000000	2.9209212749722155	45.1396584456856260
 1221.000000	3.0557970496939402	10.4132012871340294
 1222.000000	4.0912176967560310	39.1375634680688052
 1223.000000	3.0371164032485218	35.5041962848889909
 1224.000000	4.3547046901686306	49.8481826829078614
 1225.000000	3.2344548944285001	66.3079495692234531
 1226.000000	2.8305929997894452	42.7110901266006238
 1227.000000	2.9767163655853692	16.2365207947081842
 1228.000000	3.3275291001813292	70.3815634568024819
 1229.000000	3.0615282179515746	59.1804992521643243
 1230.000000	3.1827122070932057	39.3288934332540236
 1231.000000	3.0405248060658745	58.0642152723125236
 1232.000000	3.0554464392103355	29.8330647161175762
 1233.000000	2.8363024310893992	39.3946852992578727
 1234.000000	3.1451363333692295	42.5916277729374713
 1235.000000	3.0891959981895503	36.5648798768442305
 1236.000000	3.0212692841123054	32.9138752001077250
 1237.000000	2.9424954408263142	28.4191995502239081
 1238.000000	2.8409975534275458	37.9232505480534314
 1239.000000	3.2396580376733937	17.5742234206059607
 1240.000000	2.8577363244767087	20.3797437267321300
 1241.000000	2.7592388113959485	45.4379993035319103
 1242.000000	2.8555309569290528	24.5969770046032750
 1243.000000	2.8586536712079598	37.9108610918135582
 1244.000000	2.9755541956083649	55.0915059391072788
 1245.000000	3.1117164380462428	49.7282782929546840
 1246.000000	3.0156287336101748	6.0397361705525157
 1247.000000	3.1734064362437815	37.0631135177606268
 1248.000000	3.2031389326559294	13.7324866776730801
 1249.000000	3.0925983109118151	25.8910911209280812
 1250.000000	3.3477085147052699	66.0822604175425425
 1251.000000	3.4366110137806403	63.5753482301374504
 1252.000000	3.0128339937807551	36.3705746025322014
 1253.000000	3.5098229493850104	41.6929744544436005
 1254.000000	3.0271557837617760	15.0845742761507324
 1255.000000	2.9141197555745237	34.6879745708624796
 1256.000000	2.9599010379850093	29.6813992692309796
 1257.000000	3.0380986444428255	45.0169288366791136
 1258.000000	2.8300232660561102	37.9744623637480458
 1259.000000	3.2512111552257936	44.1227118827015659
 1260.000000	3.6898030659583290	37.2124705733895382
 1261.000000	3.1232186156072386	77.9396133316724615
 1262.000000	3.4216865069612910	73.2622922499208613
 1263.000000	3.0547188636713503	62.0917763055468583
 1264.000000	3.2141457235980693	61.8046815065872011
 1265.000000	2.8033300160307397	28.5853167941503727
 1266.000000	3.3139404523952849	53.8326765933766751
 1267.000000	3.2269593991172241	26.7661305706402572
 1268.000000	3.1039842949900245	35.3313935060608628
 1269.000000	3.1391823046961442	44.9237544573277603
 1270.000000	2.9654093107872601	52.1884070971090779
 1271.000000	3.0162219182373864	18.9394485359244129
 1272.000000	4.1950791943727186	54.4061945599322598
 1273.000000	5.5039283958855236	62.8065264545064394
 1274.000000	5.4144302925724874	53.8237904099973008
 1275.000000	5.7201288515452653	60.2805422645724605
 1276.000000	5.7123596485838020	58.8500061554191092
 1277.000000	5.7815604964842420	62.9013306873303293
 1278.000000	5.9080927846695781	59.8669360672798945
 1279.000000	5.4142758089445149	64.5692071153814453
 1280.000000	6.0339580038417715	67.1237814142781417
 1281.000000	6.0516675904653763	63.3370024520532127
 1282.000000	3.0979820144091943	60.3388503317000868
 1283.000000	2.9415773439154691	31.2377278344586671
 1284.000000	3.8401631627937243	57.3332970265372523
 1285.000000	3.0168154645355503	53.1107117474616075
 1286.000000	3.6026654461712382	52.4155553443175108
 1287.000000	2.7830637398627585	44.3124988866195224
 1288.000000	3.4463049773789654	36.8349545129613603
 1289.000000	3.3286953493131142	47.7232191599000828
 1290.000000	2.7789650302805686	51.3948312128559337
 1291.000000	3.0588179537423561	46.8272535006294106
 1292.000000	3.5215317046392958	49.5418993762891660
 1293.000000	3.5833847517666317	64.8993803939537770
 1294.000000	3.8666598899923073	66.0274005818205438
 1295.000000	3.0431114484743129	58.6087330957676187
 1296.000000	3.2422545449703977	48.9651203417377019
 1297.000000	3.3523810307688677	48.0518868930725773
 1298.000000	3.5579655419611456	49.4672244581825282
 1299.000000	4.4070374057176442	43.9005010154534148
 1300.000000	3.1311510127543949	33.4578592547310052
 1301.000000	3.6118107727933264	37.4618005952341946
 1302.000000	3.1062821417608144	41.5537757312481801
 1303.000000	3.7862161832493881	50.5591383417439602
 1304.000000	3.0518309907084791	46.0933313005403704
 1305.000000	3.7176062960611831	63.5473419351544635
 1306.000000	3.9932395752287957	35.6326242607557617
 1307.000000	2.9565478437888357	50.8997638915040511
 1308.000000	3.0379449313696743	48.9091161679875768
 1309.000000	3.1997439455787466	46.7576671143343958
 1310.000000	3.2288133765911806	34.3264393413940070
 1311.000000	4.1645177900200716	53.9486442034392013
 1312.000000	3.6978551286483410	53.0671853826618616
 1313.000000	3.4718029938473851	40.8717317371703928
 1314.000000	3.1483376973716863	31.9045225725519401
 1315.000000	3.4797892815289626	72.8914892013797839
 1316.000000	3.1834178124242611	60.0920727366001017
 1317.000000	3.0691794613513594	54.5606761816805488
 1318.000000	3.0829213970007205	21.5345369717135497
 1319.000000	3.2289579301783893	38.1278102833323658
 1320.000000	3.8378911397350803	42.1640195905337976
 1321.000000	2.9703686498242727	7.3131683565428602
 1322.000000	3.1063362756759654	57.0856332533976172
 1323.000000	3.0726248456457084	37.8428773903629008
 1324.000000	3.3238084619475625	44.2660220600322702
 1325.000000	3.4649641361968690	37.3318837384063613
 1326.000000	3.6087390976238911	57.6710634420354609
 1327.000000	4.2224240596542648	47.7176885764463066
 1328.000000	3.3590072006428544	35.4645911372834348
 1329.000000	3.4323116336041819	52.8453769283129731
 1330.000000	3.7499721025985355	53.5508872273267542
 1331.000000	3.4656484145910782	78.2013676000582763
 1332.000000	2.8913736841340922	62.7753263626028257
 1333.000000	3.3536337334698261	62.4384753739166030
 1334.000000	3.7510491578461567	67.7178289401948206
 1335.000000	3.3629330655458696	77.3017984472774344
 1336.000000	3.2760503286395233	64.4314879326444014
 1337.000000	3.5884168240647316	43.4650323449499467
 1338.000000	3.1994920937771982	44.8218938282750798
 1339.000000	3.0230945212078795	52.9915602532020245
 1340.000000	2.9628857027706994	15.7322385782632637
 1341.000000	3.3373821145622649	52.9405512631236093
 1342.000000	3.0186886314114814	40.7273342380854615
 1343.000000	2.7096035642296266	30.2311048049831470
 1344.000000	3.8967987451021777	42.6288026885922307
 1345.000000	2.9205302720458217	69.2765508492856128
 1346.000000	2.8907707260837698	45.1198180933406547
 1347.000000	3.6994687045932091	57.4808903092142600
 1348.000000	3.7698812360514071	71.9284643058941811
 1349.000000	3.6128130738511741	89.3136420604795802
 1350.000000	3.1274677128244006	42.9091380581258193
 1351.000000	3.2399753155958417	70.1252511600224295
 1352.000000	3.2547168491595495	45.7357513892012832
 1353.000000	3.4653545420148695	35.1121869259743846
 1354.000000	3.1842806953461382	33.3784923234547648
 1355.000000	3.1216002984550051	43.4903656916202408
 1356.000000	3.6446259323175099	65.0505561183330627
 1357.000000	3.5747443389354658	58.8911644435472823
 1358.000000	3.3620261597273702	20.9919524894055201
 1359.000000	3.7069037044221229	52.3611185074733925
 1360.000000	3.1966544646042800	73.7314783039604151
 1361.000000	3.1159069408194990	4.7032938655496253
 1362.000000	3.1448273659668855	44.6037135729044962
 1363.000000	3.0798089470681482	47.9168842252144600
 1364.000000	3.0956534865566159	76.0225194098607773
 1365.000000	3.5289230986360405	65.6903550265627842
 1366.000000	3.0420851880912023	20.1560840296480137
 1367.000000	3.3204478070433177	72.0308743969470271
 1368.000000	3.6293411236664559	36.7639535932116530
 1369.000000	3.0452018870520576	40.7992357692474172
 1370.000000	3.6348080489773853	55.8428802983215746
 1371.000000	3.7776343710998108	42.2530831212450266
 1372.000000	3.9963952159240623	60.0304098199028431
 1373.000000	3.3868240347554304	67.6249613451187770
 1374.000000	3.1657712908960511	17.5363079207673707
 1375.000000	4.0414500279916989	50.1232246856572203
 1376.000000	3.1234772575753551	40.0124085585880778
 1377.000000	4.1724963720249413	56.9931662263640959
 1378.000000	4.0817903288864077	49.9779637177153404
 1379.000000	3.5183474676976303	60.8896630579157261
 1380.000000	3.0798736863241216	38.3301902765505247
 1381.000000	3.5715767111001386	67.8773023841684306
 1382.000000	2.8111309706702161	52.7260231950397014
 1383.000000	3.0881210658482274	39.2472607079228055
 1384.000000	3.0542080195906287	55.3066293891183278
 1385.000000	3.4646143802353140	32.8384335481102596
 1386.000000	3.2442790919791133	48.4650684135444862
 1387.000000	3.1613746509954486	55.8276100956294812
 1388.000000	2.8920087692139305	65.9983653881735677
 1389.000000	3.0505807520112533	63.8880112947150565
 1390.000000	3.2030991507338240	71.4409607356795959
 1391.000000	3.1013450776020579	47.8677922145348305
 1392.000000	3.2783439070954974	60.6570081222322699
 1393.000000	3.3425975664448053	73.1751833228376825
 1394.000000	3.1362870945055730	63.1328783809542387
 1395.000000	3.5462977144709118	73.7153687765437411
 1396.000000	3.4489129414925035	52.5299960170892177
 1397.000000	3.3989920294577285	51.9697738944602747
 1398.000000	3.7428672424674634	53.6188689215125152
 1399.000000	3.2365840902503065	56.5878225945427147
 1400.000000	4.0480450343663934	52.4403364961466849
 1401.000000	3.2384752700702717	74.2182956142594463
 1402.000000	3.3224583073840259	34.3177389514773097
 1403.000000	3.2046973549229056	47.9000389903475536
 1404.000000	3.4566605891746551	62.4728322223563026
 1405.000000	3.2086385771348516	54.9450524918047307
 1406.000000	3.1112561963669636	65.1473340987674305
 1407.000000	2.8601217146883999	33.6284254527456028
 1408.000000	3.8187085653152990	70.1369932121613431
 1409.000000	3.1894521736917740	44.4043954396658478
 1410.000000	2.9758381942381638	69.8672891938017955
 1411.000000	3.5650843720600505	63.9721809219599606
 1412.000000	2.9807739452509776	35.7461109431345676
 1413.000000	3.2753056892492123	35.3300558781521374
 1414.000000	3.1815658890456873	63.8421747042725656
 1415.000000	3.1630202181683256	54.9285932259785881
 1416.000000	3.3811723219631125	56.5954920003344455
 1417.000000	3.1418355098301429	77.8628282587199720
 1418.000000	3.4040829827492667	30.4040847604422879
 1419.000000	3.2799552686335671	46.7612350099106493
 1420.000000	3.7310943756100161	54.8794537074264497
 1421.000000	3.2693285195192621	67.2628150558880407
 1422.000000	3.1988224291124734	59.7654456322849370
 1423.000000	2.8320738541309600	60.7504945524114959
 1424.000000	3.0129876570558545	16.7344279775743701
 1425.000000	3.0435338819254323	46.1716945339339588
 1426.000000	3.3461462207779848	56.5688937617650538
 1427.000000	3.4629724277134057	78.8148601674860032
 1428.000000	3.8477938591378917	55.9320264310808568
 1429.000000	3.1634288065526390	51.8717253557699962
 1430.000000	3.5941905770364606	79.2886481880142213
 1431.000000	2.9389802527759747	42.0687219450286705
 1432.000000	3.2397630622119760	45.4108407197035149
 1433.000000	3.2855632716820287	41.7776787372025922
 1434.000000	3.3341871923622066	36.2069760340682478
 1435.000000	3.6263830057155180	37.0420549802773280
 1436.000000	3.2791079879993124	53.7549769462915776
 1437.000000	3.6751538235879693	47.0225827852322880
 1438.000000	3.4640299698718935	41.6128331530580056
 1439.000000	3.1859731463871199	40.7309006932134139
 1440.000000	3.0418175611500118	70.6668970191230983
 1441.000000	3.5150919431818237	60.2144144764246931
 1442.000000	3.1806377164836528	47.4350540371045213
 1443.000000	4.1464494549507505	58.2390853409109752
 1444.000000	3.1291299641995654	66.2179024482960443
 1445.000000	3.3535856541363209	36.6460028039933263
 1446.000000	3.8158713112940319	71.0329394698435692
 1447.000000	4.3414134760432859	85.5534029510967571
 1448.000000	3.1144460382642469	76.9325641334707342
 1449.000000	4.3236119242197582	63.9079427398453674
 1450.000000	3.4169621677513389	73.6712231013166843
 1451.000000	3.8430527125955107	79.6097803313418666
 1452.000000	3.1088544328873717	36.8732075870054814
 1453.000000	3.4663949525780104	24.5260365133210314
 1454.000000	3.0293968979480383	15.1075788781163567
 1455.000000	3.1632387726446876	68.3185967980039237
 1456.000000	3.1786076767991212	67.9162680359108748
 1457.000000	3.0974593956774119	52.4769186526830254
 1458.000000	4.5429996014606182	55.2259001204269140
 1459.000000	3.3490417158433101	69.5620116200699243
 1460.000000	3.0401980374373418	24.8389641824377065
 1461.000000	3.2008770460321307	47.8731181204300071
 1462.000000	3.2591765272456330	16.8525264266389172
 1463.000000	3.6878502839761831	37.7130217474937979
 1464.000000	3.3903030670198735	60.8770644544208324
 1465.000000	3.2090380766838198	21.1626284315690611
 1466.000000	3.1766410180273366	61.3159862308598349
 1467.000000	3.5350021478747520	66.4957177010275160
 1468.000000	3.0516028647366218	53.5776860892191280
 1469.000000	3.1263465947152165	80.6082945767084880
 1470.000000	3.2639703059888268	51.8096481411168099
 1471.000000	3.0350003946923585	36.9388658274188799
 1472.000000	3.4942044035992694	33.3487554691260755
 1473.000000	3.0744543165762432	42.9475352928838845
 1474.000000	4.4363090885096668	57.3839846615268243
 1475.000000	3.7161849659405712	66.0927657453363224
 1476.000000	3.5196562057297305	63.9063476245541580
 1477.000000	3.1196191492615579	37.4225153576190905
 1478.000000	4.2792462814339105	38.5783330090033871
 1479.000000	3.0704554381196680	50.4217144811550497
 1480.000000	3.4708811758031559	52.4582442507881126
 1481.000000	3.3948144281481172	81.1769591431507820
 1482.000000	4.1807980538066900	59.3166077475268594
 1483.000000	3.5431009065566013	54.7469286113796016
 1484.000000	3.0204180665754068	30.5292064666628846
 1485.000000	3.5776102974573170	55.3085815468525510
 1486.000000	3.1820337104800975	34.5493824675248504
 1487.000000	3.0963241881895018	27.4694455571987817
 1488.000000	3.4623889895477697	78.0128268502568574
 1489.000000	2.8427988938981312	69.5872747477036881
 1490.000000	3.2306982408990881	57.5517793172099914
 1491.000000	3.2079360880563925	54.8733560495108890
 1492.000000	3.1030046909484468	69.8915945762053354
 1493.000000	3.1822277021680048	46.4001706397270368
 1494.000000	4.1695658601358794	56.6151207194990604
 1495.000000	3.3395381527703645	76.0975200530490099
 1496.000000	2.9194330715276813	21.1842358233899120
 1497.000000	3.9020192004612748	53.5118260573925255
 1498.000000	3.9629760433652170	63.2024755471943678
 1499.000000	3.2654336880990558	35.4788173081132641
