 0.000000	16.4201156350822970	42.3239884080267927
 1.000000	17.1795559864381495	90.6987237976833427
 2.000000	13.1969950250169035	101.7511646773465230
 3.000000	16.6521894062814262	117.6716914982754929
 4.000000	18.3396191845820589	153.9976904792210917
 5.000000	18.2384503602983123	35.5102334442416350
 6.000000	17.0465724705700374	89.7265033630144018
 7.000000	18.8677803968752400	63.7011940937360350
 8.000000	13.4053898593642593	127.3974735394440359
 9.000000	16.3135593988506251	113.5981786688611095
 10.000000	17.4345971085475071	90.2806157718409423
 11.000000	16.9733102653497951	88.0614226635670718
 12.000000	16.4214614397793284	129.0853874301758424
 13.000000	16.5711877759368740	130.9474903791927147
 14.000000	18.8020436897024474	137.2076107667726035
 15.000000	15.7875603041156349	63.8763401363700183
 16.000000	16.3520836445999116	118.7466636341353592
 17.000000	16.9721377244985376	80.0889547529741606
 18.000000	15.2572392553213980	39.4879405410747495
 19.000000	14.9077271513370686	67.1619943769844667
 20.000000	15.0047933179066177	144.8998133470063010
 21.000000	16.4595106650351397	39.3785919674364209
 22.000000	14.3271642988978520	138.9549339861908095
 23.000000	15.0875083424232148	35.7332005485269804
 24.000000	14.1489348731184332	119.4998546000547464
 25.000000	13.4261299302864501	98.2555613918593309
 26.000000	13.4617545675012700	117.1892572691064913
 27.000000	17.0757528408832968	79.8126986062107164
 28.000000	17.2491448483959537	48.8932687128503858
 29.000000	17.2402524382046813	78.9872610769528620
 30.000000	16.7428862597916641	60.3087071271060182
 31.000000	16.0321740526063898	82.8915048441834728
 32.000000	17.5381479271195353	86.0652043507417517
 33.000000	14.6972114695602230	107.5506771066291520
 34.000000	14.6455169619940566	99.5150260576793499
 35.000000	15.2554905834278127	78.1241882667159615
 36.000000	14.6047774969657773	85.6874319579577701
 37.000000	17.7342438926489585	153.9939098075557240
 38.000000	18.6673977834859706	53.8724191977004665
 39.000000	23.3926004080272243	77.6157804053487581
 40.000000	21.0713513681581510	87.1973611307245591
 41.000000	20.5795259145177063	74.1400142175188961
 42.000000	17.2311392286718430	150.3301845996267048
 43.000000	15.5945388475889590	24.1377076937498600
 44.000000	18.2420365354280989	76.7198416855159877
 45.000000	22.5795215682570749	95.8454906118487315
 46.000000	19.1456322002768324	63.2009727701741042
 47.000000	14.0160981714747876	17.9137794505573993
 48.000000	16.8375545237662436	43.0384645782604025
 49.000000	16.8242964210956707	27.1572107380721377
 50.000000	17.4951036095280585	48.1389216779129754
 51.000000	14.0357312077939742	24.1735609436385346
 52.000000	17.2233181235238995	26.0433091138909845
 53.000000	17.3197027401315289	64.6072510869654479
 54.000000	13.5589900853033676	56.1280769024119337
 55.000000	12.8913276982959975	4.6056415230696075
 56.000000	12.7471411119928977	47.5000020578887074
 57.000000	15.5467186953339400	50.0022621825374074
 58.000000	11.7244340456324583	47.9234483709930998
 59.000000	19.8533804193660472	70.6473023931513495
 60.000000	14.4687211728719891	28.6127829095930224
 61.000000	18.1995058261460514	110.7172410545786931
 62.000000	17.6672255135288445	109.0701606233980812
 63.000000	16.4582848580131760	110.2273412528222565
 64.000000	17.9276207021016383	97.4229821284237687
 65.000000	17.0859921897398763	113.3266463261383734
 66.000000	15.4581319973123463	97.6559982060385749
 67.000000	15.8617752938720002	90.9817883822071991
 68.000000	17.7798190097432780	118.0921108284450440
 69.000000	16.5271975014645065	129.3775386006133772
 70.000000	16.1629540753550813	70.0125556130389555
 71.000000	17.4639748388876122	76.1671933680203921
 72.000000	17.1891264636496430	84.4659761186006364
 73.000000	17.6714776677947860	138.8018714461297236
 74.000000	17.6836822101981532	90.0356970755537844
 75.000000	25.1258578677035977	57.5628322042454812
 76.000000	26.9839225041378263	90.8722369816817803
 77.000000	24.5848049759559331	156.3659259641539450
 78.000000	24.2293967543882935	171.0373125618471306
 79.000000	23.6191303097543397	78.5613762620990599
 80.000000	24.8445733418484132	54.6426691981506423
 81.000000	17.7859113897311616	69.2995891381384155
 82.000000	19.6773168743911278	105.4155696502779449
 83.000000	23.9466236931915510	104.9587433807027850
 84.000000	20.0320299324523816	103.2097206972321004
 85.000000	12.2834964210520710	106.3065319742206754
 86.000000	17.1123634549351209	118.5017321092828553
 87.000000	18.4949195671458142	98.6695297196801278
 88.000000	22.0393183275675852	107.9482368103171694
 89.000000	21.7238481840050355	105.2919566234283053
 90.000000	25.3285412069785671	125.9148772256069151
 91.000000	24.5304484340283473	129.0947334876893819
 92.000000	20.8892786589317971	68.5915531696564784
 93.000000	21.8697183804826061	111.4323865791632215
 94.000000	21.1981208321688932	94.4752142347554980
 95.000000	17.6970798358819152	121.6866833455244716
 96.000000	18.5673670623273388	74.4542721153591316
 97.000000	21.6589636386892330	64.7038769707107377
 98.000000	19.2658462219602029	98.7441593655496064
 99.000000	20.5865216125661767	59.9705413275943471
 100.000000	17.9687174113039774	80.8811628163743421
 101.000000	26.1130674841086687	119.4833468147058397
 102.000000	25.6097538462728735	104.4294867757359668
 103.000000	16.9279938443214988	21.7141743054363303
 104.000000	18.0002122242985720	74.6735399768351016
 105.000000	8.8782639414342235	110.6754084178546975
 106.000000	11.5321559864492791	67.0941149082237445
 107.000000	17.7663633395056912	91.9177505377969482
 108.000000	19.4018923407233572	110.5419100059676509
 109.000000	20.1107367110570827	57.7500971348060546
 110.000000	17.8791220150778258	85.5851564302759300
 111.000000	22.1468196927471226	66.2848325418665496
 112.000000	27.0722681452984730	74.4434338252812751
 113.000000	24.5655182830403973	94.8354564762129399
 114.000000	16.6903795718083288	54.0106340451149833
 115.000000	17.7319601032363252	45.7855028940007003
 116.000000	22.7447049206683616	60.9337520283016545
 117.000000	22.0455619377866476	46.0547831630886435
 118.000000	24.6333024593864458	106.8184596695928548
 119.000000	18.2186277918976600	103.2750765039817793
 120.000000	18.1906612582464220	93.0454368828960270
 121.000000	21.9334564002597077	113.4842751105279319
 122.000000	16.5170404239404967	72.7076398166288556
 123.000000	22.9269826570079971	167.0609649601743740
 124.000000	17.9653042264333216	54.5088038682952316
 125.000000	18.1961487916465288	38.8351130143376508
 126.000000	21.0889155337592200	114.3653668682803328
 127.000000	19.7706615781514863	47.8093058064686431
 128.000000	21.7896771983416713	64.4540045134971677
 129.000000	23.5304141531976043	68.0638561398526036
 130.000000	20.5625064744452928	155.0525690872233611
 131.000000	27.2538971055914558	90.8430850957652467
 132.000000	20.3971916683971415	25.5148451698382814
 133.000000	18.4502419517409919	56.1715594886520790
 134.000000	20.4738757008009813	115.5178201805900642
 135.000000	20.9436810969868255	78.4188110577332509
 136.000000	23.2190509625547001	106.0888436259368461
 137.000000	20.4691937595267568	72.0260868567669945
 138.000000	23.9317670199219954	113.3918758156194286
 139.000000	27.4234640935277554	86.0015580184432338
 140.000000	22.6979938409053830	97.4342369368046235
 141.000000	23.8650437563163074	105.9230728371506558
 142.000000	22.4551993412364865	52.2674341129586395
 143.000000	25.7784650261267032	79.8514929625414140
 144.000000	24.4959580819592269	108.5350697985067825
 145.000000	26.6424462914629885	87.1361153060530427
 146.000000	23.3236172239839199	115.6498318850110962
 147.000000	23.5757222741039953	62.0675184324453539
 148.000000	19.8058000597352510	64.3391811768795066
 149.000000	16.8200297333662832	94.4028159624013767
 150.000000	26.2205509060322193	133.1778394520612778
 151.000000	19.7021624857396631	111.2021279843639121
 152.000000	19.3323021363240812	125.3523183691328029
 153.000000	19.2391501768280264	64.7995632937691539
 154.000000	13.1559303834166812	54.9169257861693723
 155.000000	21.4268269993024454	155.5065517613302859
 156.000000	18.0335156550618549	136.1317634436096284
 157.000000	20.0734777104833988	59.6418896390355115
 158.000000	20.5814931211475489	86.7487109437054897
 159.000000	19.0173903775394137	31.5951542604632891
 160.000000	21.0814103216678284	114.4787860931631087
 161.000000	21.3897428164062937	108.3921173361185026
 162.000000	21.3561020142165852	118.1341815474235943
 163.000000	20.7945661864514761	71.4922339243463085
 164.000000	20.2028201558258438	35.9413846323948292
 165.000000	18.9199350881286215	46.1164474277641432
 166.000000	19.5810903350524477	85.5229422670615236
 167.000000	17.3716340972645575	49.9495846032443751
 168.000000	10.1815420817351505	55.4225107473636029
 169.000000	21.2388369406443012	86.3883947302902016
 170.000000	21.0891846154596010	101.8237647030311877
 171.000000	19.8922694737660066	84.7316802664737310
 172.000000	27.1716531410630431	143.2516556085483899
 173.000000	27.8851163332555103	108.5229419260571149
 174.000000	25.1541961501979969	144.6919768760935767
 175.000000	27.0958411559849317	101.2305237245137022
 176.000000	13.3435654800962773	48.0371196908074012
 177.000000	25.0861445331546058	114.3315045988644414
 178.000000	24.1359965707776389	95.8400099493806152
 179.000000	26.0420995340919887	92.5156838497222367
 180.000000	26.0337902419480010	100.4410470894199960
 181.000000	26.5368034063864577	98.1095179580374150
 182.000000	14.9699851780969215	13.1066859887903036
 183.000000	20.4006000885668399	65.3044431905878184
 184.000000	19.1144740511267095	165.2673069858187205
 185.000000	23.2271310046432475	96.5979162359656840
 186.000000	26.0019028182939564	64.9491315816132300
 187.000000	24.3434631687341856	96.3253788847382992
 188.000000	27.0796843752059928	106.8410828548580582
 189.000000	20.7776395593183381	82.5382809001767725
 190.000000	17.7809959699793190	121.3633990610940145
 191.000000	15.9226195446387155	151.5771599590154892
 192.000000	22.5193535650759493	121.0437462058569054
 193.000000	24.9679412479563005	44.8892580165212962
 194.000000	16.1426871629491728	47.9880820482591446
 195.000000	17.5104906698839926	140.3027041976476426
 196.000000	22.0224510997752070	84.8351367642283520
 197.000000	26.1902932678958180	97.3683221213302090
 198.000000	14.6862645806459327	51.0103749611836861
 199.000000	23.6742742123881627	113.1392546180166079
 200.000000	19.3098800845558429	124.7175894878539140
 201.000000	19.3452444084221327	72.4036837270976719
 202.000000	16.9128036520771339	129.0296056944690974
 203.000000	19.1887903250919862	129.1252495898830830
 204.000000	22.1297318103473337	102.1389970558190754
 205.000000	17.7946438270925320	63.6089124723021797
 206.000000	17.5336362750667689	51.4389704328492599
 207.000000	15.1440566309404403	109.6488270119856026
 208.000000	20.3861651628942369	137.4641877593062986
 209.000000	16.3297619926425028	144.1385174076200997
 210.000000	14.9863104485456429	14.9420850227218693
 211.000000	24.4766061048826415	135.6955829539983824
 212.000000	21.5927077429035030	165.2332549985351875
 213.000000	17.5151973689177218	106.6513028371580987
 214.000000	18.4641279195479271	172.1848722162371246
 215.000000	27.9664783533414081	80.0130400911349966
 216.000000	27.1537330760259685	66.2340447997418238
 217.000000	20.0927409443551070	17.6269317782949031
 218.000000	18.8289867242214228	16.3179310317499926
 219.000000	25.2990874607269696	92.5941458612746686
 220.000000	20.9761280729433786	75.2271011581028404
 221.000000	20.3571624423114841	71.6371681439433132
 222.000000	18.0567881793737008	47.0763117639135658
 223.000000	16.3334417434079775	62.3507318704947124
 224.000000	23.9793600587787914	76.3954185316016918
 225.000000	24.7983390497110392	85.3037586916694579
 226.000000	20.9745672916096417	112.8025020050501439
 227.000000	21.9528411685244471	119.9093424909123655
 228.000000	22.8517708322355411	128.3294297110996354
 229.000000	21.9812407016209193	131.8869443962423702
 230.000000	18.9117599349324017	164.8664005987444625
 231.000000	20.2281096055596450	68.6325037699222236
 232.000000	23.0133146873851651	89.4821993389275860
 233.000000	24.9992059746301116	95.6377656397062452
 234.000000	25.5777704847208405	123.8424504299184434
 235.000000	24.3407354880099831	101.0445376245000091
 236.000000	19.9010116704550235	67.5390636146581471
 237.000000	18.1411818374903540	89.7699118561042440
 238.000000	16.6906360400566669	79.8288400025684268
 239.000000	18.7243319800788939	41.5109542041780344
 240.000000	17.8519934425278244	66.0067371691714442
 241.000000	18.3536475791580216	58.5299709488899254
 242.000000	26.0875156776768549	76.5215372510253644
 243.000000	20.5049549011257604	63.7752505769680909
 244.000000	16.8483367530001473	123.2492837750561279
 245.000000	21.7207042101703216	98.3756546202684206
 246.000000	24.7032803747770480	76.7076510338790598
 247.000000	16.1932572782853299	96.5402095139144194
 248.000000	16.9899465492452109	66.8054458929302513
 249.000000	20.0332812569497953	104.5195539307523234
 250.000000	21.9304722252862163	121.5054546691210646
 251.000000	18.5810318073904881	88.6137076639891035
 252.000000	22.5689905324736984	114.5032032928528594
 253.000000	19.5714957812308832	89.4653392583522162
 254.000000	24.3272386681229484	112.8833825049048443
 255.000000	21.4049536468822552	84.8776013651196877
 256.000000	18.2183436760909423	89.1665745288819522
 257.000000	16.2919136176108879	57.1498008305580782
 258.000000	20.3256076603156437	99.5622879826785976
 259.000000	20.6865970923122653	24.7641856971592631
 260.000000	22.3340376093356561	91.2629561052994660
 261.000000	13.5626764273597384	34.1311836121350609
 262.000000	22.7617179556174918	152.0217219035869789
 263.000000	22.8123149740664495	154.8612988598822255
 264.000000	19.7537995825216086	142.3225971716650804
 265.000000	23.6092449022416950	87.1941038572064002
 266.000000	18.7863573591859279	45.9598225705614709
 267.000000	14.3392450486371033	30.1194283187175813
 268.000000	21.1892448517341059	83.5879168617829293
 269.000000	23.7717082537233892	96.0251488805041333
 270.000000	21.5936392209525714	57.1539143245663297
 271.000000	23.4257446516524865	96.7153200597444851
 272.000000	24.6508355295115358	74.4394644825414957
 273.000000	22.5204122592911524	77.4550527219708727
 274.000000	21.4620627134003676	112.4471615347483606
 275.000000	23.2443570476446411	124.8570861783888120
 276.000000	22.7579164838507282	95.1055264406415404
 277.000000	22.8571463696080599	120.9127359117628515
 278.000000	21.6870032596821609	131.2078548037442545
 279.000000	20.7818724986632795	128.8309301325415390
 280.000000	21.1685865723410487	87.9047517180647446
 281.000000	21.7655633782199409	90.4848295963779776
 282.000000	21.6929503240043502	119.0908316010913950
 283.000000	21.9146973454794605	101.8859090104894847
 284.000000	18.2597018148920824	47.7960733162714746
 285.000000	16.6709684684877324	20.9991249061102678
 286.000000	18.8604303850675912	64.4341542414921946
 287.000000	22.4878755425178163	122.0449163882600345
 288.000000	17.9882537644677392	107.9876364934863631
 289.000000	16.1367970237616944	104.8244874301799143
 290.000000	15.5140903029048030	105.0796594401536908
 291.000000	16.8864865761663729	115.7909801980529494
 292.000000	21.5130268676343057	108.0158116065231582
 293.000000	17.9004343043054348	68.9288281578233892
 294.000000	18.6537032104171594	82.6483531084557228
 295.000000	16.8968645861472382	94.3001150053019188
 296.000000	17.3202792198634512	97.5600793269218798
 297.000000	15.4871998194391924	104.9568407871045679
 298.000000	17.1105642113356389	100.2124765444043817
 299.000000	17.2257558045615404	102.4820428078598695
 300.000000	16.1911992798874103	100.5930861082551075
 301.000000	20.3691573092968525	72.2330166015202906
 302.000000	16.2175797500750853	89.3570412395930163
 303.000000	16.1113433325415301	119.3258124417520776
 304.000000	15.5136663879940677	105.7348911926834631
 305.000000	14.9176131525465898	98.8780020606625811
 306.000000	17.7006689794340311	115.8487616754999863
 307.000000	15.9346145380600657	110.2402944216288319
 308.000000	18.1476434794002301	59.3960133911135983
 309.000000	17.4030459069108332	92.5211110090238833
 310.000000	16.6281613959864423	86.9729919108958853
 311.000000	17.0414106827555756	46.5150611546344805
 312.000000	22.8000782121065413	121.7490384861201278
 313.000000	21.7114597396243774	80.5694150955327189
 314.000000	22.5318281282858024	101.4228685092405442
 315.000000	18.4189185624095693	53.4603642358153053
 316.000000	20.7801464921491998	59.9048029613052933
 317.000000	17.0717062148300585	95.7782355973413644
 318.000000	15.3044828427473973	96.9236955108879812
 319.000000	15.2781863788607932	74.3051850528524085
 320.000000	13.9082770530087476	92.3417461838831741
 321.000000	16.5901886520829471	74.1759333464121369
 322.000000	16.2134749616163525	87.2544056054095165
 323.000000	17.2225058483459321	116.8734670850317059
 324.000000	24.4631456283224580	110.9337269515895343
 325.000000	16.7564307698126882	103.1766212528103068
 326.000000	16.7402904305162750	125.7220660730964994
 327.000000	16.5707669357326424	66.0058011277956069
 328.000000	16.7274605420232554	88.6406572318090298
 329.000000	17.8315215906784950	54.7019393463230301
 330.000000	21.1598991494003243	103.8531067347000914
 331.000000	22.2908068288002035	52.0460805586039186
 332.000000	17.6384453481136667	89.0020377398224554
 333.000000	18.1465091352394481	62.8898070364158031
 334.000000	23.1109197632161596	82.6141929029498101
 335.000000	23.3547063423219363	62.4240425515062896
 336.000000	20.5519512958324384	153.6279372087301454
 337.000000	15.2181655741659725	83.9056205084744136
 338.000000	19.7887708113092735	127.8145473066242062
 339.000000	16.9774541468589817	25.3674191480197067
 340.000000	18.9111301341705840	92.7377851109153113
 341.000000	16.5077938734161300	146.2870654140917850
 342.000000	17.9147441268530976	161.3086492836992534
 343.000000	17.7658274337128503	124.4414842028030250
 344.000000	18.9957669348190699	154.8396447430071419
 345.000000	14.2210828620820138	11.3408780150470818
 346.000000	12.6321851531950422	118.6555988948707210
 347.000000	13.4647698431697478	137.4023229199722209
 348.000000	20.0372031851358834	89.0919311743146096
 349.000000	18.1699719778503059	150.4211081305795972
 350.000000	14.7403084311661559	104.0408666907766673
 351.000000	15.1127418312539064	100.3305679191891784
 352.000000	21.7445263927867316	174.0556780677984818
 353.000000	18.0455225470410170	146.5415900574278680
 354.000000	19.8750491465425512	164.0563795009194621
 355.000000	19.6666538254645538	101.5083444946437510
 356.000000	18.7470467023727601	13.0070533061226570
 357.000000	20.0048179477504569	121.8389726811377329
 358.000000	14.9149322868321281	94.7341679141598263
 359.000000	14.3916274933820230	53.7840161349809449
 360.000000	13.7212221582450162	165.0414442656133360
 361.000000	11.6028183448251632	104.9991717764291934
 362.000000	14.5493315282641849	119.9379982683424828
 363.000000	14.4401248592638130	139.8017987877901760
 364.000000	14.1789417564783573	119.9702779648555691
 365.000000	12.9997201475736084	53.1033267938299645
 366.000000	14.5072126130605845	114.2525229601335610
 367.000000	15.4430705535786732	89.1131211171391300
 368.000000	19.4940258141899001	44.1256709282002930
 369.000000	16.9030472227016837	72.5035270556806211
 370.000000	15.4483470733202672	98.8538406880933138
 371.000000	17.5985252218333770	57.5341999661095826
 372.000000	20.9083508237152884	20.0533333045768813
 373.000000	19.7588920544972950	124.2608390485997063
 374.000000	19.5633063753234673	69.1272128004635960
 375.000000	18.1603705361978278	136.6858347423598730
 376.000000	25.3746453747765202	78.1433155623753350
 377.000000	18.7352023762057485	113.4610474131378481
 378.000000	14.3105760340324881	53.3450734539691922
 379.000000	18.3690271502716733	119.8733263516354270
 380.000000	21.7989555624075209	86.8530088431740097
 381.000000	23.7945896977087301	113.6790374487636086
 382.000000	16.1206964240075266	67.6898746158247775
 383.000000	17.1932198457150882	97.9449785737450895
 384.000000	18.5941535216682752	64.0607862360788545
 385.000000	20.4873121892436778	104.3622710279564814
 386.000000	16.6022805111083329	120.3636015780869855
 387.000000	19.9524132944660408	110.1886992631297915
 388.000000	16.2939834086178195	51.3465414849031845
 389.000000	23.7361419935700333	89.8882087234106564
 390.000000	20.3348568582256739	119.4181758331926915
 391.000000	21.0687403906850221	107.8024125094459720
 392.000000	22.7418622069930301	76.7991911364878632
 393.000000	22.6729260070501297	104.3188943533826745
 394.000000	20.2917441400193042	69.6371696812855276
 395.000000	23.5589665887858501	100.6602408411246046
 396.000000	22.8244186667197297	89.9081045680678841
 397.000000	22.3198994833026951	97.4563344019548055
 398.000000	23.4368548541094199	129.5718317181854502
 399.000000	22.5109222508379361	143.9446606457141229
 400.000000	22.6189594894131538	64.5002457578893740
 401.000000	23.2969229722793756	140.6902830171688379
 402.000000	22.6490351104280982	101.4051657925940049
 403.000000	19.2828055207998617	32.3334513003153745
 404.000000	15.5198741082427212	22.8369328054423306
 405.000000	15.9273729288933481	39.7898678851082082
 406.000000	15.7592710787074282	22.1258980763016098
 407.000000	15.5584269958225434	82.1429640350652193
 408.000000	19.4260716123249857	70.3250062812771546
 409.000000	20.3176848113499418	100.7528193936649643
 410.000000	20.1686240469272953	95.5774833319059240
 411.000000	18.5864097882680177	97.0331645236818048
 412.000000	22.3965795038640074	87.6686003689211333
 413.000000	18.3691570614868844	74.3150499143269769
 414.000000	19.3831087645443425	139.8624487481763481
 415.000000	19.8497763194780141	26.9273980522008003
 416.000000	11.2217603517654751	103.7420739696141112
 417.000000	7.0047182312115996	114.2109172175819936
 418.000000	15.8005113675053952	74.5744754263422607
 419.000000	15.6042671742937209	146.0792192598453880
 420.000000	16.4713286343543324	153.8163960940169375
 421.000000	18.8510071213222794	43.1227345936416668
 422.000000	15.2101410695123480	14.3363026922842494
 423.000000	12.6289758045255986	148.5334727594587605
 424.000000	17.0119505677429395	165.8518587449531765
 425.000000	18.2322100775442806	18.7607588340294740
 426.000000	17.9500215186983070	160.0061403748693465
 427.000000	18.0046791747840729	167.2582562872749463
 428.000000	22.4223459347801821	52.1335467724672412
 429.000000	20.9997941417563077	61.3060351852116412
 430.000000	20.2247025028891088	37.2617237885171448
 431.000000	20.0429565105642666	66.6685015755695503
 432.000000	16.3550063671399748	30.1328833269078302
 433.000000	19.6776463788600893	39.5596272823166544
 434.000000	20.5557353350347434	84.7909162681541488
 435.000000	20.3396131816580912	63.8712590831908074
 436.000000	21.9488204045928512	97.4774060043991994
 437.000000	18.2578714671841844	129.1196369373919595
 438.000000	18.2992645160867973	85.4189744013049506
 439.000000	22.3667543214653683	76.9299142690318547
 440.000000	19.5745599876185281	51.5836664365099580
 441.000000	18.2057871888539253	168.5517079533042022
 442.000000	16.2408508401510083	68.4784974648916744
 443.000000	14.6200769136769910	44.5881448802935836
 444.000000	11.4642976936807415	56.6272577634002090
 445.000000	12.6911501223557703	12.8158644647662356
 446.000000	16.4362459608092379	50.7998898021288312
 447.000000	16.2481284902381518	45.8166824019045293
 448.000000	15.1545722541252985	52.3931105549941520
 449.000000	17.6211576910995831	57.0124006994422388
 450.000000	16.3762234480984041	24.4659441419408665
 451.000000	11.2788362915602978	49.0434646778731462
 452.000000	13.1276729897620772	54.2669694127603037
 453.000000	12.0445291764449891	30.8264172369210598
 454.000000	8.9371508711947119	57.7352307896157981
 455.000000	9.3389084662292419	27.6951977368593418
 456.000000	10.4210809806313645	42.8015230829699931
 457.000000	15.4949833638525014	9.8252075487072261
 458.000000	13.6866416285889585	102.2396415888126171
 459.000000	19.8117970862480774	66.1921702664716634
 460.000000	17.2055438743241780	81.9689393807625208
 461.000000	13.9471935826831395	96.6820835102377600
 462.000000	8.7834417287741005	47.6067019466819090
 463.000000	15.5592092009273397	55.5683611747656414
 464.000000	12.4905718623291744	103.5272059941869571
 465.000000	17.7428371495480803	129.3467655043316995
 466.000000	18.4133810668835771	49.4378926672203818
 467.000000	16.7631321553244597	82.7097454281213373
 468.000000	17.7189803857326069	99.8264048260347181
 469.000000	18.4371979138463402	104.1377585623580160
 470.000000	21.1706789561284765	85.6438002064927275
 471.000000	16.7529991547830370	65.7002269699289201
 472.000000	15.9279306820578554	96.7593665997525818
 473.000000	17.9054999054209816	77.0613823646781810
 474.000000	20.1968722689008118	83.1406573157171067
 475.000000	14.8104737092428653	57.8485344349265915
 476.000000	16.6936833572200740	119.2762279897444557
 477.000000	15.4440971739752406	93.5151463671594882
 478.000000	15.7698870635789792	35.5190668988638265
 479.000000	17.2561160037709627	109.3578011663014706
 480.000000	15.4591289203839768	69.8113730828914214
 481.000000	16.2093065814129140	95.6054281820345011
 482.000000	16.1711584054956141	91.6041861177638737
 483.000000	13.9325408590021507	94.1995887939997232
 484.000000	19.7075356349680284	76.4800729081453028
 485.000000	17.1886961742829882	86.7890450511851412
 486.000000	20.8279929531402743	77.9348025908333000
 487.000000	19.2837680733364643	91.8322210608563125
 488.000000	21.0677347883993669	74.6924025780995038
 489.000000	15.6883959392116701	76.7296849176044304
 490.000000	21.9106670535333095	39.0151483893008901
 491.000000	24.7969176470428714	110.6764858849235367
 492.000000	22.2750452458174948	110.4372664946822624
 493.000000	24.0714582565242097	116.1975846078054104
 494.000000	24.2417390254801894	109.1547501811094776
 495.000000	22.0350446573823149	75.5659773477324990
 496.000000	22.2086294058871871	114.8456880228941941
 497.000000	19.2338976700749136	87.4668848062279238
 498.000000	18.0498312390082845	96.6331665562864828
 499.000000	17.5221187767933344	104.9089731205160234
 500.000000	15.7577680692067403	10.1395789335102506
 501.000000	17.8529252519125166	94.8454959960441641
 502.000000	22.4768233628918068	106.7386345579177771
 503.000000	20.3353938141450463	87.7279116590920438
 504.000000	19.0998471339436122	114.4503626737956097
 505.000000	18.3573910933483333	59.6588318915315057
 506.000000	20.5008627739770155	69.5299644174048410
 507.000000	18.0457013306118981	65.1958642999460949
 508.000000	19.3512570428979309	59.3581590295961803
 509.000000	22.3337864761223024	115.2297517128841946
 510.000000	21.3963126342631007	76.8189779232712198
 511.000000	21.8866974914507963	98.6822679585803115
 512.000000	20.8688473545123507	86.0651285213442918
 513.000000	22.1969870423317452	121.5683685146667870
 514.000000	21.2326836564008659	67.6086357628999082
 515.000000	17.6277619450772463	83.9143720823628314
 516.000000	21.3864927400794969	110.6750066735753819
 517.000000	17.6081083178051720	44.7833185608858741
 518.000000	18.6029493540699384	67.9850472608258798
 519.000000	15.4690741155364577	64.3621105819156156
 520.000000	18.9722382254642739	99.3676982256400549
 521.000000	15.3255680010636102	91.9403393426032665
 522.000000	16.2917146244369881	55.4620855854672357
 523.000000	19.0771269543143980	67.4655702352776245
 524.000000	21.2159857528312443	91.3377584576268333
 525.000000	20.1601350114644191	39.3276324516305635
 526.000000	15.5903202300404011	88.8200234273874401
 527.000000	19.6450430941457128	86.3002981055726508
 528.000000	16.9375348614490697	78.9454025093057652
 529.000000	17.3436819649426965	91.3334030769499492
 530.000000	17.6814342472930299	89.5570112048239082
 531.000000	17.8155853033850633	115.3291639387675644
 532.000000	19.9194808941140451	78.8307534451168266
 533.000000	16.7978260541828384	87.2842175496577966
 534.000000	19.5437917079437575	99.9087406543620062
 535.000000	19.0310520671977272	106.5274954789648802
 536.000000	18.8869554643866735	50.0499037716674593
 537.000000	19.9615710409642553	45.7629203522252794
 538.000000	19.9902027199384733	111.4568942570039667
 539.000000	22.8082198984766826	125.0348792530757294
 540.000000	21.3482165993617095	126.4315774925695308
 541.000000	20.5475265748388658	88.6048431997530059
 542.000000	18.5272056751200935	69.2674623719060065
 543.000000	17.8470450765154673	106.5942427872340659
 544.000000	19.3767456927138859	120.0520448674800065
 545.000000	19.0713708166609308	50.4906520910982692
 546.000000	24.2173850420007817	88.7782138713714488
 547.000000	16.6082951128634413	80.8760193940849064
 548.000000	19.5287985277334961	73.1559096616041558
 549.000000	23.4516590504329692	74.7648611593257755
 550.000000	19.0623331663571101	129.4794878701216874
 551.000000	15.9772059434921747	108.1455672380770636
 552.000000	14.2572089625229914	64.4409702445379224
 553.000000	15.6764745278308197	122.2290110533383256
 554.000000	18.0975346902884873	56.7040109088181765
 555.000000	18.2121068293358270	86.1935456672032529
 556.000000	20.3609379654612539	120.4468957209607538
 557.000000	20.5372063675703203	149.0096377945525887
 558.000000	17.9467275213945001	38.8080050702278356
 559.000000	17.3913671288928349	114.0318064037587220
 560.000000	22.8373765753775757	127.0320732900857763
 561.000000	19.8850185302670361	125.7134616146208543
 562.000000	25.2128854148626012	133.6983188778479530
 563.000000	24.8630426783845486	139.8448330099856776
 564.000000	21.4330715451836937	58.8613348348372512
 565.000000	19.0593505412434787	131.6340730148739340
 566.000000	23.3981960958095492	121.7670966742764449
 567.000000	23.0949248238012608	60.3096908114698920
 568.000000	17.3422070037846972	105.7434835394422663
 569.000000	16.9180835008667323	108.9836387343131747
 570.000000	20.3179626358811873	122.6435170935478709
 571.000000	13.8557141581403780	98.4658823564711980
 572.000000	17.2478394215966091	120.2666964491482418
 573.000000	16.0299925759817938	74.0554659704207836
 574.000000	17.6651221791203987	78.5647771809090898
 575.000000	16.3972331055128180	119.9827661520082813
 576.000000	18.2589910693916870	59.4387196912030191
 577.000000	17.5432494555714271	120.6015178345834329
 578.000000	24.2549416682302450	100.7230416247422795
 579.000000	23.0361892957798808	131.6039232843621107
 580.000000	24.3131473354576038	109.7500667621875863
 581.000000	23.5176837846455058	138.1688930486669733
 582.000000	26.0952229210152851	71.8614631982083978
 583.000000	17.7138854008410327	42.3032093750657623
 584.000000	20.1321804035886736	83.9791511880740984
 585.000000	20.1157265375232193	134.8783294395550456
 586.000000	18.1035288003926595	92.2600408159746053
 587.000000	21.2035651062288295	106.1484930775537521
 588.000000	19.1811614301044280	146.8260065112269217
 589.000000	20.5172882476344860	104.7797090142508551
 590.000000	20.5956156145980849	133.3807471000483531
 591.000000	16.0260003190226001	110.0631637354589287
 592.000000	18.8212294035443897	85.5641184738511953
 593.000000	19.1859099243227007	129.8519790201525552
 594.000000	21.6254159175658280	85.6078258387095730
 595.000000	22.3393444294599597	101.4402962552689758
 596.000000	23.2443344223068102	123.4516325416012421
 597.000000	22.6117434483746607	93.5404658651657428
 598.000000	20.5705560440099582	90.7748865177453723
 599.000000	21.6020429401696532	97.4442934606233990
 600.000000	20.6787515975841529	143.0627309970918475
 601.000000	18.3437527619336684	87.1951323586865357
 602.000000	19.7163642030493875	126.1308541453675218
 603.000000	17.7733151452564577	105.3009155220876778
 604.000000	17.1715119705289219	92.3575446058234775
 605.000000	18.1750944825495750	123.2310626200908246
 606.000000	21.2207398877811713	68.5820036061111438
 607.000000	19.3039845409984672	115.0698249908332542
 608.000000	19.8552029958936664	73.8265360948864924
 609.000000	15.1614556352276750	79.1718885607185854
 610.000000	17.5073924342800140	78.8908535152603463
 611.000000	17.4317537971622905	93.4607848131427801
 612.000000	15.4328054306427145	67.8174778216988869
 613.000000	17.2763047779475123	115.1877478655948011
 614.000000	15.5318443255863752	66.5309938198368940
 615.000000	19.5209009134751597	73.5535677589603125
 616.000000	21.5890432934449557	91.9053581842915150
 617.000000	18.4251219280649998	122.5897515908006881
 618.000000	21.9614800368016354	104.8180459234265953
 619.000000	19.1383778206744104	114.9515513741256996
 620.000000	18.7756151794077013	117.0335941772233639
 621.000000	17.8939271576042991	103.1741432037152464
 622.000000	14.6513667192399666	110.3392580532108980
 623.000000	15.9509951611236342	112.1013674566355007
 624.000000	21.7005017251830843	135.4740798765469378
 625.000000	21.2355289341496949	100.2496941758523121
 626.000000	17.8123988432099232	120.5661859484355176
 627.000000	15.3098608769534028	118.4825816564247418
 628.000000	14.3449830772274538	127.1889833430522856
 629.000000	21.6327009382330502	80.5835377482677586
 630.000000	22.6668283494444083	138.1220104848605956
 631.000000	17.7050989784999437	113.3576223655111477
 632.000000	19.7830919721530130	144.0549462809727856
 633.000000	22.8614486677616568	136.1764151611337184
 634.000000	15.9288629874792438	109.6610405131260393
 635.000000	11.2906552850242363	126.2972155730141850
 636.000000	18.5822640165913207	102.5972581858730308
 637.000000	15.7117410703864628	61.9816213282080923
 638.000000	15.7330739937316562	98.1720967383858181
 639.000000	17.5416144686947568	118.9116307954135010
 640.000000	21.5550729151717206	93.9119238202273579
 641.000000	19.4048768963630316	84.2952957188088448
 642.000000	19.0252948130040132	88.5777118819432729
 643.000000	21.6684549555224812	72.6792297184014728
 644.000000	18.0497463779553975	85.9514602842681654
 645.000000	15.4716092909875957	79.7983990973070689
 646.000000	15.3478924879923611	124.6958938328489666
 647.000000	16.4776667403566712	119.9445196977673618
 648.000000	16.1917927890551816	97.8247228915290350
 649.000000	17.9437014885691397	120.7201944976390564
 650.000000	22.5726738357114201	84.0271792559824746
 651.000000	19.5009145800780139	100.8707847784751408
 652.000000	17.0335870168828301	149.1885195249726337
 653.000000	17.1297280776406069	117.0842642266111397
 654.000000	15.9072093013388258	124.7092127894933213
 655.000000	16.9839204408456332	128.2420082759233537
 656.000000	19.9060686458595448	109.2393421140756118
 657.000000	19.8919574287160366	105.1599619081173813
 658.000000	17.6114132243073769	99.8932986599769208
 659.000000	20.4303938416737694	78.8461395091924544
 660.000000	23.8801384391908016	128.3766474163876694
 661.000000	20.2792012677555000	80.2199717524432998
 662.000000	23.0790476077412414	115.3805579315339429
 663.000000	20.5301769271291619	97.4964646776563768
 664.000000	17.9533386299245166	67.7196657190483648
 665.000000	20.0028978504382238	76.3016903576343424
 666.000000	12.4813313254172478	33.2841318874000933
 667.000000	11.3335021153826876	56.9267652755572016
 668.000000	9.7292885435993934	94.3717988681662376
 669.000000	10.8177355679331324	63.7824592501163607
 670.000000	13.2786203427691625	30.5156291680481502
 671.000000	15.7048021521118866	38.1635003742811989
 672.000000	11.1028001695275780	37.1750592166767433
 673.000000	13.0027601563451505	60.8182334254252623
 674.000000	8.8109773634472628	58.2010864833049197
 675.000000	11.3032428396794078	38.7390075057432455
 676.000000	6.5772859972964746	10.3048115505368401
 677.000000	7.2904978172299213	24.4891923386523445
 678.000000	13.0921599538739599	18.3605608032450789
 679.000000	14.3943724845873842	38.5497316833573223
 680.000000	17.6743744640739529	56.8520727538457891
 681.000000	20.7351152740997158	82.5773721603588342
 682.000000	20.2923088170484505	46.3212364122979068
 683.000000	20.2167603173508326	49.0106806542411562
 684.000000	20.5748960317227478	83.8369955749851243
 685.000000	17.8414615552960001	49.7645509724158330
 686.000000	21.9510831255647183	87.1121609446946223
 687.000000	21.5553474567466559	85.0131674227911276
 688.000000	23.4057577242498596	74.4965238356559496
 689.000000	23.1324252889306017	74.4237340483174563
 690.000000	21.4050753047590838	67.4427884274789307
 691.000000	16.0368747010577231	4.7957876486321140
 692.000000	20.3747862584176040	62.6342944217898037
 693.000000	14.9703854796761853	99.5772058270804763
 694.000000	20.2107544847653493	82.8938263903820030
 695.000000	19.3734039042797370	63.0174399282550155
 696.000000	17.8730856887774223	36.4036045674176592
 697.000000	15.9196254838247118	24.2730925684374483
 698.000000	4.4781810393930206	33.9737327957965931
 699.000000	7.9944451194679722	129.9289499744730279
 700.000000	10.2649852787059963	12.2135664816016174
 701.000000	7.3614010197230311	89.0203917391546611
 702.000000	13.5897624747430186	154.9993375580791337
 703.000000	7.4929730187739798	25.8392456581944430
 704.000000	10.3316068284284377	164.0640201877972402
 705.000000	14.0450491657937473	59.8168223621948414
 706.000000	13.5521808606726690	86.6750507310036227
 707.000000	21.3201746813540893	78.4158975037888695
 708.000000	17.2380890653145364	168.1592917565139089
 709.000000	17.6035639634402123	41.2555470761380150
 710.000000	13.4182459046486127	158.7525432842538180
 711.000000	12.3303965145405972	128.0654920790319409
 712.000000	13.9638196157391867	32.7922929565546326
 713.000000	8.9229246849019184	116.3225581418022330
 714.000000	9.7951850202155981	105.1511676948176159
 715.000000	9.9888470048248905	86.2133154345209931
 716.000000	9.2673600896224269	112.2385688820173328
 717.000000	11.8061408678377084	123.2871794943021371
 718.000000	5.1657502025257038	125.3883945777839699
 719.000000	5.6820321902696094	121.5229996204368490
 720.000000	8.0312779004835573	76.7744433107290973
 721.000000	17.5287384588280943	38.6584721274207936
 722.000000	12.5123813542662763	123.0585850928760721
 723.000000	8.5462747453052010	90.7525832609657215
 724.000000	12.9590634364374822	77.6701128491434645
 725.000000	11.0816555193529069	73.1147301297291250
 726.000000	16.4687627932037230	96.9432209156821330
 727.000000	18.5272614665278752	47.9959815551042936
 728.000000	13.7959774284465642	136.0100184927650844
 729.000000	16.8279048249996706	144.0091797539848812
 730.000000	13.3485462866638862	50.8930423370334779
 731.000000	13.1468914829465451	46.1103344540420039
 732.000000	11.5284167793739982	29.5935335299004123
 733.000000	13.4882569663182519	29.4609514024035661
 734.000000	17.5069325284323156	156.5360759072982546
 735.000000	15.4620457676118672	36.4290329547812064
 736.000000	15.9674847621676737	49.5125740047333238
 737.000000	18.2670705775484308	49.4019751350735987
 738.000000	12.1540319658332354	108.5164831479356025
 739.000000	7.7460466799292389	62.4559440515163402
 740.000000	6.7236805533527653	24.9421519221159258
 741.000000	10.0295504944850737	30.4233360926349405
 742.000000	13.0266620975153842	16.6420313126401709
 743.000000	18.2742616896178340	34.0615694264962769
 744.000000	13.3068555342706727	12.1809488547281433
 745.000000	6.6746214704041007	99.7921705572935167
 746.000000	4.6005537790009789	163.9381111280377752
 747.000000	12.6721184265959579	36.5378778352284428
 748.000000	9.4288268915331592	100.6098259703142475
 749.000000	4.2032469669772103	120.4457745849422281
 750.000000	9.8798408410659242	71.3078714637694020
 751.000000	11.4067549693959140	92.6023698442011209
 752.000000	7.9278378006745580	1.6808944773544567
 753.000000	7.5692394063187693	62.8101447758501763
 754.000000	8.3131776621746223	39.8023250873880272
 755.000000	14.0614158020737818	27.5415154848282100
 756.000000	16.1367318322615994	74.8892026916782498
 757.000000	18.3404639037203516	82.8196485765541439
 758.000000	14.5402122269809890	46.2009241931363306
 759.000000	17.1233429631958849	47.9241897778007910
 760.000000	15.6848039591732604	53.7138635542080607
 761.000000	17.2462791770306190	167.6595803342837030
 762.000000	11.2331199723473567	21.5517282770659619
 763.000000	19.4379970530562929	81.6465529212046306
 764.000000	20.1271295806760158	95.1176084899853294
 765.000000	19.9310689012591844	61.2643089532602971
 766.000000	17.9256242889551416	66.2382064716093168
 767.000000	19.7460141404915959	65.7141241750646401
 768.000000	22.2872241651217387	75.2714699304572008
 769.000000	19.5697129429769738	89.5700070870648517
 770.000000	19.7519175253181629	91.3946821593465444
 771.000000	20.9861619151091467	67.2296969378843983
 772.000000	21.6469687233644699	81.2244921435330554
 773.000000	17.0923551203992155	141.5861064226589860
 774.000000	18.9892224845108544	67.9161246857363210
 775.000000	15.6192191560411580	14.9387195208936703
 776.000000	17.7263713085879502	73.2230291633242558
 777.000000	20.8790064644072331	128.4494457146721516
 778.000000	18.7452875998487798	141.5593174548337743
 779.000000	20.1358136882218162	114.2674015732831379
 780.000000	13.0643407825993556	49.8516284388396116
 781.000000	8.6899724784085794	12.5170880857380951
 782.000000	8.2803979947722812	25.8953731606787585
 783.000000	10.4863468789676322	138.8497372604196585
 784.000000	16.7840833810903511	46.1898695666039316
 785.000000	19.1692050071956643	107.9583995375057839
 786.000000	16.8243544532937790	47.8748348701014095
 787.000000	13.7073024018280485	147.8770967072659914
 788.000000	18.0412494326615835	95.8646821550846227
 789.000000	20.7993518850687700	102.2746334036033318
 790.000000	20.0635495337419698	89.6285165859627284
 791.000000	17.9418674890455279	69.1585977913062351
 792.000000	15.7892686695424818	56.2725814639174473
 793.000000	16.3101123782227084	63.1941643442395389
 794.000000	16.6779944691985662	139.4068481076523369
 795.000000	15.3655193369688590	160.5123111521389490
 796.000000	15.7331569415008374	174.4975909171386661
 797.000000	13.1766999959537614	36.9567388095521778
 798.000000	13.4332399248281753	48.5910994149575686
 799.000000	16.4829603803174578	155.5924091780339893
 800.000000	9.3370178902875622	157.1940263537894680
 801.000000	11.2552757003450221	52.0710650091765643
 802.000000	10.6053298371467939	48.9901078437456192
 803.000000	14.8181671469123621	126.6849215515557745
 804.000000	12.4591190807359826	139.1733777413450639
 805.000000	12.5011350168627011	130.3927703447622548
 806.000000	9.1716427599924248	14.7613012456973820
 807.000000	14.7666694378478240	10.5989720714754299
 808.000000	18.9621094218405801	86.4477614564363819
 809.000000	18.4712997023207954	81.4490452843984372
 810.000000	13.9106748030612355	43.3806613697411763
 811.000000	19.0122569414457274	118.3999699908486747
 812.000000	18.6495912683223928	51.8073716100929857
 813.000000	16.3106205483526132	62.4201316930646897
 814.000000	15.0393349106575922	133.0743458776508135
 815.000000	14.7656241275688931	122.2674879955699652
 816.000000	17.1217555320883434	70.2679227649739175
 817.000000	18.7686062769604369	72.2305483972230462
 818.000000	22.4781394508237540	100.8279293657223548
 819.000000	20.3444967753775821	48.0429848883549653
 820.000000	17.3728655530906124	104.1262588610961473
 821.000000	20.0187707037188112	58.3632636620662026
 822.000000	17.8237868706974574	71.9675197902779473
 823.000000	12.8726609447252454	103.0020312928151611
 824.000000	13.1420281892950843	94.5623348984020140
 825.000000	12.8557111901392762	97.1637017218645553
 826.000000	14.4900640961292861	88.8826848228049471
 827.000000	15.5908402804642776	37.0467107559259432
 828.000000	14.6939575827829252	55.4423590728920601
 829.000000	13.2990156345657748	125.2449981948684439
 830.000000	18.1391069526577482	150.4317837480399191
 831.000000	17.8331004621099503	133.1077793878870352
 832.000000	19.0834239654403461	83.8112767364028883
 833.000000	20.4191274841318631	43.9107062016907150
 834.000000	19.0656233390995595	106.3253578902250212
 835.000000	20.5373171670640851	106.6029361012458594
 836.000000	18.7855853554775578	100.0319166317390085
 837.000000	16.8261094254768580	108.5560661506221720
 838.000000	17.7386904241752212	130.9833606935334558
 839.000000	16.8217277908222265	99.4577564031797436
 840.000000	17.7551309001761020	164.0242799769361284
 841.000000	19.3677888738216950	65.4139456402173209
 842.000000	18.2824419322935299	138.3490777862496941
 843.000000	19.4732878679102193	109.0841568642265287
 844.000000	15.4257588608387124	136.2886050263452660
 845.000000	16.0843061637721370	117.4961036147208517
 846.000000	19.0328529838692688	84.6854348842952334
 847.000000	16.6031433555465675	58.3455398803150018
 848.000000	20.3669666767315718	107.3425717707243052
 849.000000	24.5778202819419427	100.7436207412933697
 850.000000	25.7837523665456416	76.9160538865281609
 851.000000	23.3609822587022506	112.4412367327716851
 852.000000	22.5356801368585415	104.5512142610281359
 853.000000	19.0946222868330082	129.6883225042006984
 854.000000	20.9143026791159379	80.4825139356679102
 855.000000	20.8708067827374286	22.2414907507626651
 856.000000	19.8848051451776229	118.0805821111359677
 857.000000	18.2785675458143793	129.3835266382501175
 858.000000	19.4589673344685998	143.2088109141651842
 859.000000	25.5386061678042324	139.7296299569547386
 860.000000	23.1811332870323952	115.7953699882178142
 861.000000	21.8920147991644356	121.5267324445065071
 862.000000	19.6714875234687590	107.9546849198149516
 863.000000	21.0149012861124618	69.6770969057908616
 864.000000	22.0392835815439447	101.8623674142771449
 865.000000	25.4551951986583198	94.4425363346780955
 866.000000	19.7166719800252714	98.4180594730571414
 867.000000	15.4821301859726965	94.9478922270523782
 868.000000	21.4072882803142086	114.7372086756714253
 869.000000	20.9273510417633268	113.8944361495458253
 870.000000	20.0745720715619456	53.5743600865944387
 871.000000	16.9243478788355688	134.1702121136406731
 872.000000	18.2942519855184536	78.0791323273558078
 873.000000	17.5833180053063494	133.6389464633230943
 874.000000	16.0969335832540175	89.8885835573531295
 875.000000	16.0274602665713495	61.6462981672245149
 876.000000	14.5675910925300531	90.0858730998690049
 877.000000	16.0290422904020282	76.4513453464586945
 878.000000	14.4583334947113737	26.3695762436904033
 879.000000	14.7035311306923333	71.0517481734989076
 880.000000	17.5350794458085382	85.0328274616043558
 881.000000	18.4178218269548211	112.0629251928840944
 882.000000	19.0096704775062690	70.8897207965918454
 883.000000	19.2713597435041066	132.0899416259750865
 884.000000	23.0403617412079349	156.5604776250580130
 885.000000	16.5743797495128398	138.1705892767972728
 886.000000	14.7348544562018198	123.3275989359010936
 887.000000	20.4116227005760145	125.2640073187315721
 888.000000	20.2149102349527112	73.0193188715527981
 889.000000	19.6135539287331788	169.0137224359199024
 890.000000	19.7948568314958138	119.1684001236259007
 891.000000	15.2896087506980667	123.9388748242984377
 892.000000	20.3049130089165253	171.1935316717497813
 893.000000	20.8104496478839991	81.8652227776623249
 894.000000	19.9998320479934861	136.0882114805007177
 895.000000	19.1991875232177662	152.4145979081812072
 896.000000	17.2388031451306603	111.9609005536407125
 897.000000	17.0063734095984067	125.1852768444482251
 898.000000	17.0724159336729926	24.9243880281459269
 899.000000	16.0081446003081957	83.1357128700835233
 900.000000	17.1345246204302768	96.0305417061061632
 901.000000	17.5615963402637192	59.7548564335889552
 902.000000	13.9008772003993091	94.5356331328505064
 903.000000	17.2310991560898259	144.1031351692054727
 904.000000	19.9427816530076853	140.5907696453430447
 905.000000	24.2190853404745177	129.5002335096151569
 906.000000	14.3270869242735337	88.8040050903610165
 907.000000	21.5369790833183181	48.2933260483308686
 908.000000	16.9179996179977685	20.8880459763191482
 909.000000	16.0652223140613870	91.5812440091451379
 910.000000	17.8663277672224865	83.9900045028805948
 911.000000	17.5529228755528486	92.3504446262034122
 912.000000	17.2942152827866664	75.1278877759380634
 913.000000	17.6057940756980216	122.7298683446048955
 914.000000	21.8942901356815902	104.2780126563355481
 915.000000	20.1600520231177569	61.0905231560573441
 916.000000	17.9596220772344743	150.3532376580602090
 917.000000	17.3825792095864529	83.1250860004200121
 918.000000	15.1044524472919690	81.2673225608209719
 919.000000	19.4943481853460128	85.2129368211163580
 920.000000	20.2496005468488640	125.3456890856128041
 921.000000	19.6592001195079931	87.1687087789570967
 922.000000	21.1835787535443245	83.1638198568409592
 923.000000	18.0938152742081542	85.8728380332454435
 924.000000	22.9258869684960231	142.3310391909124633
 925.000000	19.7467590570732483	7.5474660770929347
 926.000000	20.0700535271467935	85.5179541438739221
 927.000000	22.6280861425834772	169.9514636338897162
 928.000000	21.2829225767620827	109.5673430979397551
 929.000000	21.6237846976460162	117.9327189799998337
 930.000000	17.7443316924423229	19.6710258915859697
 931.000000	19.9920074606583498	91.0267981108693789
 932.000000	15.8126064347406565	124.3583392714519249
 933.000000	17.1541320463144302	105.9767355089666836
 934.000000	16.7205682754340472	100.4898985820284025
 935.000000	19.3235314214983944	128.8217603961816167
 936.000000	22.9670249865725111	85.6807003400610228
 937.000000	23.8143891410759494	79.4688299883324021
 938.000000	20.3424239643575113	16.8272093450158877
 939.000000	17.0854573111323944	148.6287974499398388
 940.000000	17.1850511353339321	110.6592071924333709
 941.000000	18.0080927448707691	159.9320139819128315
 942.000000	22.3346590016329820	166.5664560932565621
 943.000000	21.0977365296218728	98.6245659001481840
 944.000000	20.3633756993406969	26.9215240350162333
 945.000000	18.7403769870332333	80.1953773274256605
 946.000000	17.1314909778862088	151.0865386135342305
 947.000000	21.6845219452254696	68.3953538761975608
 948.000000	21.2618313429064862	143.5607620692728688
 949.000000	17.6182931611999400	140.4991300245544608
 950.000000	15.7137028643721379	84.9452735218043529
 951.000000	15.3314415334875669	104.3494420913754936
 952.000000	16.3229665351645039	131.4842737030107003
 953.000000	17.9418009919480461	32.9149797451072175
 954.000000	21.9336388157494646	152.6732689142714889
 955.000000	16.4729683695934739	69.6609511673018318
 956.000000	15.2917244118338882	90.4904585239016228
 957.000000	15.7691802414415037	82.4273956165523174
 958.000000	17.0875173306153627	68.2710322328612449
 959.000000	17.3522907929562535	129.9847573000118643
 960.000000	17.5228489546342807	98.1957382151077383
 961.000000	14.5648594121998975	109.9787100624764520
 962.000000	16.5015442020409466	78.9076210183201141
 963.000000	18.1616213191326423	60.9154259616104525
 964.000000	16.9246028659764001	118.4364610723658870
 965.000000	16.4117309505658220	129.7400599355942461
 966.000000	16.0672397513640384	102.7643437508562982
 967.000000	18.7452479465656126	38.2418528986850106
 968.000000	15.8791848822488646	65.7335739053059456
 969.000000	15.4009617130708385	120.5570568846742958
 970.000000	19.7588961711923048	77.6090408385370694
 971.000000	17.6730123618688815	76.6051691526795224
 972.000000	21.4304574227592219	142.2992959124960635
 973.000000	15.2675226913680646	128.2883394456181918
 974.000000	13.9558536201657688	103.4836362161290424
 975.000000	15.6432445824556652	79.3811093738274138
 976.000000	15.7728319218919673	94.5938644796027290
 977.000000	16.6169846844347262	75.8777814082209261
 978.000000	16.7200256139374197	115.1312449980793247
 979.000000	15.8509915104545787	100.2843829013622496
 980.000000	14.7659132361965622	110.2851834133686992
 981.000000	16.4195915358399454	91.5951236015553434
 982.000000	17.6772039735702080	100.9357607644144963
 983.000000	17.1433991526334850	76.6938358488477689
 984.000000	14.5482162337852134	100.7964401633934841
 985.000000	15.9006776547928936	83.7138656906051466
 986.000000	15.1834045664024497	67.2056024937683247
 987.000000	15.8929106968227600	88.2082171632062710
 988.000000	16.0145118139922644	78.1915165276461721
 989.000000	20.2667654167337687	137.9169908952435435
 990.000000	18.1291936605949147	49.3254078182563944
 991.000000	20.2465040722312182	123.1894334731175888
 992.000000	20.6917018918117961	46.1386171998381087
 993.000000	17.5381294563023111	68.2385245869411960
 994.000000	18.7388504177705855	66.8337435676203881
 995.000000	16.0827169726561721	50.7198042531300928
 996.000000	17.3379063814333918	95.7522360176027263
 997.000000	16.7324064478679482	94.5846182210156883
 998.000000	17.7314471637022528	49.4466924974341850
 999.000000	16.9875936869993396	103.1319987189721559
 1000.000000	18.9135413402817569	167.2408674426670245
 1001.000000	18.3042097215459627	94.3870184033616795
 1002.000000	14.9156125936878663	78.6577802156703996
 1003.000000	14.0495614579395838	123.6903085139146583
 1004.000000	11.6135678482894953	47.3851524414276639
 1005.000000	12.9694328016170850	87.5112407718825835
 1006.000000	13.5855083604838462	50.3932174482906134
 1007.000000	14.0197684595676204	109.3040152135517928
 1008.000000	16.6978333190300425	107.5035829579823883
 1009.000000	17.5846407676088639	123.6121773961980779
 1010.000000	15.3446548350775327	149.6102187107518660
 1011.000000	17.4887146960266193	98.8280663437246432
 1012.000000	17.4706238624192700	45.2756092371377292
 1013.000000	18.4164131159570452	137.1062961636059754
 1014.000000	15.3875769381323924	123.0755224057823796
 1015.000000	15.9958457522485666	112.0534676156390645
 1016.000000	15.4548343994656552	123.1668690507241024
 1017.000000	15.5980510779979173	111.7672104434935250
 1018.000000	17.3050196333476691	113.3623326566162177
 1019.000000	17.0274509857142746	122.2214318382802105
 1020.000000	16.7954640383503531	113.0174051143028890
 1021.000000	14.6692827145451865	87.3291474360387241
 1022.000000	18.5883864676289967	59.9315136192504241
 1023.000000	19.0451583213107085	167.0298816907456967
 1024.000000	16.9040371256942414	72.4660198064000411
 1025.000000	16.2901908261375929	108.7090379686278254
 1026.000000	19.8613855450185177	64.8126003612459414
 1027.000000	21.5555570962243550	108.8630008550793633
 1028.000000	21.8268064787758576	128.7547526450595399
 1029.000000	19.9148314945798575	108.7397440456037572
 1030.000000	20.6280677497051634	78.1704922411853431
 1031.000000	18.7733154407094815	62.8228576075463536
 1032.000000	15.2967222486886953	116.3713367089738995
 1033.000000	19.8111108819908708	97.7963031874707411
 1034.000000	19.4769064818655622	76.0789866564934414
 1035.000000	16.5245751578765940	106.0307554971748516
 1036.000000	17.0378817100709625	113.0875666002179116
 1037.000000	17.6899885461868713	132.9282636699870466
 1038.000000	16.2648970862627813	85.2358571010473582
 1039.000000	16.4133827148951745	104.0600547883167906
 1040.000000	16.3240513501758784	64.2255861107784369
 1041.000000	20.1576860376611933	95.7307516935444625
 1042.000000	12.9599959475018789	86.7772312751374528
 1043.000000	11.4321250400540357	117.3964869618479554
 1044.000000	19.1551728658586740	122.0111029774233771
 1045.000000	16.6196458874764801	52.1625166407392129
 1046.000000	11.6735230156924867	19.7891668140240427
 1047.000000	17.3543279316862211	46.5650488975980466
 1048.000000	17.2512206701723052	162.8517201356290514
 1049.000000	17.7916789582945221	54.8548306831594630
 1050.000000	19.5215195606876541	131.5966078855397541
 1051.000000	20.2429555850552347	65.9518143879245002
 1052.000000	20.4118772218762246	79.1169582531598508
 1053.000000	14.9682338652439331	135.3443856252572459
 1054.000000	20.0704809914344509	158.7493392766461113
 1055.000000	10.5631088875639936	165.3788296317215725
 1056.000000	11.0786501680542617	173.0359012543984250
 1057.000000	7.1683212107461864	36.2552020378890631
 1058.000000	6.9243780933570100	33.5654782124816222
 1059.000000	5.8000459971975404	61.1476149339819131
 1060.000000	11.2152458301693958	29.1352372856447914
 1061.000000	9.0773376917240896	124.0063000713992380
 1062.000000	10.2299254169046225	137.3179032473648817
 1063.000000	11.0707236543583125	162.3437166401429295
 1064.000000	12.1809998520321514	51.6158456637552092
 1065.000000	8.5987391743168757	13.5939420220960869
 1066.000000	11.8007971527937645	39.1309091325537395
 1067.000000	3.3732786672844792	60.1030015388958958
 1068.000000	4.7064497999124759	15.8649697075657343
 1069.000000	4.2002843264793555	56.7307669210173202
 1070.000000	4.7794394960240183	46.5211277277867907
 1071.000000	7.1182396130666818	65.0029370038671601
 1072.000000	8.7543764067634964	148.3052826347025928
 1073.000000	3.0091065438581222	51.4869411342918681
 1074.000000	3.5964448549120873	70.2989320471430972
 1075.000000	10.3093314853989746	26.2544399225724305
 1076.000000	11.5705404917174750	54.7447571699022149
 1077.000000	8.8840784783867512	64.4373154585473884
 1078.000000	8.2575985585578984	70.2157402353726070
 1079.000000	7.4767634290587504	46.0035008279148201
 1080.000000	5.4919165385922266	22.3370961962932313
 1081.000000	4.8393958457146065	97.8849867930217670
 1082.000000	4.6915532703448291	100.4104089916896783
 1083.000000	3.7692974944339426	114.7949088359356438
 1084.000000	4.7798975623233337	95.3671720617447392
 1085.000000	9.8789401197681652	56.8138672395855906
 1086.000000	14.2040840002819184	64.4368217014800564
 1087.000000	12.4018413862425039	27.5514898124342835
 1088.000000	10.4902082813571873	54.5397676145225461
 1089.000000	14.0258226878969907	32.4947279662326309
 1090.000000	10.2265023114851985	25.1932001897797306
 1091.000000	13.1143033398643407	16.9818657369902439
 1092.000000	11.7465732295452643	31.8434624649682974
 1093.000000	10.8214811427117628	151.7077974955437014
 1094.000000	10.6165996830933391	27.0745017326467234
 1095.000000	11.5973277068269542	142.9123857078038782
 1096.000000	11.7179591034578010	152.7535520680735317
 1097.000000	16.0069860341461521	26.6175575737143220
 1098.000000	21.1823376094010278	154.9833409213590869
 1099.000000	18.5036500848959662	55.2436792313939264
 1100.000000	11.8548889887049942	99.5903045215060700
 1101.000000	11.3560147993166769	113.0056036208086994
 1102.000000	10.8619745174355931	106.8911986268247318
 1103.000000	14.4800642943967279	145.9224304917400445
 1104.000000	13.6965008638172367	90.2179391732267817
 1105.000000	13.2440718562681408	141.3726916750952967
 1106.000000	14.2889815664336748	150.8325746457760204
 1107.000000	14.9069217783391199	167.8419855369922686
 1108.000000	15.4252350843281825	152.3984282610578020
 1109.000000	13.9135144994133384	162.7860228146930979
 1110.000000	12.3587351606580569	131.8843655647033870
 1111.000000	14.0170921091249703	158.1683292369889955
 1112.000000	10.4515381154542215	128.0660884802109365
 1113.000000	13.4593631868675523	53.6021710395577173
 1114.000000	12.4362688483235022	127.8321624245628243
 1115.000000	15.1012733145901752	103.5878806926674400
 1116.000000	15.8903462275188136	157.7927116398753640
 1117.000000	11.5778403872440965	91.1092397980914797
 1118.000000	7.7507972093834931	89.6751661566002980
 1119.000000	11.1842253124858804	115.0484663602980788
 1120.000000	15.9620314010010009	128.6872680287482638
 1121.000000	12.9630046425837744	160.0581039576984210
 1122.000000	6.8623702354009852	41.4754646892490086
 1123.000000	12.5096419814515674	82.3091838935579432
 1124.000000	14.7668032532377129	21.6637067555548413
 1125.000000	8.9217455199635634	91.0606954450092161
 1126.000000	9.9941466182366998	105.7694914366663852
 1127.000000	11.8824291431126845	52.2062216392564551
 1128.000000	6.5988736443665070	70.9788406867674837
 1129.000000	10.5046942305266349	95.7465454818890720
 1130.000000	8.0393765004660942	93.1334244558119622
 1131.000000	9.5198727062056374	57.2726800852129543
 1132.000000	12.9976842775932369	133.0333673381476274
 1133.000000	11.5958082636312181	106.1400125658014844
 1134.000000	8.4114222770234068	70.6788546654007064
 1135.000000	13.0234096511883166	100.0078444038366428
 1136.000000	12.8674831345568705	133.7900410878382331
 1137.000000	13.1543123203426440	71.3185735537603875
 1138.000000	13.4460308384992029	154.0092913178045535
 1139.000000	11.3902667082137050	95.2597802679796786
 1140.000000	10.5023378467472632	51.1625222644535995
 1141.000000	12.3415224453469570	130.2821369601457491
 1142.000000	11.9536917196748238	104.3383690151503913
 1143.000000	13.1631862744879218	39.2462086398966505
 1144.000000	13.5325052645405535	130.8431018261308623
 1145.000000	12.6049298032644046	140.1937444711613523
 1146.000000	14.5090987120865940	131.5278107498117208
 1147.000000	13.6850335730920385	131.9369097870317660
 1148.000000	13.2677807966572363	130.0609014411022883
 1149.000000	12.9796810098001654	55.4837088576706350
 1150.000000	13.2758138298556894	133.2434340678435092
 1151.000000	11.1660875763657064	112.2207111849042178
 1152.000000	12.0449289369839931	48.9580086139969808
 1153.000000	12.3339093109227296	104.4059295440299451
 1154.000000	7.8962937358563243	23.8452430546067262
 1155.000000	12.9354215856017642	66.8329736459149757
 1156.000000	11.8456827312821034	117.1661128233159843
 1157.000000	8.2723381905775195	30.4415401727131609
 1158.000000	9.0983158612421562	30.0977276586010873
 1159.000000	9.1796391199887566	89.2722681141631114
 1160.000000	11.3474427303073515	108.6755146021135090
 1161.000000	12.4402354072898422	47.3658474381467727
 1162.000000	12.4652940137469361	111.1065716072524197
 1163.000000	17.1033255313935371	157.3088954531655190
 1164.000000	12.5891568484527898	141.9081431500572990
 1165.000000	12.0039812381336723	152.2442942684970149
 1166.000000	16.2959656484915207	144.7460689216146363
 1167.000000	17.1944607982301072	142.0853101875263746
 1168.000000	11.4240071148125626	31.0779685615688663
 1169.000000	16.5883082150321215	37.2748523176853439
 1170.000000	16.5812988726985964	39.6056408651805611
 1171.000000	21.5446836490988396	54.9350194559934266
 1172.000000	14.4947823107087377	156.9586630917002026
 1173.000000	13.9754319930830810	137.9741681230574670
 1174.000000	19.5284288105056127	51.7655299844733179
 1175.000000	15.4630360705341712	140.1932172542196895
 1176.000000	15.8829040717237628	19.6865740089004646
 1177.000000	13.1914439786983646	64.2287285648467048
 1178.000000	9.8721146758585725	80.9973786264610709
 1179.000000	10.8313254263912064	47.1391674008462189
 1180.000000	9.9573394879842478	71.3412542424228491
 1181.000000	9.7789755751613328	92.1124708761791879
 1182.000000	13.7645565932320650	138.6393093528902796
 1183.000000	16.9615726963523805	53.9580233374043559
 1184.000000	13.8383368095435788	75.5977819657665577
 1185.000000	15.2801380626656211	58.4494661203743107
 1186.000000	14.5972487616218913	82.6744161759123557
 1187.000000	15.4408481375875759	82.2131089732805549
 1188.000000	18.6111809139313316	54.7927088957795831
 1189.000000	18.5744482833124245	65.0183917385860752
 1190.000000	17.8622858895930818	68.4440306081683474
 1191.000000	18.4598407807151332	60.6885113644945307
 1192.000000	15.8408625722791641	90.6022732428746451
 1193.000000	17.0038985296812371	80.4185327691310476
 1194.000000	16.1678578057121207	56.4983416384720840
 1195.000000	12.1926878509778636	104.7102090278474975
 1196.000000	16.8997535294840127	56.8045793770055099
 1197.000000	15.5626329225889606	99.8469051144139996
 1198.000000	16.8407572370105321	67.9534149284482965
 1199.000000	18.9935029006486289	53.6661144551506055
 1200.000000	16.6286467079847320	39.8546694609500207
 1201.000000	14.9480315884176260	104.0152975564847111
 1202.000000	20.3728853839553672	105.4083636431315227
 1203.000000	15.2481251560782187	105.6649725153001782
 1204.000000	15.8498358058667801	155.6391325304738587
 1205.000000	13.4584847069144349	156.7114172851723595
 1206.000000	13.4237613645130693	103.0482970448191224
 1207.000000	19.0465166878199419	16.0168986492164152
 1208.000000	14.6419283149266217	33.3713410257956014
 1209.000000	12.7769687217468721	31.3867333981627326
 1210.000000	13.6528909351436045	72.1918859137089441
 1211.000000	19.1617179847318191	17.1780917445113346
 1212.000000	17.2235599886080522	16.0353463140623376
 1213.000000	14.7110106517406063	20.8146654287834565
 1214.000000	8.8569802602051855	80.4618835001278256
 1215.000000	10.0275973121301600	69.8344580176561607
 1216.000000	10.1234558029034467	52.9523323745905969
 1217.000000	9.3773506553395407	78.6498240121305230
 1218.000000	16.1063048340986619	54.8272113224044944
 1219.000000	12.4114780092135124	34.2962398154569428
 1220.000000	12.3612027254231851	37.0083693822374187
 1221.000000	15.6244436288734274	3.0648342242334365
 1222.000000	13.8213184724164009	128.5331126292027193
 1223.000000	15.4156059889367345	19.9325720121805432
 1224.000000	12.9328900525304178	113.8012695998850745
 1225.000000	12.1992809819587951	48.2648767386920952
 1226.000000	11.4532244221269384	15.4380110842780027
 1227.000000	14.1326359379452153	75.2508179624747839
 1228.000000	16.9976185525806258	53.8392662271016178
 1229.000000	16.8137162364081441	136.5214008800005558
 1230.000000	12.9088365789954356	33.6853666243665657
 1231.000000	13.7405964940602612	36.5418591779932171
 1232.000000	5.6936772280469903	100.8550268013216566
 1233.000000	7.6743322230971804	66.0007835879887779
 1234.000000	8.6577977792009513	71.6080980254886157
 1235.000000	7.7253936860014711	66.9407603150729784
 1236.000000	8.0890736885227756	61.7043002953367505
 1237.000000	8.1933493846074050	55.7368991890247685
 1238.000000	7.8656831186378078	82.4415011734883336
 1239.000000	7.9747664186247160	66.9527544458977104
 1240.000000	7.4875146317562162	75.6482814709195139
 1241.000000	7.8375899935813163	83.4952328994212394
 1242.000000	8.2254400462816228	76.7898437759187118
 1243.000000	8.3534570414518097	56.9268171018585463
 1244.000000	6.9033110994196027	83.2296462503656898
 1245.000000	7.0845538651054758	91.5541531383809115
 1246.000000	8.0516323188845149	48.2494727018665515
 1247.000000	8.0373470374236948	91.0728080310034045
 1248.000000	8.3192878039964064	113.1189523657052547
 1249.000000	6.1991824582723698	110.8491758590111260
 1250.000000	8.1950727655187094	130.5153248564263890
 1251.000000	17.5706812420683320	127.6917897325605509
 1252.000000	11.8921876021518909	32.3209829638382189
 1253.000000	7.9448168956498995	146.2784684740142893
 1254.000000	13.6490557813765534	8.9305329113191760
 1255.000000	7.2604993284451496	80.6304995934408026
 1256.000000	9.0926595313679517	79.3393703989763566
 1257.000000	11.9823997808087217	21.4028993130824574
 1258.000000	10.7329282909573429	34.6319536076599661
 1259.000000	11.4592141894821840	38.3956919118653559
 1260.000000	17.3072183646291329	9.0615144959531904
 1261.000000	15.4926572003195560	67.8553220166657667
 1262.000000	10.9666144848493303	32.1170333442683784
 1263.000000	10.4490121312046185	45.7743757424279920
 1264.000000	15.7206052576199209	91.8796330409454214
 1265.000000	14.2136180643674912	17.3961378361072150
 1266.000000	15.4956197722021596	109.4000650976344815
 1267.000000	14.6227003047354902	26.1808417284442498
 1268.000000	18.1369318743959980	76.7515510553610198
 1269.000000	16.3012622357157255	27.2334920555306041
 1270.000000	15.3427175082859062	30.2714694096110293
 1271.000000	17.6620797841799408	42.1041575864349511
 1272.000000	16.1074882527765801	7.1648964496808389
 1273.000000	15.8043509071791100	35.3275173501043867
 1274.000000	13.7669360458030479	41.9265194673035069
 1275.000000	18.6172701355180834	76.4882083465522840
 1276.000000	17.9842907946901072	41.3279616505318188
 1277.000000	19.0461097416747513	49.6916422762133152
 1278.000000	20.1464980469358963	113.6815659659440882
 1279.000000	12.1887795999191759	71.5532814583156807
 1280.000000	18.6053008743331993	78.8606868933819811
 1281.000000	15.8609054257787143	50.8064467280729275
 1282.000000	19.7409157728717872	125.3301088655058351
 1283.000000	19.0969260636600460	88.0990298793110895
 1284.000000	18.1402669178521272	54.0381209934827922
 1285.000000	15.9297116517971649	77.3906373657712408
 1286.000000	15.4653923405066500	68.7987717650882757
 1287.000000	17.2147840011921858	85.4788324561882575
 1288.000000	17.3766811146453399	79.0007916644698014
 1289.000000	18.4715944159124348	120.9385966393889760
 1290.000000	16.1546216375749978	76.8118187430023767
 1291.000000	19.1086039427543781	117.9324750661038337
 1292.000000	15.9208268546020584	105.7347839969575745
 1293.000000	14.5896024183347528	43.1845590523922453
 1294.000000	15.7670711683615608	60.2199132568566426
 1295.000000	14.7308468735364979	86.2385351721224680
 1296.000000	15.6466103984550831	99.2578216564337197
 1297.000000	14.2664076594164264	93.9077858535726193
 1298.000000	14.5533949815774530	57.8463918781744013
 1299.000000	15.8994732349483829	90.6914885420037251
 1300.000000	16.0307604986992835	93.0359859245206025
 1301.000000	14.6537832088207498	64.0386139532620575
 1302.000000	15.2988408276520467	83.1075406571204525
 1303.000000	17.0060679653889366	67.9721173486722989
 1304.000000	17.4261112388018020	83.1097060519616804
 1305.000000	24.3472875066994199	88.4306790644545089
 1306.000000	15.4450749139216370	97.9788532380152333
 1307.000000	16.1044318979319776	71.8389669798963695
 1308.000000	16.0845465045743126	65.6477659598522365
 1309.000000	15.2241448159359383	69.7331690758743150
 1310.000000	18.5472332355124188	94.2088010159042568
 1311.000000	19.3324131109685986	79.5400358174903488
 1312.000000	15.8412470901107607	79.3002632730317600
 1313.000000	15.5818143049027462	75.6921823970719885
 1314.000000	16.1790568462093631	109.9139304600209925
 1315.000000	16.4607511646967168	67.7815785664715236
 1316.000000	16.4931333521910695	131.8765954443839803
 1317.000000	20.8702944276958853	41.8599657963686980
 1318.000000	24.8099515481789368	90.7462828870899472
 1319.000000	20.2235860509558734	131.0248820311103088
 1320.000000	21.5814357391001828	97.8577774309396631
 1321.000000	23.6413903050565146	91.1670096456618353
 1322.000000	27.1808554947081475	83.4966856852415731
 1323.000000	22.9304559624600870	115.8497301133272686
 1324.000000	22.3546910697211310	110.2974249986737192
 1325.000000	20.4878368275775884	98.5362797404686717
 1326.000000	23.8584887657404217	118.8217135966173572
 1327.000000	23.7675162675213691	133.7770181690609661
 1328.000000	20.1381740056729939	115.9304453529600636
 1329.000000	21.3887126543351123	124.1395515197884265
 1330.000000	21.3487386565427926	81.6785252375904491
 1331.000000	21.4261884185107796	111.9266054937352521
 1332.000000	23.6446015283892770	88.7645396956655048
 1333.000000	23.9902260033296031	76.1539746978354088
 1334.000000	22.4189271907363157	149.0993040607419005
 1335.000000	22.2559468184050750	103.7483222547317041
 1336.000000	22.0061854594811521	133.5489121941891142
 1337.000000	24.8416233427933122	102.4632940142769542
 1338.000000	17.0112440873751929	46.7789115648618292
 1339.000000	21.6396147372951830	70.9695050438723030
 1340.000000	16.8843956149004022	106.5827366366941789
 1341.000000	25.5091398494450452	133.6443530485354927
 1342.000000	21.1248027792263784	115.1101837555975607
 1343.000000	20.4444910013738692	131.8660198037312057
 1344.000000	22.2389913749664210	94.6754298565971908
 1345.000000	17.5906320616251293	125.3522144264310043
 1346.000000	18.5777271630650063	120.9710991017038708
 1347.000000	17.3827091422833497	101.4581287866001986
 1348.000000	16.5887004342391293	108.3218614049964685
 1349.000000	19.3141755619730482	130.0080182260710728
 1350.000000	17.0255024450838555	44.3239202000957846
 1351.000000	16.7791417902424236	110.9380579864235301
 1352.000000	18.5559091870188162	36.5598915344638726
 1353.000000	18.2487503385852143	104.6948964490599394
 1354.000000	17.5313931423116394	96.7766195374361331
 1355.000000	17.9836931663036808	49.8663534329751883
 1356.000000	17.9436286731987593	117.7057858220883730
 1357.000000	17.5072630116330004	121.8971164818958073
 1358.000000	18.5090239294639325	43.9378779805647639
 1359.000000	15.7336404768358040	111.4548795291456003
 1360.000000	16.8148846262564575	93.1202918210907313
 1361.000000	16.8880352826454470	91.8637788434440097
 1362.000000	17.7745045515818418	100.2149210018147443
 1363.000000	17.7107192698344917	129.3925641646664531
 1364.000000	17.0913733983260272	127.5127305972009140
 1365.000000	16.1352570603997201	106.0188195882572018
 1366.000000	16.1069660296721402	117.2521948687735573
 1367.000000	16.2915440949588657	99.8968727740030147
 1368.000000	16.2564270649921454	150.2704250251871656
 1369.000000	16.8071287001888798	97.6311586260150222
 1370.000000	15.3216034124216591	120.8316684562345245
 1371.000000	17.6644543875500410	131.3958591834238803
 1372.000000	17.6790204049783348	119.0521186215570708
 1373.000000	18.3634862384792719	122.4865584997567680
 1374.000000	18.5827003103488835	145.3376829959764507
 1375.000000	16.0310517389784373	102.9746654810565047
 1376.000000	18.2609622823832431	126.5677947115682542
 1377.000000	18.3008695759885605	101.8493706512899166
 1378.000000	18.1251115090514894	96.7516901506594422
 1379.000000	17.8069039144544874	125.0482464227153514
 1380.000000	18.7535311351501761	128.8540862594265946
 1381.000000	17.1126133515843044	100.8172949909129414
 1382.000000	17.7504009804779237	116.8937389228800043
 1383.000000	18.0394672208032141	88.6428302832482160
 1384.000000	17.3267328760514800	99.7659148476672328
 1385.000000	18.0181711333686962	120.3553932038780658
 1386.000000	18.4264561751442706	125.7542986866448871
 1387.000000	17.7275293065013315	103.3996380884625950
 1388.000000	18.6494703138126496	129.6140055640214257
 1389.000000	17.2592009984697121	100.7956029878610309
 1390.000000	19.6751089742934226	41.6799145045683872
 1391.000000	19.1600304303905844	50.1415655562900895
 1392.000000	17.7446324927085222	102.0539953089360097
 1393.000000	18.2977595475534365	127.3624675844266818
 1394.000000	18.6534875922659431	108.0743882316612030
 1395.000000	17.7348064214158860	104.4077841620544831
 1396.000000	18.7318891812321304	127.2852714754205863
 1397.000000	18.6709745747731297	112.0323754238095404
 1398.000000	18.3660683275989491	119.3694147096611147
 1399.000000	17.9903108695649543	134.1468102558752662
 1400.000000	18.7919144166381962	126.0879792182470140
 1401.000000	18.4656568469915179	129.0168985907403965
 1402.000000	16.6094107606746846	111.8259451810545499
 1403.000000	18.6928761281376552	97.0385462987250520
 1404.000000	18.1900404533309938	116.2230851702503855
 1405.000000	16.6866043362863117	105.6148913469663029
 1406.000000	17.4383663989268989	113.1135511527825201
 1407.000000	18.1295990111257090	122.4473808464457534
 1408.000000	16.3864285928465492	64.5248137597842657
 1409.000000	18.2423263643065035	109.1023837957919795
 1410.000000	17.7289527479085081	131.6782921495390042
 1411.000000	19.5967319340129613	130.3792387498676248
 1412.000000	17.0352616720024415	101.0535112717468422
 1413.000000	14.7690515938556892	132.5863993531179972
 1414.000000	15.8607759869895322	132.8284722913598443
 1415.000000	17.2757172264947556	99.0915708814640652
 1416.000000	18.0082412212354654	124.2907912367293193
 1417.000000	19.7903816176082259	118.6520630521842747
 1418.000000	20.0789908254418563	114.7472258756804138
 1419.000000	18.8789161446698230	62.0990893326158613
 1420.000000	14.8640618513955438	77.2545415661948027
 1421.000000	9.2849230733971471	86.0176096583975180
 1422.000000	12.3929542183338182	78.7210165135181938
 1423.000000	13.4317915302181632	109.4284973169929032
 1424.000000	14.2657534203125618	98.4962266320746664
 1425.000000	11.6986799175172891	97.3917573959442393
 1426.000000	9.8647710863024365	102.3984114767615097
 1427.000000	9.8566276747754866	109.9709157959049151
 1428.000000	15.0349518964507478	97.2517675940338080
 1429.000000	14.2845493278293674	93.8997874433049020
 1430.000000	14.0293522074639707	95.4748451487032384
 1431.000000	16.6429605835547676	79.1810905285133089
 1432.000000	19.1628992953923216	111.6068012054440857
 1433.000000	17.4390471400515317	145.6746081796695762
 1434.000000	17.8288213593403349	132.2239920556375807
 1435.000000	18.6593717561638890	117.3005580274512738
 1436.000000	17.8667360547291594	125.0770109962694363
 1437.000000	15.6454831032589201	107.1225425567048575
 1438.000000	18.0689391868126421	107.9552753856178242
 1439.000000	15.8795317956005029	109.5008441439415918
 1440.000000	17.7680020104852403	37.8153450394458730
 1441.000000	16.5254231824117284	42.5856178206006462
 1442.000000	17.1662290756930958	55.7603764090874279
 1443.000000	19.2401223337507794	33.1105864469727180
 1444.000000	19.4564139980993822	29.3930392426101434
 1445.000000	18.2287649545485628	36.0214224111166459
 1446.000000	18.3037137577586009	36.3351776289183590
 1447.000000	17.1405501083051774	40.6297117794374003
 1448.000000	19.3262720208234065	29.2621347407214785
 1449.000000	19.4510286038617544	31.4566886070963960
 1450.000000	15.1725462731188472	68.3558127618764360
 1451.000000	17.1289448664638435	121.7930617849903001
 1452.000000	16.5428739530802744	114.7061316785161580
 1453.000000	16.9087117020967916	77.4561820182780423
 1454.000000	17.0065235827529300	123.6622462405208580
 1455.000000	16.9505100451195112	114.7322367571665751
 1456.000000	18.9151605127159677	133.8295014419425684
 1457.000000	18.8931171270537561	143.5729028281575381
 1458.000000	17.8400697262959191	124.2456519782301427
 1459.000000	19.1216962201985723	24.0443164707767494
 1460.000000	17.4902783076711721	65.8558350146812614
 1461.000000	18.6785778225986903	46.6115062191313996
 1462.000000	18.2140686046312652	64.9044189410250425
 1463.000000	15.3392005090453054	80.7752798305524493
 1464.000000	17.5496073834449966	71.3930763604153924
 1465.000000	16.5785024363501527	43.2260454598272759
 1466.000000	15.8034007346664271	94.1805299101846316
 1467.000000	14.9523562290451490	79.9508006578285801
 1468.000000	16.2824945170913686	87.9278651543822747
 1469.000000	17.6546613131569217	70.0240603938718635
 1470.000000	19.0674431327170275	49.2401616560873947
 1471.000000	15.7979732542613771	98.6773662982894990
 1472.000000	19.0474251106239727	48.3101635406649734
 1473.000000	15.4769794819602868	87.8639523361380128
 1474.000000	17.8988113063295096	109.3515097074939177
 1475.000000	17.8445071034949798	78.8947429790920012
 1476.000000	17.1612074863771511	102.6724758470468117
 1477.000000	16.0638551579621485	85.9980113774952883
 1478.000000	18.1208866266163042	87.5525448175347378
 1479.000000	17.0411658178791114	48.7045255819796239
 1480.000000	19.7862550537906117	15.1857992789364573
 1481.000000	22.0213904067198953	89.7924538631543925
 1482.000000	15.7928970489367906	72.1074920188785597
 1483.000000	15.4821929494404831	90.6960172918307421
 1484.000000	19.8882119302710585	78.0836281988874674
 1485.000000	23.4380355641951361	97.5351921045485000
 1486.000000	19.3875698053475105	106.6173842403208596
 1487.000000	21.3826708541328081	120.6502662235193384
 1488.000000	20.2496172459700148	135.2728021135021947
 1489.000000	21.7798737302344421	101.5454686045557224
 1490.000000	20.7726157114966412	116.9367649102178461
 1491.000000	22.5875544197975344	79.5418546735423462
 1492.000000	22.2513601566066050	120.6991730814706614
 1493.000000	15.5414419007838660	109.4668626632898736
 1494.000000	20.1629699798786248	139.3707071712959191
 1495.000000	20.2293642703523098	100.3869762200795179
 1496.000000	20.9007551668814457	97.4988480059211327
 1497.000000	19.1425097578233832	122.8893636158419866
 1498.000000	20.1570102209315962	119.9406319791394822
 1499.000000	13.9326165782079610	122.3102583990516337
