 0.000000	6.0331433036173534	138.7447051343258693
 1.000000	9.4351262291157507	85.9427198626411695
 2.000000	10.3897664388643491	91.3182875322226408
 3.000000	9.8505645077110096	116.3502029909252542
 4.000000	8.4098602853379418	99.0647279440070037
 5.000000	7.5726119447251783	111.8359752286261539
 6.000000	7.2077124616633679	157.4515778271745603
 7.000000	6.5085733747181997	133.5065388595197078
 8.000000	8.1033803757158971	87.1965697240131163
 9.000000	7.0786009753748198	58.3478901089617921
 10.000000	5.7362284812927138	29.1711489436833915
 11.000000	8.3560851305993573	153.4382810747133021
 12.000000	6.6459473149553769	41.8279098951470871
 13.000000	7.2380277429562465	51.8720152781541799
 14.000000	6.8444842199112736	39.0675821287868530
 15.000000	6.9533321144903573	159.5963462029832272
 16.000000	4.3590211412747086	141.1665536622406592
 17.000000	4.6383228186772012	153.4032732513911981
 18.000000	8.9032121081246949	114.6283171638483793
 19.000000	7.4768732144771111	141.3019290649572781
 20.000000	7.0420757727441945	108.4772543107387293
 21.000000	8.4455769000442285	111.2830117167548281
 22.000000	7.5675620716875498	97.7361365374299993
 23.000000	7.9305624449577623	104.8017181300608911
 24.000000	9.7510049910162575	123.8992106819715957
 25.000000	9.9565106137829638	129.1913500897603626
 26.000000	9.9706568959371680	123.8687096875719220
 27.000000	10.2032494222050101	131.0101829691241164
 28.000000	10.8010611233599647	119.5445973784442231
 29.000000	9.9991015422414993	108.7379817250654099
 30.000000	9.4442570182040164	122.5694585561807344
 31.000000	9.6944917741694177	109.7744521445980297
 32.000000	9.5620503702616748	133.4456089697719108
 33.000000	10.1942248259815322	110.0924280229467911
 34.000000	9.3808945652698572	119.2663896196903295
 35.000000	8.9733960065409839	86.1222945377040787
 36.000000	8.7330489237609932	167.2282224313466941
 37.000000	7.4765606280126820	60.3297176671140534
 38.000000	8.2300169000849479	158.7864075983917189
 39.000000	7.6757630462203510	147.6899179292060182
 40.000000	5.9591518574164359	24.1596544625068077
 41.000000	7.6674639618385427	138.1845499080503146
 42.000000	7.6267463365996200	101.9611526946696500
 43.000000	8.2816866373647500	108.2363734417588859
 44.000000	7.9118195183112618	147.1124481283194712
 45.000000	4.7514913829487000	150.9653643157001852
 46.000000	7.9014849575225403	146.1383348418528954
 47.000000	8.0169289805311781	136.1531613167288413
 48.000000	6.4510269372187565	122.8156514551859573
 49.000000	7.2403722867313673	124.1538692183441412
 50.000000	7.4494336455233876	140.6102914029483486
 51.000000	8.1815694232667280	125.1711770100357484
 52.000000	6.9025442564291630	139.5834486159553478
 53.000000	6.8987799911494978	158.5187888168842676
 54.000000	7.8529406489113827	161.6422521331676023
 55.000000	7.0385636405539920	153.0029693282105541
 56.000000	8.6806792855648531	177.2183206439138985
 57.000000	7.3914104901186199	137.0099129814350647
 58.000000	7.0182257934718768	124.9625292447463778
 59.000000	6.0265514116216456	141.8554378240152118
 60.000000	7.6413199326203065	113.7582314939919570
 61.000000	8.4457704885997131	156.0045283752749299
 62.000000	6.3344848653377621	45.4372243188358595
 63.000000	8.9321446292903168	60.9319720630316795
 64.000000	6.6131305140744079	56.0308232680869622
 65.000000	5.5452745032144266	153.7828012980261292
 66.000000	4.5368808570721457	145.9322196102753821
 67.000000	4.8753142658381634	157.3031384715835657
 68.000000	5.0172324284880769	155.3402590978863316
 69.000000	4.5264614358027275	163.7159207544366097
 70.000000	6.0781679883501196	30.1866209184592549
 71.000000	5.9836279510123234	125.9154334403723396
 72.000000	4.1929781276880300	127.2606574994871380
 73.000000	4.3762178957050120	167.1809422378610464
 74.000000	5.1866231199778472	50.3638007454304102
 75.000000	6.1664630603224859	143.3705763865731626
 76.000000	4.3536054701751761	133.8160032263272683
 77.000000	5.3298895540702214	58.4773900674422293
 78.000000	6.0550823533715290	50.9349752473076194
 79.000000	3.4282726870042750	138.8948015369996085
 80.000000	4.8369790977393121	155.3643035451468961
 81.000000	4.3075803022969437	145.1640496367993478
 82.000000	4.0914146914385379	140.7830968652475008
 83.000000	6.2289360800867817	57.2259172229338162
 84.000000	5.4871284621036134	43.4831420450585995
 85.000000	5.8492257166749342	53.6000597917571326
 86.000000	5.5625059637683263	143.0792014218162080
 87.000000	4.4983045807615953	160.5338360036219569
 88.000000	5.1267546021600205	53.9984306768015614
 89.000000	5.4243905595110231	59.5376968744106421
 90.000000	4.9936211181244792	164.5430279178898729
 91.000000	5.9408786799263256	170.9740223837995927
 92.000000	4.5690415036830876	152.0014872304889479
 93.000000	4.0582106550144497	155.6021754511554036
 94.000000	4.3483271939771031	154.5214148454959400
 95.000000	4.9556444213752311	39.2653825530975098
 96.000000	5.0195395714132145	171.1706914693359920
 97.000000	4.6873732038431006	168.3051139780936580
 98.000000	4.0277664287446902	155.8930849088221180
 99.000000	5.2013304979335580	157.2565329708853028
 100.000000	4.7808012191418578	173.9500544990055459
 101.000000	5.8314404203633563	50.4835898876827400
 102.000000	4.8062869345325812	40.2576945448257959
 103.000000	5.5283437421415114	119.4027860546189430
 104.000000	5.9421645742748890	40.6410521469955768
 105.000000	5.5070159159529020	53.0333987979992969
 106.000000	4.2991349291596634	163.5357122939815042
 107.000000	3.1636149377709684	143.4158072241766604
 108.000000	6.1823637386413708	44.0804517686814847
 109.000000	4.0314909525228737	146.2111068046134790
 110.000000	3.9069033547789740	148.9543681268617945
 111.000000	4.0800821383483141	16.7237840080113642
 112.000000	5.0286884183446894	38.0106604207730641
 113.000000	5.7228477232471038	170.4396957558109591
 114.000000	5.7020779733967251	178.1233488878060882
 115.000000	6.3669908469185197	161.2742087793804728
 116.000000	4.6804353773383802	172.8313046892135105
 117.000000	4.7753489809405201	150.9807419269255888
 118.000000	4.0803354852566045	141.7511260891142229
 119.000000	3.5178662586895966	148.4918669195389498
 120.000000	4.0897863555200198	156.8910975890337340
 121.000000	3.4545790965193000	21.2586815830107696
 122.000000	4.4270225451875902	143.1188007830586741
 123.000000	4.9838086528956742	74.7213088945988346
 124.000000	5.9854983932878030	132.9039014323032006
 125.000000	4.2216113943127409	149.6011626786421402
 126.000000	4.2413645649286797	159.7120641196279678
 127.000000	3.9200706875756262	126.4329992679614350
 128.000000	4.3748482463082210	137.9072673883536595
 129.000000	4.0194429991961380	156.4108912519390344
 130.000000	5.4238484252805383	42.1672850018991312
 131.000000	4.2983866936777471	141.7483412177237767
 132.000000	4.1246719216011538	145.9575401846738600
 133.000000	4.0678432425947006	150.2352300311284239
 134.000000	4.6440691650165897	173.0042224792825607
 135.000000	6.4473445716521391	22.6232164008059442
 136.000000	3.5240640677090846	24.7856452692724076
 137.000000	3.8663720577851923	159.5778274418411229
 138.000000	3.2555743070035410	138.8178739922283000
 139.000000	6.2355749076841276	38.7617252875399458
 140.000000	4.9275846832079466	152.8458515896264771
 141.000000	6.1150149777045897	162.9770917970800497
 142.000000	4.0320278479393838	35.4893383575374060
 143.000000	5.6220193547351913	51.0956004434046349
 144.000000	4.7878090737607648	157.9801508379450468
 145.000000	5.2212585972138408	138.3935765586231241
 146.000000	3.9958130264211609	158.3137047324099456
 147.000000	4.0829932624034484	131.7692738986598613
 148.000000	3.5201801840802363	130.5423450427392993
 149.000000	4.3193735681252505	153.8866356726959737
 150.000000	5.3314558942068748	69.3231473141151326
 151.000000	5.6981273409561544	63.1179011179636831
 152.000000	5.0598630050173545	55.9428091902871358
 153.000000	4.4799479475119135	118.9837807375040057
 154.000000	5.1744866741613125	164.0338947106360479
 155.000000	5.5403311044945234	44.0405259194722305
 156.000000	7.6861747439718249	54.1517314492269577
 157.000000	4.6702778067730470	158.6657187011498991
 158.000000	3.2933835670757858	153.5357583020378343
 159.000000	5.1244774165912714	144.1093370696823683
 160.000000	4.3272474669795740	156.3324080686280695
 161.000000	3.7157410189395401	157.6761807678950902
 162.000000	5.1361696444100007	159.7390370056417339
 163.000000	4.2095044412112488	150.9089238335690482
 164.000000	9.2027608951662394	144.5544532628572654
 165.000000	6.5145803144382173	142.8163466452045043
 166.000000	4.1647624795832181	156.0276411571093433
 167.000000	4.6365889633413344	143.4402943194268119
 168.000000	3.7283948889942087	147.9747627913891677
 169.000000	5.4126048194189540	178.8151861368015432
 170.000000	3.7262742539525853	148.2442795536933318
 171.000000	4.5860850754120071	32.5856761687012124
 172.000000	4.7913981974498530	90.7655881332347434
 173.000000	4.3074633509897087	163.2239362352643184
 174.000000	6.5428495475808850	65.7487337280856536
 175.000000	4.3962012035054840	163.4465826617781374
 176.000000	3.9771197164438137	146.4336514154935003
 177.000000	5.4370080424646776	56.2972740261675426
 178.000000	3.5811297663975159	147.7513089441605132
 179.000000	5.9142800346986988	53.1174795612184028
 180.000000	6.7361257193530113	153.8103042631146309
 181.000000	4.9205813082307506	161.6438489686254343
 182.000000	4.2639215972426783	139.8440692128767182
 183.000000	4.4376383001662081	167.1123286840495155
 184.000000	4.8699563466025797	81.1623975097285779
 185.000000	4.3917161483107527	150.5716354413578131
 186.000000	8.7199941278507698	128.3294860886883839
 187.000000	4.2601437193653418	140.7929662799760138
 188.000000	7.1378024853851958	45.9983622271213619
 189.000000	8.2849096873359098	33.8610435453057619
 190.000000	5.5442829684005606	173.6431115418121465
 191.000000	7.7789804535801572	89.3057524329047254
 192.000000	8.9696975310491407	50.4389494236339715
 193.000000	7.5081148567239708	118.6247180454865600
 194.000000	8.7332333494216172	150.2789015402962605
 195.000000	9.0825731748420946	71.3714179492964291
 196.000000	5.2298619309944172	150.8322740674678926
 197.000000	8.0646715816177856	59.0411094686512428
 198.000000	9.1745241932086028	162.7152643815641682
 199.000000	10.6972197814351446	170.4445644548593464
 200.000000	8.7780056649694984	42.4311338950450931
 201.000000	9.5773368766236526	155.1415757365497541
 202.000000	9.4351891000390253	53.9846877480599545
 203.000000	9.6809160147608910	59.6287411844459854
 204.000000	6.5561400511452952	42.4260047280988033
 205.000000	9.9558776610450579	162.8490132760198605
 206.000000	10.1175776590053736	95.4419372213991721
 207.000000	10.5052254351723988	94.7960787392884754
 208.000000	10.1690334196088354	101.7337349579890144
 209.000000	9.3057823635714865	76.4679492367421290
 210.000000	9.9399455323601451	106.6056501981506983
 211.000000	9.3685344047385328	33.4830315440241861
 212.000000	8.8085326714822276	38.4596773131043790
 213.000000	9.5219619344672530	53.0990401388626339
 214.000000	8.3266727245606109	67.0267962505008654
 215.000000	3.5710057766395553	144.2872684199748505
 216.000000	5.4604566252853335	169.5223572800509260
 217.000000	4.6014920881691648	147.8914512181393661
 218.000000	5.8134551686666374	152.9000119137976128
 219.000000	4.6323832967186043	59.8844328866294262
 220.000000	3.7527022268910417	147.6183703300935122
 221.000000	4.6879325355332968	171.6143862293133964
 222.000000	5.3284200484921378	173.2541231088560778
 223.000000	4.5390017856754552	164.7085456569064661
 224.000000	4.5504261293316439	138.0499600228386896
 225.000000	5.3488490320960489	32.3588893351949878
 226.000000	5.1674173450187801	153.9096726751531605
 227.000000	5.4152271276005601	160.5500103540148018
 228.000000	3.8339237027782795	152.8579409709825541
 229.000000	4.4768480322322821	156.4537239176909509
 230.000000	4.8410700206721362	157.1562605432216913
 231.000000	6.0865153504311422	22.8134786643976213
 232.000000	4.1871994563362938	147.6806207745966901
 233.000000	4.8144483244094420	146.9899127938561207
 234.000000	4.7704133058025642	171.3436898936303407
 235.000000	3.8459451570178853	141.2410033656833548
 236.000000	4.8804536053399623	167.1470846897410922
 237.000000	3.9944376195260340	137.1226049811672851
 238.000000	4.7876340938098654	160.6715535267442476
 239.000000	4.2952201317417522	146.4562439900574873
 240.000000	3.4477692962139650	140.8808267469913744
 241.000000	3.3949408130701264	139.3207324527870128
 242.000000	4.8897321323990921	143.6038869660403066
 243.000000	6.6899876505355547	34.5088616222994062
 244.000000	5.3477427249781426	163.8738476002124855
 245.000000	5.8931474144531597	53.4692189499752715
 246.000000	4.6690304962172924	140.6509284741073884
 247.000000	8.2273534012324845	55.3937265927101947
 248.000000	4.4077647401061206	34.5822052731932672
 249.000000	4.7877586227238451	150.5471725406331700
 250.000000	5.3407927785141665	71.8272836364263156
 251.000000	3.5364941691567826	145.8464646204440385
 252.000000	5.1745996201600581	170.6755371833924642
 253.000000	3.3161193180964896	140.2184363828019968
 254.000000	5.5141636008582431	59.6917479276982306
 255.000000	3.8261443788553593	152.7842534268567647
 256.000000	5.2689581313554461	178.2296549768516059
 257.000000	3.9553278116887207	140.0104048789743274
 258.000000	5.1789422304723072	164.0575856182275913
 259.000000	5.7014219820747680	154.3068216181599723
 260.000000	3.8406466547849232	158.8340427072290595
 261.000000	3.5064178322504604	148.6660344267968128
 262.000000	4.1588089133524164	54.4961170372017421
 263.000000	5.8297818605581337	62.4153228707337178
 264.000000	5.2078994388500162	73.5207163732241185
 265.000000	4.2947173457328649	156.9802045695107608
 266.000000	3.8164131863131243	142.5492486765528781
 267.000000	5.9322332196478458	157.2854467331162027
 268.000000	4.5302351685758575	154.5442877194695370
 269.000000	4.7614690131131443	160.7040702880834715
 270.000000	4.7096368196423342	56.7497842191099267
 271.000000	4.7650872723305406	140.9746723745143129
 272.000000	4.5791929216744931	133.2770128546972899
 273.000000	5.1426893607060089	151.4508884122836605
 274.000000	4.9451772645152108	168.7815195141911317
 275.000000	5.0759303854586664	166.5348701465310342
 276.000000	4.4720972799741121	154.1603307029228915
 277.000000	4.4690226298815245	162.6629485075512491
 278.000000	4.9339928557467161	157.9816614595934539
 279.000000	4.3938341286763327	151.0081090599262552
 280.000000	3.9484944619513467	143.6705779257036397
 281.000000	4.2440077128130111	166.7458177627358396
 282.000000	3.8151014465963002	154.0399045208808104
 283.000000	5.4118645816308950	160.5268384202267953
 284.000000	4.7708042918774902	133.6800647470560079
 285.000000	4.5895083256345730	134.1646576684306069
 286.000000	3.9295904032289419	146.8302514437489208
 287.000000	4.6696069691712481	166.6420215286431699
 288.000000	4.4595990743960110	155.9013028506717262
 289.000000	4.6954010935113386	166.5428479782445095
 290.000000	4.4742057450701394	156.5041000563036562
 291.000000	4.3546276139877191	151.9001486219021899
 292.000000	4.8825012378464239	162.0860495803536310
 293.000000	4.4539569646414536	162.8857543078268009
 294.000000	4.6907701775539632	154.3548468723582801
 295.000000	5.6898420797040341	49.1973720427626233
 296.000000	4.9579882794081360	159.5712853341248092
 297.000000	5.6974183709363322	167.4065625448546086
 298.000000	3.7767049465283220	139.3020161336132219
 299.000000	4.2180319484277922	164.9600864847345747
 300.000000	4.2073410116891994	153.0204011105243751
 301.000000	4.7567043762262919	157.7115847137984019
 302.000000	5.8888264612985930	23.1746469252408076
 303.000000	5.3186050802918396	167.7116483410755734
 304.000000	4.0580914854895118	159.5032133184499230
 305.000000	4.3432841325070513	168.5081928645475671
 306.000000	4.2921572200464446	164.9417880677766561
 307.000000	3.9452043671174444	151.0065568406082264
 308.000000	4.0927459739904499	19.3358701900212395
 309.000000	5.7492465801731623	160.1516610121794315
 310.000000	3.9830787093180198	143.6832624731507906
 311.000000	4.9756223322700821	147.6546471513497067
 312.000000	3.7339307471469425	153.7176330330982239
 313.000000	4.1197881949190380	147.5321358917396708
 314.000000	5.5370569468768061	158.0747609050320932
 315.000000	4.6901718205553786	143.8456592721418588
 316.000000	5.5306672223928111	37.1913352323810216
 317.000000	6.9009476414031994	41.5566781250101656
 318.000000	6.0470605961789436	161.2903386214978809
 319.000000	5.8514571084487441	22.4082221965606436
 320.000000	3.7419939553429282	22.6045742684252957
 321.000000	4.3817851519349711	152.3503822153056149
 322.000000	4.1745715179496630	152.6098147674966867
 323.000000	3.5506821478487320	148.0909319103755024
 324.000000	3.4032411380906957	154.7251081048507331
 325.000000	5.6479797673985592	160.4682983804528362
 326.000000	3.5122016074582665	136.8669017425785910
 327.000000	5.7486830231782573	20.5487772350442981
 328.000000	4.0268706546904207	157.0660404040740445
 329.000000	4.4503029635652691	130.2295637978703553
 330.000000	4.1285069068829765	145.1887500375411832
 331.000000	5.6322818909031014	124.0200921433050070
 332.000000	5.1460660813011261	163.0802743265867321
 333.000000	6.7474689548614295	130.9334462363165130
 334.000000	5.6588387113969016	146.6582502933978276
 335.000000	5.6121473758646605	141.9633878293584530
 336.000000	6.6835027109512009	55.9399901730502336
 337.000000	11.1658312250639362	104.2516520237034996
 338.000000	10.4536631244478411	103.2221460202417376
 339.000000	9.8073905927338281	112.4424458027157527
 340.000000	9.2610756278934065	63.6535218477462763
 341.000000	9.2354013353469657	82.6153765952071240
 342.000000	9.5720310607430061	89.6803198626223832
 343.000000	9.4293105016420871	100.1190086963349586
 344.000000	9.3807269334417747	76.6304953606041153
 345.000000	9.8451409004774764	105.3409059483734893
 346.000000	10.0678489252209662	128.2508061893223896
 347.000000	10.6235326512316046	74.5545727260657145
 348.000000	8.6847265409394634	81.8612009985159261
 349.000000	9.3304529252747823	95.4757669051049334
 350.000000	9.6035117729136310	111.9707679012079069
 351.000000	9.6712165303010345	116.3463286124060687
 352.000000	9.7569173103403823	80.0140346941743559
 353.000000	11.1152853439106121	66.8671921136594136
 354.000000	10.0173069147739131	81.8991464936642188
 355.000000	8.9144731555921997	130.6052821172891925
 356.000000	9.6096453921771232	117.7586033592923229
 357.000000	9.7601281271905034	118.8934587128298546
 358.000000	9.0671953260561011	106.7968249683035680
 359.000000	10.1229589486615961	128.1408242385756182
 360.000000	9.1475395833615938	88.1690054998270938
 361.000000	10.3076196468050671	95.0059639383183168
 362.000000	9.1310051474381488	102.5239579823767571
 363.000000	9.1187243059382315	120.3262162850265895
 364.000000	9.5847336030815331	111.7751085443741061
 365.000000	7.5125094088157773	120.6663112636745012
 366.000000	6.8541726767643993	172.0855323043502949
 367.000000	8.8716062038885077	162.5421456363113180
 368.000000	9.1887760159386129	146.6574611600619562
 369.000000	11.3333013131683753	157.2371708652768518
 370.000000	10.1528327065060981	104.6978702833785633
 371.000000	9.5235358660869736	113.9288446503588119
 372.000000	9.3313361064692408	100.1939328190859726
 373.000000	9.5404119277585817	100.9377144963940793
 374.000000	9.2749468419928789	137.8863992030374845
 375.000000	4.8386858788364924	69.4466117415370547
 376.000000	4.5138292720615594	156.5074442462989168
 377.000000	4.7725949070310003	75.2391893554658679
 378.000000	5.4985440294221855	139.2415445225156816
 379.000000	6.8452669382581695	37.1602345418579603
 380.000000	4.9039755998050696	150.1110819172575930
 381.000000	6.2590426731565509	162.0779872438931193
 382.000000	6.0136588471321106	149.6821216371470200
 383.000000	6.2816882070869955	149.0694747965499118
 384.000000	4.2165791730541820	144.1739416449010491
 385.000000	5.2750715211223911	157.4022911525364350
 386.000000	6.6339604201672557	74.4499014301706836
 387.000000	4.7966431197142425	46.6035114333016054
 388.000000	5.5772171639445656	127.3884653466463419
 389.000000	7.4123972100434283	165.0360877050547970
 390.000000	7.6916410617415831	59.1771062249894015
 391.000000	3.7587611031380144	47.9289692255113948
 392.000000	4.7986515342528664	137.9915677891647761
 393.000000	3.8588914506067820	156.1529327895655399
 394.000000	4.4037264291942186	160.7924066458342622
 395.000000	5.0326577380928486	147.2127605368245895
 396.000000	5.3275466883680824	141.4393246256624934
 397.000000	5.9402040995263299	27.6831600670235787
 398.000000	7.0506086333682170	167.6341332210344603
 399.000000	4.6913138008136208	173.2607817164078483
 400.000000	3.6038012031714941	22.0200961012190533
 401.000000	5.3103190042111166	175.8025211809457744
 402.000000	4.1708799397506784	150.9913708322913521
 403.000000	5.2225880714729236	155.9726828364087510
 404.000000	4.3157100991190047	141.2255233430321937
 405.000000	3.9993796683269700	150.3412707242754323
 406.000000	3.6238210932501573	147.1681413675768795
 407.000000	4.3416265309705935	144.1914798895244587
 408.000000	4.3182796981393610	154.0735945101333755
 409.000000	5.1265563154058498	158.1044204053984572
 410.000000	4.1326814298631414	146.3889245475117491
 411.000000	4.8685380512026466	165.8587819648810466
 412.000000	4.1950348655631533	132.5163183401216713
 413.000000	4.2562442844053141	151.6489479663906366
 414.000000	7.5016485160748703	65.7066603584514013
 415.000000	5.0403416320766681	111.5683783162493086
 416.000000	4.4233387180114585	21.4814985192269603
 417.000000	5.7481204338147274	132.9975951102094598
 418.000000	8.0867567800454463	121.2585500619349546
 419.000000	7.5983174528819672	56.0160811194165689
 420.000000	5.6877920999498608	48.7074923800589090
 421.000000	4.6095640166790313	159.0324388225659220
 422.000000	4.5444924855645219	164.5767634079206516
 423.000000	5.6674585528963730	38.2039782023461783
 424.000000	5.8474760828463230	49.2108609907555490
 425.000000	5.3515358280633372	168.9622172698963709
 426.000000	4.9644116278207875	61.7089780566149244
 427.000000	4.8640881871419062	38.9756559465367900
 428.000000	4.0253891586935691	142.6288894236277542
 429.000000	4.8122827880943957	169.8998379005025470
 430.000000	4.9658637876463798	156.5657683696232141
 431.000000	4.9278935410653348	147.8754453755958878
 432.000000	5.2222326594943169	179.0444558202995893
 433.000000	4.4681707568845432	161.7429900013362669
 434.000000	4.9585951528231602	148.6748690335442120
 435.000000	5.4005892752330542	144.2930232967368624
 436.000000	3.8995604537789665	141.6544245602528065
 437.000000	5.4311117326733598	163.6557435517042904
 438.000000	4.2387898193392539	138.8880579439438350
 439.000000	4.1583073446852348	148.0906923811319587
 440.000000	3.5146190270546747	145.4019380149011909
 441.000000	5.0301326062105112	21.9900540488339118
 442.000000	4.0362171003973764	152.0047750453543074
 443.000000	4.6729468132323930	163.2145399252468962
 444.000000	4.5157721944603813	151.4457059382718569
 445.000000	3.7019227400659425	134.9419388798045247
 446.000000	4.5908797373899377	142.7400086063723847
 447.000000	4.7163728843324417	163.6530717225413127
 448.000000	5.1234219908886853	154.1635196739058529
 449.000000	4.7182910821041943	171.0581953816293037
 450.000000	5.8053551402771975	140.0675468005748030
 451.000000	5.5061825903627479	140.3044220077180171
 452.000000	3.5001603048779582	146.4888785788542691
 453.000000	4.1049366741560691	159.3047495507686335
 454.000000	3.9310752887150247	129.5535351682127043
 455.000000	4.4948775414266962	152.5852125418308560
 456.000000	3.9968038437205524	156.8002351697743393
 457.000000	4.1003702520767114	149.4743013413899178
 458.000000	7.0375608374895942	101.2978869757700693
 459.000000	5.8262663443565836	165.6247029995467130
 460.000000	3.9975235952870944	95.3650930007817124
 461.000000	4.0592770041284965	135.9265505387261328
 462.000000	4.2694288728923082	146.9751831568957812
 463.000000	7.0673974254240770	161.2914951801419932
 464.000000	4.0268108338422817	71.2810317091389436
 465.000000	5.3101849881042966	39.3190056909897407
 466.000000	4.3767572250807625	112.8827950723694045
 467.000000	5.4173068800697166	153.4976221128763711
 468.000000	5.7096271708234152	157.2947451139495456
 469.000000	6.1979389765768342	31.0202463771298653
 470.000000	4.7696989608593441	136.5517313481982740
 471.000000	3.9116343807330360	140.1154645601769460
 472.000000	5.1903192850821913	163.3240572590621582
 473.000000	6.2697466572388576	146.8022076440300907
 474.000000	4.5441460061240662	154.5417293471928701
 475.000000	6.3287726234980255	26.3063442308348101
 476.000000	4.7820084142748120	163.6018083833636183
 477.000000	4.2075194716302233	152.1331331194958238
 478.000000	5.1163267037200839	37.2314894686076343
 479.000000	5.3442845133723251	37.9779814525049062
 480.000000	5.5776207633760118	9.3270311264098211
 481.000000	4.5335872791906722	160.9989337372823002
 482.000000	4.3450169623581258	153.8908872553448930
 483.000000	4.0847569155522683	151.1232812074707113
 484.000000	3.6665545273468649	149.1388675436527080
 485.000000	5.3315595938526616	168.1422264116763188
 486.000000	3.8679111777173776	155.0907453038765027
 487.000000	5.1711556787557704	166.3357644140537275
 488.000000	5.4326000105577235	154.3156492653789371
 489.000000	4.6840015023934507	146.3202217904403710
 490.000000	5.4784432245843879	123.2843507931453786
 491.000000	4.4290502031237153	164.4697423466493831
 492.000000	5.6163379799137800	158.8531053713507504
 493.000000	5.0626196644766432	166.7059953373722578
 494.000000	5.2104145310552630	167.0806582112323326
 495.000000	5.0930819929431319	159.0964398114280129
 496.000000	4.8987628106483445	162.1580048347476861
 497.000000	3.8708968418059224	145.3291546791049313
 498.000000	4.3010297293115398	146.5093452498105648
 499.000000	4.9808484776524447	158.7798554293524660
 500.000000	3.8943449617885828	121.6606776086636899
 501.000000	6.7196051413734601	157.7014669161596885
 502.000000	5.5143460253061125	171.5881840033206345
 503.000000	5.6813982306546249	20.7010900956208843
 504.000000	6.3827014354233977	139.3126132477981685
 505.000000	5.4335410056796087	130.0652113691718341
 506.000000	5.1853024003280552	156.2156416396918814
 507.000000	4.6923157231011086	144.9715583497002171
 508.000000	4.7007074586544233	138.2234453487116639
 509.000000	4.7835518283073171	167.5025991038218081
 510.000000	4.6819504477628531	136.9660382435684483
 511.000000	5.4865023501383297	153.9809053194941271
 512.000000	4.8584743628315525	162.4733702135147837
 513.000000	3.3522380904963915	150.1731488727074009
 514.000000	5.0170925288138086	151.2041411603231040
 515.000000	5.1357384479595831	158.7097478200712146
 516.000000	4.6299534301657266	163.8994746977691364
 517.000000	4.5514978889418201	150.7280304213281852
 518.000000	5.0196019943558223	148.8074340926369246
 519.000000	4.0843715011843518	142.8235721434065226
 520.000000	3.9950390733218195	159.7222815774200910
 521.000000	6.5488611000512282	157.3288875530562336
 522.000000	4.7848360044552090	141.6187069544010342
 523.000000	4.7404315857173085	129.1909363802297435
 524.000000	5.8957541900493284	167.0113028608387253
 525.000000	4.5560123308717753	133.8097869636324049
 526.000000	5.9693921288646470	151.3975597716722064
 527.000000	4.8602737785216119	141.7892321074816095
 528.000000	4.9469346308752646	134.8387223800501431
 529.000000	4.7520626560995307	141.9043647743102099
 530.000000	5.5164498908110646	149.5375308339369838
 531.000000	4.8306740314042678	155.2198100517604473
 532.000000	6.0332230099463642	127.2477232051083433
 533.000000	5.0653465330883396	156.8444562575578516
 534.000000	5.3152933183930937	147.4403450874833936
 535.000000	6.4822620642327315	22.9059077601371825
 536.000000	7.4170045236759963	142.2195992719158539
 537.000000	7.0918950460393226	149.2844932538466196
 538.000000	6.1396878307820755	54.3642036591347306
 539.000000	5.5303830812072876	158.4326488751474642
 540.000000	4.9922885597833062	161.4060988006911828
 541.000000	5.1537692068015231	131.5340722139860645
 542.000000	5.8173070946673837	28.4779464667317086
 543.000000	5.3823987611514195	45.5135235397735300
 544.000000	5.1819540973068037	157.3861931292456120
 545.000000	4.3644739151344023	137.3393634749610897
 546.000000	4.2969892519280144	146.2224629424849240
 547.000000	4.8426298834677901	141.9715099894589514
 548.000000	4.0357667170096514	145.2638505925569632
 549.000000	7.3578159691738341	157.5414945462803757
 550.000000	6.7074542472301220	84.0858382216089240
 551.000000	6.7202362160025748	49.3076828652268659
 552.000000	4.2496914486552901	143.4304183370228429
 553.000000	4.6308052894195111	164.2937575955755847
 554.000000	5.7204966185112882	39.2735769394892031
 555.000000	5.7842465834869490	26.7666236727643252
 556.000000	8.1049713303732176	63.0505830404272842
 557.000000	9.4689844656145947	135.8369812630226932
 558.000000	9.7422416314794393	110.2334860401147836
 559.000000	8.4788905386908642	117.7328844634074585
 560.000000	8.7319485806241719	48.2128462793161248
 561.000000	7.1813327882352818	52.4387400814990912
 562.000000	5.5647269338294354	160.2190031975282523
 563.000000	5.4590660339068302	177.2682458947849398
 564.000000	6.9778613041123814	39.3943967826289736
 565.000000	4.9387355363840424	141.8715269439348106
 566.000000	4.6325597362699558	160.8833136463925371
 567.000000	3.6392884115322839	101.3214494528430691
 568.000000	4.8819651783061371	160.7671108213989442
 569.000000	5.9729014125275439	157.2154546978817393
 570.000000	4.0327091270536606	159.3244654771937689
 571.000000	5.0502136030363314	170.4013232052426190
 572.000000	4.2309553686352013	154.5641497482078819
 573.000000	3.8066725107160893	148.6040769174345826
 574.000000	4.4663116732554595	142.8109304091217950
 575.000000	4.7965495579569559	161.0650322558943799
 576.000000	6.4399748356750095	18.8832975506520029
 577.000000	4.6224588418837840	172.4441655385724061
 578.000000	5.0450009840813337	50.7700812718385350
 579.000000	5.9514161159585877	175.8451461656986794
 580.000000	5.7320650826488571	53.5645493350635746
 581.000000	4.3271681293329856	157.5137385301978554
 582.000000	6.7529529043952996	38.8335288188301888
 583.000000	6.3542210089126874	22.8129950445535314
 584.000000	4.3812348992019237	127.2662841586428613
 585.000000	5.1757117996699291	172.2015836690682420
 586.000000	4.9084798032350676	146.7067365337354943
 587.000000	5.1933853668783483	148.9280454456071823
 588.000000	5.0131571065681131	169.6524567681900635
 589.000000	4.3639260365737700	138.0301580788282081
 590.000000	4.9515854846020559	153.8569739867772626
 591.000000	4.9330068597306820	162.8246493417626652
 592.000000	4.5189998630288359	157.7890570589799779
 593.000000	5.5163029443554956	169.5507990565398870
 594.000000	5.0593342386488178	145.0124519040913071
 595.000000	4.6815664594345012	160.0828082980376053
 596.000000	6.8480297235156140	65.9679188906499547
 597.000000	4.6617688794700411	143.2979490888950806
 598.000000	5.5021457128433573	161.5842569274332448
 599.000000	5.0913802518098503	163.4534593316731161
 600.000000	7.1668170097418287	80.8940442555429371
 601.000000	4.6045652257729461	143.8684579743894858
 602.000000	4.1178678017191093	162.5713835770538651
 603.000000	5.6118241414646075	152.0735450726229203
 604.000000	4.7478727013959867	22.1035872555401625
 605.000000	4.1131287513414350	159.7435762883650625
 606.000000	4.7279513904012713	150.1181350326546351
 607.000000	4.2651405324646596	157.1518795471148451
 608.000000	6.5317733214888660	15.8769596745265176
 609.000000	6.3279907171144298	151.0196861748602259
 610.000000	5.7882064913123559	8.5354701644913860
 611.000000	6.1090999983723044	22.5331214255259908
 612.000000	4.7309037401699969	131.5155402237610360
 613.000000	6.0227461899848835	158.8218834225883427
 614.000000	3.4950375507039606	12.0406149091992347
 615.000000	5.2384663707108681	152.7026887152352685
 616.000000	5.1541480986504986	162.7258506327128771
 617.000000	3.5586945016797573	164.0947875695842413
 618.000000	4.7491692073862906	160.9016744731406447
 619.000000	4.5932607786303059	155.7300062576239270
 620.000000	4.7906191491739047	152.3695086462273878
 621.000000	5.0169407795921366	165.2739680892491663
 622.000000	3.9640622400500569	144.5415625950829792
 623.000000	4.4374917212580858	165.7671568342562409
 624.000000	4.8616314614650600	164.1465204345660709
 625.000000	4.8517180204393116	164.9380504052911931
 626.000000	4.3947735881296435	159.2269229109890034
 627.000000	4.7980387627430146	166.7642155814925786
 628.000000	4.1407938751277014	156.6142880050448980
 629.000000	3.6671614108909480	55.0406309954445163
 630.000000	5.7070222770116557	156.7980507050484675
 631.000000	4.8768118885022407	156.3093000080576189
 632.000000	3.8019306687472354	147.5003981915655800
 633.000000	4.1052691728143049	152.5104230367155083
 634.000000	5.7632004271722472	18.1085598566899932
 635.000000	6.2729154142194918	24.7054263864203278
 636.000000	6.0091377136203832	8.5922266252879922
 637.000000	6.1286964607671974	33.5963440939917461
 638.000000	5.9520517341234758	22.7789428497150084
 639.000000	5.0632919088686767	164.9258337612739638
 640.000000	4.0072184255487651	141.9993710683746713
 641.000000	5.3424430264865750	146.8357669987333338
 642.000000	5.6552193973167961	157.7064212750400714
 643.000000	4.3373745294759152	156.6039292868588291
 644.000000	5.2516336811405289	154.7834034579310867
 645.000000	3.9639381316850097	152.2735271824622032
 646.000000	3.7599906600339130	146.5719757183938725
 647.000000	4.8211975254095760	154.2787855102740764
 648.000000	4.7053361295868079	157.9144606710701453
 649.000000	4.1953242068731882	162.7221952512055054
 650.000000	5.6845978795496874	144.0796644089291192
 651.000000	5.1126598831043166	145.6962750975295648
 652.000000	5.4034343196883494	162.7719770971010576
 653.000000	4.1979497752173742	139.2165406994636498
 654.000000	4.0242203588991305	160.0438217777139300
 655.000000	4.0942644429254225	167.5931330068600573
 656.000000	4.6251195369315257	149.4375682812425623
 657.000000	4.6669726619810712	151.9205643093284266
 658.000000	4.7590709673228790	149.2247636487489046
 659.000000	4.7039758318626745	111.1138380542532502
 660.000000	5.0855222697523566	171.6211480923557247
 661.000000	6.8164676933296517	161.3527073081014009
 662.000000	5.5751162017277736	45.5722897821981690
 663.000000	5.1812178189279852	45.1331207565206114
 664.000000	4.8290557573525064	147.3565162084784106
 665.000000	4.3304307718170394	3.5380520103609570
 666.000000	6.0036005667321071	112.8862079726239926
 667.000000	4.2112298480209596	141.6676083847131622
 668.000000	7.3747921053741754	52.6802805524626194
 669.000000	5.3565348714017054	150.3494296817360407
 670.000000	5.7002809749003642	148.5707729027178345
 671.000000	5.7098265725783426	149.6740642101437402
 672.000000	3.3064223020092531	136.3060977830259617
 673.000000	6.9791439144758716	150.1277859050479151
 674.000000	5.4116379301892792	150.9764655714559751
 675.000000	5.0283589815653178	148.7104811169547247
 676.000000	4.7028157167838449	140.1917180530817575
 677.000000	6.9052434975211545	170.6483414282312197
 678.000000	5.7295581214396698	128.6368679305470550
 679.000000	6.2564078875596012	145.7343493696663472
 680.000000	5.0292580257591757	140.9638721082995403
 681.000000	4.5433316788073270	127.4404388575900100
 682.000000	7.7008307027045486	121.4067165780323307
 683.000000	6.6719247492411631	119.3226467438793890
 684.000000	5.0043754994827934	147.4185642824079423
 685.000000	7.3819188331772221	158.8242599840629055
 686.000000	4.3211072296630961	155.3235768250182787
 687.000000	5.3849677395729394	152.4000537832564248
 688.000000	3.9168081209021715	141.9281938879886411
 689.000000	6.8583587891674291	136.0236754108520927
 690.000000	5.6284612252760402	143.0995797854650107
 691.000000	7.3158519348241393	126.4869419605849430
 692.000000	5.5991395517042601	141.7234354184881511
 693.000000	3.7918481490834961	144.7382427394809099
 694.000000	6.9958867934819775	139.4985278888811138
 695.000000	7.4520607301650434	139.0647970730640566
 696.000000	7.1003064627538075	130.6612854127397441
 697.000000	6.3755708699362161	143.5790382645106149
 698.000000	6.6402215428743565	136.9530459751109674
 699.000000	7.3846252722155317	59.0313899736713381
 700.000000	7.1147749116901133	134.9636031034917778
 701.000000	8.2859506139651522	93.1634083221346145
 702.000000	7.6784593796991567	61.0572624595212261
 703.000000	7.3218332333137797	124.9585951620829292
 704.000000	7.7786727272856213	40.7974378217441824
 705.000000	6.9960343498913238	137.7310624252905882
 706.000000	8.7733743718477317	157.2619163552359396
 707.000000	6.4599548259688717	110.3606123453011065
 708.000000	6.6998911631982825	67.1774267316789491
 709.000000	8.9680314403499946	137.7559706469482421
 710.000000	5.3771834407750054	50.1929212859076586
 711.000000	7.3739112415161285	65.3660173642233104
 712.000000	7.5667675172971078	152.0557259433431057
 713.000000	5.9466481642044107	77.0649732387040842
 714.000000	5.5455908275186836	83.2260454538971857
 715.000000	6.1502649569644392	117.6907778135840772
 716.000000	8.0022245118717770	88.8054793094869694
 717.000000	7.4573202269968428	61.5565116738383580
 718.000000	6.5818109689459732	43.2190533549042186
 719.000000	6.1015457847000008	22.1905448914754402
 720.000000	7.9371196411088096	114.1906812729144036
 721.000000	5.9981049954133248	155.5330249523209432
 722.000000	5.4113813813533289	64.8867190561763749
 723.000000	4.4787606270269711	135.5642348715191758
 724.000000	5.9913220790694037	144.7800487874808653
 725.000000	5.0054863986890856	63.5392752232173592
 726.000000	7.7472031541924391	73.2026680048112866
 727.000000	7.3921066506875110	135.5014108185144437
 728.000000	6.0166064780418198	41.2738109552545041
 729.000000	6.5130332517988911	60.5810214136665479
 730.000000	6.8353324107192766	154.5419414300471317
 731.000000	3.5332743156208584	146.2894169331153194
 732.000000	5.0624487145964183	143.9369130412973163
 733.000000	6.3277710734385639	150.6491558925531251
 734.000000	3.7399603299662751	30.4217318748719094
 735.000000	6.7620247796403685	141.6697889088840157
 736.000000	4.6054000345922441	141.5211418307203814
 737.000000	3.9638587108034939	143.5963442740784330
 738.000000	6.5048831495842343	15.1803029453179192
 739.000000	5.3801202734111273	151.9186250813258425
 740.000000	6.4426337135663649	137.0287406480288723
 741.000000	5.5307518385569630	147.4799861084046881
 742.000000	5.8933842341756186	142.8222145193509505
 743.000000	7.5560251081129524	136.4638463121124516
 744.000000	6.3542222245592486	114.8915809558264129
 745.000000	7.1088786592163800	38.3812480636005944
 746.000000	6.5526823719532175	51.6291525906428888
 747.000000	6.9761226513180636	127.7871538464044932
 748.000000	8.2829406562578392	91.2200649611244074
 749.000000	6.8938455096151667	29.8526773359417348
 750.000000	4.0424523389090403	158.0728463110636710
 751.000000	4.3333602507922819	151.4307663642050557
 752.000000	5.1664319140553498	136.1006810191355214
 753.000000	7.4632154809382580	134.8905143628563224
 754.000000	6.5293506306486320	129.2394754965752952
 755.000000	7.1626321786752900	140.1772637447984664
 756.000000	6.7195827909663945	140.0216524260312667
 757.000000	5.4169344940678501	134.1537195306824231
 758.000000	5.3064854236718277	144.5507879344201285
 759.000000	6.7443606324977763	146.8426226713549454
 760.000000	7.6485982019686940	154.0932387011578157
 761.000000	5.5672548498463126	69.0002194940099969
 762.000000	7.0374881907758438	152.4663083086366271
 763.000000	4.5449299103196008	137.1976528379271087
 764.000000	5.8279989658209059	18.1916264114669275
 765.000000	5.7076747719621164	157.8157390188783893
 766.000000	4.2230879324688946	165.7909712525765542
 767.000000	5.1876386498939819	153.9213220344221043
 768.000000	5.2045732407921186	160.5192787514756674
 769.000000	5.2438451102607679	158.5878771489941528
 770.000000	5.4394510837482004	156.7711509915993702
 771.000000	4.5409693819653745	153.1740752337981917
 772.000000	5.4135526842057677	154.2610937770363648
 773.000000	7.8891743752819785	68.9082715117067721
 774.000000	4.8970116763017639	140.0129017954359369
 775.000000	5.2895400493803173	134.8524023720402454
 776.000000	4.4465739567190390	128.1036605535153683
 777.000000	5.1534374477288800	24.1466482163024807
 778.000000	6.4609623374869090	42.0212952854029140
 779.000000	5.2871442489107521	50.5909765960129789
 780.000000	6.0212309360504861	128.5328478302394046
 781.000000	6.1205803699975219	143.9482183563762021
 782.000000	5.6115107984013477	133.0311204959452880
 783.000000	5.3907441962660858	45.8237233609126520
 784.000000	7.5247085130669591	163.2515535760538228
 785.000000	5.3251362640847129	149.7001746121331109
 786.000000	5.6611101594370217	144.5327870181147887
 787.000000	6.1946066427900055	26.0893543496484881
 788.000000	4.7487192553606263	142.0937992793954550
 789.000000	6.1021697357968332	35.1469398724880193
 790.000000	6.0074672454673088	14.1822774419713653
 791.000000	4.7866235891261066	162.2843340573940054
 792.000000	4.9832440059507261	156.3808108187067205
 793.000000	4.6043567319664245	144.8396223708767536
 794.000000	5.5988434086724679	45.5798811504332093
 795.000000	5.6710283341713934	21.3417092764689755
 796.000000	6.2039122369584376	8.9209372982275568
 797.000000	5.1414852357563694	137.0265169182827378
 798.000000	4.7595241693983885	139.3018240830918728
 799.000000	5.9399480058977439	12.0496650957076383
 800.000000	5.5138296764248915	25.9316239995815465
 801.000000	4.9671739556161096	134.5382573929922501
 802.000000	4.3339028804522428	132.0592995873625739
 803.000000	7.2586845726207398	86.3123593877355404
 804.000000	5.4237929525773909	11.5648614871948610
 805.000000	5.9148082213524598	43.9569470305996788
 806.000000	6.9336429718834696	147.7605863682962877
 807.000000	4.9224016054953577	122.2739223818977052
 808.000000	3.8189139447067642	147.4859181694523613
 809.000000	5.4620699116733045	153.7195555648208369
 810.000000	5.2208218095744900	149.5101716182211362
 811.000000	6.2256328089439146	15.0486647448529709
 812.000000	6.4996484723638579	149.0418620789682222
 813.000000	6.7113405783285032	153.1298827918011796
 814.000000	6.6361498852766818	128.6030769917709051
 815.000000	6.6101114513769863	27.3299059349745619
 816.000000	7.0997968687587418	150.3098530605221015
 817.000000	7.0676314717072746	153.7403642624243219
 818.000000	5.9815485325198239	153.4354621198473581
 819.000000	8.5859930387798364	128.4197055746514593
 820.000000	8.9854035319342813	56.9917317336312124
 821.000000	9.4135038124389414	153.0979870848284747
 822.000000	8.1898824309429585	114.4462172211282081
 823.000000	8.8645953799701793	68.5015454012320504
 824.000000	8.9263906536764068	104.7630226065021901
 825.000000	8.8438762762637442	62.8604801441764067
 826.000000	9.0266556609050195	146.3177817367944726
 827.000000	9.2357775395873425	109.5627308044047936
 828.000000	9.0395643853393093	138.0995467182721370
 829.000000	9.3398093049101032	146.4025830217352393
 830.000000	8.7959961199621866	85.5798200435600904
 831.000000	7.7492707889560455	55.9296685818377455
 832.000000	6.9025968123921135	8.9413438715305347
 833.000000	6.5394850155258446	118.5877542128984885
 834.000000	4.2531167574960786	157.4086757387497073
 835.000000	3.4689234140745171	157.9117116052395886
 836.000000	4.7161508590088541	156.4103626423466267
 837.000000	4.4784735309002892	153.6600322519314261
 838.000000	5.5542129375820846	157.2868205957196608
 839.000000	5.7843813316401782	150.4565283201223735
 840.000000	5.4433536494129333	156.0367484667220879
 841.000000	7.1021916204321638	113.7817241917023097
 842.000000	5.6333579985475088	154.3045731128737827
 843.000000	4.9302220672809911	134.8924263400919301
 844.000000	5.2057067415247502	158.5467412415297588
 845.000000	5.0725061543767502	154.7406297008705280
 846.000000	7.3228201935168959	39.9582070899529924
 847.000000	4.2091418350542265	141.3014144814985684
 848.000000	4.8112581083264541	172.8790523525069318
 849.000000	4.0788245330102040	154.0664002499064509
 850.000000	4.1177217312898504	143.4009705925640787
 851.000000	5.0076251239127521	160.1424267001546013
 852.000000	5.3747130395843312	44.1942343952747763
 853.000000	4.5804743091639919	151.5904689123811693
 854.000000	3.5811926501010762	14.7247785804954106
 855.000000	3.7433236062954323	51.8882635167622084
 856.000000	3.9163099500813212	150.7576477708561242
 857.000000	4.7376324979172972	153.5985447129266959
 858.000000	4.7706337620043922	144.6670418013345625
 859.000000	7.0099236332677330	115.1844882098476148
 860.000000	5.0715729430273031	144.7479554342889116
 861.000000	5.4561613248403518	148.2621319621466682
 862.000000	4.6309691014317051	153.9460867137692333
 863.000000	6.1909951065934150	58.1323878300516412
 864.000000	5.0450773856792157	137.8015115074554160
 865.000000	4.4137258725444291	151.9163907395156059
 866.000000	4.7716395145471848	159.6304434559033325
 867.000000	4.0297649424256727	142.4951286933710719
 868.000000	8.2988919354367550	27.6919716770897537
 869.000000	5.6535972157492989	39.8710443200308191
 870.000000	6.1771868504351923	147.0186922105274334
 871.000000	6.6982109447963971	57.5351603870246890
 872.000000	5.2038519401309458	139.1429148046462672
 873.000000	7.1120540412089905	67.7935234657695389
 874.000000	6.8695839390665414	37.3828497895601970
 875.000000	6.0824569502353834	133.2551577262365470
 876.000000	6.6416849271946559	33.5115265605505783
 877.000000	7.0929195001783629	138.2564792365333801
 878.000000	7.8992450362926787	96.3565323086265693
 879.000000	4.1829731408329227	147.2324237548390329
 880.000000	6.7003872247000329	145.7166916298622255
 881.000000	9.4928074936762066	170.0912879281760297
 882.000000	6.2996147994284071	134.3268859303131535
 883.000000	8.2927847817146105	66.4910218287121211
 884.000000	8.3087800346500540	81.1870479524081787
 885.000000	10.2562828715501926	118.8898470334232798
 886.000000	8.9927940668374777	82.1886575705201494
 887.000000	8.3560757255862317	72.0593724794707100
 888.000000	5.6993863145074641	122.6029992040233054
 889.000000	8.1410770759989877	90.5749506962974777
 890.000000	7.0939100434920297	164.5060275384349495
 891.000000	9.5022741799022867	146.2127503442350189
 892.000000	7.9778102816753300	97.1119692178340443
 893.000000	7.0652857450475341	136.3059989967765659
 894.000000	10.0778395906758291	42.8262754516229620
 895.000000	8.0857783473127061	86.6275610597766672
 896.000000	9.1147067878555017	133.7800443355336313
 897.000000	9.0699032011083158	122.6544020215374360
 898.000000	7.7570040100168285	112.9234463900226615
 899.000000	6.3070471112131630	152.2677831831851449
 900.000000	7.5518792194635491	53.4388414724555076
 901.000000	7.2700144127441142	121.6695694119295865
 902.000000	9.0656795993339045	77.1178558486124786
 903.000000	8.6177765582194681	155.8061446001520380
 904.000000	8.6149380816134347	69.7969263423951247
 905.000000	7.3933616816379146	129.5847139709418343
 906.000000	7.7684415756064196	137.1371166875915151
 907.000000	7.5547887394993651	113.1429902692549376
 908.000000	10.5298750369775895	79.1616002824380018
 909.000000	7.4721246931885243	165.4331336180700873
 910.000000	4.7896167021161213	150.6556116531862131
 911.000000	5.0477893363944766	163.9031036962745418
 912.000000	7.6420390215424447	141.7050935639593376
 913.000000	7.6599749517173557	42.6297497494739446
 914.000000	6.9864225551357659	139.5718440046501314
 915.000000	7.7742026355781073	138.0654905954243645
 916.000000	7.0385006762119247	72.2689558523512829
 917.000000	8.3153045898305180	167.0632330085938122
 918.000000	8.2277374571883897	156.6063825440742789
 919.000000	6.8730387618986244	39.1533254372842521
 920.000000	7.2913187018573256	81.8220663516042777
 921.000000	5.8694092857983620	36.5010757469273983
 922.000000	6.0075305853479373	142.0307492897716770
 923.000000	6.4921783737812788	17.6957294398779936
 924.000000	6.3279934979698114	159.5963353885811955
 925.000000	8.0014684467739450	95.0760078049138713
 926.000000	6.2158496570021500	159.2065858286311197
 927.000000	7.1091404272611856	101.3716721302010768
 928.000000	8.0394654549168969	39.2582277055854831
 929.000000	5.7900544268925005	45.2292281030919412
 930.000000	7.3494139455726817	132.7177543973524507
 931.000000	5.9586673478960295	131.5869080046969657
 932.000000	7.9315274289591748	78.4742587822494215
 933.000000	6.6340979221804677	152.9158159978875062
 934.000000	7.4719567214931883	151.6966960189901386
 935.000000	8.6577051780983290	55.7700800492768138
 936.000000	6.9217400785494521	32.5500663026987240
 937.000000	8.6648788296871952	122.4266331459914738
 938.000000	8.6505298410064277	99.5506647440872285
 939.000000	8.6179975734886991	94.8031964927137949
 940.000000	10.5216556718025220	124.3571341661464942
 941.000000	8.1139295218103058	71.2773012550473339
 942.000000	9.8153834267405067	110.5007801714406099
 943.000000	8.3016276792914052	178.4906172855562545
 944.000000	7.7306129013194642	117.2385940371303548
 945.000000	9.1921343344818034	160.6483688125472042
 946.000000	8.7226129866928162	98.4644222370887690
 947.000000	8.8112914445902142	145.6128393702520896
 948.000000	10.2004290900961099	81.8585786179366295
 949.000000	10.3489508153980108	122.9706981572810776
 950.000000	7.9354491857430816	155.5792798558471759
 951.000000	7.1675197603683207	167.7112462299932076
 952.000000	7.6375610505333906	51.9061237858003039
 953.000000	8.3127166087094757	135.6181809588302087
 954.000000	7.2249033153495930	67.2767181367252078
 955.000000	8.4483196162940146	141.9858021267878598
 956.000000	8.7591081227521119	51.4406496520751375
 957.000000	7.7888644976566228	149.4837108346879688
 958.000000	7.4881401249887851	131.1609276327175735
 959.000000	6.7213775543635181	64.4097155995768560
 960.000000	6.8225764845961390	138.9163541447190937
 961.000000	7.6537349816979763	55.8788589088210585
 962.000000	7.3234715529843504	117.6292539527189405
 963.000000	7.8208534698848267	132.3937594608780728
 964.000000	8.2846553946021473	64.1297411737647423
 965.000000	7.0939506200284272	85.8647875278903001
 966.000000	9.1410115989279515	47.1371761864249663
 967.000000	7.6465422739779187	133.8604018473449742
 968.000000	7.9247138051780066	153.6967469696718638
 969.000000	7.4563946236522778	56.0453159762179070
 970.000000	6.9079797001602072	21.9632946507945803
 971.000000	8.1784568826452375	150.5443772659582464
 972.000000	6.1042353608801418	66.9628728319312216
 973.000000	8.2002914532694966	65.7013508192746514
 974.000000	6.8833558331275535	60.1671563496769437
 975.000000	7.4521262312162362	152.8100317131197698
 976.000000	7.8403905789783348	62.1635318013244671
 977.000000	7.0836771524874269	158.7445602800428901
 978.000000	8.0713247627190405	69.0709900085087014
 979.000000	9.1218175329359674	60.0214320483073323
 980.000000	8.2287225243747564	57.2689337405843020
 981.000000	7.0114158724396090	49.0444119594462791
 982.000000	7.0181379506958930	149.0153227553193460
 983.000000	4.5127012131181559	151.3358875108987149
 984.000000	6.0803823985929881	166.0720216165309182
 985.000000	5.0448504380188188	153.8523026831049378
 986.000000	5.2207350303401121	156.7277575311655369
 987.000000	6.0027453341226193	155.5815125267906467
 988.000000	5.8380099687047098	164.6903573086026142
 989.000000	5.2975044790371433	153.4145258049613290
 990.000000	4.8451651259444137	146.1366273281889789
 991.000000	6.4620802019782095	52.6767291657187826
 992.000000	7.6240129526661082	124.8839368658588569
 993.000000	4.7619344535265702	154.8884855290981193
 994.000000	3.3649113878996677	156.7596446113741990
 995.000000	4.4074816843905325	146.7545486411038951
 996.000000	5.4662160757901344	150.5172467642724143
 997.000000	4.7870627931856662	148.6729118097764797
 998.000000	8.0205639866412870	113.1892258326897149
 999.000000	5.5560160861038606	145.1081869744693336
 1000.000000	7.3426556498036613	113.2649264763823709
 1001.000000	7.7234164052722116	150.4670829034385520
 1002.000000	7.2808882061228459	133.4197499479683700
 1003.000000	6.7918657324518463	143.9952538325757132
 1004.000000	6.2114570448775641	117.2921968419302772
 1005.000000	6.8233162450494778	159.1797280928839484
 1006.000000	7.0454004533538592	124.4812157890676474
 1007.000000	8.2606105923666444	166.7642467530100703
 1008.000000	4.9495231609725190	49.5941855575132990
 1009.000000	4.6882511275610561	156.8933577042086824
 1010.000000	3.7334903426037820	158.5895034355377220
 1011.000000	6.7728787245415978	144.3338322399327467
 1012.000000	6.0818148658094779	16.6700443601191353
 1013.000000	6.4611901191971643	175.0711713577052819
 1014.000000	5.1537440403987267	156.7537967709256748
 1015.000000	3.8773257737878404	144.0994136961516290
 1016.000000	8.1514125702748608	66.6898542628381676
 1017.000000	7.5072282523133635	59.1697242277038669
 1018.000000	7.5840574861022558	58.4302829738457916
 1019.000000	7.6482209408856532	62.8234359865235916
 1020.000000	6.7362278140430840	45.2488225203740342
 1021.000000	8.2236474472268757	149.3558001822482311
 1022.000000	7.3424233630327622	139.9679889112879039
 1023.000000	7.8785741584780791	99.1652900129366230
 1024.000000	7.7777937427977051	142.8607218068940483
 1025.000000	8.2629681443600411	54.2609709376460501
 1026.000000	6.0042254617337756	172.9123156276322675
 1027.000000	4.6046178721724447	160.5383987879813787
 1028.000000	5.1465727593126687	130.2163555778826947
 1029.000000	4.5872331675559721	157.6677501828370964
 1030.000000	3.2142767591262866	143.0282062620248098
 1031.000000	6.9141593995454169	29.7380829101991537
 1032.000000	4.4878421746761239	65.1355061178206824
 1033.000000	4.4251876028900643	153.3960010373330363
 1034.000000	4.5565903885323120	141.4806352066494242
 1035.000000	5.0779283745593284	150.5807150491835387
 1036.000000	4.5743589490245933	154.3655933900423918
 1037.000000	3.8416990861999474	163.8527358416590687
 1038.000000	5.3269577808863229	51.5013166311040891
 1039.000000	4.7118977235557260	168.0262060590230533
 1040.000000	5.5344937689745919	18.7116900266283608
 1041.000000	5.5367978805317781	52.3119316573238677
 1042.000000	8.2459386863856565	128.6012406262150023
 1043.000000	8.5651105037403763	125.2762145734950252
 1044.000000	5.2480928423757227	127.7267335995944393
 1045.000000	8.2745960954528464	115.5266339097149739
 1046.000000	7.8613388690161017	107.4481553554627311
 1047.000000	8.5209810432652553	96.2300372316053938
 1048.000000	7.0060625676471355	61.3233903888706635
 1049.000000	8.0193702089650749	144.0121960704145749
 1050.000000	7.8384640148150826	53.9820856078187603
 1051.000000	4.8584845994350525	144.8569897176618895
 1052.000000	5.1035231056119601	41.9461163900892871
 1053.000000	5.6209713626704403	37.9312474923843297
 1054.000000	5.5839741583178375	62.2333518640435983
 1055.000000	5.7702605575617323	31.7125010301288341
 1056.000000	5.5051783750471870	60.6443229140861888
 1057.000000	5.3339464704283648	176.4072714448237491
 1058.000000	5.1671621929739802	150.8879979708531494
 1059.000000	5.6086096484187093	103.0114141219228543
 1060.000000	4.5654687264175484	145.9184538568406992
 1061.000000	6.1510532420576149	44.7470229871293839
 1062.000000	6.7242454669357352	55.4783649512527717
 1063.000000	6.2350704728712554	33.7831830792903531
 1064.000000	5.0639352589996562	163.7627893653425986
 1065.000000	5.1611264175890517	153.6062617932860519
 1066.000000	4.3220493086943694	150.0705477736192677
 1067.000000	4.3641465168712070	163.8240055145563474
 1068.000000	4.6330922602204172	159.4774198492738719
 1069.000000	5.5516257517882215	89.1220577476943703
 1070.000000	5.6619639085676576	81.1526977428470957
 1071.000000	5.9644565154998084	75.1376537868258794
 1072.000000	3.3497887669837234	84.3347329762547986
 1073.000000	5.4782354174356493	87.0162508380212927
 1074.000000	5.6865067306616419	59.5703080454918563
 1075.000000	4.8738204161572805	147.4685648427211504
 1076.000000	4.6818560485528211	150.4954269069084773
 1077.000000	5.0272655091064999	156.1160201388618702
 1078.000000	5.2895494203365940	152.3037076323911378
 1079.000000	5.1669806696239160	118.5855234103370464
 1080.000000	4.7938431047647239	166.9870721493209089
 1081.000000	5.7373069767798386	29.5660884823006711
 1082.000000	6.3074029003112315	44.4520403889924012
 1083.000000	5.6489723157640812	41.2794091936910092
 1084.000000	5.3171067489758412	33.0955833107120441
 1085.000000	4.7095523330895119	159.3267228343286774
 1086.000000	5.1222663339198968	149.5184598781214618
 1087.000000	4.9897855946544629	163.5451794340671086
 1088.000000	5.2996001726001172	175.6327547005772658
 1089.000000	5.8547906601875281	169.4714536306938442
 1090.000000	4.2929335736183480	150.2147169108305889
 1091.000000	4.3281719886419978	149.6112473512290819
 1092.000000	5.3907537953335103	159.1508520108667710
 1093.000000	5.8340235621224377	58.4161150538752452
 1094.000000	5.8782711126688163	162.0847876223239723
 1095.000000	6.8608257000953463	45.0763717743446932
 1096.000000	5.7512205822147617	52.9904239244440731
 1097.000000	4.4664046049071358	147.4428105687571815
 1098.000000	5.3774340836824130	27.9911760326686760
 1099.000000	5.0595559544605102	117.9753370750048020
 1100.000000	7.3038059863651954	65.5922800000435018
 1101.000000	7.7212010320751503	67.9782333855717553
 1102.000000	8.3961119968439597	89.6134669658261060
 1103.000000	7.1111410395522379	59.3516260935348328
 1104.000000	7.2032421552718056	104.2525272742344384
 1105.000000	7.7135398514629978	56.5618655146741673
 1106.000000	8.1741524377042634	68.1381909028876720
 1107.000000	9.1535434508575229	50.4729010516413155
 1108.000000	7.9397039572312087	54.7850119977428420
 1109.000000	7.6763334785576776	66.9625466788868664
 1110.000000	8.5883233858828483	69.9783044324617691
 1111.000000	7.0541489599198917	46.7183567688664141
 1112.000000	9.1120559818145122	70.2554690640309900
 1113.000000	7.5362675154860854	119.2208023696466057
 1114.000000	6.7405837787195670	72.1398473424437867
 1115.000000	8.9400119570306504	83.8201429927043051
 1116.000000	7.8116161173100158	49.6702818597231044
 1117.000000	8.3676325597377446	84.9042412686565768
 1118.000000	8.0850152916428080	90.6878579737541060
 1119.000000	7.9512276475808878	63.0184164132833615
 1120.000000	8.6976293959647126	84.0252073198633411
 1121.000000	7.9891477930243537	39.8670361512003808
 1122.000000	9.2760055461856386	124.1335811151098767
 1123.000000	8.4797273955116843	99.6049527714058485
 1124.000000	8.3856639116327436	131.0964338662411137
 1125.000000	7.5422779577518808	84.3816503378666738
 1126.000000	8.8843296006283765	60.9432569194542708
 1127.000000	7.0712714968207235	142.5366150952193323
 1128.000000	8.4165689514001958	145.4110526284240166
 1129.000000	7.6589906682661546	106.5395340993394058
 1130.000000	7.8827752340276387	132.3936679636939289
 1131.000000	7.7559650738359345	141.2900177372710573
 1132.000000	8.0410104085137544	60.4602887956868926
 1133.000000	7.9588209807814261	78.1900363424628466
 1134.000000	8.5331199313923261	75.2212482732026615
 1135.000000	8.5294216120471180	108.1440565552902342
 1136.000000	8.7560876063391611	76.6281704916669639
 1137.000000	7.2998409889293976	107.1822895135498186
 1138.000000	7.7654224014670765	55.9177069488176812
 1139.000000	7.6458362740136678	98.7253495248160959
 1140.000000	6.9866616512049813	132.5401805546583205
 1141.000000	8.2031352898833063	69.4746557223423196
 1142.000000	8.2096129956624768	71.6067464767930488
 1143.000000	8.6435983741029432	141.5195255585260270
 1144.000000	8.5191026109539099	60.7898140338120783
 1145.000000	7.9962437142580676	74.7746693713955750
 1146.000000	7.4721730698837154	85.4815530653666258
 1147.000000	8.7461774817098945	84.1991023796596494
 1148.000000	6.0638097763450620	49.5949864097755153
 1149.000000	9.0220686098750651	120.4901045551327314
 1150.000000	8.5284750427761580	79.0460210452292529
 1151.000000	8.2046395249101529	94.8219761725675596
 1152.000000	7.7219823859693113	141.3739009427694384
 1153.000000	8.2564819998434515	84.1721462017166431
 1154.000000	8.0571817876145886	115.1437157174556063
 1155.000000	8.6298819187038713	100.8804671170791067
 1156.000000	7.7923003704225131	79.2377466203477354
 1157.000000	8.3131162759107582	125.6492024909428551
 1158.000000	8.6172696427252333	145.6098333056013985
 1159.000000	8.3371234396390062	85.7599032109071118
 1160.000000	7.7020937307240604	58.5582351189300852
 1161.000000	9.1093192008471249	124.7179724174843329
 1162.000000	8.4500044867148514	114.7781416734255231
 1163.000000	5.8015475731395183	13.9722367948913870
 1164.000000	8.3474732896919726	59.1884600253448241
 1165.000000	8.3080609173630080	66.1520405518525934
 1166.000000	8.2539334368957320	64.5867050088218235
 1167.000000	8.4482029270105361	53.1742636885959001
 1168.000000	7.3638856881709671	139.4252969733436771
 1169.000000	9.2258552424299012	146.4229176685775826
 1170.000000	8.8690798601250158	137.9613829168518748
 1171.000000	8.4672773413289253	137.2708592098763916
 1172.000000	7.0338617358420583	52.6151595388487436
 1173.000000	8.4685503053462643	50.9076351381279153
 1174.000000	7.6059181226896966	135.5244539314476810
 1175.000000	9.2473930861573201	98.2036367951682081
 1176.000000	8.5350979317941089	127.4031929453583984
 1177.000000	9.3241063422508574	116.8528887310220625
 1178.000000	9.9168616289731570	82.2951456659877181
 1179.000000	8.1848889833877898	126.2281498964186000
 1180.000000	7.9643936735887380	103.5729506921396563
 1181.000000	7.5499565622280285	91.3942126473114627
 1182.000000	8.1703630866912409	75.1836217248203695
 1183.000000	9.1429353175363861	166.8691346448796082
 1184.000000	9.8605557223607150	112.0372029750710539
 1185.000000	10.3246724540640997	110.6227557405063493
 1186.000000	8.9448732607311641	134.1897197790697760
 1187.000000	10.0796331871445126	121.8965238467869199
 1188.000000	9.4464292641253991	102.1251584297634736
 1189.000000	9.2816858548275896	105.0864265440137189
 1190.000000	9.2860156417538651	125.2856497652550161
 1191.000000	9.4652196749593127	99.4446648439297434
 1192.000000	9.6717302455151284	117.8236853651243621
 1193.000000	9.1116816131994867	104.0355135536099027
 1194.000000	10.7973671324009519	114.9106430532322065
 1195.000000	9.6085787192821996	111.0632522893221505
 1196.000000	9.2038730062069902	106.2792123132467452
 1197.000000	9.5120979948772941	119.2016605426577200
 1198.000000	9.3376659226571466	100.7903649558857211
 1199.000000	8.3507248782393457	141.0489315353622715
 1200.000000	10.0244831117750000	92.3422906130856234
 1201.000000	9.6126079654084755	127.0780719494441229
 1202.000000	8.8900459412739394	103.7389045856851908
 1203.000000	9.2603939106674744	121.1697770520698043
 1204.000000	10.7345410511503943	93.9508975138052591
 1205.000000	10.4632604747990392	90.6518575248039866
 1206.000000	11.0635112113614369	156.3871543170828886
 1207.000000	7.6696376170525147	136.6347412093761591
 1208.000000	6.8019598409412421	149.8921571211457149
 1209.000000	6.1833574435486023	157.6729945870674214
 1210.000000	6.9763630516249471	32.0702164537374017
 1211.000000	5.5603167088662886	146.5199344364928038
 1212.000000	4.7415204375304638	127.6966139923818417
 1213.000000	5.1360102112333532	138.6301710269176510
 1214.000000	6.6432047190402645	70.8900694350398197
 1215.000000	5.6090137873139421	173.6070731106214851
 1216.000000	5.4247320561138910	145.3821622042841568
 1217.000000	5.0972522314096942	73.5332883058161997
 1218.000000	5.3985818495393136	165.5677598616830437
 1219.000000	3.6248397052611088	145.9326010827660696
 1220.000000	4.1622601372926340	156.0244021230615488
 1221.000000	4.5594596299389973	152.0680612783435492
 1222.000000	8.1886253013113546	55.8924340328235445
 1223.000000	7.0966298614061198	128.9388127743780501
 1224.000000	8.9180103485265967	39.6914374207935055
 1225.000000	8.8199850552418742	168.2851910391342471
 1226.000000	8.7139451908309624	160.7285654843395832
 1227.000000	6.7913237195494052	169.9577409921408275
 1228.000000	4.4898955271494279	175.4179536411816684
 1229.000000	5.2600630346134976	64.7551247568505204
 1230.000000	5.0786343876862867	168.3840967399753481
 1231.000000	4.7892590259947552	147.1493720721602756
 1232.000000	6.6175203946468946	138.7245148390871918
 1233.000000	4.3644284957336090	151.3327630497531118
 1234.000000	4.8623355358528606	156.1881654579263454
 1235.000000	4.9301338645720945	170.8587307234933519
 1236.000000	4.4530381050375327	153.8080849533827177
 1237.000000	4.5632777232055464	159.9999258333760679
 1238.000000	5.6468538383914577	150.2180203511317131
 1239.000000	4.4343152697428287	156.9335516888019981
 1240.000000	5.2192695431352574	168.4661937097333464
 1241.000000	4.9707076627213453	140.7002231771004404
 1242.000000	4.4729004139027264	145.2376383936259572
 1243.000000	5.4652720263194956	146.3055423656686571
 1244.000000	5.7105251415348866	62.7739887209080365
 1245.000000	6.1429838861069408	123.7050342286000557
 1246.000000	5.5262919018974292	168.8271222875094111
 1247.000000	5.8754010149203655	54.0889292362297311
 1248.000000	5.7743754608968372	47.8286102214009361
 1249.000000	6.1928456802732308	45.4676063715958492
 1250.000000	6.0141988092688239	48.3696245275794752
 1251.000000	5.8141362026430548	39.1834358582821380
 1252.000000	4.6974526153884284	164.1888339356807478
 1253.000000	6.3657371858748428	43.0353708753426361
 1254.000000	5.1419887651414946	177.5009346014895186
 1255.000000	6.5448614044144566	160.5280367307888696
 1256.000000	5.9921910079150011	139.7001045461029491
 1257.000000	5.3672667218987131	157.7859638990720725
 1258.000000	4.1858972617326380	158.1275554049109360
 1259.000000	4.2192036140173572	162.1764842490329386
 1260.000000	3.8365299837276319	159.5048926554071329
 1261.000000	4.9688947151746632	174.1358174356612949
 1262.000000	4.7094809007767928	152.6876121488775766
 1263.000000	5.7647390828849367	142.7943233224802952
 1264.000000	6.1571126038476782	47.5367210569817473
 1265.000000	5.0635117182194751	141.0829706085061730
 1266.000000	5.8861463073296498	47.4477692103079107
 1267.000000	4.3342563446372662	128.8811905907055575
 1268.000000	5.7127517500200184	151.0924810575878325
 1269.000000	4.9968971081680618	151.5744721688629113
 1270.000000	5.3780244042562826	171.1921881733146620
 1271.000000	6.9570505262657028	147.9107275311193064
 1272.000000	7.5825979302987072	142.3539810495539086
 1273.000000	7.9077161625484313	147.6905555043075253
 1274.000000	8.8348535539180926	161.4240696942776196
 1275.000000	8.7327017693621070	152.3624765188443462
 1276.000000	8.6793631957018604	142.3335281153782148
 1277.000000	8.8718599756579852	140.8120892040331000
 1278.000000	8.4528614341248360	149.8457819735899648
 1279.000000	8.8308390361529838	130.9658328207227669
 1280.000000	9.5836270912893688	165.7001613552717743
 1281.000000	7.8824070890138254	133.5962602904235439
 1282.000000	7.9233955016092539	79.4989469837307325
 1283.000000	5.9884675518469352	14.8064340626442856
 1284.000000	6.0277341963242614	28.5395859297780419
 1285.000000	4.9457888561661489	154.0691520301843980
 1286.000000	4.8963130748677512	148.0911783450285668
 1287.000000	4.8285089002263106	146.5174403381809611
 1288.000000	6.1128382809472130	148.2879081579250453
 1289.000000	4.8581885170663526	148.8130255750295703
 1290.000000	5.6939839292349346	136.5500433874268538
 1291.000000	4.6416117564435622	157.3944442724857140
 1292.000000	7.7761072962154083	55.1564908745013724
 1293.000000	5.6587427115768945	29.0123127197595352
 1294.000000	6.4213531808684241	13.7322895894043597
 1295.000000	4.3711023114531971	148.0777485303104299
 1296.000000	5.6939325876382600	160.2922576399463424
 1297.000000	4.2684444327918012	145.4114199250883246
 1298.000000	3.2976064914459005	22.0054820110562162
 1299.000000	4.7221327911637720	159.2689255855682973
 1300.000000	3.7549863804594725	142.1552114549749604
 1301.000000	5.7653091474428653	12.5469638946524924
 1302.000000	4.5018238317621151	154.4372464532373783
 1303.000000	4.2624301061181935	140.3002213746710822
 1304.000000	7.5721458324696105	13.6252698888939676
 1305.000000	5.1595081010459012	153.9549851051097846
 1306.000000	5.8361554662830244	160.6629742926687072
 1307.000000	4.0816741540182457	147.5772564260371666
 1308.000000	3.7860835027783910	142.5396612145992492
 1309.000000	5.0471341007631922	163.4480530748937781
 1310.000000	4.8057593744739107	38.9883373376887050
 1311.000000	8.2904053452311910	159.1992412125035230
 1312.000000	5.6957275004462282	26.3208603533967960
 1313.000000	4.3021424226550344	158.8544032056632602
 1314.000000	5.0948146945631247	167.9058385321609137
 1315.000000	6.1970912663004976	30.8137920379174659
 1316.000000	4.9108651828024845	158.5915633552089332
 1317.000000	6.0050938205742987	136.6548741269618290
 1318.000000	6.3766513667424949	26.0175948239270554
 1319.000000	5.7096999948767140	60.1899119881452123
 1320.000000	5.7627201342729677	30.5797760487628238
 1321.000000	4.7131468761760305	156.1553313894604003
 1322.000000	3.7435700576831636	138.4222469825167252
 1323.000000	3.9527003025886631	157.4835669022882598
 1324.000000	4.2523936617940281	115.5489539954029965
 1325.000000	5.9596552476670475	23.7909369569078137
 1326.000000	5.2997091594767625	172.1826549493532639
 1327.000000	4.7328060776839340	165.4476198971585177
 1328.000000	4.6855664333163425	166.5439232728752472
 1329.000000	5.4467630067465347	171.6791137483820648
 1330.000000	4.4588975559286519	153.4809779092212523
 1331.000000	3.4521841808230507	154.1717021023787026
 1332.000000	5.4193743378452375	52.8876381912058804
 1333.000000	4.7143032727897589	133.6858710014229814
 1334.000000	4.8415063134417329	173.6856247694949502
 1335.000000	4.6463747097754728	131.7944310540264041
 1336.000000	5.2867206867042622	157.5962600222729861
 1337.000000	6.3196110346569041	37.7572585194544672
 1338.000000	4.0941913766148943	130.9225215843430306
 1339.000000	4.4524191069173451	134.8051744169572430
 1340.000000	5.1061613972374769	148.3977867185884350
 1341.000000	5.3295442494887819	169.4864685389128169
 1342.000000	4.7235174868210104	173.6611555198507233
 1343.000000	4.3929943530791542	159.3268110192640563
 1344.000000	5.9631098121831219	130.9492392038550008
 1345.000000	8.4816047103418200	105.5516757261899841
 1346.000000	8.2734121050035583	104.5632977388105900
 1347.000000	10.3998610538799916	90.0746844792114558
 1348.000000	9.6423736459363916	114.9229625884829744
 1349.000000	8.5355151113461183	131.0831645975249273
 1350.000000	8.5132701901487060	124.0090054816290888
 1351.000000	9.5883504693575272	113.1295727670240723
 1352.000000	9.2724164061485492	107.5155173498179835
 1353.000000	10.3392970105985693	129.0584407389187618
 1354.000000	10.3121324770202616	100.3958033480991929
 1355.000000	9.2993421117192234	108.3225265957587595
 1356.000000	9.9098949201595730	104.7737821031652743
 1357.000000	10.0982190692485947	114.9858373057147958
 1358.000000	9.4406197178951121	107.2755828336087518
 1359.000000	10.5082188540216510	126.4490740924004797
 1360.000000	9.4386414824977170	83.7973262114971504
 1361.000000	9.7904864673913590	91.5373977404091050
 1362.000000	9.5761049737338002	101.1754981451857418
 1363.000000	8.8106890251147831	110.4617182439983907
 1364.000000	8.8810449718226927	119.0076205081404055
 1365.000000	8.9327197260529267	133.7081591258287290
 1366.000000	9.2674215082182361	108.7027584849790998
 1367.000000	9.1495313385037331	84.7731468795989827
 1368.000000	10.3207697983437150	115.6341643105165247
 1369.000000	9.4371121859767424	80.8256936765316425
 1370.000000	9.2468098936083223	107.7422767074778278
 1371.000000	10.5027607820668312	107.4232867210655087
 1372.000000	10.1038605437111677	90.8506950306572065
 1373.000000	9.2329187639854027	133.4562008018344841
 1374.000000	9.6850824978624104	124.5817080796917509
 1375.000000	9.9568842635097692	111.4033833474668569
 1376.000000	9.6868446788059259	115.2614538426939248
 1377.000000	9.4638430756616003	95.9749322942244163
 1378.000000	9.5904971655515805	74.7316497019287596
 1379.000000	10.7097143743726342	116.5390999078091454
 1380.000000	9.2599446024204042	95.3443177101646029
 1381.000000	10.5720552200265487	95.9634349465212466
 1382.000000	8.9736928854922997	115.3487275433418660
 1383.000000	9.2514467636614039	104.5428096168694907
 1384.000000	9.0785518593367645	71.5568571467998993
 1385.000000	10.8126726977106742	121.0473820400635248
 1386.000000	9.0907698559887020	104.0327446774213769
 1387.000000	9.7039878344177932	107.6835287030614694
 1388.000000	9.8859153742426447	116.2276769344539389
 1389.000000	8.5438860914091741	106.2566099075192483
 1390.000000	9.1730743853230567	134.7815864384803604
 1391.000000	9.2728452524932568	123.9902147672801789
 1392.000000	8.9706951104629979	110.5200309239029082
 1393.000000	8.7382082400052425	99.3413766220360799
 1394.000000	8.9260988954159579	108.4088591018193881
 1395.000000	8.6861778953567068	105.7752865151647796
 1396.000000	9.7141376426086339	125.6430298602216453
 1397.000000	9.1642432804569882	90.0396716439832119
 1398.000000	9.3366615483152255	115.7999928629090789
 1399.000000	9.4015191228320667	105.7938567343065159
 1400.000000	8.1575452962834785	100.6334635916079918
 1401.000000	8.8782577313741786	111.0266940688171786
 1402.000000	8.5053509735325328	103.1998304112397591
 1403.000000	10.2546747642149239	92.9384409931239190
 1404.000000	10.0193148510406917	99.7484445762606953
 1405.000000	8.6589495100399656	113.4455725630695326
 1406.000000	9.1048428147167861	95.0965020546644837
 1407.000000	9.1759681811573017	94.2511492350077873
 1408.000000	10.1904592714231690	74.4327521580741234
 1409.000000	9.3028838292617895	98.2890560614948470
 1410.000000	8.3313068128039269	101.2211065287751524
 1411.000000	9.7186311236725960	99.9494750448069595
 1412.000000	9.8806987647183195	99.3515933938864038
 1413.000000	8.4787209514266433	104.1806189797849811
 1414.000000	8.7299458615429746	115.0866079629427219
 1415.000000	9.2926079062736449	104.2055095232384190
 1416.000000	8.9421597110313105	120.1700704543747804
 1417.000000	8.5354108448167647	145.1739989225152385
 1418.000000	8.3248185261726011	142.9463257048153650
 1419.000000	9.6371095635205020	111.9230180687243461
 1420.000000	10.5375930063299208	137.3358083678273545
 1421.000000	9.5974970662721013	109.7155469515587924
 1422.000000	9.1259871521844431	105.1358045923104925
 1423.000000	9.5971029298583765	92.2223546961320011
 1424.000000	9.2992869834293685	122.0185865242209218
 1425.000000	8.5865195866063502	110.3130963540038607
 1426.000000	9.7137943016555894	118.1599667295412672
 1427.000000	9.2567889413884874	102.9082405278484060
 1428.000000	9.4557171220792497	67.8683110353526189
 1429.000000	9.7108446662880059	83.2026280239853122
 1430.000000	9.5306680868580251	100.9161342904226757
 1431.000000	9.2704974781789016	125.8808887672695391
 1432.000000	8.5061251867013503	162.8895528689859304
 1433.000000	9.7674824574804795	107.1854485006668938
 1434.000000	9.5978151744893427	86.8496906556818828
 1435.000000	9.9509075356650722	95.6173249586354785
 1436.000000	9.1791540911229674	102.5177756172757313
 1437.000000	10.2232073231095679	111.5988815154314437
 1438.000000	10.1478867766766019	123.8466694034148787
 1439.000000	8.6071785363689415	132.5103072662108730
 1440.000000	10.4377539083988609	126.7731666921909692
 1441.000000	10.7242743950818049	83.8904089350132693
 1442.000000	10.4892574210897660	89.9761633108673067
 1443.000000	8.9282850245805392	104.4974270879476563
 1444.000000	9.3049009084521277	113.8379668583767312
 1445.000000	9.5944464957276701	115.2494692369258189
 1446.000000	9.7518720669761692	108.9656048493566800
 1447.000000	10.2927113501849981	107.2163960615859537
 1448.000000	8.7927919276987172	107.9717247111527314
 1449.000000	9.4457649781130399	109.5344726593465339
 1450.000000	9.5531110494468461	142.6921730779876896
 1451.000000	9.0225278835893779	79.5336135374881650
 1452.000000	8.8934011473520087	135.7422985986290769
 1453.000000	9.2675308696398009	91.7337128473978822
 1454.000000	9.8507787756176519	104.5256573085295599
 1455.000000	9.2341186681647045	85.9858802873582988
 1456.000000	10.0451458097316859	87.8127360366004126
 1457.000000	9.7303481680436548	127.3916271542704948
 1458.000000	9.5425471225160674	98.6570287217130328
 1459.000000	9.0995755773803300	113.1863424161566201
 1460.000000	9.6005442222044817	107.3146666228805088
 1461.000000	8.9622451143607123	113.7913856142474884
 1462.000000	8.4356537127763094	108.0556393243563633
 1463.000000	9.6101485798983344	105.0063488814736559
 1464.000000	9.1603757739812579	117.8763385970260487
 1465.000000	9.7340904705860840	90.6713629801380421
 1466.000000	8.9746448599310575	109.5858301240900801
 1467.000000	9.7368948083937816	92.4169535944882057
 1468.000000	9.7108829835419019	115.5208137208102528
 1469.000000	8.5323482458125124	107.1896537897109312
 1470.000000	8.5647789866609063	105.5944461905147307
 1471.000000	8.9805749119381009	116.7026574915842048
 1472.000000	8.8708044097154399	102.2598752306129910
 1473.000000	8.8308039797819777	89.7140200270854535
 1474.000000	7.2604775486415711	52.3700453636047314
 1475.000000	6.2454085979506857	142.8355114442798879
 1476.000000	5.1623305944797080	54.8374459059607489
 1477.000000	3.9901119590732703	160.7509606767848425
 1478.000000	5.7738190586175708	23.3586466546756810
 1479.000000	4.6850780270051002	126.7312851022992533
 1480.000000	4.5835994171264129	121.9510093318591544
 1481.000000	3.9699491916991949	155.4187048042318793
 1482.000000	5.2975468448909373	136.7689952758205720
 1483.000000	5.4967803598350686	157.9127908410508496
 1484.000000	5.2584789890711958	150.0072876123661274
 1485.000000	4.4955811784163462	65.1115051529753117
 1486.000000	4.3269864780004479	136.5598173707849696
 1487.000000	4.5356850065510219	162.7709382180026410
 1488.000000	4.2859655637086407	161.8089759859951755
 1489.000000	3.9236924214577860	137.2174002431844997
 1490.000000	4.9033123795134888	154.6235438765270089
 1491.000000	4.6930707176618363	44.1322132360814123
 1492.000000	4.6499384722804171	159.0929699921090901
 1493.000000	4.8890513523781811	137.0445447285720775
 1494.000000	5.1054135234255584	140.8480144700179153
 1495.000000	6.9776162048855781	153.1691843559628978
 1496.000000	5.2219717223692621	138.2520439627922997
 1497.000000	6.3646238978037823	56.6422436313111319
 1498.000000	5.0116094000255602	168.6371415821885478
 1499.000000	5.8954198979224124	27.6236966777466080
