 0.000000	5.5809451501992182	85.3308158769376917
 1.000000	5.0595814995333201	50.3850289837912726
 2.000000	5.8058210112680708	90.8376872721584618
 3.000000	5.1980427978232751	83.2337436091958836
 4.000000	5.5694470756991752	84.2300363505190717
 5.000000	5.7353929264142334	101.0402353166006009
 6.000000	5.8664779249049959	103.0909116388232434
 7.000000	5.6852517076013243	105.1600029116214330
 8.000000	5.4607540002781123	93.6159873812368204
 9.000000	5.3281414933739688	83.8867333205748622
 10.000000	5.3558659967320708	90.8061786604091452
 11.000000	5.1750244873611910	87.9612681421284321
 12.000000	5.4368415375434891	86.0574585797582472
 13.000000	5.1834945694460206	88.1982050025946904
 14.000000	5.9921250504759058	94.9850148374005414
 15.000000	5.6456512748582321	97.8139288416421948
 16.000000	4.9835703194159544	85.6090725116992814
 17.000000	5.4615385626357886	103.2171818350553565
 18.000000	5.7396978775895651	91.0304441382623821
 19.000000	5.1584129312726432	87.1320331570703956
 20.000000	5.1360745372409671	83.7239450958510645
 21.000000	5.6497021714701203	102.1631099320805447
 22.000000	5.4076139750784922	94.7642992242093527
 23.000000	5.1593391450532602	89.3262175867534296
 24.000000	5.7803892325632900	98.8819115221050708
 25.000000	5.6602543844982893	101.0549434790455336
 26.000000	5.8069645263645535	109.2453734392540383
 27.000000	5.0354554204777662	63.4998474731401501
 28.000000	5.4194859728788565	88.2181739067346484
 29.000000	5.5811141754047568	89.5443355493544573
 30.000000	5.6030002236661138	93.0180213385248180
 31.000000	5.7971322547424657	101.0142698397486072
 32.000000	5.7222232529541071	100.0763592010105043
 33.000000	5.7941159667151689	105.8720386915807552
 34.000000	5.4351259062725941	91.4079186048830223
 35.000000	4.7652944336648986	53.8880769966938118
 36.000000	5.3135068141174715	92.5153782975098977
 37.000000	5.8022515694789885	103.0159422171085737
 38.000000	5.8840322056408390	95.9025000773086589
 39.000000	5.7009344733492169	90.3017735299935822
 40.000000	5.9089622693021937	103.2956631592056311
 41.000000	5.0405764857696234	95.8414513243494355
 42.000000	5.7931941273132361	98.3997374416354234
 43.000000	5.2121393147148529	169.1060340123755736
 44.000000	6.0791916118053697	150.3529953986530927
 45.000000	5.4433737935469129	159.3666690241524577
 46.000000	4.9895399439673138	176.1406611934547755
 47.000000	5.1337773411604468	164.0715860984415144
 48.000000	6.0535096391300716	141.9635752569438409
 49.000000	5.2918896884486841	162.9027530218120035
 50.000000	5.5435149889055300	160.1307272415608054
 51.000000	6.1727044510752362	146.8428775512816458
 52.000000	5.1820970979515897	152.2814917715376168
 53.000000	4.9330668092717866	153.4262475978051441
 54.000000	5.3329164592620595	166.9410941713466912
 55.000000	5.7672435436813734	152.5343675210669403
 56.000000	5.8299044937787805	137.1476213907633337
 57.000000	6.0443733075207149	147.2282745452934023
 58.000000	5.0762712445815898	165.9762626234342235
 59.000000	5.4232039991551462	165.5423177496164158
 60.000000	5.3861515778296196	161.3376930487284540
 61.000000	4.7558221298591929	161.8188684219471725
 62.000000	5.7855365444619586	154.9332289996652037
 63.000000	5.8497693636388171	146.8787492994821378
 64.000000	5.1776945469623321	148.1319019915604827
 65.000000	5.1892043012740849	154.5326621889544754
 66.000000	5.0101476121542854	171.9585404283911032
 67.000000	5.2974857281899626	144.4162919116473631
 68.000000	5.8075285750810099	154.1994752034118790
 69.000000	5.1309846221931386	172.5998509344926504
 70.000000	5.4422550815317896	158.8059637377783702
 71.000000	5.9412897747994817	155.6653003296756594
 72.000000	5.7058525149762644	130.8484052723801199
 73.000000	5.3438065032056086	164.2070749389863238
 74.000000	5.1272212795815255	170.8886449697543242
 75.000000	4.9938995412786236	144.4720258594484221
 76.000000	5.0321338561241049	157.0428400850173887
 77.000000	5.1115792546402510	161.4999912875343284
 78.000000	5.2250825673905075	157.5371022806617702
 79.000000	5.1377388358391967	171.7189666829516455
 80.000000	5.8797058160373297	138.1098221001957427
 81.000000	5.7794547607047297	154.3314756460271440
 82.000000	5.3616727703849367	161.7504289565870295
 83.000000	5.8400332772276489	146.4527969538333991
 84.000000	4.3532485000106771	132.3774379679084916
 85.000000	3.9102012098202885	121.3195149796957821
 86.000000	3.8075465484700683	155.3069621844047390
 87.000000	3.2545948698863056	139.4879796171929343
 88.000000	3.8040755075100670	144.0362882105588938
 89.000000	4.8990120967516324	129.0298754830062080
 90.000000	3.6781396872218117	144.0951897142330154
 91.000000	5.9597823630031561	147.3967951958832998
 92.000000	5.7029074151108494	148.8828767361512462
 93.000000	5.8030540546112181	154.6848756000591720
 94.000000	5.7522346593979501	138.4709643808635633
 95.000000	6.0242209045752109	145.0009068145571689
 96.000000	5.8650119939213505	150.8111915440672419
 97.000000	5.1976963740393938	159.8107936616921165
 98.000000	5.3256574470983526	170.1002420976961105
 99.000000	5.0271042165628419	156.2737268396646186
 100.000000	5.2126343103685722	160.5234234274365122
 101.000000	4.6935261703376963	166.9302649804436669
 102.000000	3.2040471991289823	155.1131846400367920
 103.000000	5.4309542516824214	172.6106903225889369
 104.000000	5.7092966889136099	158.7552900637434448
 105.000000	5.9684421087793771	150.6042249190599023
 106.000000	5.2765523670470609	169.2937731349418016
 107.000000	5.1984108157203677	155.7729748265594196
 108.000000	6.0210191404685469	143.4875587469697393
 109.000000	5.9958033900351033	153.8315600104093903
 110.000000	6.0331029546452370	147.6136695847953888
 111.000000	4.6371937996252441	131.9321888884396969
 112.000000	6.0784850538185662	152.9555339139184866
 113.000000	5.8142923210342508	151.0841831412671468
 114.000000	5.6027918895478894	154.3146878569727392
 115.000000	5.9373005668415546	157.8509033012563521
 116.000000	5.9280177624982011	150.1082099958830440
 117.000000	5.8313862001464862	152.3489781600170545
 118.000000	6.0821427133770829	149.6057719265112382
 119.000000	5.8893160872258186	143.4011870052196116
 120.000000	5.1641815017456327	163.1524749871817335
 121.000000	5.1006779351360851	165.9755578283992747
 122.000000	5.7214407893462269	153.0032897556104672
 123.000000	5.8318076449605201	143.2065754737539010
 124.000000	6.0601844107469400	148.9667340653757037
 125.000000	5.1585634699151717	157.0213629501456012
 126.000000	5.1998205862452123	169.4947388420886796
 127.000000	4.8062100673200190	166.4686864349492339
 128.000000	3.7958086408013121	121.4847642237289165
 129.000000	6.0614146832274338	150.2287784247525337
 130.000000	5.4004326965940974	153.4710490447496340
 131.000000	4.9000781680289318	163.1312828373083903
 132.000000	5.4742934347901455	151.8161297044831883
 133.000000	6.0993894917966269	156.1917213495021031
 134.000000	5.8527519830388561	149.2958211604894245
 135.000000	5.9663307628376749	143.0245668269314763
 136.000000	5.9012684097016379	147.1814218868545083
 137.000000	5.9473108912207246	154.2104403180295549
 138.000000	5.9575702363555667	147.5647354477387694
 139.000000	5.9259648411206420	143.4101077649252716
 140.000000	5.1977456959857626	174.8774804993003329
 141.000000	4.7361857906169140	145.5044708460256402
 142.000000	4.2500114747864117	113.6565858282001500
 143.000000	5.1934369230893571	172.3657775071829974
 144.000000	5.9433027644006273	151.4713052910659030
 145.000000	5.7125715289093923	149.8339817518072721
 146.000000	5.7123908683127151	158.5776107613090460
 147.000000	5.7073741588170641	156.9521408456243421
 148.000000	5.1307583386074755	165.4697823302112454
 149.000000	6.0427212646450350	146.2967444188319917
 150.000000	5.7875791090348452	157.0127620653671272
 151.000000	5.9536595275103634	139.4504659774367212
 152.000000	3.1655979766461626	130.8401052285743731
 153.000000	4.6293241363821727	134.6121298744427577
 154.000000	3.2641720416965652	154.3779936430933333
 155.000000	3.7892458300190874	141.9451072080954077
 156.000000	3.2728981855386459	149.5491801243688315
 157.000000	5.3538356636158388	163.8591048819690457
 158.000000	5.9933559482151315	152.5243453396780637
 159.000000	5.9076979424723106	146.5080375896721989
 160.000000	5.8919565284978042	145.8457299406018137
 161.000000	6.1850492338567857	153.3466088423897418
 162.000000	5.5360674825199849	162.1987068057260615
 163.000000	3.5903420106535200	127.7539357852851367
 164.000000	5.8079806787254915	149.4749775577316200
 165.000000	5.4778736248348157	155.5868296286756163
 166.000000	5.8068224653536209	148.3255004008125866
 167.000000	5.3866016506145833	158.5021262553826205
 168.000000	5.1768329446264127	173.6435874872551040
 169.000000	5.2930154205905708	158.0971444852271190
 170.000000	6.0476807025352066	144.4284721535072151
 171.000000	6.0748953582572955	147.9453373881833613
 172.000000	5.5006551138039113	156.3178245075394841
 173.000000	5.9718263646385861	142.2570695028638283
 174.000000	5.2907368943266135	169.4802708200743098
 175.000000	5.5321873596250608	155.6870234672753952
 176.000000	3.7814257396378124	123.0104769875405566
 177.000000	4.5363014011802747	130.7993746087314832
 178.000000	5.7300242068501248	157.4073321402773047
 179.000000	5.0073609138275863	167.1957117315431276
 180.000000	5.2891140859352319	157.6408509668994213
 181.000000	5.7021135446269025	152.6653614061891915
 182.000000	5.1291714716755159	172.1484829783844361
 183.000000	5.0095217457807504	169.1265525053779868
 184.000000	5.8811624560818867	139.5745472211510787
 185.000000	5.8107119111692231	155.8676215652435531
 186.000000	6.0357248791837712	144.1940798512821686
 187.000000	5.5623515676281405	156.6690607354601070
 188.000000	5.9209180349405841	154.1392161389119053
 189.000000	5.4212010545133262	165.5537548982077851
 190.000000	5.8359262060260528	154.7534056166572611
 191.000000	5.1719797967713621	169.8793220505580734
 192.000000	5.9415989483662877	149.3869422593607510
 193.000000	5.7863735291593139	145.5031462697397728
 194.000000	6.0459082299889584	148.9795197204601322
 195.000000	5.8759278247060500	159.2838600551192485
 196.000000	6.0308745729875151	151.8026314009909470
 197.000000	5.2016873061389024	165.3130375871224942
 198.000000	5.3056207127653314	154.9696147172614360
 199.000000	5.8472133190830098	148.6825704547632370
 200.000000	5.4069271172367550	172.6094325913100533
 201.000000	5.3606513939759104	82.9060762073821991
 202.000000	5.0217698428663473	82.4435351918273227
 203.000000	5.9066536786400343	113.8251992963082415
 204.000000	5.9600919442194824	112.6390028306277031
 205.000000	5.9358722568038704	93.2254344535071198
 206.000000	5.1879793737770674	94.6133953601714381
 207.000000	5.8664824054508751	99.5261669349083888
 208.000000	4.8586119585648904	127.3300329943850926
 209.000000	5.8470179353668366	102.7903455028740041
 210.000000	4.4146037365961313	114.9639173137513524
 211.000000	3.5152148863908175	67.8033799446291567
 212.000000	3.6092450192220014	62.4257102285696703
 213.000000	3.8141215570732947	93.8410487012232721
 214.000000	4.2017507018376019	96.9019713074712001
 215.000000	4.1143378300723654	69.7290688772036162
 216.000000	4.5666486401795634	72.7196204922804270
 217.000000	4.1494547721959663	121.1217762977873917
 218.000000	5.0627359227914086	101.6560261523270157
 219.000000	4.4532145396166873	101.6905540895278506
 220.000000	4.8998084411148328	81.6195884513779077
 221.000000	3.5076799540492307	82.6650637750994690
 222.000000	4.8448071690309886	125.4807250816958089
 223.000000	5.9322981125128607	107.0013490751907597
 224.000000	5.9073686912754688	103.3596302454220961
 225.000000	5.4358557600944630	87.8074412826826602
 226.000000	5.7449194088139910	94.7443729798445844
 227.000000	5.8067793692581526	101.0465828200080978
 228.000000	5.6705993523213678	111.9664151295344112
 229.000000	5.3046071936483834	91.2006017366775268
 230.000000	5.9697228598507524	107.4966560949774106
 231.000000	5.2597315547533832	93.3607009906350811
 232.000000	5.9627145375980541	100.6571488983186384
 233.000000	5.0037296204719990	78.5625299767801266
 234.000000	5.3187147551523255	85.9262344615004565
 235.000000	5.8264118926670498	101.0275967984348000
 236.000000	5.1361620907143068	85.2059567534676887
 237.000000	5.6714485711244160	94.2499164852115712
 238.000000	4.8603355504682142	51.1050450683795532
 239.000000	5.1296811946504723	49.1608114693682126
 240.000000	4.8825845949678301	44.8743566960586122
 241.000000	5.8881856571335334	109.5384185314592997
 242.000000	5.1931961689995827	87.1160784112929747
 243.000000	5.4806984609216265	79.1859278846626893
 244.000000	5.2915717560228925	65.2933694465226040
 245.000000	5.9383238990029072	102.9710437415004520
 246.000000	6.1163933089175595	89.8905806998280781
 247.000000	4.9876537010338451	56.3887492541972790
 248.000000	4.7739075787351428	76.8997966898558332
 249.000000	6.0151724804547069	100.5005456858951334
 250.000000	5.0394214620030260	83.7133840089878589
 251.000000	5.1529955164497787	77.0891060612002121
 252.000000	5.3347294455167740	96.8352228411194034
 253.000000	5.1186498135352601	92.0810744575310878
 254.000000	5.3303417859063513	90.8287529175633495
 255.000000	5.4912969897678989	89.8532971998686207
 256.000000	5.1843045305924749	101.5063009015911746
 257.000000	5.7797613396329472	104.3927784173436066
 258.000000	5.2121452909509554	80.8364774611883945
 259.000000	5.2889630398894711	80.4509999260581452
 260.000000	5.4409305739118885	79.1778581354621878
 261.000000	5.3054256652690803	93.5303372189523259
 262.000000	5.5195181092086987	100.8046743951477282
 263.000000	4.8559865668938418	101.7509506908184278
 264.000000	4.4055097522565179	99.6886730035894431
 265.000000	3.9658062811013859	57.9328846301307436
 266.000000	4.4534686842345037	108.9020072373709240
 267.000000	3.7849170681572590	64.5258077104446102
 268.000000	3.9433934794160845	100.6392096996828656
 269.000000	5.2540574217219493	89.5081481833660320
 270.000000	5.7318767767323218	115.7068106436325650
 271.000000	5.7653120025187015	106.6173834476382609
 272.000000	5.9920546347556272	107.4623328082896165
 273.000000	5.7560716511078347	100.0475483639746415
 274.000000	5.8914013236476448	88.1718729209407712
 275.000000	5.5016068296550351	91.9164825328696793
 276.000000	5.0183249615989629	77.6568613405615764
 277.000000	6.0722594936636414	101.7118743765988427
 278.000000	6.0068915159462613	92.4040006549716111
 279.000000	5.5536822788359164	92.5216431743490091
 280.000000	5.9227498967722259	96.8877528751189487
 281.000000	3.8109097888206351	68.8484351641080252
 282.000000	3.3794848329002019	80.3251875451852015
 283.000000	6.0721975147095195	109.0089761023141648
 284.000000	5.7850967526821178	106.6237363896596122
 285.000000	5.8908370602384554	112.8548862525409220
 286.000000	5.3057267886073687	89.3486790863542382
 287.000000	5.2824349097041639	90.9652322063552390
 288.000000	5.4781546307663884	91.7295145329193673
 289.000000	5.4866289808269455	84.9921692261222148
 290.000000	4.9735460859646068	69.7571972105823193
 291.000000	4.1552956528424714	113.4444202094515362
 292.000000	4.4391893224250465	111.8934321527514726
 293.000000	4.9403106524758922	68.2111309928748568
 294.000000	5.0288802026830135	66.8981708797688981
 295.000000	4.9547121384767943	68.3800613971473155
 296.000000	5.9535074215618033	98.0690650165216482
 297.000000	5.4288805237805713	84.0675101561752598
 298.000000	5.0980442571822167	79.9676718617630087
 299.000000	5.8353309721151074	105.2270239953910220
 300.000000	5.0049479869198503	81.0041965001116040
 301.000000	5.7076371374466826	96.7941896688138002
 302.000000	5.3573030546580540	93.1831371705196574
 303.000000	5.2751114410674109	85.2426882892922180
 304.000000	5.0654326742364315	65.3218236581607670
 305.000000	6.0465610862636865	101.8572553383829700
 306.000000	5.9086029311848778	101.2580358486769541
 307.000000	5.9518835909628107	98.0435780282584801
 308.000000	5.9332213722597986	102.4031403502265221
 309.000000	5.2352818489159132	84.6706777460383933
 310.000000	6.0573307607889095	106.1014866414031133
 311.000000	5.2262345423928833	87.1300882218711905
 312.000000	5.0513414685421347	54.4838690394119141
 313.000000	5.7416842034794247	86.7845640803327854
 314.000000	5.8593551043986638	97.9618247797981354
 315.000000	5.9655122432659136	101.6364082923518737
 316.000000	5.1847632939357826	70.3028733224741842
 317.000000	5.8810773432381325	98.1665460822210036
 318.000000	5.2225712542137233	73.5889855529326837
 319.000000	5.9333114905392499	105.1398985937826183
 320.000000	5.9190495926087419	100.8750350915721299
 321.000000	5.0782328439246305	77.6456890058705369
 322.000000	5.3165220558702915	94.7254881872732142
 323.000000	5.0897464649342403	86.9161029010475517
 324.000000	4.9278008083620781	74.3790351866251456
 325.000000	5.6262111789054279	97.9696017857124559
 326.000000	5.5151260400213724	107.1498227212653802
 327.000000	5.0365295675698611	65.9873775443809620
 328.000000	4.8745350874258468	61.9518185032480488
 329.000000	5.9317982031925238	96.8180048271027545
 330.000000	5.8076507885948212	100.9869519881879683
 331.000000	5.4557019946269287	94.1214177905236511
 332.000000	5.8833112677689803	105.5265232682900063
 333.000000	6.0232604181252594	99.9181507086260439
 334.000000	5.4553910430847488	95.0192450929483954
 335.000000	5.3072158500877560	89.3204142290083922
 336.000000	5.8145144993699560	102.0185991181820100
 337.000000	4.3130624888810472	140.4448251069358093
 338.000000	5.0106525254717651	130.2718610255330987
 339.000000	4.1804259256602947	126.7880581955844548
 340.000000	3.8059124495712204	71.0884578027276746
 341.000000	4.5134041626580750	94.0854618729376568
 342.000000	4.4932248829691668	100.9109497025310844
 343.000000	4.1878128869305868	85.6039151551888295
 344.000000	4.0231253436904311	64.3978354941940836
 345.000000	3.3750869702758362	49.3647234279929137
 346.000000	3.5812913268523840	34.5990952090709811
 347.000000	3.5382492608514724	55.7654096897633167
 348.000000	5.3043249808346173	85.9213154896697660
 349.000000	3.8694068318910220	49.6981198083338427
 350.000000	5.7155170700738731	96.0224500356083865
 351.000000	5.8447441186087641	103.0780964861306188
 352.000000	4.7033292145008092	126.9195764794970813
 353.000000	3.3317659148347212	22.3738742917479669
 354.000000	4.7550352026405935	122.4060727140829385
 355.000000	5.0660960050638950	123.1555573198328375
 356.000000	3.4526100739938124	42.4138207688692148
 357.000000	3.0286293447555277	48.4122931711389697
 358.000000	2.8250151977913944	21.1015461721266888
 359.000000	4.3120631958193805	135.0832323085477924
 360.000000	5.3932340596570478	134.0789901506946649
 361.000000	5.1301977503477438	118.2603443110907904
 362.000000	5.1164562644331326	127.0520124046253727
 363.000000	3.6211485024054175	88.4393717864674898
 364.000000	5.1663905712571214	127.3791214188034076
 365.000000	4.8929098593496141	127.1971397981995722
 366.000000	3.8971833933935200	107.6047570103019382
 367.000000	4.6319484505638506	119.5871432271348169
 368.000000	3.5914711137592659	76.4137458100535270
 369.000000	3.9647683817083932	59.4022401315932598
 370.000000	5.1858110309238121	88.0629580662479867
 371.000000	5.5256356925021013	102.5183087472138652
 372.000000	5.6761795558992603	89.3746718182705138
 373.000000	5.8779040529500719	95.6626684653300998
 374.000000	5.0600185218039906	84.9641803209004536
 375.000000	5.8081026715818300	110.3726565335988425
 376.000000	5.7209132771870701	110.8467884542975526
 377.000000	4.9044920627389121	129.9771687671672566
 378.000000	3.6205623298574272	73.4680168116032632
 379.000000	4.9282000971875224	111.0129653406457209
 380.000000	5.2986887297010625	80.6695935651472951
 381.000000	5.9172632638707228	100.1912211704314757
 382.000000	5.6719415730423295	97.2102941574110559
 383.000000	5.2819014656082519	93.7390768069869722
 384.000000	5.4298311629583127	87.6443603323431972
 385.000000	5.6268619216313764	99.9315815821069293
 386.000000	5.7223137256786396	108.8892760022909840
 387.000000	5.0621120826443997	131.4154648448918010
 388.000000	4.3358511172314156	101.0159569000381765
 389.000000	4.7822821483875195	105.9320384401409285
 390.000000	3.6940474988715057	40.7073237037177194
 391.000000	4.4932558312502495	94.1112877768028824
 392.000000	4.5116307935892976	111.3722435242855653
 393.000000	3.8756078835949670	43.2512342362321363
 394.000000	4.4463701404814628	88.0158019782433882
 395.000000	4.0092932932676240	63.9618997337146453
 396.000000	3.2044803750064670	46.3295197830239260
 397.000000	3.7385822065790455	38.8859914727653120
 398.000000	3.3160693736658593	62.0516908305174582
 399.000000	3.4538898126364237	37.3524673461365069
 400.000000	3.9158994917568481	54.8985199741169936
 401.000000	4.1980696330379903	126.4387748993060541
 402.000000	4.6825944100831514	103.7093641260406116
 403.000000	4.6246311641245672	109.7954749910088879
 404.000000	4.1163307150264288	65.0588737551783822
 405.000000	3.0486597869176451	47.3664880533664530
 406.000000	4.9982105700948951	114.3449418772332535
 407.000000	4.3719566511424528	120.2155621120025586
 408.000000	4.8500767395718434	122.0606145807369387
 409.000000	5.3317288708324000	99.0002501788544009
 410.000000	5.7121971065005139	109.5640328989005070
 411.000000	4.8770392638381770	61.3479084801982566
 412.000000	3.4504202695689523	103.2072607364170409
 413.000000	4.0290783355098156	102.7758081836858111
 414.000000	5.0301257797804508	110.2556151162560383
 415.000000	4.8681576036666101	122.5299029400843267
 416.000000	3.7159443975026956	97.8868924893564269
 417.000000	4.8685267565581904	112.2418887545443908
 418.000000	5.5029342931157874	133.7015496321788532
 419.000000	4.7086639080281953	115.1601718600869191
 420.000000	3.2416036884949802	10.1546502234099307
 421.000000	4.6884304161875292	131.9144134070023711
 422.000000	3.6689327202282276	94.9999975068112548
 423.000000	5.0975424666804274	136.2557031537585885
 424.000000	3.6572315278803629	86.6306129914452754
 425.000000	4.5777590226579941	121.7795972256546406
 426.000000	5.0145106743067824	120.7547534403215650
 427.000000	4.9843011803718840	115.4350573105369904
 428.000000	3.3594435506464007	78.0996891587882232
 429.000000	3.7711158391319000	73.0304073769686823
 430.000000	3.6508419644074470	80.8187084380893594
 431.000000	3.0236257271071256	9.5995758051682003
 432.000000	4.2725398374297070	106.3300065390287443
 433.000000	3.1182409193767540	33.1974104016045146
 434.000000	3.0659997417684743	47.2075893729846996
 435.000000	5.0643338122151054	138.1884300286731673
 436.000000	4.7971612787415827	116.6450507737816622
 437.000000	5.2992062277771232	83.7193502305082973
 438.000000	5.3640972148949393	87.4801189177062497
 439.000000	5.7881937463453603	89.7067459287328148
 440.000000	5.9468082133556885	103.0889373211778519
 441.000000	5.1647436009502110	81.0901039034611415
 442.000000	5.1448753719948472	79.0682133246806984
 443.000000	5.1606906451570653	85.4779829312057586
 444.000000	5.9101615616869658	91.7422882166657701
 445.000000	4.8711226539894525	78.6518724758349492
 446.000000	5.2648300353159669	81.0737757367888321
 447.000000	5.2340880814395643	84.8831215640216925
 448.000000	5.1564168968888433	97.5636326275134564
 449.000000	5.1987913028321531	101.2595366657366753
 450.000000	5.3436048723219818	86.8828805644688629
 451.000000	5.3799041814320665	96.9511573089545209
 452.000000	5.9487917159224111	98.9483495673651419
 453.000000	5.2940578784589505	99.9129016596829871
 454.000000	5.0384067225715405	78.5337479242844978
 455.000000	5.6972813500719859	101.8387764393325909
 456.000000	5.9397419255828323	104.3557879748496049
 457.000000	5.8499250775011715	93.5856373160070945
 458.000000	6.0274650248363333	94.2948004934819011
 459.000000	5.8213646406267765	97.5121039471332836
 460.000000	5.1463338385033648	88.8285364037195109
 461.000000	5.5294808820501977	80.6904528488848456
 462.000000	5.2447081685091463	87.5398198190086134
 463.000000	5.0096176967107979	54.3673309622673600
 464.000000	5.2523745976390925	67.8372081862899563
 465.000000	5.2484086480301730	87.7841912741203743
 466.000000	5.3221367802835804	90.6914577685809746
 467.000000	5.5417426414004831	94.9325307922052275
 468.000000	5.3200220044078295	97.8591360140753750
 469.000000	5.5449022357274922	90.1381140210150420
 470.000000	5.2381809387352165	62.3529177993316353
 471.000000	5.2187902813485891	103.8304095883355842
 472.000000	5.3168541014330968	100.2733501543505241
 473.000000	5.0986445488687329	91.5519733085743042
 474.000000	5.4807037406595285	85.7496750801523717
 475.000000	5.1339298430901623	90.2988394292115402
 476.000000	6.0651724859043785	101.7242772325792117
 477.000000	5.8552369172372005	104.2171554861649980
 478.000000	5.2120031623330689	83.3497461580383003
 479.000000	5.8247809350650082	103.8236453845780716
 480.000000	5.8534880084321417	100.5699224138905521
 481.000000	5.2402215056453452	93.7631024833318492
 482.000000	5.3872530191560273	134.4944778267080778
 483.000000	5.9964749204743368	99.3167378083155796
 484.000000	5.4038391733243873	87.7465453832326858
 485.000000	5.9602268720820302	107.0144857756601340
 486.000000	5.6945087687711879	91.6924546278371935
 487.000000	5.8010418228564493	96.8357118473246885
 488.000000	5.8650801516709823	97.1053984301985054
 489.000000	5.8473806229306931	95.6290901259884976
 490.000000	5.6553213386973438	101.9865494069172058
 491.000000	5.8887126541750217	94.0571442277888821
 492.000000	5.0177550307886909	82.0616777344110062
 493.000000	5.2306229462876210	90.8702398254137620
 494.000000	5.3164152200104136	82.5803394325912166
 495.000000	5.0828485579939509	71.7524234735871289
 496.000000	5.3241872323891313	79.5785313425794527
 497.000000	5.2387456292249395	82.0553527465432069
 498.000000	5.1963050527687216	89.9561893636501821
 499.000000	3.9132396458698406	42.6992975938771906
 500.000000	5.1805038872582045	75.0538414942409844
 501.000000	5.3123890986115656	85.9935338199744166
 502.000000	5.2616105418102110	84.3657061159546373
 503.000000	6.0470757473653496	101.0624339293406706
 504.000000	5.7312710984271567	99.0933854643110976
 505.000000	4.9437692730471570	59.5033628168607720
 506.000000	5.8178879858009287	113.1329641788308749
 507.000000	5.0817327752678985	85.0093895976221035
 508.000000	5.3965408959901824	87.7574249097307018
 509.000000	5.5909968118587559	85.2237043302301487
 510.000000	5.1642114405441024	87.9076394087491906
 511.000000	4.9785569204948645	83.9266357351727521
 512.000000	5.8042230498165370	104.6583324428719237
 513.000000	5.4110552785290400	97.0490512945808916
 514.000000	5.7540286944755650	102.2956598489725764
 515.000000	4.8239978263286440	61.5221700980575861
 516.000000	5.8430113573351763	101.4127092204022773
 517.000000	5.8871984630096490	102.2245099452095189
 518.000000	5.7704380928724452	97.2863998395134786
 519.000000	5.3388952041644950	99.0434810574279823
 520.000000	4.9385754321479949	88.8464517278083008
 521.000000	5.2649492500091792	71.8960580234778632
 522.000000	5.3933105617771728	90.6812140237094724
 523.000000	5.0441504883059469	54.3617073573540779
 524.000000	5.4528359030281708	85.8600266278072297
 525.000000	5.2859188327533353	87.9192191078654588
 526.000000	5.8324960499257905	96.4009204264117443
 527.000000	5.7987200592595016	105.8071249061870702
 528.000000	5.2082532894047766	60.3755913527824504
 529.000000	5.0788033759657907	84.3928620238495739
 530.000000	5.2154116157967962	83.1277935140751936
 531.000000	5.8631846231343685	102.3477853721154816
 532.000000	5.3602702378097487	88.8589748577305016
 533.000000	4.6586892184689965	50.8104112435437401
 534.000000	5.9452041201327832	100.6551807316529903
 535.000000	5.2895149130320069	77.3079663241557142
 536.000000	5.7430953585744371	93.1295050839991916
 537.000000	5.6649162106912678	91.4575260254844977
 538.000000	5.0050823815127776	72.8495047696686839
 539.000000	5.9783588437074462	100.6357702035126493
 540.000000	5.2111578183668836	87.1943394637832654
 541.000000	5.7190293331002353	101.1865894937791097
 542.000000	5.2722521583639281	83.8304697167102262
 543.000000	5.0722534650415136	63.2006689678971156
 544.000000	5.5425596850367436	97.1094455238186640
 545.000000	5.7865441921411591	91.7476514583481304
 546.000000	5.8704346912739123	99.6837979916280545
 547.000000	5.7730977988791672	103.3271496996991630
 548.000000	5.7648327392659864	92.3874390797293188
 549.000000	5.8769448689251202	104.2107593070109886
 550.000000	5.8408821334422596	101.8656206627054246
 551.000000	5.2167857519393808	79.7572685145836147
 552.000000	5.4056870000749973	92.9084553515313587
 553.000000	5.2644488646372931	85.3399464479217613
 554.000000	5.2699554285570684	97.3213122622380951
 555.000000	5.0866947070787374	76.5492195490105729
 556.000000	5.4375895956494542	94.0606690211272252
 557.000000	5.2262165796864606	79.8383100390885829
 558.000000	5.1644793749963060	83.8607761420426669
 559.000000	5.1518990476330089	91.3311102712479652
 560.000000	4.9128900802746909	114.9340734378691167
 561.000000	4.3876430491844838	98.5432030435848247
 562.000000	4.8279494797470095	97.2589571426387351
 563.000000	4.8733861352390706	109.0118440902169965
 564.000000	3.9841799460278335	93.5843379071717578
 565.000000	4.3429097709249112	128.1985396933810648
 566.000000	5.1935336898812157	132.2177068285818109
 567.000000	3.2696110800009057	30.5740606295655084
 568.000000	4.6809212141009304	126.4464355520009633
 569.000000	5.0756007445019238	130.6826937714698147
 570.000000	2.8344097410067617	17.3000027261547586
 571.000000	5.3046284402290667	121.8153460789448417
 572.000000	2.7358765699723602	21.7514993546661231
 573.000000	5.1652800647695480	131.4945730195607325
 574.000000	3.1960156231051133	26.7263882347419042
 575.000000	3.0077625048449255	31.5868570922791605
 576.000000	4.8309106336556269	135.3689452290573740
 577.000000	3.1595094394858725	20.1683770147797361
 578.000000	4.6556065309208838	129.6037030352756290
 579.000000	4.1948860261158369	42.8411448586331005
 580.000000	4.0820542934239441	58.3751177502614098
 581.000000	4.4451998684658154	104.4824310589551857
 582.000000	4.4113545528025178	110.9205512461205387
 583.000000	4.1505114790180224	87.2584379885466319
 584.000000	5.2886670902058928	131.0673565831353926
 585.000000	4.9171160858928751	110.9093180394475411
 586.000000	4.9387326706754706	125.9787284648304535
 587.000000	4.3693207630378419	113.9085323298367314
 588.000000	4.3371907297836101	79.4264861803928710
 589.000000	4.8261139407218012	102.4298107828506090
 590.000000	4.9116016268505112	120.8689198581276401
 591.000000	3.8583738983949760	58.1868254623596357
 592.000000	4.6161814309318059	106.0955373143163740
 593.000000	4.7599721551018552	50.0015863000905938
 594.000000	5.2061669315217900	75.6932679810784492
 595.000000	5.3352747795998647	68.5344519652595352
 596.000000	4.9689581179186684	57.9047800723110129
 597.000000	5.0121597216773575	51.9800057236193993
 598.000000	4.7157839879458017	54.3169544863246472
 599.000000	4.4459973453892019	96.5757732079714231
 600.000000	4.9775483538323639	119.6263150237292905
 601.000000	3.8506160720234193	105.0898691724425902
 602.000000	3.5389277708300524	73.5852429339229275
 603.000000	4.7399797370210575	99.7573489865452103
 604.000000	3.4832439599929494	77.1372660267647632
 605.000000	3.1264340962157076	53.6119194557986560
 606.000000	4.3661709119631125	113.3831150609043874
 607.000000	4.5093751637287323	113.3967094673372031
 608.000000	4.2306775804654331	63.7748001438695695
 609.000000	4.6155396183684125	107.8828115321056202
 610.000000	3.7433473168229190	80.4464354500869661
 611.000000	5.0760967529357597	123.5869741086134752
 612.000000	2.8712822414654946	28.1828386735490142
 613.000000	4.4875508715620898	92.7413578811938066
 614.000000	3.9741576931196172	47.9264825733248188
 615.000000	5.1234292408842865	83.8675999214810872
 616.000000	5.0437454413904090	84.2394755454425166
 617.000000	5.0800576412093781	76.0911838396965265
 618.000000	5.2480866454776773	86.7150774695128206
 619.000000	4.4564605457215798	96.0026783763097740
 620.000000	3.6842126582109902	89.3502167264604310
 621.000000	4.5404745660962353	121.8815546327339376
 622.000000	5.0477257299407325	131.1172937338964744
 623.000000	5.1284870930875757	75.6262017639541284
 624.000000	5.0279813056987459	89.8524376659549802
 625.000000	5.2873444420072593	71.3471246885595036
 626.000000	4.9542702540417638	81.4882614867900230
 627.000000	5.2353710650143608	144.2608730450989185
 628.000000	5.0671815184769509	173.4775486864070615
 629.000000	5.2021947711725360	161.6377674564020310
 630.000000	3.8890216364374841	154.8253037628942081
 631.000000	3.7039796304530657	134.5170144053833781
 632.000000	3.7063301449360075	121.1886423827412358
 633.000000	5.0455916761200914	158.5853793252961452
 634.000000	5.7580228388574630	149.9380806767935610
 635.000000	5.2979702758624887	166.2224939350804505
 636.000000	4.8913338426163726	164.9985680569224087
 637.000000	5.9019006614226015	143.5186948381183356
 638.000000	5.6762447844457444	141.7018990527981543
 639.000000	5.3952739023263296	154.8660585103913832
 640.000000	5.2377986732440425	163.9304953385606041
 641.000000	5.3690949393228573	158.7299601521722252
 642.000000	5.8114774732667742	155.3639344976873815
 643.000000	5.1801749361950931	176.6682014725983834
 644.000000	5.8753121794163361	148.0686408118478710
 645.000000	5.0737704390516161	165.7525610985385924
 646.000000	5.7367383258427216	142.1704330255376192
 647.000000	5.8517459943452925	155.5144501440366867
 648.000000	5.7817221579876898	151.6391879785063281
 649.000000	5.8889554023774116	136.8744237820381784
 650.000000	6.0249946233592713	148.8583480110505093
 651.000000	5.6826470738848469	158.5571494608313969
 652.000000	5.9328118561058822	146.7404621925847437
 653.000000	4.9106362329119655	172.8445129027566907
 654.000000	5.0538809144364407	175.7192701816747160
 655.000000	5.2006010338028865	169.5351377951613756
 656.000000	5.0210322624016506	172.7337448457718097
 657.000000	5.2529142862276901	169.7121548312305777
 658.000000	3.8459847732038490	139.3480226910297972
 659.000000	3.3112259630460801	146.6860406850683489
 660.000000	4.4106090397885485	132.1636970462362513
 661.000000	3.7006475034649311	161.4062778760528829
 662.000000	4.4045876471509544	128.4095812970999759
 663.000000	2.8420478320545133	143.7330613119447378
 664.000000	4.3670582447490229	130.0270670760453413
 665.000000	5.4390090234112396	129.6853755545775186
 666.000000	5.9255443448068013	141.8879291925236430
 667.000000	4.8525831642537502	156.4126895774383570
 668.000000	4.3836512314440075	125.2008595689411123
 669.000000	5.1927793265409043	133.6373829276293463
 670.000000	3.2700117451431447	127.2251054729442785
 671.000000	4.8381353317694602	160.0037305604961091
 672.000000	5.3787482794444923	164.2402970005409202
 673.000000	3.8488247784972804	152.0870940932219924
 674.000000	4.6979898521139116	139.1206394545606599
 675.000000	5.0875264057535245	164.6884804739482888
 676.000000	5.2882419903591638	159.3890024439610045
 677.000000	5.8831791361917976	150.3335488674420617
 678.000000	5.9848379359152633	152.1849834609454035
 679.000000	5.3655791266474306	162.1448565355916571
 680.000000	5.6346899110072464	148.1193554138999957
 681.000000	5.1571923602254781	164.8730248925487274
 682.000000	4.7784595127334040	156.3060738405051779
 683.000000	5.4437187214996667	158.2657310279219303
 684.000000	5.0862866863754377	165.4532367230131058
 685.000000	5.0992875516132905	161.8742740728206400
 686.000000	5.9781382922615238	150.9801867079699775
 687.000000	4.9679333300476296	172.8825212527196697
 688.000000	5.2379501240823769	161.5352538139791250
 689.000000	5.1384349792642681	170.8087688695254371
 690.000000	5.5401104446088105	154.1999183797909438
 691.000000	5.1087327591594267	160.7968525132420723
 692.000000	5.2869880958692237	160.8703579180464089
 693.000000	5.5544201686142491	162.1065227311693775
 694.000000	5.2485039398592415	165.2887075487539335
 695.000000	5.8031709055304903	146.5631056802573369
 696.000000	5.9251938441502396	148.9237045598759721
 697.000000	5.7913718660708762	151.9834562098646700
 698.000000	5.1923450928605686	175.2497409011594129
 699.000000	5.3963593410595330	165.7143897006911288
 700.000000	5.7351791462870070	139.0163592772445327
 701.000000	5.6507025008544636	153.5050461630101211
 702.000000	5.8522552559276990	153.8149766759394765
 703.000000	4.8749337203101675	174.3984131202642232
 704.000000	5.5491419951425058	147.5368562808467061
 705.000000	4.7599512600557414	114.6741663584113837
 706.000000	4.6408240421900704	128.2571517860147878
 707.000000	5.3229712229611517	114.3469079480034338
 708.000000	3.9188638338441550	138.0648250917705582
 709.000000	5.2201496226245707	120.6417413426133010
 710.000000	3.9689195102063919	123.9994725199750576
 711.000000	5.0745363632873106	123.8904492549517045
 712.000000	3.4177267564800768	145.1963769167882106
 713.000000	4.1153652785109731	135.1709088862130272
 714.000000	4.6533406772114274	128.0476106464852535
 715.000000	4.4651291859579354	135.6831048428743713
 716.000000	5.4858931031657674	130.7535985840438570
 717.000000	3.2806109506876644	31.4375162930609235
 718.000000	4.7668054510397866	133.8583125921534247
 719.000000	5.0821826919521600	126.3151079434922224
 720.000000	4.4263075203604716	108.9305035543447104
 721.000000	4.5169522085008760	129.6892253347330097
 722.000000	3.2534918479818646	25.6976276186810821
 723.000000	3.3173226200495320	47.0668751910214667
 724.000000	3.2429036416329016	27.0839335316844085
 725.000000	4.8088855504758978	124.9120461168191696
 726.000000	5.1466207309112537	121.7534881803514679
 727.000000	3.0780816099864632	146.9672225792348570
 728.000000	5.1604556543982110	123.8804465373450512
 729.000000	3.7562663702538379	151.9748502792933209
 730.000000	3.4303402885455654	145.2470548309295566
 731.000000	4.1032437353475739	132.4378517574444913
 732.000000	4.9204454463574034	119.7071942906430877
 733.000000	4.9927313348660665	115.7794637690130628
 734.000000	3.0942539825792323	146.9861783978081462
 735.000000	4.5271102805534174	108.6289160459667471
 736.000000	3.8079180879465637	146.5172833251032216
 737.000000	3.4173399231385400	143.1068562102069563
 738.000000	5.0382994704411290	166.3764160248351800
 739.000000	5.3453536112893039	158.8209378852271811
 740.000000	5.0998387918947019	159.3748081491291657
 741.000000	5.1752156455640010	162.4956266574953361
 742.000000	5.0056776089887158	165.0201223170008689
 743.000000	5.0063097825688656	154.1163831514278968
 744.000000	5.5443682888949146	152.8112565448808766
 745.000000	5.5400829496897899	151.2096881519684359
 746.000000	5.1374200796384999	164.9102524373628000
 747.000000	5.3563809073927633	159.2972884617920215
 748.000000	5.8675343016037615	150.7270882594382329
 749.000000	5.8148726505572519	148.9411690560596639
 750.000000	5.5025778872021798	161.3299432059503715
 751.000000	5.2578008777076102	161.0058416623159303
 752.000000	5.3314363528060005	161.1621005172767411
 753.000000	5.5047609360189069	160.7511827414112702
 754.000000	5.3428161148373920	164.3929722388921846
 755.000000	5.3758982898073402	162.5723362526236997
 756.000000	5.2282508907209237	158.4198866750280104
 757.000000	5.5242669900061383	152.2457069501286924
 758.000000	5.3758248215176989	160.6303693419771434
 759.000000	5.6356451334339104	160.0786253639351173
 760.000000	5.8616033084770054	155.3589312842131562
 761.000000	5.2448908395654881	171.3508586634386575
 762.000000	5.1591301607106432	160.4768200503672233
 763.000000	5.8843184699119258	146.3647380529024815
 764.000000	5.4235762412035866	145.8573198407773930
 765.000000	5.7374894204445486	142.9802057340095018
 766.000000	5.8363506351621472	147.5392565697724763
 767.000000	5.1136603819897761	168.4393107289284046
 768.000000	5.6251329656474329	154.2126887444482577
 769.000000	5.7965758165074330	147.1679416777155609
 770.000000	5.7884524269539881	146.5860528778254945
 771.000000	5.7617694682422460	154.4068084521487378
 772.000000	5.8943391684372681	151.7173484562533474
 773.000000	5.9888406101063749	158.3750860608131177
 774.000000	6.0007176967478753	149.7400193993749724
 775.000000	5.8667876785753723	149.7861009042551359
 776.000000	5.3655036592777723	164.0485442051658538
 777.000000	5.2916348412709597	165.9550506421354612
 778.000000	5.2387094104049350	156.4741490821826346
 779.000000	5.1822098582240503	172.0509918630474999
 780.000000	5.9885805354325736	152.3426007079548015
 781.000000	5.2682695920920386	170.5503694347357282
 782.000000	5.3266017322233585	159.7645731617296576
 783.000000	5.2548610318337881	167.9746552952399270
 784.000000	5.2009914053141726	156.2101038590286919
 785.000000	5.2249665017451106	168.4940041922046419
 786.000000	5.0651206943973897	166.2000210468253556
 787.000000	5.1454838624189518	168.1949429857428129
 788.000000	5.8907310181083723	147.7236994001161179
 789.000000	5.7719924693156788	145.4734057468983508
 790.000000	5.6976581050687241	151.1746651297540893
 791.000000	5.6819061581621497	152.4649544764196492
 792.000000	5.9660393401739062	145.9440318746987941
 793.000000	5.9861721707488202	156.1914375262360295
 794.000000	5.8245267709128257	156.2349661826800116
 795.000000	5.4056123237504838	156.2961406451175321
 796.000000	5.1571118657273463	159.6658255020959132
 797.000000	5.7936348865586300	148.8223276835625484
 798.000000	5.6611783911726326	151.4640160741097645
 799.000000	5.8928194262196874	147.0806070314427529
 800.000000	4.9365793661083339	132.5721287931610277
 801.000000	6.0999624454546248	146.5994317430791511
 802.000000	5.7417654332641987	146.6143008548283433
 803.000000	5.2459190505273661	163.1649634372522826
 804.000000	5.3146020961395548	171.5673861347420370
 805.000000	6.0181595636597534	146.9946853342977988
 806.000000	4.9388473964569721	167.9274131916257886
 807.000000	5.7287049017573857	155.5983292013374353
 808.000000	6.0043702853365097	152.5995182392332765
 809.000000	5.6027007476989201	150.0834741046618035
 810.000000	6.0375352559457340	140.4448245889691975
 811.000000	5.8285880187262711	147.3190014371270991
 812.000000	5.0261015791821517	158.5028426605944389
 813.000000	5.8360303028624587	149.4049762094787468
 814.000000	5.3163135139501732	165.6550135463466802
 815.000000	5.4223366281309442	153.6619504605042152
 816.000000	5.0917412413254262	165.7168613408309739
 817.000000	5.2830609066406007	160.6429471236293978
 818.000000	5.2833704319432142	164.2873974648794899
 819.000000	5.1379332657690044	157.1357685771307047
 820.000000	5.1296468057643017	166.8192889019352094
 821.000000	5.0595269553156506	169.7051710640183444
 822.000000	5.4105388013806852	154.4648021901425068
 823.000000	4.7591681246051261	148.7553349447225060
 824.000000	5.3051349855282321	169.1529889881016686
 825.000000	5.2999464246530250	158.8163722164983085
 826.000000	5.4388339761761157	147.4209011985569191
 827.000000	5.3418539624791208	154.2321196703890678
 828.000000	3.8744208172450354	138.0197649673291380
 829.000000	3.8705697250289011	153.9221219028651717
 830.000000	4.4827627848200038	151.0801636358122266
 831.000000	5.2595480301892295	160.5832437766057978
 832.000000	5.2227786168283599	160.0475145702707209
 833.000000	5.1694241188108068	165.5567800163349830
 834.000000	4.9932100304872780	166.4901979105214593
 835.000000	4.4890343741680550	160.9841958599213854
 836.000000	5.7541967853193565	136.2706518686592574
 837.000000	5.3650251882780671	122.9396148779812847
 838.000000	3.1743706416096598	136.7678086617400197
 839.000000	4.6836813962491819	125.3348135884671990
 840.000000	5.8987376632178332	148.8531547953355130
 841.000000	5.8602529113161763	147.2165566477025038
 842.000000	5.8204251674384286	147.0331255343056398
 843.000000	4.8932830532557734	174.7547754387883288
 844.000000	4.9916241270739077	173.6492047673123409
 845.000000	5.4785430045423036	146.2705714851825860
 846.000000	5.7651179971392708	154.2572587241129725
 847.000000	6.0117232071923041	143.1203921197393356
 848.000000	5.6235549584868911	159.3837441681748714
 849.000000	5.9711528914128467	154.8428352457460733
 850.000000	5.5869058395719851	149.9306718494537165
 851.000000	5.8891183605399915	141.3748490249481051
 852.000000	6.0153996563113674	154.9893064851704878
 853.000000	6.0432029212216207	144.9749463750075620
 854.000000	5.8945887041344331	149.7122883178525399
 855.000000	5.8989186123964084	158.7670655872578607
 856.000000	5.4882155743183541	151.7725620017235428
 857.000000	5.3258734003226840	168.6893349642294879
 858.000000	5.3578286001339350	170.3268305584234383
 859.000000	5.6532155485187898	140.5078247323301355
 860.000000	6.0456023313742406	146.1091598043961710
 861.000000	5.7555871075639979	146.8938772922672342
 862.000000	5.7795385739317178	145.3077622011957146
 863.000000	5.9518168777475422	143.1949572706257072
 864.000000	5.8555537015691321	149.3174527108454299
 865.000000	5.9649142839666123	153.7188291532085884
 866.000000	5.7738274469811088	145.9304817724378154
 867.000000	5.7373211208073913	150.5537321071062991
 868.000000	5.7341430976792207	150.6036003228646223
 869.000000	5.2579191013677749	170.0039945998064752
 870.000000	5.1685450974396581	159.2908791401075348
 871.000000	5.3883612729923405	161.9790892475737394
 872.000000	5.6830071824878372	155.9220638958894938
 873.000000	5.9214355589361665	154.0653335589506412
 874.000000	5.8889512603472598	148.9592061636060407
 875.000000	5.1240875093889269	158.1062425637012439
 876.000000	5.7140639639769644	150.8720178501628766
 877.000000	5.6257677062839502	145.8731360467659783
 878.000000	4.8628631314700321	124.1135826420864419
 879.000000	3.8259920051792200	117.0136152868070099
 880.000000	3.1205792509438224	141.8190958429137822
 881.000000	3.4455421286525683	131.8527402476703685
 882.000000	3.5279816151193861	120.6551478547355600
 883.000000	3.6363448775485430	134.7250590923273137
 884.000000	3.2768998186698033	146.5077307763636441
 885.000000	4.6439783873725871	120.6450737842624505
 886.000000	3.1831365471157516	138.6458369947234814
 887.000000	5.0024932791143435	121.1672941785980697
 888.000000	3.1725424822147810	131.5907303488050388
 889.000000	5.1633830751732654	128.1891352486712208
 890.000000	3.0164083395693599	147.2831100378218139
 891.000000	4.8932176200072988	133.8879137643056652
 892.000000	4.2168203802886000	137.2414771820564852
 893.000000	4.6382797184999944	139.0105212887957862
 894.000000	3.5364944003830363	152.9617065915234093
 895.000000	4.6009738368329751	126.6846652692389057
 896.000000	3.9025471450803018	142.3262373123864961
 897.000000	2.8658139026666145	139.2862304515221012
 898.000000	3.5926317198932516	144.6684498511785932
 899.000000	4.4274181900881420	137.2770078893771313
 900.000000	4.3813558563872013	138.1940457452350586
 901.000000	4.3815793659619704	151.5144680615385369
 902.000000	3.8358891882078354	158.6170296065803882
 903.000000	4.7849115834549893	141.4797002781829178
 904.000000	3.8091984828416603	144.6370852923181189
 905.000000	4.2263122259532668	140.2085320015856098
 906.000000	4.8456718135681083	137.8805559891567896
 907.000000	3.7770084021144568	153.2628053160836146
 908.000000	3.8288377053000207	149.2128368634915319
 909.000000	4.6038779131691907	124.3092223363040887
 910.000000	4.2423013793768689	141.3847660707345142
 911.000000	3.7113209413832373	162.5077568841281845
 912.000000	4.1240449272803890	138.4860777823880937
 913.000000	3.6384890893114101	155.2219936555915467
 914.000000	4.8970902623000505	130.1853171656557038
 915.000000	4.4356813362298473	141.3816040027511747
 916.000000	3.3973123943643584	152.3623621373289438
 917.000000	4.8599197671478214	137.8839756908802485
 918.000000	4.1300046662345347	124.6542321486981990
 919.000000	3.3131612229434659	148.1868772938994709
 920.000000	3.5682168249113921	161.4474286983292473
 921.000000	4.6712722226448271	145.2849201343524612
 922.000000	3.5571406786561588	153.8406830562916525
 923.000000	4.1169685125629698	140.1978527221785384
 924.000000	3.2555941714646730	152.2077487939838818
 925.000000	4.3162936890149313	139.2100607754618409
 926.000000	3.3926707957763402	150.0365360891525484
 927.000000	3.3753653266800283	152.7301150838054014
 928.000000	3.1060594996593762	142.8089137173330698
 929.000000	5.1278174361128679	139.3348985401577806
 930.000000	3.2697311369197690	151.0927666907764717
 931.000000	4.3617894940806030	126.5138628869634374
 932.000000	3.0857587560102462	147.3030764177001686
 933.000000	4.0447744227033615	133.6269497242375905
 934.000000	4.7047781638014703	137.8202462329583966
 935.000000	4.8615922410354147	122.5055114602063213
 936.000000	3.5340303280139649	143.1765874647972510
 937.000000	4.6530396230469222	148.0154951520368058
 938.000000	3.4797653297406588	152.0589966139252454
 939.000000	4.3118756934882176	163.3614994853705582
 940.000000	4.4880380381951728	127.8626866366488457
 941.000000	3.5553881619002725	144.9565171238044741
 942.000000	3.2031249393373948	156.2221715706988618
 943.000000	4.3126924848478865	143.4890415519917042
 944.000000	4.4781802025433839	129.3481542939783253
 945.000000	3.5261293033200158	156.8360142857175390
 946.000000	3.6772843391299435	141.0704626179846173
 947.000000	3.1910807963510330	146.5109939856619121
 948.000000	5.1695616979507939	108.0271670258522505
 949.000000	3.1711299801301256	144.6269166213785411
 950.000000	4.4248146453361104	135.5164753280303955
 951.000000	4.5740349015179858	128.6466603149733601
 952.000000	3.6961271543652625	141.9397337545154016
 953.000000	3.9189618491679910	137.4878648661592706
 954.000000	3.7831575283937027	150.3683800176468708
 955.000000	3.3975793984182641	130.0698725288792730
 956.000000	5.8496255321867388	139.5378491736381932
 957.000000	5.8212414502524057	152.6983914584196214
 958.000000	5.8243950681008778	143.8513889410649540
 959.000000	5.7900593555809019	155.8849688986296940
 960.000000	5.0747279282001427	170.4528560504428469
 961.000000	5.8489947600842003	151.2064016694618829
 962.000000	5.7215045570770586	152.3248966770902371
 963.000000	5.9087397772949188	151.9515356782532933
 964.000000	5.0390923874335263	169.8584066237769719
 965.000000	5.9377280104287875	151.1095369764735494
 966.000000	5.8784781465376241	155.2668201904895682
 967.000000	5.8813025580566611	148.3659117386997082
 968.000000	5.8579322735272106	141.0887303445376801
 969.000000	5.9077017859184631	157.7619758195934878
 970.000000	5.3991506945163703	155.5987615057433686
 971.000000	5.1993640927475910	162.3106710172336875
 972.000000	5.8326867648983063	149.6669519194648785
 973.000000	5.5743464826862672	139.8873868008860200
 974.000000	5.6622012482599580	152.2608535965517547
 975.000000	5.8407071186411867	159.9480028224216994
 976.000000	5.5372043745409094	153.4231298089231359
 977.000000	5.2152703280580859	159.9137998716352342
 978.000000	5.2916443480759607	163.7663659604331201
 979.000000	5.9356227703731674	154.8968738907457521
 980.000000	5.6837247030944571	151.4673945312378578
 981.000000	5.4922759200371383	162.4323336423886985
 982.000000	5.5353137639278573	155.5646017265368926
 983.000000	5.8508080153896289	152.1234520654670348
 984.000000	4.7934957408974981	166.1165787047844731
 985.000000	4.6883305246915041	140.3246571296193110
 986.000000	4.0741741072573907	125.2334885876941115
 987.000000	5.1483154151301163	174.0449959050261839
 988.000000	5.4456055771616185	165.1392014624623812
 989.000000	5.2428592847758848	158.0310164747394879
 990.000000	5.2286590025936954	156.5058944114624637
 991.000000	5.5291918619426044	164.2072451834756350
 992.000000	5.3996081040170134	152.3019035981092770
 993.000000	5.7508118636149383	147.6566547889098331
 994.000000	5.5469653714215621	140.1621797168120906
 995.000000	5.8353991616237808	153.6705159574675861
 996.000000	5.2078888859239578	165.6796601885123437
 997.000000	5.2141843718196492	164.9085023549412767
 998.000000	5.3418531467748531	164.1713859301910929
 999.000000	5.7428657268447871	150.4210657097898149
 1000.000000	5.3383601029515910	163.3100847434481580
 1001.000000	5.3740133617145371	167.3696472126771937
 1002.000000	5.7323482835622013	148.8408031016469408
 1003.000000	5.5718316675252408	153.3611729612959209
 1004.000000	5.3420576625656873	157.9504514859744120
 1005.000000	5.4563230703721768	160.1746975504527484
 1006.000000	6.0698680493669661	135.4232494418216959
 1007.000000	5.9232570717127206	146.8435334659533851
 1008.000000	5.9142837129314936	149.7901039594786710
 1009.000000	5.8899481645543554	139.0789654995902538
 1010.000000	5.1497905031241267	167.8086021500199649
 1011.000000	4.9664875632061829	164.4736576265717929
 1012.000000	5.5555631721424872	157.1337076452719259
 1013.000000	5.4746185192234318	158.6743668492810286
 1014.000000	5.3392088153197719	171.9776994892882556
 1015.000000	5.3962095545891673	162.5377195301630024
 1016.000000	5.6697631704648979	146.3232931844689517
 1017.000000	5.9259886004364200	147.2337677337519040
 1018.000000	5.2129689310502858	164.5483418090207408
 1019.000000	5.7575593308631605	155.4638987696007462
 1020.000000	5.1694798408321221	165.2542397459253891
 1021.000000	5.9054214479927571	153.7340631670178652
 1022.000000	5.8450978523832609	153.8504979489689788
 1023.000000	5.7463872731750207	151.3712315796174721
 1024.000000	5.8467550576179681	150.6105390757007285
 1025.000000	5.9239213871360166	144.8552390595311579
 1026.000000	5.8335797358817052	145.9814877439015959
 1027.000000	5.2612443129539619	162.8490339126250888
 1028.000000	5.5541335719042468	160.4327861342660242
 1029.000000	5.2764169829846441	162.7745266394805981
 1030.000000	5.0978739773317088	165.0989294829797700
 1031.000000	5.7424452096572871	145.2062500669574945
 1032.000000	5.0631443051633429	154.1438964574253134
 1033.000000	5.2242406685016229	148.8446302622531334
 1034.000000	5.1708728882129966	162.4765183017671006
 1035.000000	5.5925739410590705	158.5072753371126169
 1036.000000	5.9748944275445313	146.5571584824239721
 1037.000000	5.4747463681836201	157.2373384558413250
 1038.000000	4.5484881183114387	124.3234023434879276
 1039.000000	3.8876788537424067	149.0771373233656050
 1040.000000	4.6563212976046762	132.6733838016420179
 1041.000000	3.1869751260281176	158.1968767020085522
 1042.000000	3.3179078924037371	145.9932918178936063
 1043.000000	4.0630793964335483	147.1574772795611921
 1044.000000	3.4945944684942956	146.2484844309738321
 1045.000000	5.2186596394744535	131.6360070326160780
 1046.000000	5.0580635949162396	113.3130747439230817
 1047.000000	5.3786945355060318	124.9394404084873429
 1048.000000	5.1067869106581156	126.3846934284920280
 1049.000000	3.9039313054367355	149.9397658971282397
 1050.000000	3.6703165302503171	138.4254474864511621
 1051.000000	4.4697333362939098	121.2241431298912460
 1052.000000	4.0360857700608150	138.5921533050562289
 1053.000000	3.1004173977995246	134.3189964995378602
 1054.000000	4.7295598232212699	131.2479545631736926
 1055.000000	5.3475283900884873	129.4467208664311215
 1056.000000	3.0117859476904152	150.5542764862445324
 1057.000000	4.8439108194899214	121.3680062806092508
 1058.000000	4.2531534093961207	123.9471367837421383
 1059.000000	3.2070968009204064	143.1283452253532005
 1060.000000	3.0996358997004867	139.1709561681620642
 1061.000000	3.2027554266489524	148.9672237832592998
 1062.000000	3.1428022770543316	141.1578740008778254
 1063.000000	3.1437432440788249	141.4064066559853359
 1064.000000	3.8035041989643803	135.7073692144289510
 1065.000000	5.0561616221189496	133.1521871349183357
 1066.000000	3.0490508131421565	136.1687486983157669
 1067.000000	5.1552004601336012	121.6356410720710244
 1068.000000	3.3560677564843857	144.7969059445628943
 1069.000000	5.0514147247506065	151.6087402364763363
 1070.000000	3.9949869711500630	136.1203859052250209
 1071.000000	5.1784290376395683	132.9148966788645794
 1072.000000	3.5294671735814940	139.6446270372289291
 1073.000000	2.9959216244001072	130.3083968341796322
 1074.000000	4.8169883022684310	113.9918565192336075
 1075.000000	3.4964130202926027	142.7768812306993027
 1076.000000	3.1831545562914716	135.8729303984197827
 1077.000000	5.7758891104986025	154.4099261492545736
 1078.000000	2.9921104140867913	142.7556849899868041
 1079.000000	4.6968154770353561	122.0748803410259882
 1080.000000	4.3596296489463411	124.6961004136377511
 1081.000000	5.2459863312463533	122.2621017915271580
 1082.000000	3.4446056901654969	141.1118792749430497
 1083.000000	4.9743869956142444	122.3321840481283260
 1084.000000	4.0253153271742255	143.3491751610751521
 1085.000000	2.8277325592800859	137.6708822059056274
 1086.000000	3.2365090454413399	147.2895247385515063
 1087.000000	3.1901771714723237	140.9365978107593094
 1088.000000	4.1351392965394629	126.0883890574915540
 1089.000000	3.2408989017752172	144.1607710973875669
 1090.000000	5.0373551673945789	169.8951531534285948
 1091.000000	5.2092463472173920	173.5314770268327322
 1092.000000	5.4947678764461729	161.9745424786617320
 1093.000000	5.2716128768081276	157.3512000800965041
 1094.000000	5.1686504218762845	167.7808699388693014
 1095.000000	5.2842594259836844	165.7439312709889521
 1096.000000	4.9338653868521094	158.0687447926897278
 1097.000000	5.1354495831885485	159.8035002160941360
 1098.000000	5.3356259692565677	167.2344966831976762
 1099.000000	5.3576796539825082	165.7786299959348639
 1100.000000	5.1392328421462725	157.3706907642915098
 1101.000000	5.4169768553483006	150.8460413215657923
 1102.000000	5.3133231287318710	167.9198615342632195
 1103.000000	5.3695797468716302	157.3494392660564358
 1104.000000	5.0342419361845154	161.6994719844349504
 1105.000000	5.2559330352144098	161.7942660148811171
 1106.000000	3.9104366812959817	168.3030007485553767
 1107.000000	3.1832097466651668	151.7146098122877333
 1108.000000	5.0536280825064583	143.8349275883142582
 1109.000000	4.6280325198118648	154.6085633200507630
 1110.000000	4.2627845674276115	160.2561116559952552
 1111.000000	4.6158728314395132	136.4016919327689266
 1112.000000	4.7508336957480886	136.8273951319651189
 1113.000000	5.1678760560372332	176.5404338266602906
 1114.000000	5.1228236261722824	166.2446009262288555
 1115.000000	5.0989704713293191	167.1711034972136645
 1116.000000	5.0992320935856927	168.9067531809846514
 1117.000000	5.2084309108610833	156.6415956245453458
 1118.000000	4.9831088559147689	169.9691815050231014
 1119.000000	5.1857672005044702	174.1627443365602517
 1120.000000	5.3555961918015829	146.7561698888650312
 1121.000000	5.0811599674269630	151.5567863954594259
 1122.000000	4.5251102013378821	164.2067096267910529
 1123.000000	5.6313887486642580	147.6733772712919119
 1124.000000	5.1015706580715232	153.8817016397854900
 1125.000000	5.5568600371859418	158.2429807999579339
 1126.000000	5.4596068471199102	166.8137881986459661
 1127.000000	5.4539926800910932	139.7285165262654800
 1128.000000	5.9357198053313285	152.4175151610876355
 1129.000000	5.9322668280670978	139.9245915190911376
 1130.000000	5.9785086162592469	144.4238861395931792
 1131.000000	5.3942282167355025	146.8645434940280836
 1132.000000	6.0007190032118682	147.0952674044000048
 1133.000000	6.0646548004523684	145.5911289778110813
 1134.000000	5.7365557018886681	144.9236755246030839
 1135.000000	5.8234161349319331	135.4257210197887957
 1136.000000	5.6791782178158208	140.2925164774565872
 1137.000000	4.9183897342810470	115.9618031283853981
 1138.000000	3.2060991903538363	134.9122668921280876
 1139.000000	3.0540667411007245	141.4471586768899556
 1140.000000	5.0290351409828826	114.3936356135217949
 1141.000000	5.3226350707290351	127.1122915313794977
 1142.000000	5.0440887814415971	117.3212864632110382
 1143.000000	4.4033404433002223	133.3535286831929056
 1144.000000	4.5155372375985836	136.6402339279603666
 1145.000000	4.7860295043986296	136.6860969316229841
 1146.000000	3.9392835014364529	141.8909389520365210
 1147.000000	4.9201753453809287	121.3000581413606085
 1148.000000	5.2814817523755080	126.6902922201793444
 1149.000000	5.1507917621753805	126.4786669798057517
 1150.000000	3.1025032025199497	144.2382150829459704
 1151.000000	5.1148244241053193	121.3650879573061161
 1152.000000	3.3842471344541032	149.7563998459773984
 1153.000000	3.2268217363188749	146.3280122358290782
 1154.000000	3.5745146835106376	158.3819184518780787
 1155.000000	3.1965918188506355	148.5312814788635478
 1156.000000	2.9022164514397510	139.9858406741473118
 1157.000000	4.9555173427399337	124.1218807067922967
 1158.000000	5.3055884794877990	126.5205548437921976
 1159.000000	5.1293029451668550	116.3764594652876241
 1160.000000	3.3842881372677502	139.2765952460268295
 1161.000000	3.5061649882961246	138.3444343615709045
 1162.000000	5.7188554841045569	158.6430940331339059
 1163.000000	5.7186026827384815	143.9292627643152684
 1164.000000	4.0809023074195201	161.7746879074364017
 1165.000000	4.3740329435942140	162.2297943720626279
 1166.000000	4.7849178627502500	168.3085048840489151
 1167.000000	5.7257601948105714	155.8818228322462005
 1168.000000	5.8554094786790314	151.4536074296447623
 1169.000000	4.3593362665973050	147.2850161832718072
 1170.000000	4.4506742751482822	116.3649758183478582
 1171.000000	3.1263455153065398	143.8483804272960356
 1172.000000	2.9687475620838608	147.2236002178130718
 1173.000000	4.7939898040468458	131.3607220373523319
 1174.000000	5.0263429963927369	129.7920740909053450
 1175.000000	5.1690844555512436	120.0778824230420980
 1176.000000	5.1390145954768984	120.9428888793038936
 1177.000000	2.9783953101633518	141.4256928392209431
 1178.000000	3.2354347703581601	134.5856002681220502
 1179.000000	4.9934832266361600	127.5063802423186416
 1180.000000	5.2806439794698159	122.9481786170579198
 1181.000000	5.2040053968142770	119.5627037086298401
 1182.000000	3.3092776900884413	134.4735843374980959
 1183.000000	4.9755413383473028	166.0301863323370526
 1184.000000	5.7084332374907918	147.9368052086426246
 1185.000000	5.4521571811133072	169.7974214362064629
 1186.000000	5.2913444182926330	162.8971380822479205
 1187.000000	5.4771487096159444	158.2898748985787165
 1188.000000	5.3673384760011986	156.2398662715225157
 1189.000000	5.0010559903633638	160.6721073038802956
 1190.000000	5.1823141285087582	161.1650076979335040
 1191.000000	5.2631544890878956	171.1686431658883407
 1192.000000	5.1484219067566652	157.2087235222342372
 1193.000000	5.7185428257563142	145.0716724062380649
 1194.000000	5.7399370583766665	160.3722669655049629
 1195.000000	5.0629855762915250	161.0516852163702310
 1196.000000	4.9826714936043315	157.3010424543880106
 1197.000000	5.8504620908144167	146.5944375879139727
 1198.000000	5.2397395601321195	155.9964737878542280
 1199.000000	5.9597570194267080	151.8992509664586805
 1200.000000	3.9448710161326246	126.5046244281535053
 1201.000000	3.3497005257723949	142.2066591050203215
 1202.000000	3.3366747143682587	141.3364516988585535
 1203.000000	3.4996872536748245	136.5437556619973520
 1204.000000	3.4744692123428904	136.8625582861533303
 1205.000000	3.4755276627365119	141.1417748329658934
 1206.000000	3.0968185039604856	145.5815640091809655
 1207.000000	3.2922384083894314	133.6522439413350298
 1208.000000	3.7756089391278511	114.3642240767578784
 1209.000000	4.0231005823758021	126.1039280603187933
 1210.000000	3.0852131619265548	137.2658366065994642
 1211.000000	3.4629336252106775	134.5634743754101805
 1212.000000	4.2502548162353184	138.8539456058126120
 1213.000000	3.5928154865537407	137.1369899768363894
 1214.000000	3.9141028816596859	155.2659176628289401
 1215.000000	4.7608915264448450	129.6367360722385911
 1216.000000	3.5703358450060767	145.4173286250886861
 1217.000000	5.1308859939484632	123.0346847005563262
 1218.000000	5.6169456895244112	139.9820533316843409
 1219.000000	5.8511958114130067	146.6288675045694845
 1220.000000	5.1126917386731456	158.4720265275949487
 1221.000000	5.0769391569348885	162.0699461109246897
 1222.000000	5.9227098714693724	143.6134863717521455
 1223.000000	5.6026892672426012	165.1015850354032182
 1224.000000	4.9168611041046617	163.9172168873304543
 1225.000000	5.4067066586006991	171.6443435540732878
 1226.000000	4.5612202880265764	139.9260029782068386
 1227.000000	4.3478580011338961	107.5142825556654174
 1228.000000	3.5690963572017882	50.6502935045597269
 1229.000000	4.1796806073818038	102.0597563609991170
 1230.000000	3.4466716802746165	31.0414380599998765
 1231.000000	4.2590535378395202	81.3975453019995001
 1232.000000	4.6067149461117101	111.3263724298254544
 1233.000000	3.7887531372875642	93.1587461247676174
 1234.000000	4.5196769472337088	100.0345289977973096
 1235.000000	3.8310487610143604	50.4619377368628363
 1236.000000	4.6020556414738047	112.3518264399606466
 1237.000000	4.4160236878216486	131.2678217131031033
 1238.000000	4.4745831143658314	104.5486019458112850
 1239.000000	3.4823756572391060	43.5458823804374902
 1240.000000	5.6077547158526881	95.1446569679046377
 1241.000000	4.8204651437332116	58.2178069357587020
 1242.000000	5.2544336349038216	72.4051790784498337
 1243.000000	4.8525232269315914	55.3953302883831356
 1244.000000	4.9607196630998924	56.6398296324509545
 1245.000000	5.8415849146396450	101.5893178484535468
 1246.000000	5.0431735350814826	72.9224966190405581
 1247.000000	5.1290566765973571	94.9641634612086989
 1248.000000	5.1917516834470456	80.7998089873641732
 1249.000000	5.1446921423226852	85.6419333190096808
 1250.000000	5.8869322524187133	97.0304558432607251
 1251.000000	4.8937858244322960	121.7650269690229550
 1252.000000	3.4074156286655697	62.8748114017498523
 1253.000000	4.8250049789981242	109.4574089193871771
 1254.000000	3.5598698867243015	47.6839395697177508
 1255.000000	4.3412128650900721	78.0270694053669871
 1256.000000	3.8730766618821173	93.9769494369441389
 1257.000000	3.2581238328025868	37.7782969067669114
 1258.000000	4.4358051446118285	105.0997062610060198
 1259.000000	3.8609567769995397	67.2282355766052433
 1260.000000	3.2517739462266477	37.6770146129811963
 1261.000000	4.0756688520391142	119.0356939620631067
 1262.000000	5.3649258398918764	92.2086752818230337
 1263.000000	5.0986293709845443	78.1271081615140162
 1264.000000	5.2308022091352813	76.9203831889250438
 1265.000000	5.2503467518914357	82.9900543794409487
 1266.000000	5.4776792691736187	89.5568865403767518
 1267.000000	5.1678146026179990	83.2617502428875014
 1268.000000	5.3874747012011328	88.3047171411684246
 1269.000000	5.0625759307960507	75.0844566873571324
 1270.000000	5.1238903945833201	70.1442739859962074
 1271.000000	5.2655177841072378	85.6986485621534229
 1272.000000	5.3460685910137862	95.2811447058421095
 1273.000000	5.2181886445504686	79.3089447955335061
 1274.000000	5.8354730129343011	107.7849710859828605
 1275.000000	5.6872492605728047	101.2280313985846476
 1276.000000	5.4632924192864687	90.9843426350864632
 1277.000000	5.4688044062055923	89.1674431074688556
 1278.000000	3.7379569055866959	62.7560625376775505
 1279.000000	3.4819826876736455	37.3363932240700649
 1280.000000	4.5863101951198058	117.4733356881893087
 1281.000000	5.8984703195059049	99.4483509325166182
 1282.000000	5.9072863038026853	105.0048605131231483
 1283.000000	4.9757432938860440	54.5233160092294611
 1284.000000	5.7959982276476731	96.6660459774001879
 1285.000000	4.8498390109210217	47.3911807849818558
 1286.000000	5.2970185091641158	92.4021722027669341
 1287.000000	5.6975732945961592	100.1237716645300111
 1288.000000	5.3913396532771483	90.6069014121882503
 1289.000000	5.0160714938665905	74.2571526543246421
 1290.000000	5.8614199679800372	101.5919992316420917
 1291.000000	5.3128158847369322	101.2289366221974660
 1292.000000	5.1769356089742251	85.1878098331688562
 1293.000000	5.4221425821700997	87.5403265668192887
 1294.000000	4.6980459597553077	104.6304207844742820
 1295.000000	5.4293465081757963	87.6956772652346501
 1296.000000	5.4415860752989067	82.6877364393108536
 1297.000000	5.4367144034061461	83.6810631977580925
 1298.000000	6.0548391244021422	99.0069541681240395
 1299.000000	5.8822041676865888	96.9577353888515319
 1300.000000	5.2991611405928367	85.1437383188209509
 1301.000000	5.3334330939514336	77.5308233251198544
 1302.000000	5.6860285270944484	100.4617108573851851
 1303.000000	5.3028277976252909	93.9343671607466888
 1304.000000	5.0983869558118773	76.8508378425403009
 1305.000000	5.1966749604366251	78.2297098832000444
 1306.000000	5.9609149718532919	101.7713828027667518
 1307.000000	5.3505776851984743	85.1836630616594590
 1308.000000	5.8726574660017414	107.8933094979668113
 1309.000000	5.8346038393990609	103.3434862886978038
 1310.000000	5.8296295186453131	104.6831426857525997
 1311.000000	5.6998445415830608	98.4124275497996734
 1312.000000	5.7865980827891406	99.9061483128426033
 1313.000000	6.1711665361533177	100.1854459126176096
 1314.000000	5.8974816660206892	97.5775364151955387
 1315.000000	5.3122532238161222	89.8340460282462629
 1316.000000	5.8564694227754845	85.7724997888376635
 1317.000000	5.7609049535154604	109.0539354920463495
 1318.000000	5.9303481834416285	99.2079698544197868
 1319.000000	5.8486938826757280	100.5223664634468150
 1320.000000	5.9014222500436153	101.2046311842710509
 1321.000000	5.9730852697557282	97.2848083714402350
 1322.000000	5.6578919819338109	87.2560239134779323
 1323.000000	5.1405726689039382	91.7629135071351669
 1324.000000	5.6056837317335608	98.8590564384567472
 1325.000000	5.2251497968270009	88.2237595007502762
 1326.000000	5.4261987938983438	90.7313641498935226
 1327.000000	5.8132661791814613	94.9552764907761713
 1328.000000	5.0325312833238547	81.4720149794618180
 1329.000000	3.4342705851459074	29.1391044329906492
 1330.000000	3.6120168138439057	71.1265547858018437
 1331.000000	3.8681502214220007	68.0052371615170870
 1332.000000	4.8712231250885045	124.5486584222616386
 1333.000000	4.9739828248845557	80.0364232817388199
 1334.000000	5.1140560265785711	79.9712891477899745
 1335.000000	5.1925250062247210	74.4854036802568658
 1336.000000	5.1727228721654361	82.9230938831992432
 1337.000000	5.2415606776548556	73.6873992120118686
 1338.000000	5.1377988388849110	86.5102376616280679
 1339.000000	5.0822552850777072	78.7453904769570698
 1340.000000	5.2952953509615552	71.5305830197191739
 1341.000000	5.0974862648271992	78.0171978436139995
 1342.000000	5.1544844680844166	89.8647335564046728
 1343.000000	5.2543498720312067	81.3891266521533225
 1344.000000	4.9246549349570135	71.8360047744086643
 1345.000000	5.2093381601853332	91.0644450517689705
 1346.000000	5.1072170585756949	99.3895852772875514
 1347.000000	5.2859834568156474	82.3375664366267728
 1348.000000	5.6796253248419521	98.7535325671031927
 1349.000000	5.2875213970220454	60.6193094089233995
 1350.000000	5.4880242190258191	96.8167423441630604
 1351.000000	5.8212235721087371	109.6131506523043555
 1352.000000	5.8254167577080178	100.0045439716108717
 1353.000000	5.7171233046509151	145.8300941934554373
 1354.000000	5.0171073279937577	156.4154470535772248
 1355.000000	5.4088798924236681	159.5242045445235135
 1356.000000	5.4654023477687961	164.2089487036102469
 1357.000000	5.4959395479906270	161.5057738643236576
 1358.000000	5.5470860277315497	145.8965389240187847
 1359.000000	5.4135411901690098	157.3722767049680442
 1360.000000	4.7744715140419327	174.8112076066175291
 1361.000000	5.0874661246567952	168.8082703115788661
 1362.000000	5.1887279404645330	170.0662679149002656
 1363.000000	5.6707799406686270	154.6660474001666046
 1364.000000	5.4657472179675057	167.3614269462098036
 1365.000000	5.8962967100012156	155.8240890462612356
 1366.000000	5.7522453102594868	149.3841583670694604
 1367.000000	5.8661875419074780	146.2578740690973973
 1368.000000	4.9191991726372155	171.0765882321766469
 1369.000000	5.6811701275664621	154.5406870758950504
 1370.000000	5.0106366569753771	168.9301543547162225
 1371.000000	5.0874996722068220	171.2147884327600877
 1372.000000	5.1009945579726361	164.1490662826313383
 1373.000000	5.3775814945504496	164.2696208498175849
 1374.000000	5.2377742635162141	173.3399829550548361
 1375.000000	5.7182975662743427	159.2123679495542206
 1376.000000	5.9824084236600257	144.0162139250986115
 1377.000000	5.2807042857952569	176.9558936478746034
 1378.000000	5.2071826215287169	159.8893199005636632
 1379.000000	5.8634814196620590	146.0632306339209663
 1380.000000	5.6951506713946802	150.4892467083843997
 1381.000000	5.1688157509928807	163.7918059899515413
 1382.000000	4.3360878303185482	161.2034578793415278
 1383.000000	3.7773755714584576	128.6828507971771387
 1384.000000	3.6182543646426146	139.7075973237709547
 1385.000000	5.1717319040602412	175.4519122566538556
 1386.000000	5.2520446383323929	157.6859327060579972
 1387.000000	5.8541130280067861	165.0901410362875765
 1388.000000	5.5476362990318071	159.7152112549144931
 1389.000000	5.6903765890501159	148.9939072177082835
 1390.000000	5.8315606415843035	144.7167291405760068
 1391.000000	5.4222984266899150	157.4670204474765285
 1392.000000	5.1208449427355509	173.7014760610003918
 1393.000000	5.4255561367173755	159.4295522879434657
 1394.000000	5.3679969403620706	151.6210462886398602
 1395.000000	5.1211221767894477	178.6928782685304213
 1396.000000	5.3768848748219984	160.3627453746108813
 1397.000000	5.8619875053042287	158.4494077336240991
 1398.000000	5.2791270271703876	165.8793966152668986
 1399.000000	5.1961909687320587	165.2607569271374359
 1400.000000	5.7098881947966085	149.9093167169907588
 1401.000000	5.2653961573707848	161.9386848268474637
 1402.000000	5.8099261636970505	153.3385548600600998
 1403.000000	5.0804468090792447	163.3284500580591612
 1404.000000	5.8627151664443904	154.3352168800763309
 1405.000000	5.6606694421828134	144.4195712676850576
 1406.000000	5.7964489091657709	141.6669679985121775
 1407.000000	5.4797641855264132	159.0767668271022899
 1408.000000	5.8557441395048953	144.7544748442190325
 1409.000000	5.0440952674120476	149.3702843794510500
 1410.000000	5.0710791168857323	174.8179183225801978
 1411.000000	5.3064801879825758	167.9433847573866672
 1412.000000	5.7750153510040407	143.3842148081632217
 1413.000000	5.1347801941823015	166.7470733505190879
 1414.000000	5.3451524836321873	164.5554040403054898
 1415.000000	5.7934707560233001	150.4138635421835772
 1416.000000	5.8311991064672215	141.3485561362738849
 1417.000000	5.2815527599390011	169.7599536590571461
 1418.000000	5.1912007511991343	172.7144474257943898
 1419.000000	5.2055692180795585	161.8891475737372048
 1420.000000	5.1562093172910473	161.6874434107092782
 1421.000000	5.0435159599309367	163.0019844033920720
 1422.000000	5.4117498170280784	169.2811660253235573
 1423.000000	5.8988953151814263	146.1541135578781336
 1424.000000	5.7683376401058721	141.6153257943424535
 1425.000000	5.1034129246212387	169.9503665350661663
 1426.000000	5.6199581402789045	155.1997736972645043
 1427.000000	5.8149454975954749	140.7829253971069932
 1428.000000	5.8321037670182285	158.2823820561089576
 1429.000000	5.8089721785121879	149.1905628263500603
 1430.000000	5.3251480754756084	162.8069478764536768
 1431.000000	5.6087236267126155	149.7096579375395606
 1432.000000	5.8763126951327909	142.0498599412786689
 1433.000000	5.7937376498297679	147.6657165457110636
 1434.000000	5.9331000172335218	153.0704877695908976
 1435.000000	5.6849116984989410	156.0603316512489869
 1436.000000	5.6128484138373835	147.0930978451121973
 1437.000000	5.8155969917561414	146.5545593230898476
 1438.000000	5.4310661980144657	164.9833971464782394
 1439.000000	5.2972092649203875	168.5331168248098095
 1440.000000	5.7767004785184666	152.3437998565574389
 1441.000000	5.3726990903684637	156.6471648433410451
 1442.000000	5.6042441095372952	162.7867064282353908
 1443.000000	5.2617240256348312	159.5362944888489096
 1444.000000	5.8434013290402040	146.2320859920056364
 1445.000000	5.7385115671114324	150.8422187369988876
 1446.000000	5.5809248568399408	162.9246735443424257
 1447.000000	5.5147173395302929	158.4295774013973528
 1448.000000	5.0613634773610858	167.2018320254612718
 1449.000000	5.5682477814696192	150.8788900267187216
 1450.000000	5.9262958045681646	148.2362493762148574
 1451.000000	5.2501721650912891	167.9615019526430046
 1452.000000	5.4553967149294049	159.4916258903807602
 1453.000000	5.1384042186568992	171.6057067185232370
 1454.000000	5.7636723786570805	149.0418306351112960
 1455.000000	5.8440322248646561	147.5400245074050076
 1456.000000	5.1147134410595001	165.4607633620547631
 1457.000000	5.6786461321883959	164.2148539844060053
 1458.000000	5.5548006279771700	155.0263026185218962
 1459.000000	4.9109070950627647	158.8082201267658888
 1460.000000	5.2072238755213869	162.9152381328080139
 1461.000000	4.8787042503830236	150.4276818531110962
 1462.000000	5.7987793271069581	147.5302687924615270
 1463.000000	5.0875760345067684	156.3924048073530741
 1464.000000	5.2232598619456692	159.8937134405107372
 1465.000000	5.5568094921010429	157.4349318784154548
 1466.000000	5.1515063223877551	171.1209046101209879
 1467.000000	4.8868284768740855	167.3101489237002397
 1468.000000	5.8343103402455743	141.5811156839314151
 1469.000000	5.2570101971842149	152.0263849198285584
 1470.000000	5.8469915318962116	152.4747742742128480
 1471.000000	5.8869522268387664	152.0603298232868781
 1472.000000	5.3888751565694815	163.7192513022511662
 1473.000000	5.5607662225840526	149.6594987548098175
 1474.000000	5.4687060442253896	152.2156898924210680
 1475.000000	5.0366177701341037	170.2893739331768757
 1476.000000	5.1203611522564101	169.3837548980334589
 1477.000000	5.1152296800261459	170.6618438451366160
 1478.000000	5.8879744760305748	141.7085348883366294
 1479.000000	5.7357770649709945	143.7313035704516153
 1480.000000	6.0120694254579963	152.7306427135320916
 1481.000000	5.9421130145516194	142.4283965514974284
 1482.000000	5.7496681638578773	152.8704570422885922
 1483.000000	5.8216902423618464	141.9080121417831606
 1484.000000	5.2149137117392677	147.7201820355068662
 1485.000000	5.3472249519529464	156.4252718265910289
 1486.000000	5.4408947836481794	161.0751637186916980
 1487.000000	5.0743646558265398	158.9040098734232629
 1488.000000	6.0704828959897430	145.4760993994578087
 1489.000000	5.7276464498799848	159.9301089280349117
 1490.000000	5.4948196142999342	158.9959488147447644
 1491.000000	5.7735955420165999	149.4156699498605008
 1492.000000	5.5879490225971988	143.9321068969969701
 1493.000000	5.8324567208812939	148.8381274636734304
 1494.000000	5.8044642203298462	152.6415681996090825
 1495.000000	5.2952965122037297	150.2779279607879346
 1496.000000	5.8215767233158946	151.5522135131683967
 1497.000000	5.0345795827496147	159.5014135555105099
 1498.000000	5.2975930744285051	155.4575870202372698
 1499.000000	5.2086942061497776	173.5573302889888510
