 0.000000	10.6535076073565698	140.0843935381912786
 1.000000	8.2790958914378656	127.8566732174533911
 2.000000	7.7035299144597413	61.8930346378636358
 3.000000	7.6967522846335470	60.2524912489868996
 4.000000	7.3789300933036372	105.7187010481552676
 5.000000	8.2020851677152677	100.9467624088548945
 6.000000	7.3063475842688588	134.5464053620673894
 7.000000	7.6577859510239996	109.9132885794176246
 8.000000	7.3736975402358462	65.0287000041172689
 9.000000	6.4471460711913871	115.1194748720985928
 10.000000	7.7322922969785726	156.7486726180292749
 11.000000	7.2380639941793303	128.7907607960057135
 12.000000	8.0058629741360647	61.8315720769374906
 13.000000	7.2990149357657028	60.1743245138892604
 14.000000	8.6415910031769307	97.1295099548383547
 15.000000	7.3449489304731648	131.4896594315813729
 16.000000	7.9677233280411963	137.8420583755017788
 17.000000	6.7932689186754249	130.3958830156370254
 18.000000	7.1636315058700974	116.2970084609742116
 19.000000	6.7327421644413894	157.8211878293382426
 20.000000	7.8540282769904524	89.9017798902134899
 21.000000	8.3566492604145353	82.1708280715289732
 22.000000	7.2005818090045661	62.2185182824635206
 23.000000	7.6536670193878322	130.0788832199722265
 24.000000	8.3510438016080535	89.0157929196197841
 25.000000	7.6916037262388102	162.9604926837786820
 26.000000	7.8784283823231087	66.3085506455127245
 27.000000	7.1899484141852792	80.5887806149638379
 28.000000	7.0992698219661428	76.1262573343470024
 29.000000	7.4713767500466330	124.9669501146476023
 30.000000	6.8393936482091231	154.3351561604193876
 31.000000	6.2916023068429094	66.2007152596454205
 32.000000	6.7572479902223739	95.1409890720838831
 33.000000	6.9447477449662385	166.0905873933165253
 34.000000	6.5097977782188661	139.1166999777460660
 35.000000	6.9472262912748839	111.7161480655197749
 36.000000	6.9057855105240264	149.1065074796079557
 37.000000	7.7012466113886511	83.2457602322962629
 38.000000	7.3437796669601187	86.2140287282611695
 39.000000	7.8535023047310197	82.9708813474164515
 40.000000	9.1060179908414334	99.3650598889128673
 41.000000	7.6212486325248250	72.6154194601127188
 42.000000	6.9089593568981051	160.1728963198950737
 43.000000	7.2649929048398620	76.7518191108108425
 44.000000	7.4118854878758960	112.6839216912246258
 45.000000	6.1589652115156994	146.0055858891183220
 46.000000	7.7836061648203083	148.3191154638689682
 47.000000	7.5030764887898078	106.9208680810405383
 48.000000	7.9962943311151236	162.9550518751605352
 49.000000	7.7457976539846740	109.5462172048367790
 50.000000	8.1216244141075720	117.3279487762353028
 51.000000	8.7884024011371267	160.3172441240911894
 52.000000	5.4055639410821907	151.9516400177030278
 53.000000	7.0142639058327898	62.0994977018729060
 54.000000	7.6587896525678820	59.6110934369619088
 55.000000	6.7769512399277358	144.8582566541383017
 56.000000	5.3929211951585998	101.5729731672039549
 57.000000	4.6241090991251923	143.5869900286866709
 58.000000	6.4097407819862458	85.4889048664207536
 59.000000	6.2250676174694117	67.1292041449552528
 60.000000	6.8833799145381906	108.3371875027947482
 61.000000	6.7481274925437891	165.1285697715227059
 62.000000	6.4015857551004176	83.9700689211394149
 63.000000	8.8631877130541579	139.2626207615306555
 64.000000	5.8468001517367094	77.4800920107098676
 65.000000	7.0404440003873114	171.3122433809979555
 66.000000	5.9824501067534106	131.9417073035706949
 67.000000	5.9340627104192905	60.1119141186133561
 68.000000	8.5637664824191333	106.7501340125959644
 69.000000	7.5827436792707452	128.3060718999664687
 70.000000	5.0646322954954126	134.3207703365437737
 71.000000	7.5949334583687476	141.0759060120983577
 72.000000	5.8374899838248195	61.2913778102319071
 73.000000	5.8453295360863713	56.6839612462420490
 74.000000	8.4007534111134490	97.6566164088850996
 75.000000	7.1215807151818247	60.9903907872904938
 76.000000	7.3861779850494296	73.8950729294284088
 77.000000	7.8042228744105637	70.9527743170247476
 78.000000	8.8561431014392120	43.7359718693924719
 79.000000	10.4172599416309222	81.6888697304191140
 80.000000	7.1349646819630328	54.1199310321519675
 81.000000	6.1879459640650882	157.9027622661755856
 82.000000	7.6039253300417773	139.7929929137028751
 83.000000	6.6743259980987109	162.9594911460321498
 84.000000	6.6326818353821588	119.6357089911173546
 85.000000	6.6235980156664569	41.1329307728626077
 86.000000	6.4605293159198061	52.2488946180372551
 87.000000	6.3576322237348952	71.2293576714746877
 88.000000	6.3871316108903686	72.2926903402145342
 89.000000	8.8077453949361981	137.1853350516787486
 90.000000	7.3206287406388846	146.8879573150118176
 91.000000	7.8762275864838678	108.8808390620514785
 92.000000	5.9026418176791680	132.4174493582050900
 93.000000	7.6535050286263537	71.2575602230242993
 94.000000	5.6906504930581843	31.2318182999009366
 95.000000	5.2527535434777128	144.1650573528484074
 96.000000	5.1790824855704525	128.7359956174267381
 97.000000	5.8445553229444078	125.7932754361507790
 98.000000	6.1375608176940659	77.6929708886550117
 99.000000	5.1428373858739942	100.0748475215967943
 100.000000	4.7006496151816330	138.3658624752444268
 101.000000	7.5293374676501532	63.8407950236366162
 102.000000	5.2307235993809984	49.5251559086101736
 103.000000	4.8539030045735698	155.8338849128276991
 104.000000	5.6580343152433601	79.3285258615863995
 105.000000	5.9859314082702610	167.3727664662001473
 106.000000	7.2133792208739962	164.3665622051324249
 107.000000	5.2206585625820496	44.4027479629106949
 108.000000	6.3850230100608085	43.6303637019103121
 109.000000	5.2633598987736603	89.3256930500844533
 110.000000	5.1138877012307118	128.0873352506638980
 111.000000	6.0729039837538048	50.4781226070534501
 112.000000	6.3923315915851520	122.2922223057733504
 113.000000	8.7243615932801930	169.4451829751505443
 114.000000	5.2697564102907677	100.1427421484023625
 115.000000	7.6644111297649644	77.5216229871342222
 116.000000	7.8276984541995631	126.4353673387256833
 117.000000	4.6303236638090768	78.4307810068524276
 118.000000	6.9522635635484535	54.6017752829211815
 119.000000	4.4101981182308609	35.3926243805175602
 120.000000	6.1531969437521994	158.8410581554419991
 121.000000	8.1397667251625450	24.5129967110435416
 122.000000	7.6446248463387825	138.3815508121350319
 123.000000	6.6147273927112682	59.9679049813106531
 124.000000	5.3279423109518849	142.3565097413506919
 125.000000	6.4776313035673292	127.9353118790047859
 126.000000	7.5370626890590895	54.2416797734086487
 127.000000	10.1331018510078419	86.9857597771575684
 128.000000	10.6286322660644394	94.8475713122712563
 129.000000	9.3193087659721279	76.4571650052492942
 130.000000	8.4154499657936732	144.8614693165264384
 131.000000	6.9901520762562965	54.1241713381420482
 132.000000	5.8264753372859186	83.2199073998602046
 133.000000	5.7233133369131250	109.6140700150034064
 134.000000	4.8591593929930736	135.6966772598111106
 135.000000	6.3349937223946471	73.0448001467365486
 136.000000	5.7783807828686404	100.4402977230631393
 137.000000	8.6614608963292259	114.6800393989707061
 138.000000	4.8810301879006737	147.3268131007318118
 139.000000	9.0127903005171106	165.3474539420938356
 140.000000	7.2985449337788388	91.1750890438831476
 141.000000	4.7176544253276029	38.7609327534407271
 142.000000	7.6629094986656083	32.2406136627345461
 143.000000	6.9226837642150505	155.4394267998869736
 144.000000	6.2177146272048640	164.7872061825265178
 145.000000	6.1965899396723287	134.6900420586392784
 146.000000	6.4756768861629919	70.9919958824087587
 147.000000	6.1217750924429932	78.8418298247618026
 148.000000	5.2352036929291632	55.9767397517752556
 149.000000	5.9917554242605018	158.4289488761297093
 150.000000	7.2342845306269128	153.1941055398826563
 151.000000	8.0944065103504279	102.1547501635031523
 152.000000	6.6810688644671652	85.6891700182627147
 153.000000	6.1308997117899597	70.7600229988311469
 154.000000	6.7274580461762454	67.2395712358664639
 155.000000	7.0552464126377012	52.8093889427784831
 156.000000	7.4000566423206484	160.6319503392043089
 157.000000	5.3892681590126115	137.9734535306432122
 158.000000	3.1118708631981731	74.1121532444607283
 159.000000	5.2076738846746480	20.4423513773609500
 160.000000	4.9028627853846212	38.6538423588087880
 161.000000	4.8694891987912836	131.5838534729441278
 162.000000	6.4661615294372794	60.8544485286712984
 163.000000	9.9318805603340810	157.0630016236930544
 164.000000	5.1750950814632413	34.6388479240616221
 165.000000	5.1935562931338577	62.4393174206422117
 166.000000	4.8921201740117732	137.3072775290701770
 167.000000	5.9594772399958975	159.3746750506839476
 168.000000	5.5075058883909893	119.0113463487008119
 169.000000	6.4396915572300841	138.5431452361366667
 170.000000	5.0930762031119210	33.0227324485500446
 171.000000	4.9957458065441172	38.7028367630908861
 172.000000	9.0251675602525605	85.8424187044572733
 173.000000	6.0951645951289706	138.0524396171003332
 174.000000	5.1286800096301812	86.8986520381854177
 175.000000	4.6856260689743543	135.4314736748283963
 176.000000	5.5466903318726528	153.6864947802487791
 177.000000	6.7593967738656699	49.0960962114388906
 178.000000	5.3694103675381175	132.8988975722743362
 179.000000	5.7954050017280823	116.9705791900675678
 180.000000	7.7777843408826870	80.2254197314934316
 181.000000	5.2315687105538800	107.5239327488856844
 182.000000	5.1801292306504001	112.3518837119724907
 183.000000	5.7168545186576383	141.6569562696834055
 184.000000	4.3117686156868817	68.2468481407790648
 185.000000	5.4666362498321659	22.1247964831223669
 186.000000	5.8189387691978913	63.5258209381295416
 187.000000	5.3610761770382664	130.1325167588537397
 188.000000	6.0700410405052168	118.9807822500467154
 189.000000	5.5125486573430420	75.2738217394993825
 190.000000	5.9253587801150527	160.3420329088702942
 191.000000	5.3266037302599063	101.7575937814568903
 192.000000	8.0805212345173310	14.0556758208541623
 193.000000	5.2310537843810758	103.0491721728650845
 194.000000	7.9258892214803147	68.2783222224533404
 195.000000	6.1132711895524849	125.9167070680199743
 196.000000	9.1287489246990727	113.8356455671336818
 197.000000	9.0713037447543172	92.0978290670450264
 198.000000	5.6757544957304678	130.9050733353311955
 199.000000	4.8503847335960124	68.5128928667366779
 200.000000	6.4339950306816780	147.9030291928064287
 201.000000	8.7634217405212791	157.2886548188200209
 202.000000	5.1433089024166243	29.7759404275999486
 203.000000	6.2363586974494689	90.9066224505136091
 204.000000	4.9118792828180968	79.4365906149240288
 205.000000	7.3397820493606245	149.9791176232119767
 206.000000	9.0536348170740713	159.2873156861637085
 207.000000	9.1996640164741432	163.7590569747057430
 208.000000	4.7141538414470334	150.5490615871666478
 209.000000	9.9553300522926751	137.0090353073148322
 210.000000	11.4431862641752584	92.0660732092148493
 211.000000	7.9033035038498562	145.4543902012940748
 212.000000	8.0622417796982457	148.7176553488649802
 213.000000	8.2259935916682974	92.8234878210367782
 214.000000	8.6580767219757355	103.8320041384456118
 215.000000	7.3292409187327543	68.9227493555409012
 216.000000	5.2892864797580801	32.4374301936361178
 217.000000	8.1719881167898034	109.8979776296997528
 218.000000	6.4284515535638045	152.3480233589654915
 219.000000	6.2397372717257769	170.4258664130481122
 220.000000	7.0352338266949745	64.8003264268179038
 221.000000	6.5364661487623597	165.2238532061036551
 222.000000	8.8128847240034869	86.4995655741945626
 223.000000	7.1594018466261709	116.9444343751070221
 224.000000	6.5823109248955909	157.1535809248844089
 225.000000	9.1894101842323668	65.3295206772511960
 226.000000	9.8039000422749538	120.4630802354600405
 227.000000	9.6500514548696454	110.3500382523096448
 228.000000	9.4235031641375091	125.1693621992065459
 229.000000	9.7731478434979362	116.6715637193843378
 230.000000	8.1381832823537668	56.9530450230853376
 231.000000	8.9693281609886135	123.7482403301813605
 232.000000	9.5328630852933909	80.8341592846920634
 233.000000	7.1563971229627636	154.1887255613822845
 234.000000	6.7933649104163027	143.0706776344785567
 235.000000	7.4575579201299078	152.6739523797781715
 236.000000	6.8205356296619923	150.1103714306711367
 237.000000	6.5520490667238080	75.0549860778925648
 238.000000	6.7164887846838006	113.6371212346365098
 239.000000	6.9560188487105030	68.0234609844411295
 240.000000	6.9989068042166585	160.1664493447345592
 241.000000	7.6508172453807104	142.3983274954362059
 242.000000	7.6858914832209244	76.0240642339295221
 243.000000	5.4820499625870545	149.7519370262474467
 244.000000	9.2589838224477976	105.4750134268418691
 245.000000	10.4707399466100046	93.3554611543485038
 246.000000	9.1961112733507040	77.5963811938989068
 247.000000	5.5476250355874699	160.4519082628273168
 248.000000	5.2310850794071486	37.1511030633741655
 249.000000	7.6894328187374876	167.8535347255350132
 250.000000	7.7580924773638618	134.0024400729033118
 251.000000	7.8509404155379974	119.1728328318909007
 252.000000	8.0740636385341862	63.5722303371441484
 253.000000	9.4449943702915924	100.4396240279618837
 254.000000	7.7118805780767188	76.0326293226515872
 255.000000	7.1878558269258859	107.7764391883964521
 256.000000	7.5845641532263279	90.5328075678071968
 257.000000	8.3016315890020902	90.3872152182419768
 258.000000	6.8991398112816515	62.1164724643268045
 259.000000	7.5219967998602382	160.5383396307506416
 260.000000	9.8123933638349801	77.5146817354329301
 261.000000	9.1976623319175470	151.6567350430462966
 262.000000	9.3510421921221649	84.9261855398322894
 263.000000	11.0713156350991913	72.9025901085599202
 264.000000	10.3494014276820625	156.7910904164898227
 265.000000	7.7289407501055418	99.3828528781402554
 266.000000	10.5237862332421130	147.3706415642629963
 267.000000	7.2278577791761256	152.9770972659776476
 268.000000	5.2590577946061483	165.9800094228585294
 269.000000	7.0463205571298344	129.2763480737206692
 270.000000	6.0200693977969264	127.2511199915808646
 271.000000	9.0693380129706220	98.6257326586028000
 272.000000	9.6708412795862380	93.2321438626559313
 273.000000	7.9857563102827864	77.3708603950383491
 274.000000	8.7660519304775164	170.5725486084702993
 275.000000	9.3022016351341410	147.2767275838362480
 276.000000	10.0591031989027879	77.6649574606550033
 277.000000	9.0459406316419564	94.3411128893295938
 278.000000	8.6406786347749218	152.7878263949337168
 279.000000	7.4118354481322903	76.5167084762603054
 280.000000	8.9828660818678649	147.6229592858404658
 281.000000	8.7239970839558794	79.4288203248342057
 282.000000	8.4994771332790382	169.8862901316380487
 283.000000	8.4024783089169919	161.4031319556748940
 284.000000	8.9992190580405023	74.0632738519057625
 285.000000	8.5110078845559993	76.8470620684286416
 286.000000	9.1402003383061352	64.4543492691511091
 287.000000	8.4566624366837910	58.6206288809509886
 288.000000	7.9655685294205316	64.2660318356392253
 289.000000	8.9314444778635007	165.5699779594627614
 290.000000	8.9843598238631213	149.6133132532362993
 291.000000	8.6691640540816177	67.7923602592416188
 292.000000	9.0100158770332808	58.0149665302280368
 293.000000	8.7584196374919916	85.9909426227570322
 294.000000	10.0404524026059576	119.2538090779445383
 295.000000	9.1034810575159160	139.0290768246672428
 296.000000	9.5754448027951948	72.9942844325855447
 297.000000	9.0160683560135393	148.3242355214054555
 298.000000	8.9466215077961131	102.3213894485408844
 299.000000	9.1381855458882963	67.4226120521057624
 300.000000	9.3781361159619010	87.9973455246051941
 301.000000	8.4871983709686702	115.6249896068010798
 302.000000	9.2698837293568825	169.4099706492746691
 303.000000	8.5339091387336747	90.9600711591798898
 304.000000	9.4236096611072835	121.3442299448139750
 305.000000	9.2201993082106455	90.9686505076971343
 306.000000	8.5720493134449551	59.5754188568811855
 307.000000	9.0578159539962009	57.5797444399625249
 308.000000	10.1617670030018967	66.7903986943658055
 309.000000	9.4424972331793580	164.4783452464114362
 310.000000	8.7642554099032672	67.9868509099042484
 311.000000	7.9758001822937832	115.2114992247308862
 312.000000	8.8816697391001647	78.4842594578508681
 313.000000	9.4239597595320959	64.6065539223756531
 314.000000	8.9857592194522287	171.7918215058911358
 315.000000	9.3960320855789945	105.2828712780525962
 316.000000	7.2194957912231441	87.1700601771213854
 317.000000	8.5505022622609825	71.9514598575330666
 318.000000	10.1267563655288662	156.2694320316132348
 319.000000	9.5170035393666339	62.4425617354361293
 320.000000	9.5646811721786040	60.1981032354950827
 321.000000	8.4189276772571464	80.9036253744965563
 322.000000	8.6941436727286447	86.7577631031042671
 323.000000	8.3606524951949481	109.2926127279564668
 324.000000	8.1755519577414422	177.1178930158787921
 325.000000	9.1627029023098228	167.3872228805090288
 326.000000	9.9070576942686817	80.4130792427411336
 327.000000	8.2546385027626190	171.7387950895135305
 328.000000	9.0443085681406075	80.7023500087177723
 329.000000	8.4393532160104048	67.0660791563840348
 330.000000	8.3321513887967669	82.5672022698566366
 331.000000	8.3180149171069733	107.2041155013426703
 332.000000	9.4081409459896239	104.6358832777087997
 333.000000	9.3904960173222456	80.2591538605817334
 334.000000	8.7088833502700780	87.1046700239521243
 335.000000	9.2801922761809248	143.5948475123731214
 336.000000	9.1973934979638496	94.5742854763502550
 337.000000	8.5199422588903992	90.5247881131408150
 338.000000	7.8703654844269488	90.6236889306680240
 339.000000	8.2887559641233608	84.0149924978181701
 340.000000	7.5843314794702392	142.3158421202359705
 341.000000	9.0056198401921854	125.7828912062176414
 342.000000	8.5878807476749408	169.5982563069612752
 343.000000	8.2010224646402214	136.5643978791838435
 344.000000	7.8120753177957152	57.7784388781421399
 345.000000	8.4756772179541748	154.9163233232639243
 346.000000	8.0784700170441308	169.3068225324958576
 347.000000	8.3328739782621977	157.2279133999534508
 348.000000	8.9882082233589351	72.0973949508464926
 349.000000	8.9027308349604546	160.6140869000668090
 350.000000	8.4265384735129505	97.9499294565108016
 351.000000	8.3226846342445686	60.1790218780466688
 352.000000	6.7013424543725177	101.7872623145004809
 353.000000	6.4690389892688227	85.1886736722120332
 354.000000	8.5884450124730289	57.7154132881727548
 355.000000	8.4238202359949046	56.7654200294530966
 356.000000	8.2577948649732207	83.1050153841356121
 357.000000	8.4429958836785612	163.5631013540684080
 358.000000	8.2954149324036504	172.9489016477660357
 359.000000	8.3736106282033038	160.2875049209004885
 360.000000	8.8486463046943964	58.0982292918906609
 361.000000	9.4031924091212957	69.6766532281505704
 362.000000	8.2385103939116124	158.1361572730469049
 363.000000	8.8822640141308860	77.5676641736629477
 364.000000	8.8097978014514506	159.2640794488417839
 365.000000	9.4796184125572420	97.6318446868037313
 366.000000	8.8585497456950701	48.4164169916183482
 367.000000	9.1901939354440998	154.3808099927116757
 368.000000	7.1101293611500838	148.7017763028193826
 369.000000	8.8995553561928844	61.2065955068623140
 370.000000	9.4371873463179536	87.4520753711330627
 371.000000	9.0869754613992715	146.0372116145248071
 372.000000	9.3080187965012087	128.0546748998145858
 373.000000	8.8220036017149788	109.6804878087310584
 374.000000	8.8240686660365597	103.5674356333753394
 375.000000	9.4657094573782263	69.9493734934147540
 376.000000	8.8122216380361831	88.4302910478607913
 377.000000	8.9300286432698552	169.7825111282580224
 378.000000	9.1259593884076295	85.9651182384448305
 379.000000	8.8800070412609529	152.5740142711812837
 380.000000	8.6752468483327032	162.7014411037512787
 381.000000	8.6065962512216867	58.6631683899680922
 382.000000	7.8648396658256008	96.3845114953900435
 383.000000	9.3124796905516583	79.2829383661370599
 384.000000	9.3725596750316029	34.6474369510738995
 385.000000	8.9990667062067971	95.1506949897607797
 386.000000	10.2801085500757488	52.5587085199830000
 387.000000	8.3609129828059814	81.3631398037229445
 388.000000	8.8780383574689630	96.3221791979018178
 389.000000	9.0054873622114222	79.2034347641150873
 390.000000	9.7542970205839730	49.7131271736676865
 391.000000	6.7899115856361680	57.7893767144887249
 392.000000	8.6368620217326750	155.6116792390585317
 393.000000	9.3089202071416732	103.0544739960559752
 394.000000	9.2849545426987561	148.6614624204155177
 395.000000	9.0064435932707614	71.5947343200166131
 396.000000	8.8346550204900538	124.8815863268349915
 397.000000	6.6912654125918234	111.3985864475509402
 398.000000	9.3719970442996310	109.2912993228208620
 399.000000	7.0735936618060640	30.8608532369106285
 400.000000	6.3546371878269374	48.2033435679194326
 401.000000	8.0031146089660119	111.5706049570510885
 402.000000	8.1636529443458308	133.9992431756359110
 403.000000	6.3594698390046540	79.2547792883355555
 404.000000	6.9796640057715615	99.5880314353588005
 405.000000	8.5953264314664306	80.5758691888268999
 406.000000	8.9808244791316270	62.1728958560059368
 407.000000	5.1780531058157280	126.7198871247911285
 408.000000	5.6726223579433519	135.0723387196795784
 409.000000	5.2804864206784998	148.7546475847872216
 410.000000	5.8826230026301491	72.5809284731723068
 411.000000	7.0007884168134167	123.0547194588708635
 412.000000	6.4855336582536260	163.8990713508447072
 413.000000	6.9450978759927571	92.3392051865131691
 414.000000	8.3408339502146340	71.6610513376042491
 415.000000	6.3072415958744026	105.5499437539627507
 416.000000	10.4123698718218272	108.1152496609808225
 417.000000	8.6026846870848495	60.3034612152359131
 418.000000	10.3247697101472280	162.3551936529194109
 419.000000	9.2484224117416201	92.9160090141509158
 420.000000	6.5974431058837419	138.3892005695818739
 421.000000	8.1950779086756196	142.0974733316101037
 422.000000	7.7419233236803278	101.0854729535396785
 423.000000	7.6660881659572526	148.1254213622571854
 424.000000	6.5286634192552651	46.4719444666852439
 425.000000	7.6375276207352520	91.8393592442412370
 426.000000	7.0121356911480568	166.0925952937818977
 427.000000	8.0128950355683024	58.9633357241911540
 428.000000	6.6956610422954057	90.9170836030375824
 429.000000	9.8942992464821096	84.1338384685368794
 430.000000	7.6659134990475417	164.3637393870807273
 431.000000	2.7130538821955956	120.7799614329883582
 432.000000	7.3990614278307625	78.6601330372062364
 433.000000	5.5264685494565668	131.6769550582693284
 434.000000	6.8175565444829020	167.8860118249022264
 435.000000	4.9491742458328902	82.3428809000025552
 436.000000	5.2559684130388069	39.1350391897302075
 437.000000	6.5683581414206254	155.1253780805100178
 438.000000	4.8748046871143362	46.7945109086638524
 439.000000	3.2342813006923312	63.8166825397146908
 440.000000	2.7436880951930349	153.8636938236530227
 441.000000	4.2394580043031000	101.5150623677137816
 442.000000	2.6862940042307284	135.5673062473006780
 443.000000	6.5778300820149269	98.6994308479653597
 444.000000	5.5051477660953729	24.4083733114545964
 445.000000	4.9121911408836114	108.4238052834453754
 446.000000	6.2907676629708487	98.1820279144377253
 447.000000	6.9519816625303328	163.2477171776260434
 448.000000	9.4962144577302858	46.9501500324072936
 449.000000	5.8798860048743116	41.3535034321975559
 450.000000	6.4029670544706256	110.8230719619201778
 451.000000	8.9204775909574359	74.5872642350715296
 452.000000	7.5646349651175671	108.5608899393290159
 453.000000	7.7253267646171846	45.6265546794795114
 454.000000	6.9690667485254467	149.8124444521450584
 455.000000	6.9610460584370140	78.7247132896999204
 456.000000	7.4878645595798803	73.4941272884624084
 457.000000	7.8485514707344830	105.2343251130660917
 458.000000	7.3725981358692136	85.4742781464842807
 459.000000	4.8948128630902739	59.5886617022037370
 460.000000	9.7069096863177844	160.6640746138398868
 461.000000	9.5272596187112502	70.6402511178235102
 462.000000	8.9629413550536139	55.2214754726445847
 463.000000	8.7711579806904769	157.5741351436441278
 464.000000	8.7661263879274198	101.1849030576247515
 465.000000	9.0235676743005691	69.1782988894800326
 466.000000	8.0157984755914864	39.1512071413775971
 467.000000	9.1245598002054056	162.2019728605040143
 468.000000	9.6377228733465081	60.8543141834587686
 469.000000	7.6491468679068699	70.9563254214952082
 470.000000	8.2904829871932488	60.8101876328723563
 471.000000	8.5309090314666278	165.6371907221329138
 472.000000	8.8972314526159870	166.5970275268369960
 473.000000	11.3810308788299803	141.9317087666847783
 474.000000	9.6993832039249792	100.5593462020866866
 475.000000	9.0909948310293700	125.5850709028976411
 476.000000	9.2994880200898393	52.3329066737400268
 477.000000	9.4261700440551017	121.7743227198554763
 478.000000	9.0569703719170960	167.9987880221509329
 479.000000	8.9220307179597267	64.1924860301835452
 480.000000	9.5887911220705675	84.2462003123409460
 481.000000	8.4942209558224810	85.4661145474494219
 482.000000	9.5669207539960190	80.7746454527001703
 483.000000	9.3065338925796901	119.1341158671942964
 484.000000	9.2416066090731004	51.0748147558794017
 485.000000	9.4836860699211218	83.8372888514381458
 486.000000	8.9920923626675506	74.1285950167093688
 487.000000	8.8296336577234040	60.9861234678192545
 488.000000	7.8978097819804445	129.2938092050130194
 489.000000	8.9559873821467928	82.7626634742620126
 490.000000	8.3006606464552188	161.5929175060235821
 491.000000	8.0806652834833113	75.1902642099183538
 492.000000	8.4401602942402913	74.2829714747501839
 493.000000	8.3017655241185935	150.1196897330242450
 494.000000	9.3155759881654951	100.0719159038401358
 495.000000	8.6572414126678705	68.4927334968865580
 496.000000	8.7094226305698985	79.3029860724045932
 497.000000	8.2070378808121411	74.5934561760508217
 498.000000	7.9920163230158554	114.8757971448427639
 499.000000	9.4897164317713170	54.4928220866735842
 500.000000	7.5941528549027151	77.4649169246839335
 501.000000	8.9554461795548033	94.9414124220175921
 502.000000	9.0402705998753259	110.9006328560723773
 503.000000	7.9067891634196759	38.7264024103411657
 504.000000	7.6847274537542383	52.9200426902994536
 505.000000	9.5268778523453577	167.3302360181416759
 506.000000	7.5198980811864864	48.0767690495572140
 507.000000	9.0447041083557327	111.0798025386315686
 508.000000	7.7747246196533508	60.9110963777963974
 509.000000	8.9256473834828380	123.0101458533443548
 510.000000	8.0217528191344716	64.0257642181932027
 511.000000	9.0810302983678390	164.1454934647376831
 512.000000	9.5654635040163960	87.3110810891922284
 513.000000	10.3090666868294196	145.7163013428992144
 514.000000	8.0577298154403074	156.9015540441098722
 515.000000	8.9149756795465045	92.5351447432259135
 516.000000	9.1713001524157853	173.8246344253532243
 517.000000	8.6234632972054364	165.2556224521178763
 518.000000	9.4958473730067787	167.7508989011983829
 519.000000	7.5802195282072855	75.0318648850532526
 520.000000	6.7742886317072433	122.8664039980807132
 521.000000	8.9940734734189398	92.0907694552718397
 522.000000	8.9249802063671346	112.6494096427375808
 523.000000	9.4234732474441518	145.8714214970551666
 524.000000	9.5556137430626755	151.7351094687594468
 525.000000	8.3756137286660159	160.2951932805185606
 526.000000	9.3537647880465560	67.4011430313552609
 527.000000	8.6440710522479396	162.5899524596009087
 528.000000	8.8329199427308680	52.0134081525887240
 529.000000	8.7433808883532542	169.9350521286896196
 530.000000	8.4157937311133288	157.8748617973458579
 531.000000	8.1156708210105659	171.5889410198819007
 532.000000	8.3653601571344165	140.2881081012833420
 533.000000	9.6746714092307347	96.2357616210138644
 534.000000	9.7771060702288430	79.6463198690194218
 535.000000	10.3363293160667151	145.7290961104024518
 536.000000	10.3967050053353454	64.7879322783447265
 537.000000	9.9534985602015951	113.8912255529926085
 538.000000	8.0544476763252906	156.1630386508479660
 539.000000	9.1055315556895078	110.2634939687721101
 540.000000	7.9285218430678368	165.0740090064458343
 541.000000	8.8237464612849248	97.0404170845593228
 542.000000	8.6631573242465532	165.0372164647477007
 543.000000	9.8419868193468698	158.8616610809037581
 544.000000	9.9681123536771707	55.3730412356079711
 545.000000	9.9738630410801843	151.6188156562600113
 546.000000	9.3087357607005980	161.2659782608110106
 547.000000	8.7314342376046969	151.1565114270434833
 548.000000	9.1888103683323745	164.3646624647699070
 549.000000	8.2755870095952471	108.3663099579393219
 550.000000	8.8219563579487819	71.1144021168861826
 551.000000	8.5806842480412691	71.0591141723120643
 552.000000	8.2775199905839294	161.9570722206733535
 553.000000	8.1654077129916409	152.4971651433143052
 554.000000	8.6879505622732562	172.3441704992531811
 555.000000	9.2271586855137269	104.5223387850182064
 556.000000	9.6371295108920378	79.5680658173328368
 557.000000	8.8766516688637882	153.3392748393459613
 558.000000	8.9784283084649186	67.6130866050021240
 559.000000	9.4713111810365049	93.3859853488832812
 560.000000	9.0174632308828429	98.6594028220069816
 561.000000	8.1873123240128773	83.4770969484654870
 562.000000	8.1557579595090246	66.6378541114221861
 563.000000	8.1161180708211766	73.0625013688196105
 564.000000	9.3716379341733909	49.7011844289321800
 565.000000	9.3485898208919807	156.8822908192366583
 566.000000	8.7571137362447971	146.4943790588238812
 567.000000	9.0669992962441199	82.2185850002629621
 568.000000	8.7438606205846501	141.7066575444128489
 569.000000	8.9988715775211787	96.9564202500971106
 570.000000	8.7950510145724170	63.5885002149107237
 571.000000	8.7440620307588777	154.8983355627668743
 572.000000	9.0969377183459166	68.8290384845199696
 573.000000	8.5589561088337653	146.3540029982557940
 574.000000	9.2307952409472254	111.7227824188383352
 575.000000	8.7322986522795070	80.9976201897895010
 576.000000	9.0172441451338514	89.9839023457269889
 577.000000	9.1883536037750844	73.5208644284184913
 578.000000	8.8292967320330717	67.7561250046721568
 579.000000	7.9154291818003424	72.8242556038152742
 580.000000	10.1734683382898652	162.9619953969067296
 581.000000	10.2447780101575407	80.1664817087679182
 582.000000	9.3927343113619752	79.0834109281548905
 583.000000	9.3072236091160647	136.5575888455892937
 584.000000	8.4569258090551642	63.6173283415825921
 585.000000	9.1754580082784010	131.4272684677835059
 586.000000	9.2438701800577583	150.0720076192963290
 587.000000	9.7124433690899696	109.0845629831976140
 588.000000	9.2333431557632419	82.1247318776456865
 589.000000	9.9849471338376130	96.1313972316210652
 590.000000	9.0802225460397832	124.8060470550931882
 591.000000	8.2309996823346410	163.7082819353241234
 592.000000	9.4149997846364606	118.5535911215111753
 593.000000	9.0917089832411637	145.1815391268923463
 594.000000	8.9005663662465864	52.6371348264056280
 595.000000	8.5266630379255108	88.9024294860020490
 596.000000	9.7920629801646459	92.7321455910064429
 597.000000	9.0559609811384600	65.4583676978000568
 598.000000	9.8657106607098584	81.0595387148146642
 599.000000	9.8362444431715961	122.6897109488047306
 600.000000	9.3300271031568656	152.9355741293808535
 601.000000	9.2645555894849654	89.8821069821400869
 602.000000	8.0266697986258961	80.8382790277225212
 603.000000	9.3803882572264179	129.4408110178904394
 604.000000	9.2265291515465115	110.0375955823731715
 605.000000	9.2188412178506720	106.6837395706386218
 606.000000	9.6902437979231024	71.2359418648714637
 607.000000	9.6295020250298791	47.5614831000135325
 608.000000	9.8150065494502527	153.0851488955262880
 609.000000	6.6729549554912841	102.5917211381307652
 610.000000	3.6349104529770133	106.8900301809465816
 611.000000	7.4599610086460215	144.6787489420782435
 612.000000	6.8318537306697458	127.3288313925865225
 613.000000	2.9924380725279760	4.6439429119251372
 614.000000	4.4270492857000772	143.5677717484571474
 615.000000	5.9379383799996122	47.1764541646426210
 616.000000	3.8454367681468020	140.7409402539145162
 617.000000	4.8657483433705995	110.3868329326590469
 618.000000	2.7893776248111490	126.6263878166157468
 619.000000	6.2119274871515087	149.1022010901386921
 620.000000	5.5665931910704014	100.5340160837797185
 621.000000	5.2666839839409043	49.2753786711173234
 622.000000	4.6736064658381880	65.8963309405577746
 623.000000	5.1557468407834586	90.3502516406531981
 624.000000	5.1385955026765870	28.7651346771190504
 625.000000	4.7174778711539691	82.7493698201862742
 626.000000	5.7357524780522535	138.1815951528848245
 627.000000	5.3653346194003744	149.1187348771461529
 628.000000	4.9052967842755706	108.1668375041665797
 629.000000	5.2164722436373205	58.3424790955804156
 630.000000	6.1195142341275615	47.6377228975466664
 631.000000	9.3148375055146779	54.3851003594932223
 632.000000	5.2839017307743283	125.7660401599988234
 633.000000	6.0899569044300890	158.6531570275889180
 634.000000	5.0390758334302150	31.3758947383562656
 635.000000	4.7691595867211083	146.1191308403954281
 636.000000	4.9099240309370682	149.3170570286411873
 637.000000	6.3556583027775435	88.3303255081222431
 638.000000	9.1849766248969757	114.7675100770605781
 639.000000	9.1386100150442822	128.8880400541126505
 640.000000	4.7518120464822005	147.9696766201751643
 641.000000	6.6350747182885037	74.2412426241391330
 642.000000	5.3221582530080047	139.6722260795360739
 643.000000	4.7307384854248946	33.6064638744856268
 644.000000	3.4542591851776980	144.1310422526585171
 645.000000	5.1351769587436360	29.8725351641537316
 646.000000	6.4438687685694669	53.5366094368240510
 647.000000	8.0530610141005816	148.4862277826527759
 648.000000	7.5605615685026413	102.6222600866423278
 649.000000	5.9909307019253104	86.1739173859260461
 650.000000	8.8234250734838149	73.6019526071125938
 651.000000	9.6672384167100933	97.5802255760871731
 652.000000	6.0379271448946481	60.5999463763641018
 653.000000	7.7450592088610639	74.9825360105865286
 654.000000	9.0162959896459629	116.7141996227721137
 655.000000	8.7509868778235891	151.2007155505340563
 656.000000	7.9013809497371224	72.8560965823840263
 657.000000	10.1446984270875653	150.0104933941215108
 658.000000	6.3487690493617848	173.3571153400439755
 659.000000	10.5488703703354023	85.6436639797288990
 660.000000	7.1528516726758831	133.8274327620125064
 661.000000	5.5723043888626966	56.9160200733920192
 662.000000	7.4177411887114717	144.8791793561346708
 663.000000	8.6388581631068515	73.1037169827223181
 664.000000	6.9594607017084131	118.0944538909234041
 665.000000	5.9565836148283768	117.7708705488495298
 666.000000	7.7945907543889970	148.0985588457969016
 667.000000	9.0305410584474508	129.5617923781628065
 668.000000	7.4381125132642714	54.1707913606077369
 669.000000	8.5707046110900844	106.2781972153060366
 670.000000	7.2528616549626870	127.3186977665897928
 671.000000	8.0869838851729323	138.6262336383697686
 672.000000	7.8547427666089851	152.1382366506941821
 673.000000	6.9237225718411262	132.1401481317841160
 674.000000	8.0983656740549641	67.8969510746931491
 675.000000	7.7045379717252587	95.2046806729486264
 676.000000	7.0436242443788890	77.2496050932684568
 677.000000	7.4504247822955225	85.2862967270461922
 678.000000	8.5337607994462807	92.7322608310275740
 679.000000	6.5809686351032743	75.6131237087828509
 680.000000	7.2179585437821725	150.5617025235684991
 681.000000	7.8082774012622966	127.6673065346861904
 682.000000	6.2213839277102254	109.3229862130216645
 683.000000	6.8710923176733827	135.0856495287364964
 684.000000	7.0563051650685376	118.0473223813540642
 685.000000	6.9260247728888755	130.8380995955499770
 686.000000	6.4107452205597992	73.6400677251423019
 687.000000	6.3326234211190018	130.2508106853065328
 688.000000	6.8137210189771258	147.9940516565472421
 689.000000	7.8398341147277062	161.2972322004686703
 690.000000	7.0318826433034562	67.8776095136389301
 691.000000	7.1626343007083442	75.3906318958976556
 692.000000	7.2096294852904741	153.3671809597682056
 693.000000	8.1791365056872660	143.8530999223082461
 694.000000	7.6835084829708400	72.3348432269835229
 695.000000	8.8072876811715020	103.2378305881670286
 696.000000	7.2765303601856148	87.8225899351845811
 697.000000	6.9776659814546118	68.4733005574266542
 698.000000	6.7914986982694003	89.4170133736283645
 699.000000	7.0208693106998288	146.7251491177716503
 700.000000	7.5363139299007562	125.7224935485959065
 701.000000	6.6914137899205208	57.1727461426321213
 702.000000	6.9045769965396939	159.9651843385467487
 703.000000	6.8114231639184943	114.8776934727583807
 704.000000	6.9913016051028336	72.0526687542505044
 705.000000	6.7163061931676280	78.9374681961141960
 706.000000	7.2752721833514924	107.4759848932074675
 707.000000	7.2838594492677133	138.6032733300365862
 708.000000	7.5607753135195903	146.7707945712933792
 709.000000	6.6445226523978338	108.2423022984529268
 710.000000	7.5243680783152227	64.5699827948577791
 711.000000	7.3051520177777594	159.5824199793222533
 712.000000	7.5792445107906374	122.8740840461609594
 713.000000	7.3798024351951126	120.1926406040307427
 714.000000	6.8409685293191052	70.6418788760150562
 715.000000	7.8966661867920731	141.0590822778320899
 716.000000	8.1979994788969233	99.5035557438306739
 717.000000	7.1276543035824265	99.0533782082045207
 718.000000	7.2106278270872872	66.2312453337721223
 719.000000	7.6726485941285700	78.4126962704355606
 720.000000	6.8633984221968998	58.1949798839453223
 721.000000	7.3059379524430055	105.8519760158551577
 722.000000	7.9599853747802420	147.8670725089963582
 723.000000	6.5996024076781552	99.3080128824185664
 724.000000	7.2523484544048999	43.3810373492502777
 725.000000	8.5447659713082711	76.9609621894145306
 726.000000	6.0802312022510900	133.2213495068683073
 727.000000	5.0998301749149366	50.2745611882034495
 728.000000	7.4861254912167627	131.6261923949626294
 729.000000	6.5387221597208169	78.0344908656069265
 730.000000	5.8933590468942025	150.1236718684403684
 731.000000	7.3211408930467243	76.0724025573673970
 732.000000	7.2576141897794209	146.7137604142874920
 733.000000	8.0013177132688558	178.6631365209688909
 734.000000	8.7060488591735670	59.8414074545274843
 735.000000	7.0133136635040669	54.0586275588878635
 736.000000	8.6809488977123497	117.1245425828773250
 737.000000	7.7461929825023388	73.0975150487063416
 738.000000	7.4731586266603269	116.6578462698910954
 739.000000	7.1244588884313291	112.4159979074399587
 740.000000	9.1711942869522858	155.4883843021414123
 741.000000	7.5352003805018937	167.5689405142256305
 742.000000	7.5253825220959705	152.3533831438973039
 743.000000	7.8033192683401094	95.3440518284390635
 744.000000	7.0552550932288218	57.4479040090125750
 745.000000	7.8547237844230446	121.4714889102198470
 746.000000	5.5886772727909202	63.8035682188933180
 747.000000	7.3615947938186430	137.6056292573330779
 748.000000	6.8762298178375891	112.1435742185813211
 749.000000	7.0923102712599464	167.6944499356864924
 750.000000	7.0550151749953693	68.8853992022763606
 751.000000	7.7397793957957015	76.0493099746424690
 752.000000	8.8252842520509560	100.3488908948758365
 753.000000	8.1697285483114985	142.1288942720275941
 754.000000	7.1324609020368079	154.1791256099584189
 755.000000	7.7807991185062235	58.4332507476048022
 756.000000	7.7857380354105246	112.1791221855515914
 757.000000	9.1306959416089537	99.8975187982371011
 758.000000	6.6114514676964529	58.1041369899237452
 759.000000	9.0989844050595714	113.3258706456103369
 760.000000	7.2055733194206431	58.8721463114355572
 761.000000	7.6628301889955193	138.5422392244442165
 762.000000	6.0963130727843122	76.5270417041062814
 763.000000	8.5792190423444712	141.3740487728114772
 764.000000	6.8851806992393367	70.7554843942775307
 765.000000	6.9107441804329923	144.6771725004423672
 766.000000	6.8914088329606589	135.8748370117384354
 767.000000	7.2078836033558611	148.0005184561782983
 768.000000	8.3708575236425542	104.4552853986738370
 769.000000	7.5470738955860135	69.4998335353664913
 770.000000	7.0931254798188519	62.7667705388093395
 771.000000	7.1551150385775566	166.1945133384735414
 772.000000	6.9634815132926375	120.5886651075167038
 773.000000	9.1107728597177537	72.0114205065113708
 774.000000	9.5635445046465275	78.0894385496995369
 775.000000	8.1236095641352968	62.0629519868627852
 776.000000	7.6716015167122338	90.4029442044132168
 777.000000	8.1849676425946001	99.8023054771349933
 778.000000	7.8574736350558299	116.7945403805375122
 779.000000	7.7239536836906870	163.2771364177051510
 780.000000	6.8116320950432874	61.9878076198594670
 781.000000	6.6625614147083088	140.0182395092297156
 782.000000	7.0347870495350495	38.8741123780877444
 783.000000	7.1724065639582406	115.8399565848557131
 784.000000	7.7727440853392897	73.9181958175444578
 785.000000	6.6005011459508385	63.6875532022723405
 786.000000	7.8077528395217293	126.8083123356962005
 787.000000	8.1096055680170025	94.9321849427382745
 788.000000	7.5920081464120077	55.6806882260182192
 789.000000	7.0767424384870061	79.3303507532180134
 790.000000	5.8922579560534967	142.9004816073191364
 791.000000	8.8294857735021015	127.6742598944476867
 792.000000	6.4267448787265460	58.8582783952166864
 793.000000	6.2949642403616011	61.3481047885426989
 794.000000	6.7591622929817268	102.9980361344369868
 795.000000	7.3884490557044336	109.9225079145093531
 796.000000	6.7010211448522252	154.0530246717478633
 797.000000	7.7556152835091483	113.1458611068972147
 798.000000	8.5808061026429066	113.7969432574465429
 799.000000	7.6327981890560768	113.9185200576858108
 800.000000	7.8781196053749509	81.7095606304019384
 801.000000	7.8586566670123741	91.4206261834550418
 802.000000	10.0920064221631236	170.4293095666460829
 803.000000	8.3826879638911738	115.5107869505006164
 804.000000	6.8297537473524175	160.7612814579872804
 805.000000	9.3404025379178908	155.8822560211102370
 806.000000	7.4854397402542254	138.7725228222755050
 807.000000	7.3490770893417903	77.5967830927647526
 808.000000	6.8311648041808528	60.6513907828766321
 809.000000	7.7443997913373108	122.0918585533615328
 810.000000	8.6603451641230293	132.5454349266732379
 811.000000	8.9285151981937307	110.5548500278108293
 812.000000	7.7444935647407700	161.4730627107787484
 813.000000	7.6661408661594068	93.5630531374974765
 814.000000	8.1036202958221448	62.9088362595906432
 815.000000	8.5860932837297828	169.1968828934222699
 816.000000	7.1669767339832662	78.1941963143244436
 817.000000	7.9216991099666778	128.5187034824640762
 818.000000	7.2259602748659573	149.1491521415584032
 819.000000	6.6432292952149794	105.2554195386575344
 820.000000	4.9442385484567239	151.7376031971703583
 821.000000	5.3694009722201281	86.3170493028950148
 822.000000	5.9963901812468752	65.1030125789158660
 823.000000	5.8152314119227597	148.6525605162067052
 824.000000	7.1621563526227972	123.5408872425785773
 825.000000	5.2022944394468107	84.6809565933364041
 826.000000	6.8306831021703456	111.2912260529128332
 827.000000	5.8735607438813373	63.1084530912018806
 828.000000	5.9688535747777118	101.3140335575420465
 829.000000	5.8675631712808318	53.2841417934692743
 830.000000	5.0741458878115759	162.4018804011759016
 831.000000	7.0270804402454043	135.3919987306871917
 832.000000	7.7051558981769634	89.0812980740735014
 833.000000	6.5605606988969809	176.8241766261299688
 834.000000	6.5106744441677860	99.4658846213200434
 835.000000	6.6333026371764783	114.4742128978499522
 836.000000	10.3583271434365081	106.1943832299459558
 837.000000	10.0877538439815559	145.0268424407143470
 838.000000	8.6300830495860268	78.1701961170171273
 839.000000	9.0977519167673293	81.2706856449498645
 840.000000	8.6379557472221595	152.8164918107234485
 841.000000	6.7302744680118876	130.1207690258898992
 842.000000	6.6292388834392728	52.6844925865810296
 843.000000	6.9634563871603703	170.7139819298224097
 844.000000	7.5062740467808187	154.3393835888952879
 845.000000	7.7520711729069509	150.1405549948082978
 846.000000	4.0779221280248859	53.2008500157019171
 847.000000	7.8250479869226561	142.4587589908052792
 848.000000	4.6823611671284624	147.1362028549601746
 849.000000	9.8658238214995908	120.5989469590955139
 850.000000	8.2790861188780607	86.7650738166010456
 851.000000	5.2369569286100077	127.7495834703348976
 852.000000	4.4848826609413051	65.0920233476949903
 853.000000	6.1250093670324572	73.1903002306933246
 854.000000	9.3328595669622398	78.4118059844716129
 855.000000	5.7948114869613478	79.6894305334826356
 856.000000	6.8393241854963911	92.0523579450622833
 857.000000	7.0616974874392309	134.6881810111152902
 858.000000	4.5039931694539597	151.3538486555457894
 859.000000	5.0455558871240127	116.2193370917874518
 860.000000	6.5748929504305362	151.1992386515658211
 861.000000	5.1016253690208009	130.1403114404453731
 862.000000	8.4265134058639042	89.8082814604911164
 863.000000	10.2141032017430398	70.8984636889223196
 864.000000	8.3915619174356362	128.1586044343576134
 865.000000	8.0818588154170943	35.8834672357259876
 866.000000	4.8278640155707135	141.9072696200991288
 867.000000	6.9994994216159538	154.3497689004348388
 868.000000	5.3228475515167668	95.4263478930944302
 869.000000	9.7414929009115561	74.6895299237195900
 870.000000	5.5171993211047283	35.6225724185644879
 871.000000	6.9367799954199096	55.2874003607537503
 872.000000	7.0674516125147528	79.1521324912325923
 873.000000	8.2364064116229976	137.6868348168531497
 874.000000	10.1708227094804098	63.0105010057201582
 875.000000	6.8158467690190863	67.0609961954848330
 876.000000	7.3539856814053071	48.6136123416693806
 877.000000	6.1093261518776174	117.9929503239480368
 878.000000	6.6583537146399721	79.9727726719023195
 879.000000	6.6424314212719668	62.5797504239281039
 880.000000	6.9464060201210041	68.7683346520955610
 881.000000	6.7963811882983034	157.6497470815213831
 882.000000	10.9278924396733199	111.1367278428474350
 883.000000	9.2730645547773847	89.8657291930124273
 884.000000	10.7805928349389664	79.7281085593902077
 885.000000	9.9934020795347429	123.1225537496982554
 886.000000	9.4664475790453029	179.2581609632226503
 887.000000	9.7168714970270429	88.8382185964015747
 888.000000	10.2601804692780192	126.1964198646462307
 889.000000	9.0120614582271212	96.0700788880785552
 890.000000	8.6685495509052792	104.5199902041112665
 891.000000	10.2073647813440438	125.0798061964448635
 892.000000	8.9340347368230795	90.4029656385123701
 893.000000	10.0522411791233370	70.1669614485316799
 894.000000	9.0426497973864670	169.3752981602820000
 895.000000	10.0289026209567673	171.3649073717276394
 896.000000	10.6063517774788636	158.3005635366298520
 897.000000	9.0220640012887934	91.3895897093448752
 898.000000	9.6439674300017231	54.7298119602409514
 899.000000	9.8151261362403162	144.4343869866794705
 900.000000	9.3231962215865192	113.9987764248350857
 901.000000	8.2920706962389286	89.1687133574583157
 902.000000	8.6814793933527348	115.2967953620705117
 903.000000	9.9314518930917810	54.1282612547873043
 904.000000	11.1099474464219483	113.3789220650466660
 905.000000	6.2100512714806486	94.4284577781781422
 906.000000	6.7155587731619590	44.0578077216797794
 907.000000	8.4015545416115316	122.5025385915695466
 908.000000	5.6343966325538002	82.1687767222717014
 909.000000	8.7056902859061971	53.0444758941553829
 910.000000	6.3906542143955232	68.3672969601473142
 911.000000	8.9840534330329831	110.4486969834976122
 912.000000	5.6890330634432908	59.0501384610823123
 913.000000	6.9808002607110211	67.7259181060857713
 914.000000	5.7562846301376789	98.0579125004758652
 915.000000	7.5680594490404083	96.0428933527806379
 916.000000	7.0055332441948552	40.3757712310078318
 917.000000	9.9560566225301468	130.0948564783523977
 918.000000	6.6087419442366366	92.9697520338955030
 919.000000	7.0428342399844039	76.7258116725898986
 920.000000	8.6972785962095838	141.7407940309188064
 921.000000	5.9311420268787707	99.4051993559035765
 922.000000	7.9593568513729389	85.2193238615898565
 923.000000	7.7530426434930000	163.8856025724722656
 924.000000	6.8050046746791581	94.5051114048234666
 925.000000	7.4838836816261995	164.7283516662197655
 926.000000	8.8304384214432226	60.1453692272372820
 927.000000	7.8836171022737744	171.1228273371461626
 928.000000	8.7586485548228890	93.0554670113672984
 929.000000	8.1370398899156253	37.3582460737564190
 930.000000	6.6995342706813421	41.0633180422439921
 931.000000	7.9503434229328436	74.5334350442953877
 932.000000	7.7171736813111007	76.8022016498612317
 933.000000	7.7562200287714198	67.3730863460104956
 934.000000	6.9585530841374039	156.9899360060975937
 935.000000	9.2003906429440914	155.1277829477122054
 936.000000	7.4460714506944639	84.4202372743565661
 937.000000	6.3547032031403230	152.7267773690312822
 938.000000	5.3749072233906663	142.2324237527822106
 939.000000	5.8537380593353889	50.2089456068822528
 940.000000	5.2778830353360977	41.6241497226597801
 941.000000	6.0313821085172714	10.2311160279933233
 942.000000	6.4622709042212492	67.1699431198498758
 943.000000	6.3263317931461058	86.2500852434300072
 944.000000	8.2227286768856160	42.4715456144917596
 945.000000	5.3775607598483894	81.7510182018512523
 946.000000	5.5648162005354589	104.7968992889652213
 947.000000	5.6036243315356131	113.7259504143936937
 948.000000	5.4047496968103959	128.2254035754071424
 949.000000	7.0466460347243487	83.9127659844014033
 950.000000	5.2866302964800367	67.2550081986425852
 951.000000	5.2559036508774781	145.5219264711104472
 952.000000	5.1091144479130701	78.6900794231406024
 953.000000	5.0988842489459145	112.0603802678262468
 954.000000	6.5405142378468843	29.7162338033932940
 955.000000	5.1292210945016752	37.7448722974919804
 956.000000	7.8189819531842666	168.2797505634248978
 957.000000	5.7762740806479211	153.2511153246203435
 958.000000	5.0411368623181438	43.9237578056489326
 959.000000	4.4726064830433607	141.6984592630589646
 960.000000	6.0600589063057804	115.1351309476358296
 961.000000	4.8337379032684362	125.6272630214159278
 962.000000	5.6426940360252935	151.7936676914869167
 963.000000	4.7658682498089817	92.8612021182983796
 964.000000	5.6491479716008364	154.5054323378608387
 965.000000	6.4876754918862662	166.8830012796197479
 966.000000	6.6759473906892675	156.2559388736561345
 967.000000	6.9063450881166810	99.2126204773705638
 968.000000	5.5419146434999309	70.5054089853815640
 969.000000	6.7560596008652967	155.6907434114181115
 970.000000	7.1487139500770596	155.4882905550511225
 971.000000	8.6392319953547982	170.4461268757281402
 972.000000	8.7069221338622818	76.4199701135797511
 973.000000	9.0917084978593419	87.6258717982178013
 974.000000	3.8703700749176750	144.0284313588124689
 975.000000	7.6796812017747866	49.0234436237574300
 976.000000	7.9508520713077431	103.2399868382719887
 977.000000	6.1176551267752473	103.0989892311568070
 978.000000	7.7616771667961588	95.6405536171789379
 979.000000	5.2104102325890098	36.4800659536221872
 980.000000	8.5571112185185214	99.4745560942958349
 981.000000	9.1389341180247747	79.1254394714474643
 982.000000	4.7991325773601323	111.4585068387375628
 983.000000	5.3380877441317898	89.0748391650183464
 984.000000	5.5329443901484190	24.3312967173350216
 985.000000	7.4296776080731020	103.9150157348189651
 986.000000	7.9879148800647837	135.2059517039117509
 987.000000	5.4991691144735357	65.3067426032765752
 988.000000	6.4746677771228773	52.9836872549805804
 989.000000	6.7891004991611252	45.7408838622683902
 990.000000	9.2139303519469600	80.2598276856558925
 991.000000	5.8053519200617743	136.0067045690962857
 992.000000	5.4016600549798079	134.1831763116662444
 993.000000	7.6051392244386520	146.6471684284753110
 994.000000	9.5913210948921215	90.8432131753995833
 995.000000	9.1166271491614346	105.1230520467619414
 996.000000	9.2704418464087208	73.3602046194064030
 997.000000	9.1013797984777511	98.0485033188922728
 998.000000	6.6172922246094199	168.1561001731092801
 999.000000	6.0912986676361847	165.6832272923033429
 1000.000000	7.5186549133253759	95.9570043919026574
 1001.000000	7.9232400577881936	47.3161871871902520
 1002.000000	6.7931217222865774	36.5433568496624730
 1003.000000	8.5926985339939499	85.0877378602608019
 1004.000000	7.1001308529789942	69.8041995537639366
 1005.000000	7.0972110395584265	115.7981785784837001
 1006.000000	8.8080642421622759	109.7409328190061615
 1007.000000	7.1288377591241785	158.8268703084904701
 1008.000000	7.7900596322892444	102.6121726638458540
 1009.000000	6.9420291710399562	63.9491098552410904
 1010.000000	6.2916572585235651	95.3237860712359009
 1011.000000	7.3535371641727325	76.8644125896767605
 1012.000000	7.8068974177432677	106.0071864876384922
 1013.000000	6.5101661364020647	114.2775873819541914
 1014.000000	7.6752739634213203	133.5069432740678792
 1015.000000	6.8315143979124686	122.4571339805328307
 1016.000000	7.8057001225645113	116.7412757970542145
 1017.000000	9.1709672850710060	87.8355918108082392
 1018.000000	5.2887608579064258	152.7509438110434701
 1019.000000	4.7381461138741230	87.4586880923042003
 1020.000000	8.8723039708153486	71.3737906848074175
 1021.000000	7.1815858715392737	157.4422717227269573
 1022.000000	5.2082922972595185	45.5329097307709389
 1023.000000	5.1088696527194468	144.2355971588491741
 1024.000000	4.6389098553678645	146.8082365828300624
 1025.000000	6.5665192271779187	61.1661649020236666
 1026.000000	2.9207351266731796	61.2727846170327979
 1027.000000	4.6329819273341259	65.5871422010874028
 1028.000000	3.3221299434095157	82.2792057468945472
 1029.000000	4.6679034660552681	139.7377359553651672
 1030.000000	6.7208112560944020	60.3495588798957954
 1031.000000	5.4299969811168660	60.2759864277427511
 1032.000000	5.3102461121446876	64.7074632852574751
 1033.000000	7.3582354850461495	57.1217772205149146
 1034.000000	5.1955842381296229	87.6392301330824921
 1035.000000	6.9060471974727253	129.7228212561857390
 1036.000000	8.3138191321873212	151.7965701841203554
 1037.000000	6.7415296396771227	145.4476188968990300
 1038.000000	6.9995864764473881	48.3665845300459125
 1039.000000	5.7558106708959329	171.0656592924178199
 1040.000000	7.0303583604788829	156.9464307747183796
 1041.000000	6.3575683977948936	116.4212029885496236
 1042.000000	6.0758210029978308	71.5671796676769674
 1043.000000	6.7745957138633566	49.7136312082628535
 1044.000000	4.6928412035832503	161.2609811231449157
 1045.000000	5.2380706767198131	49.3846554335825374
 1046.000000	6.2449205981815643	42.5941338025696155
 1047.000000	6.4605898437227358	59.4975589813808341
 1048.000000	7.6120760781333869	142.2653444708066388
 1049.000000	7.0321748288305956	130.2299084090176677
 1050.000000	7.7992407055090149	79.9586486071516589
 1051.000000	8.1000958969920767	109.3079369874794935
 1052.000000	7.5010543938506640	142.2050312603490454
 1053.000000	7.8391276886849228	101.6514107924853647
 1054.000000	7.4133211593302999	120.0902185308314642
 1055.000000	6.7324977394602366	118.6944198014611231
 1056.000000	10.4914786070304071	109.9075731970486913
 1057.000000	7.5317085618781059	141.6100281655799336
 1058.000000	6.9574719334684749	161.5019006891551783
 1059.000000	7.4825710221426807	143.8645472668607681
 1060.000000	7.5355733848908404	128.2314268861192375
 1061.000000	6.7364470746251923	86.3897437593800390
 1062.000000	5.7660760930330754	111.8427850921359266
 1063.000000	7.5960456675793306	62.8051830518634517
 1064.000000	7.3225548977128625	114.9919252161510457
 1065.000000	7.1594338929818706	127.5922304646361596
 1066.000000	7.5713127198518109	111.6265901983000646
 1067.000000	6.4938003108805544	161.7017715984234201
 1068.000000	8.1687710311450541	145.2569299581058715
 1069.000000	7.8037715705753437	139.8063385391181441
 1070.000000	6.6030051655510889	154.3534064220621929
 1071.000000	6.8966103652327888	71.0904273770333361
 1072.000000	7.2751683705839758	111.2068255009305346
 1073.000000	7.9349745446773552	148.8333363116053931
 1074.000000	6.8336125672723300	69.0388175449123906
 1075.000000	6.9750815602151217	165.7028459189286593
 1076.000000	6.1495614768156717	152.6193375377167172
 1077.000000	8.1850951051109977	131.6207236653478674
 1078.000000	7.5394521254458233	112.0850799141252452
 1079.000000	8.8456730448108249	152.8714002339788749
 1080.000000	8.5334736522424546	142.8399659047126704
 1081.000000	7.0592530088673762	77.5476378243466513
 1082.000000	7.1083877775333866	144.1445973889497054
 1083.000000	6.9803508216165078	79.8088173894497004
 1084.000000	7.5596387809327013	62.9331128168642522
 1085.000000	7.1507546651631548	108.9138566258576617
 1086.000000	7.3151238590530578	77.1125929993191193
 1087.000000	7.7628562894755904	152.1418521832825093
 1088.000000	7.0248058712030366	120.7836524377577803
 1089.000000	7.8391577672602333	146.4097456606988032
 1090.000000	7.2765894853616935	90.6312120064842333
 1091.000000	5.9226303153227207	54.5775579145680467
 1092.000000	7.8244061466962904	116.8730743433754355
 1093.000000	6.5531369446979832	108.6156206846237922
 1094.000000	7.4201651797763484	116.5845852958105127
 1095.000000	6.7492255672329673	148.4908658922507527
 1096.000000	6.7521041550899605	160.6435719189906024
 1097.000000	8.2693760574767676	105.5312465937701205
 1098.000000	8.7117047786664248	78.8983884278445231
 1099.000000	6.8549533507570253	64.5985772279977084
 1100.000000	6.8706777489381672	113.2330443038387955
 1101.000000	6.6022436219837015	129.0118903897371183
 1102.000000	8.2312168022781709	79.3654206387691943
 1103.000000	6.8873664484477306	135.1451009797443703
 1104.000000	6.4956176739365699	59.1165252274191602
 1105.000000	6.9606713677697947	150.4511596101684745
 1106.000000	6.5926191294244054	40.7271759467393508
 1107.000000	7.2580938883799782	121.7569543153289260
 1108.000000	7.5243272911535719	129.1490326243506388
 1109.000000	6.9450782051189544	150.3533680168752085
 1110.000000	5.6887408154695640	160.6056341068662618
 1111.000000	5.7039529242254909	126.3489417506468726
 1112.000000	6.6826576104643900	60.0164512345780850
 1113.000000	7.4650456083236723	74.3333075394389340
 1114.000000	6.1661154108580956	71.8921720926128245
 1115.000000	6.3960865523177102	153.0241134900725797
 1116.000000	5.7577036119156144	164.6445198770780962
 1117.000000	6.2626025730927530	142.0074262702440251
 1118.000000	5.4594874081094424	141.3750525769999342
 1119.000000	5.7957790540759850	115.0513723258816015
 1120.000000	4.7565147766032014	159.1725042679309752
 1121.000000	9.5857248543627946	141.7789911074314659
 1122.000000	7.6718662260045329	121.8058455525524550
 1123.000000	9.8984005068293985	82.7835664567941478
 1124.000000	5.2333285922470107	75.0532554881433072
 1125.000000	5.4946353961659975	135.7904492923684643
 1126.000000	4.9582230423758862	45.1265162943672635
 1127.000000	5.3834663292960423	82.2297348261534893
 1128.000000	7.3926097310728656	105.5437211654132028
 1129.000000	5.6497253772276048	147.4374093180145451
 1130.000000	7.0945338782970531	141.7535359690110681
 1131.000000	6.9860885019778198	49.5838291684653143
 1132.000000	6.8083999182088073	64.1045176568965758
 1133.000000	7.1411387205743155	83.3420115971729984
 1134.000000	5.9239027241010618	155.8402797651760068
 1135.000000	5.8977065506993629	44.7760581867891858
 1136.000000	6.2140719959192507	63.3709304086334129
 1137.000000	8.9536562986717723	169.4257572387825803
 1138.000000	8.4020510774238524	162.6388370046652767
 1139.000000	6.6601268558805309	51.3876854121042754
 1140.000000	4.7252326311025294	137.3748968280126803
 1141.000000	6.2915464579718741	66.5290202499915182
 1142.000000	6.4502841420894734	96.4677856980031976
 1143.000000	6.7204621433511402	74.6344071682280656
 1144.000000	5.5970575867598349	72.6872408200766671
 1145.000000	8.2657640085792909	49.3111972177752023
 1146.000000	5.4662148949208795	67.3646130804291943
 1147.000000	5.8084696068953043	115.1897567439012704
 1148.000000	5.5716852135214694	166.9775462406333588
 1149.000000	4.3582566656250554	54.7497822841289548
 1150.000000	4.3933137593356308	114.1387271806723334
 1151.000000	5.0933968301938819	145.0403132733964355
 1152.000000	10.1074126642526139	92.5240121378906082
 1153.000000	9.8514102229395863	87.5587209933962640
 1154.000000	6.0436706122835746	62.4539627434344595
 1155.000000	5.4263572355863978	82.4670760413679176
 1156.000000	6.2188373416935629	169.6863373418079277
 1157.000000	6.0501231493052376	94.9770301645284292
 1158.000000	4.4797652737969740	127.3939431973001177
 1159.000000	4.8533967735220207	26.9533773285784548
 1160.000000	8.7305375273230563	75.4156589853264876
 1161.000000	4.4915867169434165	49.2727979710276713
 1162.000000	4.4096497428700054	75.6081142055771096
 1163.000000	6.8483874264584532	90.7919988618242400
 1164.000000	6.1699970781432327	130.6636129433180145
 1165.000000	4.9950302814662182	56.0954287142588015
 1166.000000	7.7427945349317664	144.6151882559094304
 1167.000000	6.5860877305497434	149.4962223719455778
 1168.000000	6.4871199488287274	157.7437286947844370
 1169.000000	6.2224467140059421	50.1384128135088076
 1170.000000	6.9690284513795548	167.5619315734968779
 1171.000000	7.5142527545377451	126.9919778218083763
 1172.000000	6.4906691256946525	70.6329253489072215
 1173.000000	5.4883316219328746	165.2000626118352216
 1174.000000	5.6997427279801363	108.4155267674041170
 1175.000000	5.1858933828620426	116.6284116784898970
 1176.000000	6.8679138777399960	103.0058486233459263
 1177.000000	5.2766703968991564	143.0577097189005826
 1178.000000	5.0096487005776975	68.0160670608976545
 1179.000000	5.3900710360132011	156.8131918968049092
 1180.000000	5.0318952678139981	106.7284826207725956
 1181.000000	4.8623744714325792	30.9088085732487059
 1182.000000	5.2078745325403810	51.7173165401736696
 1183.000000	6.1653121097465471	106.6413480556727791
 1184.000000	6.1727861203102350	81.3473586498922288
 1185.000000	8.2579160066508415	64.7545109384168427
 1186.000000	6.3460352326677674	115.4074228675708156
 1187.000000	6.4139964963556473	159.9434525153687048
 1188.000000	6.2320730646240889	171.7132373580051308
 1189.000000	7.0270192731139778	164.7285183433873499
 1190.000000	5.7526801910452683	124.9459313120822230
 1191.000000	5.2843855505846644	143.9156756493048022
 1192.000000	7.0159656563375279	45.6284536122045097
 1193.000000	5.9993353416672699	90.4098675569347847
 1194.000000	5.1135381524818069	38.1121733679147212
 1195.000000	5.6736927375128650	109.1212381927827977
 1196.000000	6.0263161985909486	72.5462418596441694
 1197.000000	5.8286714042461112	96.7472272030436784
 1198.000000	5.2160559723828870	46.8631679739784772
 1199.000000	5.0063713642628764	90.3562809202101818
 1200.000000	5.4153773746728895	118.5218808726506268
 1201.000000	5.2540682612652079	135.9290102164937082
 1202.000000	6.7150793042234316	157.2555076401453675
 1203.000000	7.5432640290627324	41.0130038722248571
 1204.000000	6.3385829947002543	79.8407452503285242
 1205.000000	6.0797262373598064	156.9700307168763516
 1206.000000	5.8814779925636778	42.8998655282478296
 1207.000000	5.9182348638856199	53.2522749252888872
 1208.000000	6.1659289666987416	165.4879096761360699
 1209.000000	5.0786524687992385	51.5066842910879927
 1210.000000	7.2949660797906066	158.3897534999153720
 1211.000000	6.0453532937496277	145.4549369590837387
 1212.000000	6.0702249907479207	103.7969582701829978
 1213.000000	5.6001428834799487	59.1784661166690285
 1214.000000	6.5839585673914156	111.5874882564855710
 1215.000000	6.6207398534814343	60.0067017084130754
 1216.000000	6.0972033741847849	103.6325652144910237
 1217.000000	5.2843817953929442	120.1005997917837647
 1218.000000	6.0075813187641147	85.4981485849513945
 1219.000000	7.6783847562973921	54.2212703193745540
 1220.000000	4.5827795156233506	146.8103294724817260
 1221.000000	6.0561414824496014	163.2084438742872408
 1222.000000	7.1001619802923219	139.9620250368946017
 1223.000000	6.7781101800814225	30.5569785868253518
 1224.000000	7.1812959872359237	95.5760005553421763
 1225.000000	7.4105900852619397	143.2401162594192101
 1226.000000	6.7971572730551761	109.9111930944397670
 1227.000000	5.4505261269969401	146.8953138149922779
 1228.000000	6.7390291361763195	152.5023096726838219
 1229.000000	6.8999602018828892	124.1109565911664276
 1230.000000	8.2929823341129900	73.8133867297802198
 1231.000000	5.4931689254623315	137.4631424498491299
 1232.000000	7.6820018684372426	156.7939673257659194
 1233.000000	5.5965825213901068	140.7254605423621001
 1234.000000	6.9404948251686776	145.3463572552860512
 1235.000000	6.9238956997822081	102.8699126221532794
 1236.000000	6.5867497472882128	124.6471906338184823
 1237.000000	6.5192205888583663	61.5183124536031158
 1238.000000	5.7921064645966789	161.0992670356482108
 1239.000000	8.9745045557303769	96.7446569088239414
 1240.000000	10.2737672351164075	94.9705386546648924
 1241.000000	7.4594937467974622	70.5310862252799780
 1242.000000	4.3602361313166158	69.7858945848191894
 1243.000000	5.0781270782989134	88.7995442623564344
 1244.000000	7.0411251790712761	138.7954240133740598
 1245.000000	8.3017624198112046	95.6252702651784290
 1246.000000	5.0627798186577300	142.9303104300837504
 1247.000000	9.3091858877201989	53.6863077298583988
 1248.000000	9.2790451447822093	148.6100953141136074
 1249.000000	5.8366079962996995	149.7159868839393937
 1250.000000	7.2836392162401014	94.2925769800012148
 1251.000000	6.0402265717751620	19.4778116965977688
 1252.000000	5.9078694770520039	67.7098359016760725
 1253.000000	5.7165813348037586	38.4730657507330989
 1254.000000	7.6267274362072000	83.7221091184781301
 1255.000000	7.8971972322120845	140.2241547298484647
 1256.000000	6.0633934615327663	151.6282583962541821
 1257.000000	5.3428667844409539	114.9613766824483889
 1258.000000	8.1880816330586779	56.6156097136980776
 1259.000000	7.1804421319205858	85.7516922359999967
 1260.000000	6.6693392071582380	66.7707423875532555
 1261.000000	8.5527544224020815	71.6310115500028957
 1262.000000	4.4903224234020804	48.1423316717683747
 1263.000000	6.6334922861364332	166.6289779846369754
 1264.000000	5.1572413179664913	120.7975206163997086
 1265.000000	5.8588553693687446	102.6385051199937806
 1266.000000	5.8003666620755236	79.6723002912170557
 1267.000000	7.1157013989283007	97.1589083825062261
 1268.000000	5.9095403078455107	66.2370491910514261
 1269.000000	4.8686329404790927	104.2004171234764840
 1270.000000	5.5624032749748364	65.1245073789736040
 1271.000000	5.0976514968727731	160.0644282122893287
 1272.000000	5.8229830311258768	159.6972782598390097
 1273.000000	7.2332065583144098	150.0431251870556935
 1274.000000	7.3080758516143600	110.2867878916273980
 1275.000000	7.1808026568830208	52.3422341975367829
 1276.000000	7.0621101450125483	117.2512779298924670
 1277.000000	6.0187519343528200	148.3031195986413024
 1278.000000	7.0321765309834552	68.7611260930052026
 1279.000000	5.4778513784789018	68.3967937516131457
 1280.000000	7.0369766361006851	71.5125217481624560
 1281.000000	5.6814218135218519	145.4233144599650132
 1282.000000	6.6893210321860019	129.2568879958987509
 1283.000000	6.7516558643217950	58.7733496245713951
 1284.000000	6.6633288158256931	165.6454308473724950
 1285.000000	2.7147711442186853	126.9169089276964826
 1286.000000	2.8895986195458536	124.5089173210799487
 1287.000000	3.7134900164633091	142.8566600990862128
 1288.000000	2.7886144979363832	43.4369715711254401
 1289.000000	2.7732038063588553	4.3913290432042515
 1290.000000	2.9383355105985545	91.2522636195656389
 1291.000000	2.7421364294931965	12.0529153939197045
 1292.000000	2.8127571744041955	148.0461293361529158
 1293.000000	3.0970438374525169	75.3871339242616330
 1294.000000	7.8981855798918064	102.3907684014846353
 1295.000000	5.7021459869656814	138.2077948060590984
 1296.000000	5.5987578269367928	119.3500661921683133
 1297.000000	5.8247809067614060	46.6899518185750537
 1298.000000	5.8456589716573824	60.8869462985530561
 1299.000000	8.5191104781689564	156.7631257935080669
 1300.000000	5.5811196371536322	160.0316841421689560
 1301.000000	5.3794004152077219	77.9655664841740048
 1302.000000	7.6718157388213610	121.3878037479894374
 1303.000000	8.2113692149547077	126.2644727828629243
 1304.000000	9.1486455492721532	65.1015848879369514
 1305.000000	7.9739909450135089	78.8880006474103794
 1306.000000	7.1531435846140177	96.7754806440130011
 1307.000000	7.2122345819708746	86.8545229618464560
 1308.000000	7.3465124349562618	123.1355748634018568
 1309.000000	7.5607256310524544	115.4560116464618318
 1310.000000	6.9498997999698719	155.7591222472044876
 1311.000000	6.5055875090055331	52.4706932189636746
 1312.000000	7.5521860020990657	130.8723054199232934
 1313.000000	6.6856691433502871	121.6470247755706282
 1314.000000	8.9308749299560635	85.2791469943914109
 1315.000000	6.8254760737318438	154.4279336394828874
 1316.000000	7.2863444060695883	142.0576896902306032
 1317.000000	8.3204946124269679	126.4451419081266010
 1318.000000	7.1098807718146357	72.2055986532037508
 1319.000000	5.8772416951314224	172.7264786008916531
 1320.000000	7.2394117662281134	159.0514500336769856
 1321.000000	6.5087862091206761	112.9314178467269727
 1322.000000	7.3965681158501511	158.9425507497391266
 1323.000000	7.7834377396096004	65.7033407405531733
 1324.000000	8.7429239983536053	94.3274292922443038
 1325.000000	10.0520612943495156	137.3040364947230216
 1326.000000	6.8760278520169171	144.1992856796644844
 1327.000000	6.4670180005074096	139.5849591234343166
 1328.000000	6.5424983384621704	145.6663860599815052
 1329.000000	7.8552750656268548	148.3242155714696082
 1330.000000	6.3440016353145712	61.7135578468786150
 1331.000000	7.0672553344244413	54.7600604206136836
 1332.000000	5.8500105319606082	159.8971612940217994
 1333.000000	7.8733343213262694	70.9630107640348342
 1334.000000	6.8144741571282808	135.8760658093471250
 1335.000000	7.8859314674817123	63.6430668822833212
 1336.000000	7.6928573615657880	103.3238943023799408
 1337.000000	7.2716176207933296	68.8029636034007837
 1338.000000	8.7070573369559465	136.6610990644525145
 1339.000000	7.2645947162368181	126.1669126011715036
 1340.000000	8.0299753418624391	155.8075877826851752
 1341.000000	6.0042154282203306	70.7315824459073355
 1342.000000	7.7734463142941639	141.4969340830562032
 1343.000000	7.9225901305316455	115.8877750302844021
 1344.000000	7.0339681008505135	156.0040631464693774
 1345.000000	6.9073206723842668	166.9043249985142552
 1346.000000	8.0326641472191866	123.7139043975001584
 1347.000000	8.1044332649542756	102.1319832454533554
 1348.000000	7.3091193018521992	63.2576830672868340
 1349.000000	6.6342912965473388	70.5816256149159500
 1350.000000	8.8360317038722602	66.3398062350437101
 1351.000000	8.8714405763099453	63.5191650887252166
 1352.000000	7.0632645352058452	91.9314626847933880
 1353.000000	5.7830745420346918	92.5416399370864440
 1354.000000	4.8047901989304727	159.9995749779841958
 1355.000000	6.4076654276446758	45.9077539652446660
 1356.000000	5.2055439546201949	135.1084703558117894
 1357.000000	8.6188718092872421	172.2345632434797551
 1358.000000	8.0769346571688381	171.9123925585638517
 1359.000000	8.6274489295384722	52.4811181954914616
 1360.000000	4.8841753213503223	29.0144340131880369
 1361.000000	2.8798539681768172	40.1525375851920501
 1362.000000	3.5399817179729678	46.8434876514193661
 1363.000000	4.7156954192665665	124.3699674369786692
 1364.000000	5.9372831125319987	38.9914030485665819
 1365.000000	6.1389378586193546	142.7430295913202940
 1366.000000	5.7417851610111370	24.5228817372128276
 1367.000000	3.6246933343908783	62.5895845561297932
 1368.000000	5.2093669165789391	144.0736245164633260
 1369.000000	6.2927127854592735	141.4501358983480372
 1370.000000	5.1593965648861912	145.2025148491815685
 1371.000000	5.9745565331126844	107.7296058377536667
 1372.000000	7.0458242565206017	160.1641833348824662
 1373.000000	7.5357148596686185	163.0891790459773745
 1374.000000	5.2494206915502293	148.9171538848719933
 1375.000000	6.6991763127812858	136.7990487324345850
 1376.000000	5.9319640170747228	157.7456051206468715
 1377.000000	6.3675607410485426	75.2297783241922247
 1378.000000	7.5500867407877736	99.5394979841653793
 1379.000000	5.6994494531272100	164.8920129777128523
 1380.000000	6.8715828627787925	64.4825316417457231
 1381.000000	5.8136184748679565	87.0945333322934800
 1382.000000	4.9758428811809621	35.8291498008269116
 1383.000000	7.6455826626305177	53.2138068541690359
 1384.000000	6.1041152675747323	59.7777796230233776
 1385.000000	5.6592230597849751	124.4463794790666498
 1386.000000	6.6681432792533597	46.3551396412896963
 1387.000000	6.1599755751627097	146.0817913132492549
 1388.000000	5.9338156541494333	78.8247004865500429
 1389.000000	4.9348360444869401	84.4648204011611057
 1390.000000	4.5774270490630427	145.4071857455411987
 1391.000000	5.6741935364224885	41.0214490214471539
 1392.000000	6.4906413858878373	94.0591327188578106
 1393.000000	4.7136465622337038	140.7503162387170050
 1394.000000	7.4325699086385990	63.9684303174594220
 1395.000000	6.6618204554907967	105.9774532955910757
 1396.000000	7.0729357876189134	109.6290423470017998
 1397.000000	7.3819126973186151	80.6423041141496100
 1398.000000	8.0613530601461605	90.2038494463831171
 1399.000000	7.6014034154149668	170.6287699778656588
 1400.000000	6.5000407118849512	107.8429129520162064
 1401.000000	7.0441280825489763	159.3647674077795955
 1402.000000	6.4262733089884785	153.0946392097276316
 1403.000000	6.6489244081730199	95.2896822193067123
 1404.000000	6.7518586853069191	172.0206041307797022
 1405.000000	5.7994901045915457	61.8253272487681471
 1406.000000	7.6899461988942024	102.5914363463800498
 1407.000000	7.3744690233229271	76.5656903405312477
 1408.000000	7.4604755724929888	104.0254189846831423
 1409.000000	6.1684007246656547	46.8909119121561844
 1410.000000	6.6508128510381059	144.9162384745293082
 1411.000000	7.6146434836320980	99.7197293588290705
 1412.000000	7.1400140316497485	132.5217878664488182
 1413.000000	6.6269708453741787	153.2894052558013698
 1414.000000	8.6094034074545327	164.0930301788169743
 1415.000000	8.1437245702737506	107.5032391494827522
 1416.000000	6.8596566736164020	116.7056516763255871
 1417.000000	6.4548681386977442	116.1444032231413388
 1418.000000	7.9415700485152536	156.9993355716350152
 1419.000000	8.6832971129281784	60.3293862754432695
 1420.000000	6.7642367396209861	123.2517356252998582
 1421.000000	8.2735092256372251	74.6601365382219626
 1422.000000	7.4953600233678355	131.8782962110842902
 1423.000000	7.8301494165680587	77.0263473985330052
 1424.000000	7.3071784416040044	91.4125814569988080
 1425.000000	9.2669567819132528	163.9409639595859858
 1426.000000	8.8043861324841330	152.9035768618032876
 1427.000000	9.7159352845829012	96.5321126011224209
 1428.000000	8.8036131900722623	51.8501382965287405
 1429.000000	8.1656898306842916	83.0307735068864474
 1430.000000	8.5519109930538502	84.4393163101186701
 1431.000000	9.4702673365710019	140.1646671901513059
 1432.000000	6.9756956058060871	95.4974710740116279
 1433.000000	9.1488409309306054	72.4896711153941880
 1434.000000	8.3490036595893198	129.1854786846970740
 1435.000000	7.5552119131774633	76.5315361794181683
 1436.000000	9.8552010189388906	153.3465735245619044
 1437.000000	9.0410210769635242	87.1684869764503105
 1438.000000	9.6796849641789269	145.9548951005218385
 1439.000000	9.4063291521383015	128.2725912095888816
 1440.000000	8.6018092166015840	70.6784492654740291
 1441.000000	6.6244011384318346	119.5145681964402229
 1442.000000	6.6912341254825920	71.4890205437319253
 1443.000000	6.9481880900302952	66.6042760428446456
 1444.000000	6.7708917205126227	146.6670524815541796
 1445.000000	5.7449889491657204	139.8977029716560025
 1446.000000	3.1062114544485921	120.2425655607937358
 1447.000000	2.7839532771513364	129.0125701413707873
 1448.000000	6.1145615400076805	100.0603719014966941
 1449.000000	7.0815722640774323	151.4727233715228181
 1450.000000	6.8598275245387219	138.8377811577451268
 1451.000000	5.5867143479918848	66.9445834458655611
 1452.000000	6.9828892945358580	70.9920547083914784
 1453.000000	5.6649616577249668	54.6340538941162919
 1454.000000	5.8409389925941424	80.2598011565037410
 1455.000000	6.3785668147911476	163.8838584432728567
 1456.000000	5.5479534875066356	69.4862149921649888
 1457.000000	5.7242283926227326	92.9725344899697319
 1458.000000	5.6061962838212054	95.0654568504566839
 1459.000000	5.0345856097255250	74.0700880082972475
 1460.000000	7.0096100504593428	92.2656597118740933
 1461.000000	6.4362518597944547	55.0689667146990445
 1462.000000	5.5337314029669429	127.7306661979825719
 1463.000000	6.5316192447193080	80.9155194179499517
 1464.000000	6.4671133020778955	94.7166918892295513
 1465.000000	8.3308981786439258	69.8823279795297196
 1466.000000	5.9502539486279673	84.9925543888069370
 1467.000000	5.8791895301395902	109.4799983964222747
 1468.000000	6.5303086921338585	124.7756190782177725
 1469.000000	7.0738407924346438	93.4781935427694322
 1470.000000	7.7473688395824949	69.8631455612888033
 1471.000000	8.3008890710140939	153.4744373553404841
 1472.000000	8.1259935154911886	117.1560503132258475
 1473.000000	6.8046092770049738	146.3667843260807047
 1474.000000	6.8657982855630291	138.5847302796777285
 1475.000000	8.0984188888760755	134.6295985589709403
 1476.000000	7.8762924599851223	79.1756632694812623
 1477.000000	7.8181838485871662	114.3836670953108694
 1478.000000	7.3509097024091332	91.9572831115536218
 1479.000000	9.2780414921192982	70.7006821814166244
 1480.000000	7.8499672369468634	156.6992731066422095
 1481.000000	7.1393796243963807	69.5827103516854635
 1482.000000	7.2582084323705294	151.2870762439565624
 1483.000000	5.4183052334667279	57.5895493040381012
 1484.000000	6.3094431628510552	111.8308110475467743
 1485.000000	7.3095379031503498	60.9239741074150771
 1486.000000	6.4516439562464134	96.9194302481243568
 1487.000000	6.4938625488306156	104.8106976495424760
 1488.000000	7.5983609279161852	121.3609830579090385
 1489.000000	7.1182627912192364	114.5223041282299903
 1490.000000	6.6692242371022834	134.8282344759766715
 1491.000000	7.7963992565736344	147.9387867183019694
 1492.000000	6.8920912459913533	131.4641291797500742
 1493.000000	4.9787211124199775	67.1565146394248842
 1494.000000	5.4254478786239373	139.7783497436080324
 1495.000000	7.5119046917833856	146.1109886955698585
 1496.000000	5.9658633295754422	163.1923682452397486
 1497.000000	10.0398470623960741	45.3484849207360696
 1498.000000	7.0868577410171820	130.9454224815774523
 1499.000000	6.5954646160969936	172.3429135929246740
