 0.000000	3.0340023280681256	41.5748209146363763
 1.000000	6.2706046728204408	27.4133524190261539
 2.000000	5.4548064244880372	53.5752916597352140
 3.000000	6.2388166017218598	26.7127892566767855
 4.000000	5.7591641340842328	14.3476867725004524
 5.000000	5.2129079353376371	50.2730795947431375
 6.000000	5.8851137730937602	41.3675500153676126
 7.000000	4.5014563916887553	47.4661434798676396
 8.000000	7.8726800535540953	54.3238489460548237
 9.000000	5.6680777122923951	44.5000718619030522
 10.000000	5.0032767180155631	38.7039349744474350
 11.000000	5.8648282607763411	38.0712020911281854
 12.000000	6.0221686748246288	18.0958092634991772
 13.000000	6.5462804031753334	20.9255934447800769
 14.000000	5.1580615253364286	53.4987997950139516
 15.000000	6.0677905693158136	58.3287543546251470
 16.000000	5.8980263541913311	79.8049146341408573
 17.000000	5.8642279492378995	24.6176370812007974
 18.000000	6.2015969456678492	7.8598627335530296
 19.000000	5.5299596727000697	61.3606049298008571
 20.000000	5.9914068506997635	23.4583767518313095
 21.000000	5.9135371767554243	31.3869693329970119
 22.000000	5.5633403678648436	38.4205597803741057
 23.000000	5.4508004612394787	39.7686090050082157
 24.000000	5.5119686759197508	37.2307226796776547
 25.000000	5.7947391232469272	43.6909027993138466
 26.000000	5.3986701617576882	41.1093117719375414
 27.000000	3.3335569516103374	35.8860666406717712
 28.000000	3.5150117721018423	49.7614548845132845
 29.000000	3.1731775572426688	25.2669027130273776
 30.000000	3.2925947137724565	71.5330088124167247
 31.000000	3.4770377275765392	61.2507909353734306
 32.000000	3.2621520154268562	41.7936530680638327
 33.000000	3.3663419310917182	55.1638202486266493
 34.000000	3.4023714675246315	25.3909042540292091
 35.000000	3.4764104099476971	56.0975380577023941
 36.000000	3.2430019977385780	21.0133405066310388
 37.000000	3.3175113192574779	11.5245964959954676
 38.000000	3.1697157525378876	44.2089678306661256
 39.000000	3.3367303669622230	42.6675198889452645
 40.000000	3.0644373698502951	21.2431970808895869
 41.000000	3.1079755511052856	36.9310041846251238
 42.000000	2.9610246615636187	23.5356577291157123
 43.000000	3.6024376571546108	34.0001691340005721
 44.000000	3.2559111224275870	25.6273079355198092
 45.000000	3.8939067175424111	23.5241212292474984
 46.000000	3.0598672367921651	36.4102990008335325
 47.000000	2.8816290436471195	44.6073688973019671
 48.000000	3.4288885106996454	27.3273861730181693
 49.000000	3.2681657240821069	11.7252625809876179
 50.000000	3.2414962777231526	35.1791386969979385
 51.000000	7.4405061260189767	111.5178533397428140
 52.000000	6.3093651065363998	44.1390752325815470
 53.000000	7.2583305677510230	74.1605700450267875
 54.000000	8.4549968137673321	106.3260287461989009
 55.000000	7.1951399012461925	79.0632207969919705
 56.000000	7.4165607527311224	73.0440165498778100
 57.000000	7.9438695677375435	67.9323983998541081
 58.000000	10.2196331081103491	59.9955001471165019
 59.000000	10.5289027907335377	68.8504631134339462
 60.000000	10.4151589838182659	114.3739223194237411
 61.000000	10.4500487992547200	140.7926872422472400
 62.000000	8.9092683144808635	153.3159830582935399
 63.000000	11.5231500984588138	121.3278473974827136
 64.000000	10.6675229201073680	172.5184314699378945
 65.000000	12.1566886585675089	149.2587353717233611
 66.000000	11.4429382888001943	164.8071790266610321
 67.000000	7.9726449273106779	142.3329479884541797
 68.000000	9.9000820778847274	151.0105029518435344
 69.000000	10.7216184849860205	158.4647458537176874
 70.000000	7.2764537605806412	164.4903771919676387
 71.000000	6.8613912287913452	168.4100443119523618
 72.000000	6.5987879033546575	149.8219711634026226
 73.000000	7.0943282171218902	141.2480165790609874
 74.000000	7.5393717173866817	136.5811557512675449
 75.000000	9.1767601354770783	156.9015331587910680
 76.000000	8.5602887289345517	159.1072407100604664
 77.000000	6.4778101682175855	131.3739133538794022
 78.000000	8.5725551108349620	148.1040442242073709
 79.000000	7.7044289474803564	107.9685347111483367
 80.000000	8.0511308521825740	138.5153344517854066
 81.000000	7.9693396338614839	145.4880187141704653
 82.000000	7.7601936511265981	154.5750060192314663
 83.000000	8.6027398170609537	154.1057748715379034
 84.000000	8.6164799122539222	162.3158514833650656
 85.000000	7.7129080281253888	142.4084838666253177
 86.000000	8.6252633194251747	137.9626248916426334
 87.000000	8.2184109616514309	139.0715314330440151
 88.000000	8.4570261372244300	162.4515780269988454
 89.000000	8.8162122901186937	133.5889413394045846
 90.000000	8.5758321223262843	136.7758087261002515
 91.000000	7.3711053354828273	132.8817699401308232
 92.000000	7.6737048095232057	150.1576128672801929
 93.000000	7.8283555846674657	154.6746136505595359
 94.000000	6.5356114760304678	117.6686939976022757
 95.000000	7.7497892353627025	149.1920521282957566
 96.000000	8.5146423316936044	146.5007189598506159
 97.000000	8.1111961326313349	159.1349911167528148
 98.000000	6.3806496799787125	140.6122946553837778
 99.000000	7.8323055219997419	137.0472837699603019
 100.000000	7.8839580705910732	144.5397869106708981
 101.000000	9.0779155306005261	147.5319130191929844
 102.000000	7.4972198529874481	143.5246550222317410
 103.000000	7.5554318380115202	146.4582356859352217
 104.000000	8.9301337383134118	151.1993609953573241
 105.000000	7.9087291379590843	158.2655099300106372
 106.000000	8.4607462138649385	154.7006551784656665
 107.000000	8.1469696519594450	148.3519931321451963
 108.000000	6.9998146483310073	134.6242725921017609
 109.000000	7.1555716451935476	126.0357493715277428
 110.000000	7.4899698483923061	158.8609118807364098
 111.000000	7.7330207497125159	141.2494710963236457
 112.000000	7.8591352946311703	152.5487937321798881
 113.000000	7.4033874527640302	143.2523270853167219
 114.000000	6.8599951568096422	143.2487882663536993
 115.000000	7.6739777457747644	152.3364272654916647
 116.000000	7.3608131599291049	132.2980958128625844
 117.000000	6.3052622979799811	120.4770993505207457
 118.000000	7.3573780246287752	141.5636523648125831
 119.000000	8.1989579408334201	132.1113447035813238
 120.000000	7.5632239797044525	141.7840141849710562
 121.000000	8.2625032769004143	157.3753510969354465
 122.000000	8.0519078486608091	150.6057604474933385
 123.000000	6.6414796349564913	130.2298467000772462
 124.000000	7.4398035252471200	127.6358917669698201
 125.000000	7.1805551417134259	132.8730723212561315
 126.000000	8.1596432884078620	157.0661992131400098
 127.000000	8.2777407385616915	123.4546608835390629
 128.000000	7.5939685869433236	135.3092619179863334
 129.000000	7.1791421887282665	134.4729178630884974
 130.000000	7.3277892120161994	150.4713747290454364
 131.000000	7.7105431538412637	121.1623909131040477
 132.000000	6.5215540347684327	124.5419148508982232
 133.000000	7.5368444041468807	155.8620978232692948
 134.000000	7.4740341661269323	129.3433248760131846
 135.000000	7.7556910609171190	149.7467409099118640
 136.000000	7.0792075416309057	139.0360783881142197
 137.000000	6.1543256228916867	119.3484784002024810
 138.000000	6.5101702707011269	124.2543066872022877
 139.000000	9.8708865071007992	155.1671909687512709
 140.000000	8.3661030400972543	151.8990570536129212
 141.000000	8.7844013966254266	153.4482678522755918
 142.000000	8.4151704410889572	150.5914770062794332
 143.000000	5.8405227285760013	116.8039519193012836
 144.000000	7.1595360451493510	109.6582576991097255
 145.000000	8.0781585732286150	154.1692243416503629
 146.000000	9.9271437035426260	146.2895163321680343
 147.000000	6.6235307160323007	137.0483243255827404
 148.000000	8.3238718956730775	142.8151238277577590
 149.000000	7.0893592474367439	138.4167999288159479
 150.000000	8.9233661306944132	170.6327580032480853
 151.000000	8.0197052524369212	138.7797307015162005
 152.000000	7.7113571059657673	145.9611499591951542
 153.000000	7.0011250311540945	134.5597547360152078
 154.000000	7.4152242151977328	133.5367002864014125
 155.000000	7.3314112467193677	133.1567742773264058
 156.000000	6.8124737853276462	118.9896300915371228
 157.000000	8.3472566585393650	146.3065429146590191
 158.000000	8.6005225429030521	142.4316814974810939
 159.000000	7.7464128932528213	147.6477310454641270
 160.000000	6.5384260343658998	122.0443085983720835
 161.000000	9.3777239407240636	156.0133864188849202
 162.000000	7.6814814762683339	142.8163712180743801
 163.000000	7.8183325046184686	144.1026667275907300
 164.000000	8.2445524054367496	127.7727559253517455
 165.000000	6.9370188615023567	152.8183711554110573
 166.000000	7.3876262433895086	157.1595312683398333
 167.000000	8.1767579160252968	155.0249566176204610
 168.000000	8.4194521069399180	169.5913229126295789
 169.000000	8.3342738289796667	159.4896136654285783
 170.000000	7.3257598596314031	135.7476890007491193
 171.000000	7.5092425893112118	149.8613995301548130
 172.000000	7.7829989133832580	152.1248659857437247
 173.000000	9.2527348590671998	145.4242828608073239
 174.000000	8.1408312232740769	115.3026410240158839
 175.000000	7.2664357107908648	57.9038046965370370
 176.000000	6.6924863700759047	132.6020820663225948
 177.000000	6.9502843727091506	127.1834873535231480
 178.000000	8.5922356223187091	131.4432396151432840
 179.000000	6.8070233607424342	137.0800283763163634
 180.000000	7.6219845207017487	139.0106034836116748
 181.000000	9.5725210238344474	148.3858117067432829
 182.000000	8.2415158332666767	134.9041922417756894
 183.000000	7.3134771334033273	158.5461598354346506
 184.000000	8.1494932765935015	149.8668310642025006
 185.000000	6.1492660519547364	122.1456786126500447
 186.000000	6.4589938621643208	121.9967836288863055
 187.000000	6.8338115746256936	128.2932278631078304
 188.000000	9.3572132756527004	147.4609595717560921
 189.000000	10.6191526150036424	116.6180072482102332
 190.000000	8.1671995038655361	127.7751282463736260
 191.000000	9.1013808673944521	105.2370389090806952
 192.000000	11.2264974930795152	149.4773988837706611
 193.000000	9.3057086410547551	108.5100860601608019
 194.000000	8.0014228046531031	131.9747421407404318
 195.000000	8.1018253817039518	137.6754186701581375
 196.000000	9.4093609163511402	142.4447370544858984
 197.000000	10.7382338813449874	89.4144886652191389
 198.000000	8.8292272879844447	126.1590560953885642
 199.000000	8.6780537344922539	105.7823389672324055
 200.000000	8.7880256714463965	108.9466253478208841
 201.000000	7.2935946107967355	95.6673727800211822
 202.000000	6.9492937369765651	117.1905899483286504
 203.000000	8.2238656472346410	120.8910519847904936
 204.000000	7.0246435141704930	122.8830650258492767
 205.000000	8.8271782740230780	132.1360882902018261
 206.000000	9.9181698803799900	148.4447291305970964
 207.000000	13.2057748347386710	156.1003899608031986
 208.000000	8.1096030707506230	50.9651466564844213
 209.000000	6.8898576606681257	121.3600731955847891
 210.000000	6.9204796811823259	118.8401493873369219
 211.000000	6.8977069524828094	126.1284083828237357
 212.000000	10.8405825169980279	137.1791494450418725
 213.000000	7.9266377227591382	140.2805262014605319
 214.000000	8.2840973944898888	133.2561623006953937
 215.000000	7.5985563280444621	117.3175733746683704
 216.000000	9.9562211354306580	134.1269603523668366
 217.000000	10.3648313142612487	117.4195719504843680
 218.000000	15.9132817287698476	113.7594326711321742
 219.000000	10.5451470648691519	101.9990542797930573
 220.000000	5.1788133222393231	47.9578033719750465
 221.000000	4.4866734749249746	46.9352641828468791
 222.000000	5.8872885941073596	97.0304557517943778
 223.000000	9.0688821154467316	94.6787833241103414
 224.000000	12.6238793070537518	126.2199952036888817
 225.000000	8.0527316348248927	115.0392374503475708
 226.000000	6.2251562248763461	64.0080235482025017
 227.000000	7.2149929718551729	72.4294601889111931
 228.000000	7.3158007492771748	69.2344609604655261
 229.000000	7.1268083385999415	59.6060944782607578
 230.000000	6.6238777405424063	48.5740101021245891
 231.000000	6.7996650497088229	61.0274001344771335
 232.000000	7.4097831299931789	103.1863968796841107
 233.000000	5.9100602132674469	88.3295385244155256
 234.000000	6.2088876887158042	47.0548904930843435
 235.000000	7.1685370343029273	83.4483256500494690
 236.000000	7.7615202910457750	44.5546160555170729
 237.000000	7.7941766464896745	116.9830134291292438
 238.000000	7.2967979139477874	85.9632335281751523
 239.000000	8.7353703210952389	117.0105247398722099
 240.000000	8.9509672075336688	50.5955847563916450
 241.000000	6.7376865657404394	38.5331956976678214
 242.000000	5.0513554669088547	51.2830973578423368
 243.000000	7.6491536937898266	41.0155889178377606
 244.000000	9.0084257191460111	110.2958211146557801
 245.000000	8.8147830469857684	122.2637972405911029
 246.000000	9.2165554989384582	38.5477086643503242
 247.000000	6.9028747027906254	72.6600489721534615
 248.000000	7.3382489901723771	91.0084455374817622
 249.000000	9.0228849029013887	120.4998621421125620
 250.000000	5.9835087845355064	73.6372894590653431
 251.000000	5.3520454981923402	64.0402776749168510
 252.000000	6.4436668739400771	34.1130055703839332
 253.000000	5.5118366276492647	65.6181294031446498
 254.000000	4.9520631270388273	47.5527388158127735
 255.000000	5.6068287636269032	66.4818223588307404
 256.000000	5.5437756945270289	59.9443677456374644
 257.000000	5.8454191787902259	28.0355952585433954
 258.000000	7.5477355745232924	95.0247032768891131
 259.000000	5.6850703965977498	28.3902908171902766
 260.000000	7.0372673407382393	69.0218906320852312
 261.000000	9.8005272031459238	33.2989732507813301
 262.000000	8.8203957601627891	150.8300430926994693
 263.000000	4.9172100326330295	35.1153775483803088
 264.000000	6.1949823648663171	44.7216958755327312
 265.000000	6.7337228703358551	15.7196936487723633
 266.000000	4.2750919536937344	62.2237089816296844
 267.000000	9.2950352893373367	85.9424974131779891
 268.000000	7.7329918540282918	46.3913063673319357
 269.000000	8.4612206650266266	76.8770954861239773
 270.000000	11.2674344168932059	81.2394234405069398
 271.000000	6.7443145662202051	35.3285455060451739
 272.000000	9.8382969887724521	58.1298621809175700
 273.000000	9.8165288293271260	46.3461080985767353
 274.000000	8.1644512343006532	69.8846533395129228
 275.000000	11.9428763530510569	75.5034107652189306
 276.000000	5.6562970304290552	69.9456484267918768
 277.000000	4.7936940990876939	80.5746392234053133
 278.000000	6.0322898282131039	63.0752539458344756
 279.000000	6.5128413472362912	38.5813845169105605
 280.000000	6.5294456742553111	24.0848137398610334
 281.000000	5.2486715489196518	56.0324161608896674
 282.000000	5.5473499989195929	28.6450225536072196
 283.000000	6.1641799023653698	53.1790488316655825
 284.000000	6.1623302575212477	65.4800483220843148
 285.000000	6.5408430350249533	42.7691527629134214
 286.000000	5.7379679984852405	29.6358081572313097
 287.000000	6.6385686856977815	52.5137394208496602
 288.000000	6.0812442606618156	6.8505886576023158
 289.000000	5.9962894017498050	27.1017596320671146
 290.000000	5.4972669881882048	24.5559898986311680
 291.000000	5.4486221067781324	26.6351607310605232
 292.000000	5.6334663632323529	36.5998608477346465
 293.000000	5.7078171609725574	41.8268453194714311
 294.000000	5.8860901396534748	28.4573793200883927
 295.000000	5.8522904700747835	40.2766928346139821
 296.000000	6.0339306139902309	49.7631639479805017
 297.000000	5.7087427214173259	56.2773082150573742
 298.000000	6.3576174337948439	32.6069853458420482
 299.000000	6.2612194404016952	13.4126658436295827
 300.000000	6.3576120769693167	48.8955153210907270
 301.000000	5.5588402340799767	29.2902663971772199
 302.000000	5.5394825428225296	53.8308674401508824
 303.000000	5.9186330808884824	34.9587095078221353
 304.000000	5.4994793481427466	41.0877191518388827
 305.000000	5.0919471185066927	42.7783476005919283
 306.000000	5.6568484778860713	31.5160209112795258
 307.000000	5.1851566053499818	45.5268394134359369
 308.000000	5.8531025623906823	54.2750974852323225
 309.000000	6.1900887126626483	32.9009175286633706
 310.000000	5.1157155377543289	31.0154107697359791
 311.000000	6.1292383615555215	35.3490960369749700
 312.000000	6.4248131451335659	31.5664262948949954
 313.000000	6.3557329035498658	24.9583346740415379
 314.000000	6.1678856611591888	31.3721228031085673
 315.000000	5.4756671939592287	28.2762297730262731
 316.000000	5.7337707637405968	50.0825705796198690
 317.000000	6.1677106516716131	26.8758880450148752
 318.000000	5.2236744736697549	44.0808995410530997
 319.000000	6.9749909256522677	17.8568787648873695
 320.000000	6.3195697035236540	20.8723013751145459
 321.000000	5.8083605079704759	43.7894991927552724
 322.000000	5.8930771501305257	18.2032276269818567
 323.000000	5.1399792766940520	48.3661390323262594
 324.000000	5.6363000252956468	52.7903362418243773
 325.000000	5.4186745675205392	47.7007259987587418
 326.000000	5.9466728490294001	34.7098076463596215
 327.000000	5.8051653114959487	22.1053964206936655
 328.000000	5.3949199620627422	33.5740833484204018
 329.000000	6.2050958807590844	50.5632277362572040
 330.000000	6.3233589799565619	78.4114743564487071
 331.000000	6.2737037177341701	61.8404757414944157
 332.000000	6.0678865112185809	74.0410821528821970
 333.000000	6.1738753681921388	78.9555362042837459
 334.000000	6.1195308290743320	57.6564123698001083
 335.000000	5.5272603125046027	46.7540327226565466
 336.000000	6.1639664961113407	48.2377995705685976
 337.000000	5.9871537995116553	18.6322087617006105
 338.000000	5.1767177951212835	68.5370528815376900
 339.000000	6.1513169580132514	27.0332155406754282
 340.000000	5.5287505004318875	51.8428792921332615
 341.000000	5.8749998422919134	38.1063781397760408
 342.000000	5.2849545094688706	46.5613655049781130
 343.000000	5.7874808105800222	56.1361840637773355
 344.000000	5.5451366974049234	60.9693990159836972
 345.000000	7.1107389165767350	27.6475427211635463
 346.000000	5.6819568573773553	39.1501650385289679
 347.000000	5.9586174327388131	16.8926279598167355
 348.000000	6.3451179359954146	33.4515697128587419
 349.000000	5.6203225173567670	58.2717726074552758
 350.000000	5.5184960524429290	28.6843502869099609
 351.000000	5.5814652162866425	65.5780156644701577
 352.000000	5.9056281337376122	56.3033121823471845
 353.000000	5.7384964642445979	32.5027401761845169
 354.000000	6.2702232239207341	29.0542491754585228
 355.000000	5.4296848272553113	28.8778302727886569
 356.000000	5.6580560598927168	32.2421344046653644
 357.000000	5.7408377514549018	19.9626505078137200
 358.000000	6.5069277838491422	17.0462259670030676
 359.000000	5.4363958445480192	46.2562739350083234
 360.000000	5.4161844725254662	31.8529778432240960
 361.000000	6.0206511092835759	37.9596742225764672
 362.000000	5.8962635055674077	26.0402321056924109
 363.000000	5.8441532724203826	41.8200467136785505
 364.000000	5.6084149282960949	39.6042497286551907
 365.000000	6.0220121866514704	47.3972850116102222
 366.000000	5.8489683570581477	37.3634395604774454
 367.000000	5.3581467352982637	45.6014277298236550
 368.000000	5.5012588298486707	52.2571873270014038
 369.000000	6.4754005762987417	62.0043136733365259
 370.000000	5.9728783557369383	41.8926367470338619
 371.000000	5.3228595565083596	48.5164963107192762
 372.000000	6.3202855894459891	39.4396544458229528
 373.000000	5.4900217388504560	34.8679926992495268
 374.000000	6.4805613417031340	53.0968177207258236
 375.000000	5.7439368115011558	27.6082844392535662
 376.000000	5.7351439579545103	41.7909381144005465
 377.000000	5.3761339062359044	41.2338582487380165
 378.000000	6.0680012668654300	21.3177025695871123
 379.000000	5.8980916388616942	48.7526719279446752
 380.000000	5.8023665159420492	24.8904928506502188
 381.000000	5.4299883747572206	63.0615205266129664
 382.000000	5.6186266961891977	43.6989674788877096
 383.000000	5.6576879448746036	28.2441261133171224
 384.000000	5.4265099460544706	19.9693110806905167
 385.000000	5.8419703492930291	29.6807927637307216
 386.000000	5.6270919979517906	29.2468653472100470
 387.000000	5.9984191906468061	29.0166976593531274
 388.000000	5.5397284036209777	17.9025866116708414
 389.000000	6.2546746814307044	20.3786676879847732
 390.000000	5.3032969183840777	35.2301124530279992
 391.000000	5.4682158051712939	35.8128757494332035
 392.000000	6.0002436851879706	45.3040825419502369
 393.000000	6.1252365918010145	19.7132026408445427
 394.000000	5.8020152032550092	45.4250131796765118
 395.000000	6.0804033260050838	46.3278225041260043
 396.000000	5.3278756484944898	42.8780476819718501
 397.000000	6.0169086236538476	27.8957290865063499
 398.000000	6.1076172856651212	43.3739898084442643
 399.000000	7.1094876735753481	23.1377308302244842
 400.000000	6.5675650357005209	29.4999487487548322
 401.000000	5.8222338435860106	20.0670455809750479
 402.000000	5.6137336111401233	33.2814831847280459
 403.000000	5.7760106752206175	52.2407960787460013
 404.000000	5.3575240951502749	73.2181067636527558
 405.000000	6.1453388340851163	48.7680403062065579
 406.000000	6.4546256203908543	35.6418225631147720
 407.000000	7.8294196975742656	68.3906928924807858
 408.000000	8.3230489440340172	93.6067838366040803
 409.000000	7.8948506347897336	111.7679565368354844
 410.000000	8.0576023362758846	104.2939093941660502
 411.000000	7.5017067686471224	77.1342925172095022
 412.000000	6.4966895336579364	59.4717957632108067
 413.000000	7.9637021003576614	24.2440258756570017
 414.000000	8.1971425415791206	130.0534124966856382
 415.000000	10.6259008757707356	120.3648377233540145
 416.000000	9.8030741405410620	107.3841480378913218
 417.000000	8.8480274654706061	123.1824404329661604
 418.000000	9.6672051648490918	113.2043575670556805
 419.000000	9.8221590339244358	89.2577345946660046
 420.000000	4.0317520394454656	51.0501541896609865
 421.000000	4.2136437138917966	50.3578236752253758
 422.000000	5.6010878829714921	5.0069256557275708
 423.000000	10.1666069308358420	47.0568632970195608
 424.000000	7.7888057688614412	131.6601876207976147
 425.000000	9.0925225993923338	123.7829820205520406
 426.000000	10.0040117793151442	118.5871470543916502
 427.000000	10.3261668902905104	45.7434672776647346
 428.000000	9.2698072234682236	87.5983302891910540
 429.000000	9.7743629620364665	89.7074506033169854
 430.000000	8.1608786939137072	81.8235518171609328
 431.000000	7.0570362410711187	59.2308465676953659
 432.000000	6.2478919792381582	86.5287645626501387
 433.000000	7.5769025477941661	66.2312959576484417
 434.000000	8.4176963402626299	72.8755002542700510
 435.000000	7.3923758004632871	82.9127433576434925
 436.000000	7.5331834263770574	77.9662207788173305
 437.000000	7.0897306997903602	85.0488564028013343
 438.000000	7.1149630247640276	49.9592858479426809
 439.000000	6.7941302628151172	42.0713134134821019
 440.000000	7.4584876199179462	60.4897120938700823
 441.000000	6.4011578853790718	99.1954903372647721
 442.000000	7.8015224399184984	58.3873705578437807
 443.000000	7.2412261785566674	82.0505448653696874
 444.000000	6.5421409521163225	73.1349398603559138
 445.000000	6.9112662457706522	55.2870720815324717
 446.000000	8.1816419137771508	81.9601295438602619
 447.000000	6.6293167543384790	58.8898836851091829
 448.000000	6.6855990964857250	53.2592913376984143
 449.000000	6.6221385305984990	60.5090803700735762
 450.000000	6.9081647603236274	54.6294573183565007
 451.000000	5.6188764501006689	27.2338350989831781
 452.000000	5.1811406329733751	59.2279395280871057
 453.000000	6.6376631253766645	40.5506969839099156
 454.000000	7.2184796316719249	60.8626912462224254
 455.000000	4.7866866265288879	46.5298813609329898
 456.000000	4.8767545435166229	44.2881708508668339
 457.000000	4.7235158840195481	43.9181625602325312
 458.000000	6.3385742413009112	41.1008157583044635
 459.000000	6.4133179883033105	58.8025723864148517
 460.000000	5.9843474222205941	47.3335532566272832
 461.000000	5.9978861867850970	38.8129950039024152
 462.000000	5.3805889089739418	51.8558752631103914
 463.000000	5.8563449035972477	41.3560275884238990
 464.000000	6.1059492459099429	32.5680133569117913
 465.000000	6.4445476043640513	47.5897270911715680
 466.000000	5.9299841023238544	37.2082242111314656
 467.000000	5.7078362828082101	38.9382367342517455
 468.000000	6.6672038593528526	41.8924011412090067
 469.000000	5.6676933124060511	48.0216876942440933
 470.000000	6.0107659910107980	13.2481979910031384
 471.000000	6.2330308870658353	16.0031795823950915
 472.000000	6.4107591701209499	41.1152350179651478
 473.000000	5.6615670181933622	29.8884972680674537
 474.000000	5.2464465917552854	41.3529705332549895
 475.000000	5.6360510900636438	58.8572312036931464
 476.000000	5.7582227417447678	28.3597870659200453
 477.000000	5.6546388292311285	20.2332068829520608
 478.000000	5.2001830993543763	51.3083400212054528
 479.000000	5.6812730960509414	39.3754483407332145
 480.000000	6.0889491328971630	18.7461166052914621
 481.000000	5.8587359644898225	35.6985918532778328
 482.000000	5.6043368926728165	34.6308892056595994
 483.000000	5.6732204874085044	55.4752372188915359
 484.000000	5.7101896100781939	18.4374146711336664
 485.000000	5.9862593536521853	57.8239516064811028
 486.000000	4.8616513876645548	42.5521670320670466
 487.000000	6.0537669264723979	28.9240715813124325
 488.000000	5.8780040991057554	31.2649881344060532
 489.000000	5.6069013002116117	53.9917139069074068
 490.000000	6.2001192080040752	47.7606954301032545
 491.000000	5.3787015372082410	35.8751509733777993
 492.000000	5.6139220483503678	32.9050852025062284
 493.000000	6.0834917378507241	23.4856127681107409
 494.000000	5.9430385358156856	69.3446016577750868
 495.000000	5.9143057792252538	33.8053382987760358
 496.000000	5.8479000812173378	22.7414412809270914
 497.000000	5.6612737247055422	14.7357073711961277
 498.000000	5.6343556147422902	20.3374551550078593
 499.000000	5.0699532153921725	43.6156851000177710
 500.000000	5.5081117888331770	32.5323414147648293
 501.000000	5.2303763732028026	46.9387303498037056
 502.000000	6.0001041104422868	34.2045279745914286
 503.000000	5.9133165019955758	17.6120939862993851
 504.000000	5.4805424959486713	48.9304026358015562
 505.000000	5.5694026738504405	49.4612869507733990
 506.000000	6.0454740278212853	31.5647841810309728
 507.000000	5.7560739810672663	49.1337394403867620
 508.000000	5.4806088467150964	40.3176551518233737
 509.000000	5.5785782752057784	20.4763253102910880
 510.000000	5.7438619519350320	40.4990594835698232
 511.000000	5.7509160065559524	6.8611933006187655
 512.000000	5.6387383507025000	23.6379867698513522
 513.000000	5.4102394052613985	42.8463095884798975
 514.000000	6.2974827392323389	53.8058483059140968
 515.000000	5.9688850983536179	27.7816366659853315
 516.000000	6.0999497283820361	38.9353423907005833
 517.000000	5.6716456520827476	40.8254634447844182
 518.000000	5.7593217604205629	26.4635762550043410
 519.000000	5.1655568624043262	57.7762758459954284
 520.000000	5.2715314747900974	52.4223127710864532
 521.000000	6.1863962589644821	35.2565570676796654
 522.000000	4.8592672309214313	20.5284151271974054
 523.000000	4.9292053981510264	22.5067967787842633
 524.000000	4.5081173447580172	66.0505423652167281
 525.000000	3.9246320003208925	45.0913251165138149
 526.000000	5.4393857490509383	26.3653366122331931
 527.000000	5.5706623970854396	29.9420126007048566
 528.000000	6.2915917382666180	31.4263305065240672
 529.000000	6.3951494648690543	22.9304450483251685
 530.000000	5.9773611192368952	48.9166547326680075
 531.000000	6.2102575573481236	49.3960695239863128
 532.000000	5.5608901960974517	25.8411970522151080
 533.000000	5.8402048010268528	18.6802458706668517
 534.000000	6.3758994008845375	22.9294483414727779
 535.000000	5.8153043381015852	41.6311284031401954
 536.000000	5.8801820472234381	40.9239273817559877
 537.000000	5.9783606200071064	57.3169370319450877
 538.000000	6.5446506852960038	31.7844473467145008
 539.000000	5.7408284611595137	52.7235613268275500
 540.000000	5.8625230418797125	39.6825111223726310
 541.000000	5.9418638791676619	34.7945132171159059
 542.000000	6.3385099508805585	30.5879872716985517
 543.000000	5.8817820287251790	18.8621312938149401
 544.000000	6.2408059627534591	20.4468282118853040
 545.000000	5.7349795296231205	21.5541427140113342
 546.000000	6.0932689443628414	24.0996127387803938
 547.000000	5.2089843538048166	30.4014197997638007
 548.000000	6.2306950431924015	15.8548958914150262
 549.000000	5.5822167969300960	39.8188733185684782
 550.000000	5.8689602826689571	38.5283248951631947
 551.000000	4.9959003476986483	76.4217099622182587
 552.000000	5.8475941232416320	9.7782622040482181
 553.000000	6.2345476370948045	23.5834092843639667
 554.000000	5.4151031303424277	41.9113437238797530
 555.000000	6.1733307235702339	17.5456689212242907
 556.000000	6.0422405623352224	78.4110228768541475
 557.000000	6.2640109481458772	51.4438218669899072
 558.000000	5.9036076876706449	16.1927757185731309
 559.000000	7.1847407247166455	53.0892023201639773
 560.000000	6.3036787652225126	46.8598855860780930
 561.000000	6.6252810329881591	86.4185708207246819
 562.000000	6.0067590597725724	45.5756043374000512
 563.000000	5.9679137021318436	48.6642808489963841
 564.000000	6.2825702371089811	14.7970318356758810
 565.000000	5.6990799651932242	47.6898615057118889
 566.000000	5.4059914356333412	38.0354819047100534
 567.000000	5.5544168084263248	51.6758850397197591
 568.000000	5.5095300406594205	36.8551014676647242
 569.000000	6.3575349654711832	34.1476553220626329
 570.000000	5.4223652179967150	38.2417085021864409
 571.000000	5.6650584207026018	15.1023710901555717
 572.000000	5.4838380601807319	38.7067392549864167
 573.000000	5.3144396011795747	50.6920051392772564
 574.000000	5.8789419295600656	28.4306181859267895
 575.000000	5.1372364244821584	43.5110351387801018
 576.000000	6.4909941174337993	38.9772563646534422
 577.000000	4.7768822983490420	55.7538595950727398
 578.000000	5.5788677505788122	44.7550480757831508
 579.000000	5.9652314948726124	43.5996301054598518
 580.000000	6.9921380637058057	44.0306859294420860
 581.000000	5.6125646673249658	30.0411652818452524
 582.000000	5.7357097796346022	31.8491950586398502
 583.000000	6.0610143088269890	48.7962245585441110
 584.000000	5.6885045080997569	48.0111454843329568
 585.000000	5.4229751454688255	41.6187954006053644
 586.000000	6.3562519337224872	63.1070514284623272
 587.000000	6.6954499600676058	39.7303267611412423
 588.000000	5.1199241696857385	64.6510831552805172
 589.000000	5.8681594067916496	14.9977054868018342
 590.000000	5.2387233489646192	46.7893913690620025
 591.000000	5.7552247880891709	31.3652568901471795
 592.000000	5.7859722940710059	75.2963966997831307
 593.000000	6.4515513204230448	7.4214211806217349
 594.000000	5.8619278877339847	21.9535945366316412
 595.000000	6.2149298323759457	41.9763257755880943
 596.000000	6.0921972203603092	50.2944861709501652
 597.000000	5.3901919537026117	35.2935367643281666
 598.000000	5.9818557492529640	26.9738467750199788
 599.000000	5.8669138345922072	35.9443805591194518
 600.000000	5.9250117046612099	33.7014524067630248
 601.000000	6.5667593043781709	38.0550574469309026
 602.000000	5.3920947357977864	29.5672417240924972
 603.000000	6.7424038521839291	54.7963325078772385
 604.000000	6.4418198609053521	54.6194075488835011
 605.000000	5.6958888657589890	52.1419319675935498
 606.000000	6.2249191452717714	38.2094502341537634
 607.000000	5.3657226849881958	34.2749176948225056
 608.000000	6.0388241219811158	26.4328898729229707
 609.000000	6.0067482918246089	60.4694413506064734
 610.000000	6.7478008090753123	61.4747364463972019
 611.000000	6.9369350297881907	19.0109344022929747
 612.000000	5.6399511121835593	72.5543373113823833
 613.000000	6.6401375820861759	31.8880412492098344
 614.000000	6.2927398629982427	81.5132921484617299
 615.000000	7.1262119335761680	49.5424498975530412
 616.000000	6.8692497406891668	33.4456941854419085
 617.000000	6.3679572567011933	51.0183405521607654
 618.000000	7.7684379735584752	64.4024230976355483
 619.000000	7.0950422238393402	33.1842301828643826
 620.000000	7.1418930813048664	69.1933959521428932
 621.000000	6.7075913513741776	64.8830512054077673
 622.000000	6.6579422754624940	39.3665449458684691
 623.000000	7.2849340677909709	27.0238866494350987
 624.000000	7.2846325684221016	38.3970314329523319
 625.000000	6.9035662000952973	62.1594490645289142
 626.000000	6.6868788226805886	61.4380799995392692
 627.000000	7.1810613420639129	36.3772263690052284
 628.000000	6.5321506481277076	74.1438762931932160
 629.000000	6.4562513179423560	68.9332697728953860
 630.000000	7.1577606005269470	95.4148729093487162
 631.000000	6.2970498122676739	33.3258185522390136
 632.000000	6.9497680691544552	54.1068504114874429
 633.000000	6.9966685284171746	69.4212831227592631
 634.000000	7.1538377056289608	89.1072724304559216
 635.000000	8.2235560906826901	95.3384973857190232
 636.000000	8.4882387701495627	88.3902882307766475
 637.000000	7.3378936370242513	60.9837788916090489
 638.000000	6.6337413515602446	36.7000579490923826
 639.000000	5.4809824375889784	48.3171070030047076
 640.000000	7.7680627457103739	88.5465821675765028
 641.000000	6.4365414899084543	86.9086633865351956
 642.000000	7.1034464024194888	76.4052915812496565
 643.000000	6.5213429969903665	40.9427056663965345
 644.000000	6.8667548230401785	71.2128029123214219
 645.000000	7.3689236287382354	98.4482958658955454
 646.000000	8.2056376125314987	71.9386596042695459
 647.000000	5.2027504025587348	60.0088004282637399
 648.000000	6.0791011721449202	37.1420210045862405
 649.000000	6.1545053218897561	19.7125726944928772
 650.000000	6.1054972050574570	22.4507617264484907
 651.000000	5.7901677498428690	18.8262698901315275
 652.000000	6.7983604087490628	88.6958450291031539
 653.000000	6.0052724508511313	18.9373996612731332
 654.000000	4.7050223235843820	51.0499293367819291
 655.000000	5.6420368367799352	42.3350822810528484
 656.000000	5.9266221160280956	49.9331015714892317
 657.000000	5.7023144486156090	26.3652793062649380
 658.000000	5.5901902663945204	17.1694557306736328
 659.000000	5.3055687186149756	65.3108532912809494
 660.000000	6.4516804430985566	40.4913583666831869
 661.000000	5.7451343539894530	27.8313231172018334
 662.000000	5.4984398300728357	27.4943979130276546
 663.000000	5.8130823261688063	25.0910434177093009
 664.000000	5.4862709068459719	33.5385484559378995
 665.000000	5.4265571789253615	34.3348246352213948
 666.000000	4.6124215560048709	50.9442594141233940
 667.000000	6.0090797444665691	14.5897312081817461
 668.000000	5.4978543806876221	17.6435455860516868
 669.000000	6.5047030169822104	33.0216095284199014
 670.000000	5.3358892115077916	74.2308786400131595
 671.000000	5.2139350856714763	38.1542661842120481
 672.000000	3.2661577984770038	39.0107508267336698
 673.000000	3.1793654364345545	53.7007365509324757
 674.000000	3.1990477398741479	46.1902127864759393
 675.000000	3.7797493201392554	15.5233243596701413
 676.000000	3.8819859152456324	11.6355900061376758
 677.000000	3.3966739630929048	31.9762441124696011
 678.000000	3.3974289105411382	56.6300124693891433
 679.000000	3.4244694890275764	56.5653863546831133
 680.000000	3.0746447500464185	31.5591419007436684
 681.000000	3.1399988180876255	21.8923103071677758
 682.000000	2.9887337798810258	30.1713911038247602
 683.000000	3.2877732502723527	35.7700024077500984
 684.000000	3.0591042764621506	28.4458772197108658
 685.000000	2.9183906567443030	21.3009334398904002
 686.000000	3.6176929872012007	34.4445915012805131
 687.000000	3.0997406678764317	22.0958872602044778
 688.000000	3.6573272867201676	32.7987910644324359
 689.000000	3.2062635251270728	12.8167037279667113
 690.000000	3.7723157838622638	46.8847644367338319
 691.000000	3.5091595244215203	42.9473601206988178
 692.000000	4.1122073361858025	23.4780712468588320
 693.000000	3.4922999586445567	41.7519985272702741
 694.000000	3.1595912806875264	26.3296437114478294
 695.000000	3.1173786698856505	31.7650119185057065
 696.000000	2.7653675539307971	33.9619476054305949
 697.000000	3.0288694704695933	32.4877943345565541
 698.000000	2.8597339705579801	11.4968442934316784
 699.000000	2.8237498271556452	32.3357144730999266
 700.000000	3.6063650463950894	32.5194677194036501
 701.000000	2.7650777968336984	28.6868635142657240
 702.000000	2.7810410188971635	32.5483956015738158
 703.000000	3.0292516632065141	29.0114585479434481
 704.000000	3.5522767749511948	42.9477414486975704
 705.000000	3.2337133600305683	38.1111276608947946
 706.000000	3.0745637949611311	28.0086483157308237
 707.000000	3.3494678548576613	21.6386276864782303
 708.000000	3.5292294701890761	48.0676264968817009
 709.000000	3.1250746077194016	20.6368375541375428
 710.000000	4.7363204941337846	37.7551638698275553
 711.000000	3.1839379343365195	32.9822192347306498
 712.000000	3.3581279986811308	56.0326997347994649
 713.000000	6.2859952438553552	72.3884032419282590
 714.000000	6.0534938357726977	13.4833554621924065
 715.000000	5.6817590235822779	23.7689450102656110
 716.000000	5.7704717381830655	42.8974178499382219
 717.000000	5.4232494104598254	28.4536830096755295
 718.000000	5.6852111068654994	36.7507657386935591
 719.000000	5.3127454428514982	56.1449387586268216
 720.000000	5.6356099663757933	33.8975564133521345
 721.000000	5.0017335838401316	17.3048630636919825
 722.000000	6.4493429201989221	21.9839363574060656
 723.000000	5.3551278565707658	77.7503659829537384
 724.000000	5.0218400628299609	64.1319670762037930
 725.000000	4.9889219029458518	82.6390469338578697
 726.000000	5.1138995396890721	50.4989317505183237
 727.000000	5.2405476863396681	62.5330073069565913
 728.000000	5.6317016260480814	20.0203545684777282
 729.000000	6.3664557142823224	21.9162530983930424
 730.000000	5.6628781933344259	49.2787749341617598
 731.000000	5.3090243293829138	34.1843751986165785
 732.000000	4.9226836658819098	52.1480735531386443
 733.000000	5.3934446820728716	49.2316707346013800
 734.000000	5.9036002657564239	47.9093669233580215
 735.000000	5.5908852179856074	72.0531530079369986
 736.000000	6.6324402062967218	37.6296013587252105
 737.000000	5.7554540582414555	43.9788670463117342
 738.000000	4.9395714706302476	41.0346470938594905
 739.000000	5.7599337294148247	32.9645422929601466
 740.000000	6.4533486217514797	49.0972235923850064
 741.000000	5.7113926234547163	54.8663862254974930
 742.000000	5.1544526877076606	37.5094657623343721
 743.000000	5.6632044469076162	60.2622879381298446
 744.000000	5.5067393195371626	27.3383054662054121
 745.000000	5.9481284943286763	89.9565549353431209
 746.000000	4.7292950971062711	38.0734832712291791
 747.000000	5.3533673856473269	58.4795121484974629
 748.000000	7.0211418054601582	24.3511915198706106
 749.000000	5.3712180391952193	46.6704003907004505
 750.000000	5.8254520585572962	19.3023759430504640
 751.000000	5.7712846668273068	31.2281264539677466
 752.000000	5.1018453206511838	24.6865788818543308
 753.000000	6.4629949676996743	66.3083953282138765
 754.000000	5.1782113250465152	42.7062048573647530
 755.000000	5.8163909254855977	60.0800426928936275
 756.000000	5.4520949163168728	44.4696902282076962
 757.000000	5.6806176166052307	32.0819676142027106
 758.000000	6.4171344403747836	19.4340052603827758
 759.000000	6.1458938445399518	29.9799941516037052
 760.000000	5.2411130166322026	51.7675328308920086
 761.000000	6.1124336824808223	16.9990730493428828
 762.000000	5.4979596773410568	20.6226640805974739
 763.000000	5.5252488045086965	24.5259103487491643
 764.000000	6.2187960330350451	58.0634691800680969
 765.000000	5.5127133766214964	31.0713357704912596
 766.000000	5.1760954664481558	42.3067899914881309
 767.000000	4.8602246307249244	41.8581206040012717
 768.000000	5.0826118681361026	55.6132395263597772
 769.000000	6.0762080735323165	36.4633360913830984
 770.000000	5.6135052568476498	42.6671347649562449
 771.000000	5.9885295873664841	43.8654194094119987
 772.000000	5.0805080267614304	57.3622210108641610
 773.000000	5.4017061810462836	54.8949763895303136
 774.000000	5.5724230505465853	25.5989226083214589
 775.000000	5.8055768149346711	14.5582559641122771
 776.000000	5.8012374679173364	28.8922796558382231
 777.000000	5.6785682828602466	53.1612512480236319
 778.000000	5.6153820118235469	34.8086491572636305
 779.000000	5.8330116665432410	53.1097950221922872
 780.000000	6.0545543951694452	37.7101340773146205
 781.000000	5.2577421517950187	82.9958124485340676
 782.000000	6.0861315660154309	41.5954391283536324
 783.000000	5.9603326983738825	37.7347134749556972
 784.000000	5.0537917509174095	53.6859822430938465
 785.000000	5.6117698243823959	31.0449068658145677
 786.000000	6.1056721502746525	36.6306857243345974
 787.000000	5.7434209549393156	24.2928613991354325
 788.000000	6.2505957688142963	25.5370022979529381
 789.000000	5.4557830379017958	34.7010754561877661
 790.000000	6.5312598544147615	33.7358378265716681
 791.000000	5.9523927879578054	24.7706815452634714
 792.000000	5.4591597962015896	29.9617034662779531
 793.000000	5.2694994550470744	39.3625605677243300
 794.000000	5.3633455703341602	47.2828574274221864
 795.000000	5.5993076365200167	49.7647282194122624
 796.000000	5.0261103564131995	58.3918184696089639
 797.000000	5.9066556710591609	37.3142062401108774
 798.000000	6.1988122393090057	25.0638150517140730
 799.000000	6.1726972049788165	76.4990879284354719
 800.000000	6.4527556291157495	75.6465249755280524
 801.000000	11.2194922939306423	73.6629211335437049
 802.000000	8.5623360057606579	80.1996810506690423
 803.000000	6.6426655001738624	75.4047480816023210
 804.000000	5.7612084917777295	48.3063518345855982
 805.000000	5.4465243543652475	26.2502826804224014
 806.000000	5.2904149467268882	92.6423084374098664
 807.000000	6.0274915687448960	17.3759631737495965
 808.000000	5.7655284864335030	54.4581057648202318
 809.000000	7.4226167888734071	90.5940559476794078
 810.000000	5.6506620271193650	28.4184073302689626
 811.000000	5.4067569180182984	27.2633524640822884
 812.000000	6.1441483077925305	34.4824689227334602
 813.000000	5.0683022193463660	38.5383371040281588
 814.000000	5.6667872107703401	35.9720546756377644
 815.000000	6.6187564196894577	42.0340991002754265
 816.000000	5.9542048481683372	63.3872682236483200
 817.000000	5.4582727579097172	20.2602485981841767
 818.000000	4.6616255381241727	40.8372664608734794
 819.000000	5.8589847899793428	38.7450246225610613
 820.000000	6.5115344686963459	56.7110515907381796
 821.000000	7.2715872380828390	44.3389169814391835
 822.000000	7.6069167182862687	64.2899004743561733
 823.000000	8.0036304509352156	42.1462457558522487
 824.000000	7.1920295806265848	45.3767965253648242
 825.000000	7.3708300573928751	46.6152673633235679
 826.000000	6.8079301185742258	45.8387369722580900
 827.000000	8.3662308677263066	43.8945363479740536
 828.000000	6.7846360697061590	42.3399763961992619
 829.000000	6.2553527325124616	42.7025893616490464
 830.000000	6.6515832196363434	42.3189242311021019
 831.000000	5.5057490716375490	58.8141670344381282
 832.000000	6.6246230446973895	34.2022877021128409
 833.000000	8.3332588771568989	16.1734337207230681
 834.000000	7.5660956602864378	5.0951758270037715
 835.000000	8.1429461715992044	14.7951258410415960
 836.000000	8.7763265927378313	30.3093964056614880
 837.000000	9.0096907196943423	90.7429717105143965
 838.000000	9.5078399572019769	150.4559600579985386
 839.000000	10.6998457675829410	126.7535856314799361
 840.000000	8.7329934166582337	173.2145182871643101
 841.000000	9.5969226235014293	159.3190438766975490
 842.000000	10.7772461806637683	145.1659670522888348
 843.000000	7.1931256623793862	145.7846898560433715
 844.000000	8.3045280973324420	162.0031766686250876
 845.000000	6.8525087642581406	151.5688451429208499
 846.000000	7.7153256653463105	142.8595796366902277
 847.000000	6.8181983537769781	147.4890444192301970
 848.000000	6.9030764413304135	144.6409684545056109
 849.000000	6.9418875808607599	146.4030036158787880
 850.000000	7.0216917031016877	141.9186214300338520
 851.000000	6.7151413964439284	141.6870559159357299
 852.000000	6.8652646836893583	129.2190221144063003
 853.000000	7.1546466824971819	142.8316416817061167
 854.000000	7.6366324308204199	159.4315047553346858
 855.000000	6.6418922670091112	139.9454067269991526
 856.000000	6.7025367379519833	150.0935985221960891
 857.000000	6.3942431162525484	142.3041654327656431
 858.000000	6.8356567056506670	138.6677905016746593
 859.000000	7.6818417107668830	139.2837174357756282
 860.000000	6.7035004464027530	144.2804923829737334
 861.000000	6.9016540214048208	148.0915847244532131
 862.000000	7.2668768245250028	142.3882194236408907
 863.000000	6.9740221922641368	142.6625355659648164
 864.000000	7.5671154946488643	143.3344426378589276
 865.000000	7.2295583472823877	144.1920923330138464
 866.000000	6.7976443026303048	158.2610932115329092
 867.000000	7.6265011281004300	155.9439279281462802
 868.000000	8.1905769554911885	177.7037261501035346
 869.000000	7.7465934453049421	161.2613846422570703
 870.000000	8.8940496102774844	114.8085466971544690
 871.000000	8.3612026278485168	168.4943484126856106
 872.000000	8.4873114908608667	152.0459531861698110
 873.000000	8.6387258167582193	117.6560441556529781
 874.000000	7.7902415415535788	151.5267781201478670
 875.000000	6.3627690136117216	155.4425245904512281
 876.000000	7.8269508667839505	160.0428801636086007
 877.000000	8.1967861245230473	154.2723136009707616
 878.000000	7.1370166503176060	153.5503925450708493
 879.000000	7.5863720629014422	152.6430650459764991
 880.000000	7.0815624234743026	169.0864448708953773
 881.000000	8.5756468189825554	140.7233532514496233
 882.000000	8.3207229688263613	105.9488393651326987
 883.000000	7.6560383874920630	127.2166084393697361
 884.000000	8.8840783330294055	124.2347415993083928
 885.000000	8.7210762339284695	128.8131760370117149
 886.000000	9.2556332450265693	145.5035783800662159
 887.000000	9.1117875213530954	117.4605768187127097
 888.000000	8.1236347396395097	114.2334859579343913
 889.000000	8.4788500881278708	94.9793316177497360
 890.000000	8.0663690530926555	158.8381763037741621
 891.000000	8.0719639781287960	127.9916246331027594
 892.000000	7.1637423850846513	117.3641459706530839
 893.000000	7.3705046495375210	140.6850155290211433
 894.000000	9.3716703355662876	116.8748475342183468
 895.000000	7.9870122543726012	133.8187887011743271
 896.000000	8.6351015080622595	141.1887022820335460
 897.000000	7.9412572053906523	159.4856629823567005
 898.000000	7.8096789811388811	108.4809197036073556
 899.000000	10.0820909835020061	115.6731121828372864
 900.000000	9.1403734011264497	120.3851138733791544
 901.000000	9.4468179619236370	122.6255404804344948
 902.000000	9.2828222068781034	112.8661654587159120
 903.000000	9.7706689327793725	127.2786652223078221
 904.000000	9.3462740547426773	103.4324324386829517
 905.000000	8.6150761569616403	135.5058979256887142
 906.000000	7.8374005706576026	168.3555735438620786
 907.000000	6.7568159593190051	167.7605550015246365
 908.000000	7.7658958933057534	169.3727399676056962
 909.000000	5.5845941632064662	147.3028402057524033
 910.000000	5.7150696782667856	168.5448659503495890
 911.000000	7.6471949227325933	159.5453537698659545
 912.000000	7.3162795261181452	168.4738152481390046
 913.000000	8.6716360385539684	149.8915692677749973
 914.000000	8.3208931275505389	145.2708429953007965
 915.000000	8.6268068200067507	166.4113310811013093
 916.000000	4.5894279899030366	152.0883688530876441
 917.000000	7.7437788686867464	152.5048721228405952
 918.000000	7.0774287307139705	154.5481490433506053
 919.000000	6.1651291230182412	158.1567240610158365
 920.000000	7.9487213675862112	157.3968604437522458
 921.000000	7.7406757601449749	160.5083137639135487
 922.000000	6.1313057548167462	167.3128899008011956
 923.000000	7.9142371175480219	164.2760609040504960
 924.000000	7.7822268578988263	158.7244719650408342
 925.000000	7.4381560087993863	153.9351141245223857
 926.000000	8.1492064916371305	174.3691402643979131
 927.000000	7.4088713653743605	155.4721704505202524
 928.000000	8.2303637927526125	168.4716219988495425
 929.000000	7.6587737963829321	168.6950194700040129
 930.000000	7.1157301659376584	170.6520626031927179
 931.000000	7.3808506255539008	164.0707119784201211
 932.000000	8.9497566931606300	167.7606154936334519
 933.000000	8.4610091557915510	173.5454874518703434
 934.000000	7.4636124477135821	64.5239309016349409
 935.000000	9.0964700775691654	67.8321638227449029
 936.000000	8.3501919630753711	123.4050531676746658
 937.000000	7.3463538115532669	25.3232301548326859
 938.000000	5.5998512575369963	13.7131880152604140
 939.000000	6.3730364445382568	113.6326160504993084
 940.000000	6.8414426059939428	88.8518546142013435
 941.000000	8.1156694157424472	82.6205083786482959
 942.000000	7.4581308209819595	69.2641043579143627
 943.000000	7.3851307778707431	110.5821229997190045
 944.000000	7.6173082984281635	24.8043363654863924
 945.000000	7.1356391179679290	71.6219956992497941
 946.000000	7.1779158593254193	53.9773446977850000
 947.000000	6.5978270165833486	80.4590541871586993
 948.000000	7.2951390030815020	65.9305267041985132
 949.000000	7.0297708896276054	40.5663934049342743
 950.000000	7.7636255298783565	56.7399039040206929
 951.000000	7.7537046895277140	75.4341600240757089
 952.000000	7.8084259612138069	48.7628639404360626
 953.000000	6.7742405976284692	64.1797632210446380
 954.000000	7.6887510314757348	19.8582972003496252
 955.000000	7.0377650240548046	99.2668859482255641
 956.000000	6.4342518750402657	66.9668432157742188
 957.000000	6.7172258084747378	49.9520464566974169
 958.000000	6.9890383771188045	65.4892259920710558
 959.000000	7.7367606527570958	54.8420790201756603
 960.000000	7.1881335294471720	64.6594248835306757
 961.000000	8.7119260843246220	123.8324903279966236
 962.000000	7.5907879327041794	69.2356352424951069
 963.000000	6.4862892338100941	100.1461647473740726
 964.000000	7.7073495791689881	85.7753036810638605
 965.000000	7.1024815103404952	84.2731848548040716
 966.000000	7.3056760365661528	73.9419903484989050
 967.000000	8.7817425316558584	58.9486167523662061
 968.000000	10.9496876388118132	115.2879782925355556
 969.000000	5.8876651480199200	10.8661673702470409
 970.000000	9.2124419560172655	38.4526611387347543
 971.000000	9.2980968187263748	125.2430260932822250
 972.000000	6.8998520276422131	76.2854518008822282
 973.000000	7.9249395236325908	58.9360729340839100
 974.000000	6.8077908300762067	49.2575125035378960
 975.000000	7.4643637919979327	85.2391816574402981
 976.000000	7.0190015397468883	75.4431267451151086
 977.000000	10.2564829307247543	134.9095999581855096
 978.000000	6.6280950596556485	57.3470216659292902
 979.000000	6.5106806190821693	91.6058240384148519
 980.000000	6.6545038893362696	74.5884962540613685
 981.000000	5.8541197286284605	23.5300649295731148
 982.000000	7.1718466002347752	69.0366247035606619
 983.000000	7.0273246129423210	56.9458803472846569
 984.000000	7.6899833100451831	84.1553015857799380
 985.000000	5.8180974147865001	36.8021969773088529
 986.000000	6.8384352302251168	91.6717735729563543
 987.000000	7.0560871607698159	57.5613873877699689
 988.000000	7.3220595323399893	47.1226176419916669
 989.000000	11.2217232551287989	42.3925634340472470
 990.000000	7.1133906497098334	53.1436827918602859
 991.000000	7.6761595400794489	38.5744268862147521
 992.000000	7.8633579932827997	35.2061106390820555
 993.000000	4.6418669561135841	43.6832076146723125
 994.000000	5.2153615977224517	38.5950728190144048
 995.000000	5.4180994984262476	49.7073742638318947
 996.000000	5.2777943900657309	7.5636934825703008
 997.000000	5.7034518184893681	4.5791336970083591
 998.000000	7.4685785208790731	25.9421358640648236
 999.000000	5.6364766508411366	38.4972877860684832
 1000.000000	4.8140555588736769	64.6601972638678149
 1001.000000	6.7889413916473460	55.8130438650440368
 1002.000000	7.5950780005538503	14.2011379739637675
 1003.000000	6.0859764996008403	41.3470598762513930
 1004.000000	5.3783484287383247	2.5360448933079169
 1005.000000	5.5546588416725573	20.8785983621282014
 1006.000000	6.5924781570891859	40.7573476271132051
 1007.000000	5.9240998045526672	27.8865840728751664
 1008.000000	5.2181749205339125	37.9595424760762228
 1009.000000	5.3263593152297526	55.2284721304839223
 1010.000000	5.1415366916816447	31.7440422570800820
 1011.000000	6.0682147040991037	34.1852905883797575
 1012.000000	5.9278165530111711	29.2325279409501206
 1013.000000	5.6764842783330094	39.0598579516905318
 1014.000000	6.8997288440356304	28.3114450917636304
 1015.000000	4.8878848967886839	51.3568081077062857
 1016.000000	7.1029546806268957	14.4588634506359881
 1017.000000	7.1026600305644170	82.7816977293567362
 1018.000000	7.8085370428858969	103.4415342606245929
 1019.000000	7.3475032548520121	88.3686102597936696
 1020.000000	7.5286300516359024	102.9494465003526216
 1021.000000	7.0645330290958679	109.6140743827738504
 1022.000000	6.9686755535631173	73.4709908806226366
 1023.000000	8.6059622127472135	103.1897828177731640
 1024.000000	7.2618116394035104	51.9750745682454180
 1025.000000	7.9693567005619332	66.5557679670766618
 1026.000000	7.0357390724193190	52.1506230712221992
 1027.000000	8.9115337030025152	37.3919805910786067
 1028.000000	5.9133622955714022	70.0960845660931966
 1029.000000	7.9771996392143079	45.8433026603686642
 1030.000000	7.1908803877808527	65.2617994931504768
 1031.000000	6.8612193185119654	68.7380827066010767
 1032.000000	6.9292505203526105	69.9354228395661011
 1033.000000	8.6899662496000651	83.9702583474842470
 1034.000000	6.2375044739862018	66.5273706794912130
 1035.000000	4.3477903839900343	36.1551858592218309
 1036.000000	3.1400965125720974	17.4711382834491644
 1037.000000	3.5760538250393852	22.3142386928522569
 1038.000000	3.6151916093608469	8.3752490619601190
 1039.000000	2.8551854530398284	35.7527519318246902
 1040.000000	3.6689823106517938	18.7316830776256040
 1041.000000	2.9160781341129840	41.9727502166205682
 1042.000000	2.7816531669424083	22.6267975983437850
 1043.000000	3.0243227771189178	28.7827463774143553
 1044.000000	3.0822690397004755	8.2238520679294140
 1045.000000	3.4503693207660855	24.4204900116073702
 1046.000000	2.7168348860911826	32.6327813283946853
 1047.000000	3.2374115248625022	42.1496751109676779
 1048.000000	3.9263316231453413	46.8145348259098171
 1049.000000	3.0265640129876199	17.5614392708643550
 1050.000000	2.9665538017104875	18.8846802383258421
 1051.000000	3.2119608897214329	41.5258364405609939
 1052.000000	4.5607702863026249	11.1747868083267008
 1053.000000	3.3631412792753173	20.8870160172532167
 1054.000000	3.0249740501579390	38.0313779524363440
 1055.000000	4.5619579143591942	12.0414119064258500
 1056.000000	3.3182722483081264	21.8470217026661544
 1057.000000	2.8568839255603198	23.6165319578973651
 1058.000000	2.9755265985582384	29.3084862440096856
 1059.000000	4.1880081819497601	45.1075051779153284
 1060.000000	3.1145935457299347	43.6374425257902203
 1061.000000	3.0347457728920539	37.4466795774236232
 1062.000000	2.9924988638819277	43.3427823085482657
 1063.000000	3.4502662919286395	9.4725382281546899
 1064.000000	3.7728989477057269	38.2641778738598930
 1065.000000	2.8662843153953008	25.1321631425238365
 1066.000000	3.0724359923972822	34.1263468524766438
 1067.000000	2.8874321738392910	42.0226674363225925
 1068.000000	2.8703167234819285	31.0865260254447264
 1069.000000	3.1695313158377334	32.5689655268884621
 1070.000000	3.3739230062513150	27.8347439743131702
 1071.000000	3.0310187381974112	19.0542909178925015
 1072.000000	3.4292045125706738	28.9474241970031301
 1073.000000	2.8704422853108449	14.2889371317042730
 1074.000000	5.6693700742229458	26.8506598821513194
 1075.000000	4.7771276737821635	32.9713302477728973
 1076.000000	4.3879664361841968	46.0786659553743334
 1077.000000	5.8330636849071835	35.4915913254591260
 1078.000000	5.2608610864497933	41.5946860485628918
 1079.000000	5.2104147011874096	51.3859981802715993
 1080.000000	5.8137668161072780	52.0703960936665737
 1081.000000	5.2597449047804234	43.7508970802253714
 1082.000000	5.4638181484453234	11.1947919196273347
 1083.000000	5.7970851396738139	11.8809024686533746
 1084.000000	5.2693309864999591	22.3373199277120591
 1085.000000	6.4078472612779196	34.8577391130644969
 1086.000000	6.1493932705722703	15.3395493216897023
 1087.000000	5.8068060761665539	18.1308056476628963
 1088.000000	5.5680425832089435	15.1558780146681045
 1089.000000	6.3335497116981072	25.6020654589977994
 1090.000000	6.1155733702954862	20.8021527250355405
 1091.000000	5.8623622612902802	45.6464254194436876
 1092.000000	5.9252735141377597	30.5068864578366288
 1093.000000	5.8780742110870516	19.8187068399786597
 1094.000000	5.7572859725514567	53.0725593295003790
 1095.000000	5.7348578693436219	31.1753412435549535
 1096.000000	5.6014524465309066	54.2012537038251025
 1097.000000	5.8254949117746166	52.9804715668696105
 1098.000000	5.4144294035664746	56.3382133495676811
 1099.000000	6.2383356674830370	21.5558053061443786
 1100.000000	6.6810472704280768	21.0823775811004452
 1101.000000	6.9687307289808631	68.0852656907077858
 1102.000000	5.6211949031192514	20.7908341506920920
 1103.000000	5.6427914104357102	17.9580402191791961
 1104.000000	5.9837577423798756	34.6754508439608173
 1105.000000	5.6953050471405158	19.0648029682372169
 1106.000000	5.5810472511787586	21.6493659921807762
 1107.000000	5.5372131538469143	82.8630013149894324
 1108.000000	6.7882717146844334	27.9718162961999042
 1109.000000	5.4788372379629822	36.3548264307873694
 1110.000000	7.8635462361018993	24.8423150610070138
 1111.000000	5.7694771821623370	30.4184876470005179
 1112.000000	5.6034170029901924	19.1322616743009064
 1113.000000	5.6201910409036557	36.0342242722254582
 1114.000000	6.9836267946245396	13.9313830926209050
 1115.000000	7.3257870696514864	31.7500497968022444
 1116.000000	6.6019531736598163	84.8858231726649564
 1117.000000	6.9455918738297537	80.9170393363082212
 1118.000000	6.7581929366659752	69.9630479620477956
 1119.000000	6.2011421185639817	72.9085749495134792
 1120.000000	7.5266199846018242	52.8811074804859089
 1121.000000	6.1835439910478609	70.0816429858734580
 1122.000000	7.1738607754411987	37.7592386063939784
 1123.000000	5.9722023509380850	48.2395203830761830
 1124.000000	6.9315312573249335	59.6215433547008047
 1125.000000	6.8461251211443086	58.1017599369694580
 1126.000000	6.3662275257032110	55.6428833971988155
 1127.000000	7.0335529107926478	73.6279889910272232
 1128.000000	7.4427972447315298	65.8653877378176418
 1129.000000	6.7518591784586661	55.2956670768514442
 1130.000000	7.3054362570035876	57.1704285687206237
 1131.000000	6.8424569619340003	80.0513350693933745
 1132.000000	6.2088664972997432	81.7863227879474692
 1133.000000	6.4597818688594053	92.4981658788932037
 1134.000000	7.0938088478921237	35.1020199227002081
 1135.000000	7.5143527712495226	19.7898663904227874
 1136.000000	7.0548117159661956	58.7595212602130914
 1137.000000	6.7615874046056037	45.7221472657141987
 1138.000000	6.9262356152156750	22.4044219739375592
 1139.000000	8.0950674318173146	59.8705751459914239
 1140.000000	6.9059864911973321	54.7556246226476730
 1141.000000	6.3629657764075720	58.8789559723341114
 1142.000000	6.3163143865014622	81.3895493164708341
 1143.000000	7.4104677627449789	69.4885903241925433
 1144.000000	6.8965887551905007	76.1060385078153132
 1145.000000	6.6680506553817835	71.8891798627328455
 1146.000000	6.1529179480745242	57.4400991326757406
 1147.000000	6.9742784153830852	90.4143905373715455
 1148.000000	7.3831323744006259	51.2267202675394344
 1149.000000	6.6552122376319298	55.8084706820649359
 1150.000000	6.8643489296279157	43.6781392035050828
 1151.000000	7.1468584884551278	63.0971316347201707
 1152.000000	7.3642001938848516	88.9336365898077901
 1153.000000	6.7911726323333523	100.1839211105255032
 1154.000000	6.6473808504213494	64.6426411167312835
 1155.000000	7.3840037257728595	54.2077558519044942
 1156.000000	6.3424364996601987	79.0840512089741026
 1157.000000	7.1950948695774946	50.9655313999654140
 1158.000000	7.4913008997936172	50.4924183935957842
 1159.000000	7.7906939330228200	92.0056870695780020
 1160.000000	7.3027845748767453	68.9002125083348034
 1161.000000	6.4939109593375521	59.6613739018849998
 1162.000000	6.9257647275501206	50.5232870597716612
 1163.000000	7.0254870179687288	99.0770739978279096
 1164.000000	6.8194011497461720	73.5338762058732698
 1165.000000	6.8918058491227940	32.8731422030317049
 1166.000000	6.1024852377434682	15.5534350184828725
 1167.000000	6.8308020749468703	49.2713025703291692
 1168.000000	7.5202831301272104	49.9999354382599677
 1169.000000	6.7171608380035188	47.1158716887223932
 1170.000000	6.4709259419210978	20.8009890830227278
 1171.000000	7.7154570201754513	60.3411246711072522
 1172.000000	7.1092198636048742	40.3152430077228985
 1173.000000	7.0926502311715351	44.7009004701039601
 1174.000000	7.0146263196560632	54.2451806409293908
 1175.000000	7.0952996130752419	81.8274298128039987
 1176.000000	6.7156908925708096	90.0683869993848418
 1177.000000	7.1447222008937965	78.7042621674857514
 1178.000000	6.8386967587204035	95.2184094478314194
 1179.000000	7.2980119310332068	72.8976117438111260
 1180.000000	6.6823278135254816	72.0297081385169093
 1181.000000	7.1518112226787238	88.9292052198676259
 1182.000000	6.0723110476062603	53.0796766253279628
 1183.000000	6.8281268815334757	35.8704894283299893
 1184.000000	6.8507838772410006	102.1955894979177657
 1185.000000	8.6362046220697035	89.6677155430967900
 1186.000000	8.8938511132055105	106.6981534278134376
 1187.000000	7.9626155512726342	94.8009994271884864
 1188.000000	8.4478926026515850	120.3528326462705706
 1189.000000	9.7733003311216713	99.0410790677698287
 1190.000000	8.2427017345214733	100.7556829441977868
 1191.000000	8.1221774869314487	72.2723042066266856
 1192.000000	6.8655336239137261	90.8728026412065049
 1193.000000	7.5585523295265364	78.2188368963383454
 1194.000000	7.4397479187043354	56.5288262590881772
 1195.000000	7.5709338748994766	60.1510067905479104
 1196.000000	7.4335203462505763	52.1393123688794304
 1197.000000	7.0938407995353847	59.3889305317733687
 1198.000000	6.9537413989059784	93.0287368964350776
 1199.000000	6.8790212143696445	62.2094197188092863
 1200.000000	7.1408982622179007	88.5033535748949021
 1201.000000	6.3902288363042210	56.4050721140283713
 1202.000000	6.9312397956026146	88.8510245223706789
 1203.000000	6.2414595412348053	97.2178511982303633
 1204.000000	7.5186242604752032	107.3462243845570470
 1205.000000	7.5806455570655960	72.1377601698897735
 1206.000000	7.4072248082355427	75.5912101639994489
 1207.000000	6.3402669841807233	34.8990228296958094
 1208.000000	7.3333968610247711	121.6815739999527182
 1209.000000	8.5171258738343276	101.9149031243530317
 1210.000000	8.6862990575207313	114.0977668998868353
 1211.000000	8.1422403023023069	82.3384873967927717
 1212.000000	8.7150055088549827	99.2554637101581108
 1213.000000	9.0020194408785379	102.1604673765054088
 1214.000000	7.8011204520348834	120.9381597655578844
 1215.000000	9.3608609985294517	114.4964787487694338
 1216.000000	7.4182927899731324	101.1277733058339123
 1217.000000	8.2089328743683900	117.6708054289893255
 1218.000000	7.3498915345161446	124.1046235349077449
 1219.000000	9.1428589502368514	73.0785135493913884
 1220.000000	8.6085291691200787	86.1820123240745346
 1221.000000	8.5076912937484828	64.9800594889876209
 1222.000000	7.0059534084997575	74.3307932901138599
 1223.000000	7.8615147738130622	72.5315265569287249
 1224.000000	8.5125908666691039	112.6650766274104427
 1225.000000	9.2910896147477740	101.0897460337877334
 1226.000000	9.1430565699623418	119.9218685727807809
 1227.000000	9.0693357086252941	113.1619234162666174
 1228.000000	8.3119536473100233	119.7187493804410963
 1229.000000	6.5360094310371366	80.6791886577515100
 1230.000000	7.5956353698997470	131.6782215082690755
 1231.000000	6.4244355162617826	168.0561538746205485
 1232.000000	6.6022313444642533	152.0144072948563121
 1233.000000	6.7762889790471768	149.4943643831637132
 1234.000000	8.8604754074976118	166.3971928657571766
 1235.000000	7.7764520055407287	165.3613731231759232
 1236.000000	7.6164921324001886	143.3343611297813425
 1237.000000	6.9359392970590994	152.7707264408336982
 1238.000000	6.4424183142673872	144.4162989318319319
 1239.000000	7.3755895960639402	139.3029188211496034
 1240.000000	7.9936593071269035	115.9331319329666030
 1241.000000	7.3756807086927587	109.9261940719205342
 1242.000000	6.4167491366788694	144.6075942444238080
 1243.000000	6.7356645078759190	153.4307799053538588
 1244.000000	7.8552474453752730	154.6780655909718405
 1245.000000	7.6731453190403656	149.8545856159590244
 1246.000000	7.1936038687994532	171.2217241131115770
 1247.000000	7.7316249533503019	148.5777702645443696
 1248.000000	7.3403983884069781	145.5826199207876357
 1249.000000	8.1229149193886894	150.3338459781605820
 1250.000000	6.9514795266035145	121.9183636555587213
 1251.000000	8.0352042744965839	161.9764937999906067
 1252.000000	8.8993945870101143	145.5067620839651852
 1253.000000	7.7338712023600937	140.2381040140320465
 1254.000000	7.3284059941698816	148.7368001582309773
 1255.000000	6.3232277501226921	167.7746467931900725
 1256.000000	8.2244179680439231	131.3187028581978097
 1257.000000	6.7802632081520322	142.5910014116301738
 1258.000000	5.6645414197605062	133.0545761941778551
 1259.000000	5.9913620098619234	115.2861720561465830
 1260.000000	7.4314315234144201	93.9317454952687285
 1261.000000	8.6864587555787551	97.1786493526836352
 1262.000000	9.7249314525482511	117.0117132088393817
 1263.000000	10.1225883546001256	68.5990882724844369
 1264.000000	10.9996119778096055	135.4303210993498681
 1265.000000	7.7196741113675484	123.6398022937756878
 1266.000000	9.9527125045495310	110.2978412912179635
 1267.000000	13.7386110179745220	60.2787615648482387
 1268.000000	10.7454251756426569	106.0902860333855244
 1269.000000	8.3403526633074083	46.2763432285339036
 1270.000000	5.9730950444254116	72.0850106061886891
 1271.000000	6.2888958239744648	63.0472697240662825
 1272.000000	7.8831129574367553	53.8594970303708465
 1273.000000	7.2294516518700815	64.6292338950268146
 1274.000000	7.9158988908267514	58.4557055860595085
 1275.000000	7.1402998785787171	41.8059866142664589
 1276.000000	6.3857614369022233	69.4694602511771535
 1277.000000	6.5685378054300898	33.6359656932566509
 1278.000000	6.8853305597490682	107.0810544795355668
 1279.000000	6.2755180184459487	31.9674761899842679
 1280.000000	5.9121261563038212	60.2786727168439853
 1281.000000	7.2816346758579371	92.0955842423460069
 1282.000000	6.5389046241114599	72.6033399115320748
 1283.000000	5.8805098469363246	86.4735905079739524
 1284.000000	6.1341188006406959	103.0603620334753003
 1285.000000	6.4924863073743122	80.8743197194210239
 1286.000000	6.1672745248107512	46.1532723091378330
 1287.000000	6.6557050742322170	75.2052867369278886
 1288.000000	7.0080414350202984	77.1454394876791412
 1289.000000	7.2422075227807658	77.7973347951627403
 1290.000000	6.2032100655541820	71.1445825452756822
 1291.000000	6.1926125802539476	66.1250734232007034
 1292.000000	6.2979779797959505	70.0943668155484403
 1293.000000	6.8334327619969972	73.4437242198278284
 1294.000000	6.6669191362985138	80.5079455615086630
 1295.000000	7.0528712997116765	63.5863607239971600
 1296.000000	6.5726382241869867	70.5727418641185125
 1297.000000	7.0305227426895343	57.0664559076047340
 1298.000000	7.4477204136534443	49.1634792465462169
 1299.000000	6.4092515540831911	73.2037047596827364
 1300.000000	8.1541169162208433	93.0526029588107519
 1301.000000	7.1220325578929664	58.8729785943268382
 1302.000000	4.7307857929424033	67.6312270550452297
 1303.000000	5.2815462238442068	9.4510166999038177
 1304.000000	5.6039354721542667	36.1154146960125786
 1305.000000	6.3294482792552582	40.7678882186797296
 1306.000000	5.6627693218477715	32.5259653268793727
 1307.000000	6.0712206702289482	26.3643355590626527
 1308.000000	4.6371469860893324	55.6753105975961802
 1309.000000	6.0206573147880285	42.6965557887137948
 1310.000000	5.8179204864753071	34.9324580950435859
 1311.000000	5.5811070416280986	27.8778377159849811
 1312.000000	6.0519744508015876	35.7876920922309978
 1313.000000	5.4481047258324518	31.9962916937416821
 1314.000000	5.4979924626615899	63.5979109539792802
 1315.000000	6.1109894955569990	13.4332770785787261
 1316.000000	5.2443441820801961	56.1748293368271305
 1317.000000	6.1291479650184870	36.5814390222061263
 1318.000000	4.9232273085919394	63.3010377449676156
 1319.000000	5.8238624116382800	10.6963534549428232
 1320.000000	5.1947606851398529	50.6618509394880050
 1321.000000	5.0011396760603617	43.7196392088511629
 1322.000000	5.2997656195375082	53.1602826253145793
 1323.000000	5.1983607934720997	20.8149186648334137
 1324.000000	5.6269361068318409	36.9184281956094082
 1325.000000	6.5279936346322156	18.9486024269874918
 1326.000000	5.6624553354988478	42.0072733722138878
 1327.000000	5.3894415819637738	54.7477805718273771
 1328.000000	5.1415978036149124	54.9976988422606894
 1329.000000	5.7998303478010715	33.2811779536069423
 1330.000000	5.9147754156283732	24.2885041112851923
 1331.000000	5.4358938567311297	33.4909791040885807
 1332.000000	5.7528671628468508	42.9989922031100207
 1333.000000	5.2446691278817061	56.1154650249140303
 1334.000000	5.7068927482208727	36.3073664695903915
 1335.000000	5.4943082358652839	46.4335561499320022
 1336.000000	5.6232290211364040	20.9015259245983032
 1337.000000	4.7679811299480761	58.6239230015002875
 1338.000000	5.2257602846381017	18.6305840759959835
 1339.000000	5.5849411275188059	27.7869452938076336
 1340.000000	5.9347589205476545	12.4386248135002120
 1341.000000	5.4358962259821304	55.8205113842127361
 1342.000000	5.9774810056349841	48.6711513659788864
 1343.000000	5.6981134849538497	20.6040875907871737
 1344.000000	6.1148768145747505	19.2634581082266436
 1345.000000	5.7127689899829459	42.7001886495585836
 1346.000000	5.8357716722285398	35.2734121032184476
 1347.000000	6.8823045199660529	3.1965063133235958
 1348.000000	5.0973758142064831	41.1294562455846915
 1349.000000	5.0323985987398325	68.2176063985719452
 1350.000000	5.1039465388818508	54.7690227423659479
 1351.000000	6.3246587774606429	53.6682929099465014
 1352.000000	6.6399308243377124	32.7226917364309031
 1353.000000	7.0145441399243547	39.4642362657126000
 1354.000000	7.3369210206837181	41.4399920011141205
 1355.000000	8.7089714312919142	102.4260518063137795
 1356.000000	7.8216987883973728	49.8894923685451772
 1357.000000	7.4670452336431579	56.7796978909719456
 1358.000000	7.1118915513152281	47.1042217843446167
 1359.000000	7.2361247037974783	53.2678711636110620
 1360.000000	7.8356816601047932	86.9083954782639836
 1361.000000	6.7556416707861695	56.0006946724862331
 1362.000000	7.2444114688503527	61.0830243627613640
 1363.000000	6.5416811072531358	60.4276163665088291
 1364.000000	7.0337338313885116	85.2748606209072193
 1365.000000	9.7416495659818327	117.6560365581628531
 1366.000000	8.9653868493282900	100.3148236638846100
 1367.000000	7.6562267235290360	72.0816159609317140
 1368.000000	6.9613227835084963	95.7411255955162659
 1369.000000	7.8219529643331231	42.4818037061349116
 1370.000000	7.5366777820972217	65.1603147473754518
 1371.000000	6.7581317682554261	69.8190969828525851
 1372.000000	9.0140681602499964	104.5673373997287854
 1373.000000	8.0956029840917978	106.6706190517501796
 1374.000000	7.2372149323347097	78.7647132774807375
 1375.000000	6.9344779612200957	31.9850213303893156
 1376.000000	7.2376045297671441	55.8899308072986116
 1377.000000	7.6979550987922467	84.1292362937101501
 1378.000000	6.8731334266578177	71.5548788245879166
 1379.000000	7.5198955726892471	85.6404311005547214
 1380.000000	7.2976655798362380	70.3217571273504376
 1381.000000	7.9488097083193701	73.0853043467423333
 1382.000000	7.1122939980182567	41.0549565766154387
 1383.000000	8.1672929680777138	52.1301195866891192
 1384.000000	6.5230028297936364	63.3967613757725275
 1385.000000	7.4565465648869269	58.4840455541227726
 1386.000000	7.5479153438335409	73.0469535460298260
 1387.000000	7.3911634013055529	57.9387332457155964
 1388.000000	6.6103881582384059	79.8405362086211028
 1389.000000	9.2369744543881911	75.8114627456486119
 1390.000000	7.1836738444384212	50.3889581197018117
 1391.000000	7.7353767211894811	73.5081543803278237
 1392.000000	6.3587025885136326	54.7718892454105486
 1393.000000	7.3770689615702283	52.2872211428972378
 1394.000000	5.5106315222326119	65.6046690715188987
 1395.000000	5.9918633927470664	32.5217680497290473
 1396.000000	4.9093820389495875	68.0941730957451057
 1397.000000	6.1296660808530525	8.8919915459069614
 1398.000000	5.5621818515301040	34.9459366219760170
 1399.000000	5.5048539356035571	39.7186023687381464
 1400.000000	5.8999625616597040	30.0888395183295643
 1401.000000	5.7081398027526742	37.7180811755986554
 1402.000000	5.3166441120546235	53.6365814179447540
 1403.000000	6.0050165511376710	70.2522030823919152
 1404.000000	6.6888061857583105	33.6508236367855318
 1405.000000	5.7029317261051515	39.0132224099136522
 1406.000000	6.5013432055941029	32.6206426530400506
 1407.000000	4.8287935295432840	62.4190830121551556
 1408.000000	5.2589382877709889	44.6822571901022343
 1409.000000	5.2300960046990799	52.9150801656084582
 1410.000000	6.1848946969524095	19.0256083831772003
 1411.000000	5.4432145741826519	28.5685562143549419
 1412.000000	5.4780741109174951	43.4504138840677001
 1413.000000	4.7020806927262901	33.5540011301388290
 1414.000000	5.0894235014960287	50.8901854000606875
 1415.000000	6.8095893562417871	25.4966386209499944
 1416.000000	6.0718389528956385	19.8252435663855238
 1417.000000	5.5999742157584267	48.4868417816869339
 1418.000000	4.8514000190236741	49.7298034716920370
 1419.000000	6.5221737745938668	55.0842767248709322
 1420.000000	5.1678770854838163	38.3143107063007733
 1421.000000	6.1628879622765922	13.6048700056960854
 1422.000000	5.7422858444018701	18.9804235513897197
 1423.000000	6.4572964825636463	33.5603152105771301
 1424.000000	5.4290846531643497	25.9126549554844132
 1425.000000	5.7026890451221304	49.5552796856737814
 1426.000000	5.4747380818934168	27.2372814687552705
 1427.000000	5.6124263119518618	12.1707108810443856
 1428.000000	4.8982266073620240	70.7009671928521044
 1429.000000	5.4303214446013310	14.8859900246114876
 1430.000000	6.0915879976203655	9.8916933597447780
 1431.000000	5.2313250311374002	33.8833456061010736
 1432.000000	5.5424687935210324	70.6701550550383644
 1433.000000	5.0506597924750727	46.1894963882278375
 1434.000000	6.3180025194330902	35.4142109318311782
 1435.000000	5.3881263565319264	24.2279800684150359
 1436.000000	4.8812982762231272	43.2827260129021738
 1437.000000	5.6621159230992140	40.6150244511840981
 1438.000000	5.2330714972671064	49.4730745645539400
 1439.000000	6.5014326356751049	54.6556717050833214
 1440.000000	6.3549975403002108	112.2694353281492141
 1441.000000	5.5816523703334378	25.5066491725368962
 1442.000000	8.7375220401962181	92.2785108045823392
 1443.000000	8.1454749551350236	34.5622817684875940
 1444.000000	9.8441694708765795	119.7825610449080216
 1445.000000	6.4660573259944139	68.1729868985161573
 1446.000000	7.1065799475328451	74.7903825003537150
 1447.000000	7.2256659421016947	70.0237852425867828
 1448.000000	6.5227225056137677	96.1291026728541880
 1449.000000	7.6670307315597599	66.1690308843430586
 1450.000000	6.6369723119006370	70.1530532729353951
 1451.000000	6.1415416830732790	74.3856307800792393
 1452.000000	7.5056703476967268	85.4912405615302617
 1453.000000	6.9594224966153462	78.0459055042641126
 1454.000000	8.2015726420753552	53.2669505790528177
 1455.000000	8.7264786069448981	127.4381210291543596
 1456.000000	6.6370914876590632	92.0368680255346163
 1457.000000	7.6170004636720439	113.9240735964845612
 1458.000000	6.8910608518253929	42.8967226077249677
 1459.000000	7.0973486799039227	63.1916557618506545
 1460.000000	8.2117747841357023	131.1710992598123653
 1461.000000	10.7333220976388279	77.6570911125904644
 1462.000000	5.0794780614213950	19.1358276259816193
 1463.000000	5.8017815040237650	64.9860444731173601
 1464.000000	5.3139575450225998	45.4541875887234710
 1465.000000	6.1194943841351357	24.9365447161805776
 1466.000000	5.5763119153646725	38.3296470882211224
 1467.000000	5.4193614585516530	55.3038128827968052
 1468.000000	5.8992731571772516	27.2288543415732534
 1469.000000	5.4938274679834160	33.5619493536326274
 1470.000000	6.7299782867279516	16.1707628919969011
 1471.000000	4.7268701581075980	44.1502721009291577
 1472.000000	5.5387535372144416	47.6421957259863404
 1473.000000	5.3109978195366532	53.1697172143440469
 1474.000000	5.4715321596248545	51.7778108581125593
 1475.000000	5.3751229909136926	37.7274534214941468
 1476.000000	5.6845346492452604	52.7032035536579571
 1477.000000	5.4404753289072927	36.8035036805477205
 1478.000000	4.6928681734552269	53.1331933526287372
 1479.000000	5.6099271771120067	45.2552849229621756
 1480.000000	5.4720851227112526	49.1300906701763438
 1481.000000	5.2246286823463119	23.8722175409447743
 1482.000000	6.5727135325760315	38.4507210348306501
 1483.000000	5.5409849966884215	14.3351018611294023
 1484.000000	6.3072634438221664	50.8797419742462012
 1485.000000	5.8671089254760265	26.2354828022299671
 1486.000000	5.9029236316774583	31.5104858794046265
 1487.000000	5.6239432064434398	40.8626675736652203
 1488.000000	5.6511708042043942	28.9377533299085883
 1489.000000	5.5736242092017747	28.7932068947713162
 1490.000000	5.2946029725333918	72.0124070079396574
 1491.000000	5.5945383057068341	15.3840833721870922
 1492.000000	5.4385607904486903	52.7974468053147916
 1493.000000	7.2970764789810749	17.1376981603718548
 1494.000000	7.0287543468030087	54.4289142278346105
 1495.000000	10.0018170564895961	122.7147563786850526
 1496.000000	9.0786126770835498	119.9225909242475723
 1497.000000	7.3111345998400781	83.7605833924973666
 1498.000000	8.1247041501314659	97.0722863916876832
 1499.000000	7.7047709817538585	72.6761708623209444
