 0.000000	4.4913291335385850	64.5436441621793477
 1.000000	5.3150721925447080	95.0653575287169161
 2.000000	4.9428672621411618	85.1369500005547053
 3.000000	5.1880607155571230	98.3776488009044812
 4.000000	5.1219516830069267	96.4854616903318458
 5.000000	4.3808157750999213	124.3182499222883877
 6.000000	5.4943804578354154	113.2643534774126408
 7.000000	4.6215206528497523	121.7965214136753787
 8.000000	5.1782205522376659	43.6929916089929122
 9.000000	5.3763185820947443	100.6173096388122019
 10.000000	5.5811754711350030	87.0272991508661846
 11.000000	4.7512813300953676	80.7608890672556186
 12.000000	4.6772726787102847	91.2232937485186142
 13.000000	5.4578204946911875	120.1972853599384621
 14.000000	5.4607586742855858	66.4117483589360660
 15.000000	5.3143831737619553	95.4411839873449281
 16.000000	5.3102575366736158	89.3632160140755474
 17.000000	5.4324406520426676	81.3064733244011109
 18.000000	5.1702361899132701	97.6335035185206408
 19.000000	4.8945010277889827	73.8145360534103361
 20.000000	4.5210864176018486	51.8391162344017005
 21.000000	5.0435392792809282	56.7716777724274522
 22.000000	5.5075453193606299	97.6374376462536588
 23.000000	4.5722925478280452	43.2808717249714618
 24.000000	5.5252622322650211	91.7137606586525038
 25.000000	5.3361499503946863	110.6721047643573286
 26.000000	5.5520193097012500	90.1508059051461430
 27.000000	5.1692507829467642	74.2662264457230776
 28.000000	4.4846864420561632	101.1610892634470531
 29.000000	4.6164120827113946	69.8194647392931245
 30.000000	4.9052383897650511	90.1648163496853812
 31.000000	5.2860528758156713	82.9579811162538334
 32.000000	5.2726338722553461	107.6257950757924675
 33.000000	4.4509707912240382	40.1946132948970671
 34.000000	4.5636864555384715	53.4018746072288195
 35.000000	5.3854574514559301	88.3497003455616294
 36.000000	5.4220660218525083	72.5719209264082821
 37.000000	5.3928467106560456	85.4371709739197769
 38.000000	4.2154079471311299	123.4584154645811509
 39.000000	4.8014644852796673	66.2528452021260392
 40.000000	3.4159145178743344	128.6023840008201944
 41.000000	5.4628372423944596	98.2430291868201664
 42.000000	5.0974914859062697	98.6489372546590602
 43.000000	5.0863788105407064	86.1798484572523620
 44.000000	4.9856170893825063	52.4519901231369090
 45.000000	5.0498979701483560	112.7073423881707726
 46.000000	3.3687103890013601	108.7829618737792856
 47.000000	4.5217583866691404	47.8695397001720551
 48.000000	5.7890215478576721	87.5649667385826547
 49.000000	5.3264464306721697	79.9646592759671506
 50.000000	4.5085721537201140	38.4496445248484235
 51.000000	5.1568498957050606	64.5697988295898426
 52.000000	5.1093250831321697	76.9856545363692533
 53.000000	3.9705212819193649	120.6854036130665691
 54.000000	5.2460224866161260	87.9765550150556237
 55.000000	5.1351101194022455	97.7557164126682778
 56.000000	5.0791507893250696	106.0705634657061580
 57.000000	5.5951310849976972	103.7055116272802167
 58.000000	5.2198682519641491	89.4423336523817056
 59.000000	4.3154303573016008	42.6402895196069665
 60.000000	6.0870499804307556	100.8827025836814784
 61.000000	5.5153614625856591	74.7418839608428414
 62.000000	5.0595234843913532	65.5551411722455981
 63.000000	5.3512434546102181	89.3566742943898049
 64.000000	5.2357233420482618	106.0031603179860582
 65.000000	5.3044246302839602	72.8621951660975498
 66.000000	4.9477766899266875	64.7713784476519265
 67.000000	4.8781058215378286	78.2760669917162062
 68.000000	5.3089780635154664	82.7283117767072014
 69.000000	5.0083960515873214	66.2133829197197201
 70.000000	4.9361255899557497	73.7830297347979922
 71.000000	4.7614297848238598	53.9285549867563105
 72.000000	2.8334357678764799	16.9979887387991084
 73.000000	5.2125897900665450	99.7398144211612845
 74.000000	5.0495667602343799	69.4259405261778966
 75.000000	3.6761315353208723	118.8747477544372799
 76.000000	6.0087130390567696	93.3755646070470675
 77.000000	4.8328946039064489	67.0093530038850815
 78.000000	4.9586160565060968	80.7266654848613570
 79.000000	4.5279342962502813	61.5980170677409120
 80.000000	5.3760836360422362	79.7929634147076712
 81.000000	5.4302839171786212	107.7403025204059617
 82.000000	3.6268416732658282	118.9402710128971137
 83.000000	5.2268688943758219	81.0452284839054755
 84.000000	5.3446249888521464	82.6739676503981542
 85.000000	2.7053261614057948	23.2032547651261893
 86.000000	4.9938128246692957	78.2193565289317121
 87.000000	4.9120214641022564	89.8117745235876868
 88.000000	4.8439301914280106	73.8892686606541531
 89.000000	4.7190018197242942	61.6334796752191636
 90.000000	5.4519127093921798	122.0659866884326163
 91.000000	4.9508746930634384	109.1512538565504968
 92.000000	5.0135727861430617	75.9922021571241970
 93.000000	4.9706988491941226	74.7693807792403220
 94.000000	5.3523653388039198	121.2081156212874333
 95.000000	5.2483870518953024	81.6901539973113415
 96.000000	4.8377583690444617	80.1652034526480151
 97.000000	5.1391536566358100	89.6727224792341531
 98.000000	5.4417771161336921	116.6952111539817452
 99.000000	4.9583046733995513	89.3868220276456356
 100.000000	5.6417868866503804	102.8198183849230816
 101.000000	5.2356784850412135	56.9453468603247615
 102.000000	4.9700511283139628	88.5350156788439193
 103.000000	4.9663873347334162	71.6205480596144639
 104.000000	4.7878591789078850	56.2644655856699956
 105.000000	4.9161491998132814	86.9294863213669515
 106.000000	5.3320502913101011	84.3630192070382918
 107.000000	5.2766310503055172	107.2409319200007189
 108.000000	4.9735570444709660	79.1290757679959427
 109.000000	4.7967554679722220	118.8088423199082371
 110.000000	4.7148780130848769	89.3684672599536469
 111.000000	3.8318486345324816	119.1828301372430587
 112.000000	5.5543861790384161	117.5768422544940535
 113.000000	4.7799351862380188	67.5501693846505304
 114.000000	4.7272759438729235	70.7107634566002901
 115.000000	4.9363404517671094	68.7877766216990381
 116.000000	2.7395177947877145	9.7489444372216383
 117.000000	5.2135302303606021	68.5724089584200129
 118.000000	4.7544543360167886	57.6238583681041376
 119.000000	4.8286249650188626	106.8734839540514798
 120.000000	5.2411240765599487	112.6177465752625153
 121.000000	5.3118955867985225	73.6310131961281655
 122.000000	5.1125940449529956	111.7422457239341753
 123.000000	5.4202521642933625	71.4320284995133079
 124.000000	4.3935035137553671	74.7781946886925795
 125.000000	3.3657808998394696	89.0193731567774336
 126.000000	5.1773999371127317	107.1357237047368471
 127.000000	5.5410418518782398	78.5337591651953488
 128.000000	4.7170959343901879	55.7511453672709081
 129.000000	5.4825079072153775	122.1316309246802803
 130.000000	5.2804768472269812	83.0073960717326145
 131.000000	5.2809229799544157	95.6249467145091927
 132.000000	3.9506219517133125	45.0947197656326750
 133.000000	4.9496263325345646	65.3014919821737294
 134.000000	2.7767146752313989	20.9477404192004713
 135.000000	5.0748097984703389	82.6471743602961766
 136.000000	5.1541506709717693	74.2809414497018849
 137.000000	5.0319870889966269	73.7824839909071386
 138.000000	5.2156588492098885	73.2083290872440813
 139.000000	4.7850143321043870	60.8946621952874949
 140.000000	5.3248907776830832	94.4712088000319596
 141.000000	5.2589741610155007	59.6116196279211863
 142.000000	4.5890502660442163	99.8039108754450410
 143.000000	3.7098115510657768	97.0443518172781268
 144.000000	4.2889726140366422	57.3620140703886250
 145.000000	2.8321943221127586	14.4959284093253018
 146.000000	5.4015521916816862	61.9377708397862250
 147.000000	5.4032069393503033	75.9330122316634970
 148.000000	5.2238062869975534	78.1084714281005290
 149.000000	5.1416591920121633	77.1251331750902693
 150.000000	3.7628009834140292	136.0542477688452436
 151.000000	5.2285124071881039	93.0946439705257376
 152.000000	4.8242624719278586	78.8596618370304441
 153.000000	5.1859740496491291	75.4579316377293310
 154.000000	5.1025298316803767	76.5673095353460837
 155.000000	5.2950568669003086	107.2766384010362515
 156.000000	5.1894338394629713	109.0353977265396850
 157.000000	5.1862469361437444	79.2664481181984968
 158.000000	5.2161401899871160	94.4652869076455346
 159.000000	4.6714935193038043	54.6884078774858438
 160.000000	4.9612976520695238	91.8509412978751953
 161.000000	4.8224814144900066	79.2857462811554683
 162.000000	5.1599260256420649	107.2761041568822975
 163.000000	4.8016640870699305	77.0487687377934805
 164.000000	4.8610471691405612	65.1654113143651017
 165.000000	5.2120579727956704	71.8488955082993641
 166.000000	5.3316693508871253	100.9592565447827042
 167.000000	5.4319304785430695	75.3304939897243884
 168.000000	5.0626883242322318	107.4477162740137857
 169.000000	4.9984657536809793	94.3711287098685290
 170.000000	5.0591669837228537	92.3704186126851994
 171.000000	5.2392712315773640	93.9204296723750218
 172.000000	5.0332361679161624	62.6211255861523028
 173.000000	5.3306127104641172	83.5584538605606184
 174.000000	5.0109514960750987	96.4063553610506858
 175.000000	4.9931063945580476	85.0936308328351458
 176.000000	4.2092057229455673	97.5110964987725453
 177.000000	5.0093790374883334	72.8643279560444341
 178.000000	4.8113697270705069	91.7613259517617479
 179.000000	3.3020622871964287	36.4424726216091130
 180.000000	5.4428843127656563	77.7419163404400422
 181.000000	5.1772124978670560	94.3473990543273970
 182.000000	5.2072069013623610	127.0618442800106180
 183.000000	4.8949481432323454	70.8729616472575117
 184.000000	5.4748286930982095	93.2072796161809549
 185.000000	5.3329214223243948	81.1063132078648863
 186.000000	4.9371887404329193	52.4713503910711978
 187.000000	2.6616305369395739	18.7534014888969978
 188.000000	3.1984789602031825	21.6569334598375747
 189.000000	5.3292880869706973	88.2039113594152440
 190.000000	4.5767174288365622	56.8037463293412088
 191.000000	4.9733641833619062	103.6443526897644887
 192.000000	4.8083342920891416	47.5417545305483031
 193.000000	5.8921368025604659	80.0024950242809894
 194.000000	5.1509661082181459	68.2961830299377084
 195.000000	4.9236624988103825	58.0803451355754277
 196.000000	5.1420071325789820	89.4517754010222887
 197.000000	5.4918605735634793	83.7611851608737510
 198.000000	5.2989512360855962	79.3933381030634422
 199.000000	5.1638672350528045	80.0864417527694741
 200.000000	4.4145125900011788	49.6922812626843893
 201.000000	4.2551847393570741	43.1591756719272723
 202.000000	6.0336390923211338	89.9393703092651435
 203.000000	5.0832090450514107	70.8602975685307683
 204.000000	5.6300631602302049	84.0217925981474991
 205.000000	4.4979914865471313	82.2338828659702585
 206.000000	5.1302852946541586	69.7539896173366998
 207.000000	5.1696479504537560	111.2494627343703399
 208.000000	5.1393180497515214	81.1516419665117610
 209.000000	5.0566587305507591	86.7913097874710076
 210.000000	5.1964564580046844	100.9136576788470165
 211.000000	4.8886808046719414	68.4278879876016930
 212.000000	5.2239162805826815	81.3848338504655686
 213.000000	5.2364229540064438	95.8235872144759213
 214.000000	5.0070193474359650	82.7754305649942097
 215.000000	5.0987132283272958	106.0844182964437579
 216.000000	5.4435391651972100	124.7800640724751133
 217.000000	4.9486314710816082	70.6661264889739158
 218.000000	4.8767615724552940	84.4953405404215232
 219.000000	5.3184798147998240	120.0804868715088531
 220.000000	5.0861935222419570	78.9727390812468286
 221.000000	4.7901708673228880	67.0305642558339372
 222.000000	4.7698711980203008	78.5758338762308597
 223.000000	5.3280180862028832	106.8178590379242650
 224.000000	5.2628608445350773	62.2297577486813083
 225.000000	5.3141536095228856	81.0846322080955559
 226.000000	4.0300516590011108	104.2421249926581908
 227.000000	4.9914456806838148	69.7157345798291033
 228.000000	5.0845057401038503	84.1172208201775504
 229.000000	5.3771164591889971	67.0702583486947503
 230.000000	5.3738821430328123	85.6754625114961925
 231.000000	5.1815872477002554	95.4924336158507145
 232.000000	5.2590832256044555	66.9590925974820976
 233.000000	4.9885253437396333	49.8310517106984037
 234.000000	4.0397353971248595	112.9470803929975062
 235.000000	5.4688894971925839	69.9335772453584354
 236.000000	4.9772710649382441	85.1537150488992296
 237.000000	5.0355828113519063	69.8157936657245273
 238.000000	5.2048344923487733	83.0873388703549125
 239.000000	5.1724659897976082	86.1833922753071278
 240.000000	5.3059141966788337	77.2475319709367341
 241.000000	5.4729443413686258	119.2853353792188500
 242.000000	5.2660723708697628	66.5346281584813397
 243.000000	5.3795170720555960	85.3638690336324402
 244.000000	5.3044918457398351	109.3931684876845054
 245.000000	5.1655389333785182	77.2755689282369786
 246.000000	2.7246041510030485	12.7157120342281189
 247.000000	5.4437542228303073	89.6444322482875435
 248.000000	5.4859182713026957	70.2287627761938893
 249.000000	5.3373601147980185	98.1153941571853494
 250.000000	4.8133812009031756	115.8161167283236352
 251.000000	4.7715766776542781	58.6862739300963767
 252.000000	4.9972320281591074	86.0039026934238819
 253.000000	4.4321714279558773	44.2127010589430256
 254.000000	5.2130276456684834	64.5483138315780849
 255.000000	4.0599564096938394	109.1297457787465248
 256.000000	5.4099482392130538	86.1826144574883131
 257.000000	5.1078326987405944	78.5300696941100114
 258.000000	5.1882413940186538	67.8946359792656864
 259.000000	4.9815709675013542	62.4643886182745973
 260.000000	5.2672025560627960	87.1338298469009231
 261.000000	5.1337236092375527	81.9620057790797460
 262.000000	4.0310839306249679	130.0140162894508933
 263.000000	5.1935817494323766	90.8288114672735674
 264.000000	5.3423118449083642	97.7031700609456806
 265.000000	4.9834492844790708	67.1817415251696843
 266.000000	4.5595959590169892	100.7136149506167868
 267.000000	4.3959436692191298	117.9837954916907563
 268.000000	5.4753698533476145	67.5720673132382217
 269.000000	5.4041275367029531	102.5234316203300295
 270.000000	5.0429973960765508	117.9564372471263312
 271.000000	5.2661906109086605	119.3339282893201556
 272.000000	5.1067478559015500	67.7758837288912730
 273.000000	5.5345829003574920	113.5723333368411261
 274.000000	4.5319457420178813	46.7172045079554721
 275.000000	5.0072569069245292	90.5119563881181080
 276.000000	5.1576659250601375	66.1871505246109990
 277.000000	4.7405054630663201	128.7560037094934842
 278.000000	5.5392393654760399	83.3299131634637860
 279.000000	3.9019981219129436	74.1847688974788468
 280.000000	4.9657128121918790	93.1823357566338473
 281.000000	5.1782870351403130	72.0691014611151530
 282.000000	5.1390277714690420	52.2968968782414976
 283.000000	5.3735548994574929	91.9780330136564288
 284.000000	5.2938343480621075	85.9620367524241260
 285.000000	4.7076531757011439	66.1519670843162686
 286.000000	4.9323140221088595	83.1554655322328671
 287.000000	5.3237892822161115	82.6147764849111326
 288.000000	5.5036510134196730	76.1078305729743221
 289.000000	5.3472014656856208	75.4029049710827053
 290.000000	5.0511563442682421	61.3322770311763747
 291.000000	4.6886563780870585	44.6614858376965174
 292.000000	4.9913116898485903	90.6701528587049239
 293.000000	5.3961486238559306	104.1631603036302494
 294.000000	4.8113889211851086	80.1217240670192581
 295.000000	5.3425622776043307	104.0442054936052330
 296.000000	4.7493279976739364	62.6643503967372908
 297.000000	4.2863318583423000	126.0961049591093257
 298.000000	4.9586841837031770	77.4475866502048547
 299.000000	5.4486551851525897	81.7922658852169775
 300.000000	5.1590998799601051	106.1425142530422931
 301.000000	5.2507086775577987	88.7604326230193692
 302.000000	4.5960057893718123	136.0300950575789045
 303.000000	6.0700842248036997	94.8072568588011819
 304.000000	5.0953939156407095	101.7597223144549616
 305.000000	4.8894575192890333	76.6961907757905124
 306.000000	5.2530529716442675	97.9152963194233195
 307.000000	5.1880305172660419	84.7126074963574780
 308.000000	5.0992677899221439	89.0208965965757528
 309.000000	5.0495640646239055	94.5478839869676477
 310.000000	4.5186313967695035	77.7924373400324356
 311.000000	5.6509584723234445	69.2249356166458654
 312.000000	4.8147745442316108	55.7614781907335555
 313.000000	4.9884252192603391	61.7387736460380410
 314.000000	4.9088893053556504	74.5824406825158377
 315.000000	5.3574514331878182	81.0545741086138491
 316.000000	5.7566919053880508	96.0610543716272787
 317.000000	2.7691235426948348	23.4408942929204898
 318.000000	4.5993337706755231	56.0514925864145397
 319.000000	5.5141510858620624	98.3127305071974291
 320.000000	5.0106625291843869	55.2746551851035122
 321.000000	5.1717597588798556	88.1321043002439666
 322.000000	2.6832033165933167	26.8169673855023518
 323.000000	4.4295389310511402	100.0086327991123056
 324.000000	5.3068507052145195	108.8043763478202237
 325.000000	4.6292108172998718	126.6161350285321419
 326.000000	5.0260738305201311	80.2178920760078000
 327.000000	5.6222067359174233	96.1861736354069166
 328.000000	5.3686417696899316	84.1327424367540857
 329.000000	4.5908426468883583	27.8390800195075485
 330.000000	5.2016486260311758	78.1856456137887790
 331.000000	3.5139623983195567	98.8631154633259257
 332.000000	5.2031884539962183	88.0948116473704204
 333.000000	5.3689687376039172	98.5161942312092123
 334.000000	5.1817007733271607	116.6928592759973924
 335.000000	5.3338445745512004	69.0885893700740468
 336.000000	5.2979336417865177	94.8698901327567228
 337.000000	4.9148487122147593	79.4766778913104019
 338.000000	5.4119601963089394	82.5732735918864051
 339.000000	5.3104166080159496	92.7865360270507153
 340.000000	5.5197977832361262	82.7925084419391482
 341.000000	4.2500320380417733	64.7145965573057964
 342.000000	5.2647802041583525	85.3747147535729880
 343.000000	2.8871788439701751	17.3023664670064079
 344.000000	5.0366731564497407	109.6272879445784127
 345.000000	3.8841182432063182	55.2559869586285544
 346.000000	5.1999862104110646	84.7909132051962189
 347.000000	5.2865402638786767	81.3311949236910721
 348.000000	4.9959399493927146	81.1165401240194655
 349.000000	5.0029617275703187	85.3913958371079787
 350.000000	4.8921857293755107	61.9869506455135593
 351.000000	5.2704067184960461	87.0021160957160902
 352.000000	4.4684900591911765	79.3630974025995499
 353.000000	5.6806089721212008	77.6691350225779189
 354.000000	5.2723613704756813	88.8498202618270625
 355.000000	4.4497914978506916	45.0428200485809782
 356.000000	4.9427447155759241	77.9520468986661825
 357.000000	5.3640159407267074	104.5215360542648142
 358.000000	5.5652799019526018	109.7976654466060467
 359.000000	5.2984767003005357	85.8530474287031211
 360.000000	5.6802183445001129	87.5033091048821774
 361.000000	5.5058272719467682	75.9424751150740178
 362.000000	2.6912678000693147	12.6293528563499251
 363.000000	5.2308701646306632	70.8508652587226919
 364.000000	5.3798111863098876	97.4267561243573113
 365.000000	5.4494804332646583	109.6151894749187932
 366.000000	4.9696011661257620	87.8893115048065425
 367.000000	5.1774986312400664	76.2121116613917877
 368.000000	5.0077075140676897	77.6769749308344615
 369.000000	5.1941766481181020	72.0941140321901912
 370.000000	4.1474533650897083	140.7955862573350032
 371.000000	5.3501553671480275	76.0879093419255952
 372.000000	5.0948205567353231	61.9334544304001469
 373.000000	5.3812812796074754	92.7765634229676692
 374.000000	5.6595458260764895	93.1414695597761408
 375.000000	4.9009008225671593	77.0274257184161826
 376.000000	4.6426991066025760	70.6559253272409791
 377.000000	4.4560566162610824	78.7325403047358350
 378.000000	5.1703285665855887	90.6232405595936683
 379.000000	4.8296487563239827	70.1007166802257871
 380.000000	5.1527513532225289	83.5166804602594652
 381.000000	5.1829476689523526	81.8468890529277786
 382.000000	4.7148412093336818	115.4003365951812157
 383.000000	5.2336800200307803	94.6608895565140500
 384.000000	4.3593745866731179	118.5156388940430361
 385.000000	5.1824984730960368	119.7615144300041550
 386.000000	4.9615627897146162	68.0717206907338550
 387.000000	5.4779614785115722	109.6951272938554638
 388.000000	4.9239716485481058	86.3806624245030150
 389.000000	4.9079083942180013	87.2309125660833047
 390.000000	5.2538517593312912	85.6285581041109793
 391.000000	6.1761386369642928	93.4102142926472965
 392.000000	5.3410221550272254	62.0174962923095023
 393.000000	5.5367973093610390	81.0913068219330597
 394.000000	4.9701612059320182	79.0267000039235370
 395.000000	4.5792920524088272	64.8452115838470462
 396.000000	4.6540889974148394	124.5981245446065202
 397.000000	5.2769686239010820	94.9817022747824780
 398.000000	4.8537399449403686	81.5267764696293682
 399.000000	4.5986925311398048	41.6899765338735904
 400.000000	4.6663744589357634	111.3575038305829423
 401.000000	4.9990410292978442	72.8896159086011437
 402.000000	4.8235015375760417	94.2932466212417495
 403.000000	4.8262496350558166	73.7662041357425267
 404.000000	5.5396246164690615	128.8711146574785289
 405.000000	3.9615102650373641	69.5131040342101727
 406.000000	5.0655145200038092	72.9326787814111270
 407.000000	5.4580099927058825	99.7165423492073870
 408.000000	5.1152199873723854	75.2532672587357467
 409.000000	5.3756803660750210	96.1609748688747885
 410.000000	5.3633329221984622	97.8406867212700888
 411.000000	4.5493534629975931	60.8089337286324536
 412.000000	5.1891533648951116	55.9085541756795124
 413.000000	5.3931476844563599	86.9640927568366777
 414.000000	5.0051752571352299	80.3522115347009702
 415.000000	4.8982863977305140	86.2166858707557680
 416.000000	5.5966790703193539	91.9946284090206490
 417.000000	5.0206851729907713	86.0159730006276249
 418.000000	5.1343091637231577	89.6088881474246932
 419.000000	4.9278561985949025	92.2081058651727261
 420.000000	5.3797202567906597	89.9177670370232249
 421.000000	4.7070795202996942	81.7306998161352141
 422.000000	4.8388661217549442	88.1813434519163195
 423.000000	5.3128039960114473	83.5839564582733061
 424.000000	3.6154303519529076	110.6269619316184105
 425.000000	5.1366865600484681	101.9686886412325748
 426.000000	3.7135535083329572	115.1625734382543556
 427.000000	5.2101531581612219	92.9344514795396179
 428.000000	4.9837046255717219	73.0898170638576943
 429.000000	5.2760111712254698	100.9370833179647775
 430.000000	2.8516333259121458	44.4637480461018697
 431.000000	5.5377446299601401	86.3930621883199450
 432.000000	5.0517878386701449	53.7395588554578438
 433.000000	6.0897603678022216	99.5640794104737807
 434.000000	5.4755490775562716	84.9696175826556583
 435.000000	5.2634696108148331	88.0621072907385809
 436.000000	5.5749364120911808	108.7928427289738664
 437.000000	3.3406537964204452	53.2196081810697450
 438.000000	4.0957929945981819	128.4133600116006733
 439.000000	5.4355352862146527	94.2324124062114663
 440.000000	5.2433144951928448	89.0125698827146721
 441.000000	5.1288094371655282	48.7101378722968832
 442.000000	4.9013837288127640	59.7865614431583481
 443.000000	4.5978560542785072	58.3909365536485296
 444.000000	5.3409673392218897	92.0235042493129072
 445.000000	4.9595105547323488	77.3147501998767837
 446.000000	5.1417988076009014	78.2549359473923261
 447.000000	5.0321874370300064	67.2482902155581286
 448.000000	4.5325557490316069	79.6907240077364207
 449.000000	5.2961731194100912	103.3982538700744129
 450.000000	5.4895715716953681	84.6712490477663522
 451.000000	5.3325633284468719	67.9243299518504244
 452.000000	4.7578389138058332	58.3819576357346222
 453.000000	5.3469798812971048	73.0821166674560203
 454.000000	5.3262987396658090	87.0060545373603702
 455.000000	4.5895648316765580	82.4421356109557308
 456.000000	5.5956642038670301	86.9034068632022070
 457.000000	5.2528691519501596	98.9006615582909774
 458.000000	4.5094132122774520	72.2888672712884102
 459.000000	5.4584828406102872	101.2776227127846056
 460.000000	4.9411775143131029	63.3894324821037429
 461.000000	5.6262611540545553	101.7382143509086774
 462.000000	5.5250989031225837	75.7334707484287151
 463.000000	4.9908503950798151	77.3963005099998185
 464.000000	4.1875453186067046	136.6416143465664561
 465.000000	5.2536777689096148	100.5347250985872591
 466.000000	5.2794154911309699	77.3247946984740651
 467.000000	5.4217175433727940	78.6608398844893344
 468.000000	4.9972013493922898	63.3285281516723728
 469.000000	5.4249105782855267	91.2322356685379106
 470.000000	3.9921816543341779	131.7652053105684331
 471.000000	2.9345472717363714	39.6363580293526070
 472.000000	4.8245021588836021	72.8559743923827341
 473.000000	5.2515237101785299	65.4349577383236038
 474.000000	5.5338895341256071	86.2380589849895927
 475.000000	5.2851381479137229	96.7264238555700331
 476.000000	5.2771819928162973	97.0083002374653773
 477.000000	5.2179652574620272	75.8290734423337511
 478.000000	5.2269620993421180	109.7639134753753609
 479.000000	5.4525088398556365	78.7639564588538121
 480.000000	4.7913909878369365	57.2943779014890424
 481.000000	5.1740417954542108	98.4500204073499248
 482.000000	5.3758029657766508	98.4444224048912133
 483.000000	5.3802996672068666	97.4645126075187989
 484.000000	5.4487657138990455	79.1753347777056149
 485.000000	4.3730134514975205	116.1062320805763477
 486.000000	5.3575970932927026	71.5040049675748008
 487.000000	5.0824589954890413	84.3370789220226840
 488.000000	5.1755951433982599	76.5249551369700924
 489.000000	5.2976250137695402	92.0992242631905924
 490.000000	5.2088380410389794	56.4162122114905316
 491.000000	5.3379676148033282	92.3711512922149609
 492.000000	5.7225741762446649	90.3102182813548922
 493.000000	5.1500102587067094	71.9720970791585017
 494.000000	3.5952229802610201	113.3682974543409472
 495.000000	4.9219767968014398	74.0336236772477321
 496.000000	4.8489225648273173	111.4392124211657205
 497.000000	5.3032779796995451	77.7497918348213091
 498.000000	5.3587896360987362	78.4349423586367749
 499.000000	5.8211770438205850	75.8971988842720151
 500.000000	5.2756348946664238	53.0673204794971127
 501.000000	5.4991596074544775	83.6339072826986012
 502.000000	5.6686058594006186	76.7332734614221295
 503.000000	5.0416739869845593	90.1141102193527814
 504.000000	4.7361180963476972	104.2281499779738567
 505.000000	5.1738365479019315	105.2856859059410368
 506.000000	4.8105535375179889	67.6347199532836072
 507.000000	5.3612537439295833	79.0522919473237096
 508.000000	5.1799879958927351	70.9498555023558595
 509.000000	4.5485524931512975	49.7862331711390311
 510.000000	5.0588731772852054	64.2600795215215328
 511.000000	5.2096670349019938	87.6595811966143827
 512.000000	4.7005249011640773	62.2038372950281087
 513.000000	5.3339967747009647	84.0629416542005004
 514.000000	4.4121647285600201	90.5540493449035324
 515.000000	5.2706047982892326	100.5516294809669233
 516.000000	6.1433576308395494	90.8403421027378499
 517.000000	5.2829914939535918	64.4964035373708811
 518.000000	5.3032020579953807	73.5721793232611674
 519.000000	5.2509793557450628	78.1563485618686400
 520.000000	5.3520599782080120	91.6996928629171180
 521.000000	5.3064908916906948	73.3367906653463848
 522.000000	5.2402302468096158	79.5002893336040870
 523.000000	4.8839414264742222	71.5747034767069152
 524.000000	4.8837302883326457	70.7054662239431053
 525.000000	4.1615769300842222	116.5545668054403734
 526.000000	4.8462745382599577	56.5169001810388494
 527.000000	4.7919117283694517	77.7641849668822545
 528.000000	4.9268810613291416	79.9657867306446661
 529.000000	5.3515435261250932	52.2924644041323745
 530.000000	4.8473812253201762	80.7909833687377414
 531.000000	5.2007198430972750	83.1250925478849325
 532.000000	4.4827934393288293	57.5470897355761366
 533.000000	5.3479212441968551	84.2827764509233646
 534.000000	4.1120308743173615	122.1747516302288545
 535.000000	5.0952082943149692	87.6586367187298094
 536.000000	5.4657237284519304	97.7185434749812885
 537.000000	4.9506292918531365	92.8212364878535965
 538.000000	4.2991956172146208	52.4300122124219854
 539.000000	5.3765818432255719	87.1691849331576805
 540.000000	4.9113421564600266	66.9668166206425042
 541.000000	5.4216723401945348	82.9395241761985460
 542.000000	5.2572362960334775	99.2330260864348475
 543.000000	5.1867900126208939	86.1930237852957504
 544.000000	5.5474400357530156	94.8441095883772931
 545.000000	5.0461563933786842	83.3805876857422987
 546.000000	5.1615560314010809	89.4597231534905433
 547.000000	4.9768571098191758	90.7579073310036648
 548.000000	4.0718433419773872	34.3901546131931752
 549.000000	4.8831964366135123	119.8431232015883268
 550.000000	4.3698345105123293	111.5616232428368164
 551.000000	5.3679103544443487	87.3442883844228248
 552.000000	5.0519966616272116	75.3856718794864236
 553.000000	5.1772313308929201	87.4339507907153290
 554.000000	3.3489454892581469	28.6238930417384836
 555.000000	5.5031594032508897	72.0176149829309225
 556.000000	5.5244700661814701	96.9383753700796973
 557.000000	4.8621838858563589	91.6975161737542521
 558.000000	5.2824086743572414	74.4268686880756150
 559.000000	4.4223717441496753	44.3616713948460131
 560.000000	5.3386439272497510	71.2681791783061414
 561.000000	4.7301452880453692	109.6102774109084237
 562.000000	5.2194694048341059	64.8795757680529732
 563.000000	5.0273916627524216	88.5375644727980529
 564.000000	4.9371542496956673	83.7552519392324228
 565.000000	5.6050438516965349	81.9196093830231291
 566.000000	4.9840240379603991	106.7968067015787028
 567.000000	4.4915718746148876	38.7380884854734688
 568.000000	4.6806374595683238	64.8305261326537163
 569.000000	5.4665243303620565	103.7830633691181816
 570.000000	5.1108754117342947	73.8476401659119830
 571.000000	4.8425377993408967	69.5048288989626855
 572.000000	5.3657438913312943	82.0767929874552777
 573.000000	5.2846485172418776	111.8741370926813943
 574.000000	5.3472652117191828	89.9360259702312987
 575.000000	5.6546237961560442	104.4859960541919861
 576.000000	3.5984130543651065	105.4329969446130377
 577.000000	3.5183369117789836	97.3083647061614272
 578.000000	5.3306008578605946	83.7491117290991127
 579.000000	5.5571194977135372	92.4822773530487723
 580.000000	5.1547237366867398	87.1217128219666961
 581.000000	4.3527930499071568	128.2583499077309739
 582.000000	5.2396101487192679	83.4212940620473518
 583.000000	5.4475165876224896	88.0977058728409048
 584.000000	5.1067152827145561	83.6047896686958580
 585.000000	5.2816422110430565	74.7842635119993417
 586.000000	5.4302571293349455	92.5523421470337837
 587.000000	5.4324172042307968	88.8616287052002178
 588.000000	5.4077625554501561	100.0149841195046037
 589.000000	4.8424267365491449	68.9498574136900260
 590.000000	5.2275435818862883	84.7197229808959094
 591.000000	4.9927797524276052	75.8930339167556269
 592.000000	4.9298668568812669	59.9039931497676719
 593.000000	5.2954773181208168	75.2351471855969436
 594.000000	5.2197055441471374	83.4715262682865955
 595.000000	5.2856338492457899	69.2728242315481566
 596.000000	5.5804495747452298	69.0301505064342820
 597.000000	5.3923368259792070	90.7622787119963448
 598.000000	5.1853885578249850	88.2949124670389267
 599.000000	4.8624670842123114	63.0082498603846943
 600.000000	5.2348428899093760	87.9420020505166207
 601.000000	4.9749417372070983	87.2031709503399810
 602.000000	4.8757751847449180	121.1185218881628316
 603.000000	4.7721931140894167	64.9689830696855495
 604.000000	4.1335737880711472	116.7619279197419928
 605.000000	5.1419889792007867	81.2091963578378966
 606.000000	4.4732025432568969	52.3226395311272228
 607.000000	4.9253721885229416	67.7007591462770080
 608.000000	5.5144182279504959	99.4627759187483491
 609.000000	4.9970572533100768	79.0218824721760598
 610.000000	4.9382300384121622	63.4653047119217177
 611.000000	5.2812726814478372	73.0167035427482887
 612.000000	4.6870186967084484	59.2549485514049792
 613.000000	5.3168618981302762	67.5612534542953256
 614.000000	4.7061779605196090	61.9320653334720674
 615.000000	5.3721521393663680	93.1563003675480132
 616.000000	5.5577611708811299	116.2485097752833951
 617.000000	5.2718423459767427	95.2495866299287997
 618.000000	4.8061769546574400	86.1351440971528888
 619.000000	4.8543188182974992	54.2550739994666884
 620.000000	5.1564422626667117	96.7220268705787305
 621.000000	4.4405368994595547	53.1834938154988919
 622.000000	5.2726653540725907	93.0415949408721161
 623.000000	5.0478870802055154	107.4870807172348890
 624.000000	4.3730174975337519	69.0408602664070798
 625.000000	5.2229666789307281	86.3662413236590822
 626.000000	5.2792662277265308	93.4482460983587515
 627.000000	4.4611709696870827	60.4581104888280407
 628.000000	5.3104577210752710	89.3945176993550916
 629.000000	4.9496169488614337	91.4851537193633959
 630.000000	4.9406769169936684	82.4629195343892860
 631.000000	4.7195315281588188	71.9438925098931890
 632.000000	4.9366738131408843	80.0403510223019481
 633.000000	5.2545060872763720	81.7715309330679361
 634.000000	4.6548903907450487	71.3763042905710563
 635.000000	4.2999546392144881	140.8430812294375016
 636.000000	4.5719537336923226	59.5272526472570433
 637.000000	4.2859747903355840	125.3357798646670460
 638.000000	5.2549225098071748	82.2284719206342913
 639.000000	4.4112167533253652	119.6989240256513085
 640.000000	4.6386706397378843	65.3862161972785856
 641.000000	5.5122703800226871	118.0378214559362959
 642.000000	5.4348608335715625	78.3540798778358578
 643.000000	5.3069133172079210	69.8621162268818381
 644.000000	5.3059271972854525	89.2870665147429463
 645.000000	5.0696692238552368	68.3750496835034056
 646.000000	4.6460838588627826	60.4047225833415951
 647.000000	5.0842590406404238	58.7433414539178926
 648.000000	2.6639862275276136	17.7972846030517076
 649.000000	4.7991164351015607	73.2031169131358297
 650.000000	4.3974510496916066	36.5405717078528482
 651.000000	5.9280145372654838	88.8541726468072284
 652.000000	5.7070255478813010	75.4417622525638052
 653.000000	5.3207539748603132	66.1262106218160000
 654.000000	5.2359043802245067	84.8728531000661519
 655.000000	5.2550410773201408	79.0754097159437208
 656.000000	4.7684693789318100	70.2926389083645091
 657.000000	5.4047131645829722	75.7623504281990705
 658.000000	4.5167230234995035	39.9755518818664086
 659.000000	5.4078922973143193	77.1386032490669749
 660.000000	5.9270405511893047	84.0363506958619411
 661.000000	5.3943401489131038	104.1499432155222422
 662.000000	5.1557088579825416	67.5530380747738946
 663.000000	5.1551380951986996	51.2868055736387873
 664.000000	2.7334938760231107	30.3998852862623039
 665.000000	5.1172343519568235	96.1825601138557573
 666.000000	5.1956019101590760	115.2993480389077519
 667.000000	5.2354025324812943	121.9992097313157444
 668.000000	5.4673298613813470	89.2853932602786386
 669.000000	4.6203864294794688	63.6480327926074239
 670.000000	4.8009810303326592	57.7927469528573994
 671.000000	4.9839053031601521	67.7538166238259976
 672.000000	5.2975781613559576	73.4586443894769445
 673.000000	4.8232786624389341	57.5672259380322373
 674.000000	5.0009056908101384	69.7785977432924369
 675.000000	5.5538078760563492	90.0161958505925242
 676.000000	5.2615710198640748	73.6423531461023799
 677.000000	5.0638443685123873	94.8151827462886700
 678.000000	5.0972043831427438	97.0184348825611664
 679.000000	5.3058308395514713	87.3067332931440916
 680.000000	5.2864083930367931	96.7921700591729319
 681.000000	5.3158719239720797	88.2750689682830796
 682.000000	4.6939643270436333	44.8266346681018035
 683.000000	5.4249374932649319	92.3751002276161728
 684.000000	5.1485863158725618	86.9580032504421325
 685.000000	5.0535680126139386	63.5585812139021726
 686.000000	5.4607410167154722	94.0202014158517017
 687.000000	5.2283810417258749	102.1054885476091840
 688.000000	3.8864027761996236	86.4968225498180487
 689.000000	5.4819241122206650	88.8750282209168745
 690.000000	4.8108679662076339	60.1497425526206086
 691.000000	5.1918213837544007	102.6809750612378309
 692.000000	4.1071759898235962	114.9925214444165391
 693.000000	4.0191581318051171	118.5679860112384745
 694.000000	5.2193003502563888	79.2720212604121741
 695.000000	4.2509780362221905	50.1152130223094048
 696.000000	5.1833470150872580	67.6195565446271303
 697.000000	4.7714659393151750	86.3742405284915833
 698.000000	5.8653824645008017	83.8367421748247352
 699.000000	4.9969997435243645	82.8827663332751570
 700.000000	5.3295779867539226	82.0721566028208116
 701.000000	5.0133517894860713	66.1956305256485393
 702.000000	5.2765249926106881	89.5723837343234521
 703.000000	5.4581367746817664	83.9403326091687347
 704.000000	3.4112395935204454	117.1040406898124218
 705.000000	5.0059027383453261	63.4057698600023087
 706.000000	4.9396858973777329	68.6619480245216636
 707.000000	4.3773978223065750	104.5886945846384748
 708.000000	5.3636622514898553	90.5766911919143070
 709.000000	4.9999243899647103	63.2740632553609998
 710.000000	5.3610065203281332	100.5989462117805999
 711.000000	5.5435885854040565	109.5336221284446054
 712.000000	3.9678037282327896	119.7722967601190049
 713.000000	5.3255272912205314	105.6262921705517499
 714.000000	4.3821276881773210	119.0593849987718187
 715.000000	5.0062589909963977	78.5292971681843994
 716.000000	5.1021609501897158	96.8661685910318937
 717.000000	3.9360551695026875	63.1418213807149868
 718.000000	5.3263866727560769	116.6624235924137736
 719.000000	5.4615828599172938	93.0905047682024644
 720.000000	2.8902516611448985	32.7779408397496184
 721.000000	5.3021277414188024	87.0696250396403997
 722.000000	5.4835845729919859	109.3267363883997660
 723.000000	5.3983171764906057	108.5417113339059370
 724.000000	5.3625054151016309	91.3725866921931384
 725.000000	4.1838421437244051	49.3379455884872868
 726.000000	3.6210614440490065	105.5660582942053907
 727.000000	4.6610145966679610	58.4603971218148786
 728.000000	5.5189609827408503	89.6312942531479138
 729.000000	5.1325199917301134	89.5639002441453158
 730.000000	5.2530694660843098	106.3733012694792279
 731.000000	5.2475860926936750	94.0835845748988646
 732.000000	5.4145918678278404	99.6699920340587084
 733.000000	4.3497156685222373	122.7480011852556459
 734.000000	4.9024655269681192	86.0384860628969648
 735.000000	4.0509749051803317	134.3785459920679557
 736.000000	4.3438807076644306	77.7922602808780539
 737.000000	5.2093104108514519	96.3587571804242202
 738.000000	5.1991194051216407	82.6094017930305284
 739.000000	5.1927566595192234	98.3513901895010321
 740.000000	4.2310264151093913	109.3952771947077878
 741.000000	5.3188891405748917	83.1960807794359880
 742.000000	4.5395945534372855	123.8144319058451401
 743.000000	5.3620080954050087	88.0972910929269375
 744.000000	5.3151495616309470	85.2231861775853616
 745.000000	5.7600953986277386	84.1613774546682549
 746.000000	3.4451549973839790	116.7762547533442046
 747.000000	4.8917682247638004	89.0005519596998340
 748.000000	4.8813241713427376	94.2905951302262224
 749.000000	4.9326149194463493	77.9237401349404450
 750.000000	5.5769100911467389	89.7736910036198310
 751.000000	5.1143684200156976	96.0344109265253252
 752.000000	4.8483680084086913	57.5583583152015024
 753.000000	5.4235063190114667	85.3262452013055537
 754.000000	4.0234885502433171	36.3294407033314712
 755.000000	5.1802646709163565	81.4104997295690822
 756.000000	5.2213053646861027	55.1772127573098174
 757.000000	5.3680775262138125	76.5288581689881511
 758.000000	5.0310829815904681	86.2327683013983233
 759.000000	4.3456411507643038	139.3757064159810568
 760.000000	4.5162068703678022	63.8526203398523506
 761.000000	5.1577135545067652	84.2681737151333436
 762.000000	5.2668471826412837	107.8870588951477316
 763.000000	4.7626446774423190	48.4120830973126033
 764.000000	5.5044406211209811	84.3655501392536564
 765.000000	5.1415172236438345	64.7175714476630759
 766.000000	5.4189824067947630	103.6591514628556325
 767.000000	5.0961651866175961	89.4225524576428086
 768.000000	5.0671795681959919	64.2618226776347115
 769.000000	2.7484395858494994	22.5486716298649696
 770.000000	4.5646050567473395	42.3361899506770669
 771.000000	5.4668787251295221	92.1652321111047854
 772.000000	5.0458146893671580	72.8414640993865135
 773.000000	4.0863179272714598	127.2972872971519394
 774.000000	5.1147214550855269	70.7825425241560566
 775.000000	5.3595170330696025	85.3503050727664458
 776.000000	4.6321497632492026	61.0755791609180676
 777.000000	5.3294130002784801	91.6178359915299296
 778.000000	4.0332442802774713	79.4286571361493117
 779.000000	5.3898662444336658	90.2093436642480953
 780.000000	4.5042458926843940	75.2272898546258233
 781.000000	5.3125852893067140	80.2681797332908360
 782.000000	5.0843505187740510	75.4733833441405153
 783.000000	4.6545802329184962	119.3681003681501949
 784.000000	5.0686744238108323	69.6140548853105656
 785.000000	5.5493468707045155	81.7655172363783862
 786.000000	5.3800041662266223	76.4539780629571055
 787.000000	4.5490523914391456	60.0274159047195042
 788.000000	5.2702889366007124	89.1631048190369455
 789.000000	5.5067098025181300	108.9367294084351698
 790.000000	5.0938397384577963	71.7042794072682881
 791.000000	4.7932449533359822	75.3701553630979788
 792.000000	4.7186622725326925	100.3336296049051413
 793.000000	5.2039204509783330	101.8222787614343190
 794.000000	4.8752492762640518	63.7838859794748601
 795.000000	5.0886590169632333	76.6598732419086417
 796.000000	5.4326584762381831	92.4969356611736089
 797.000000	5.4156306651267956	117.8633413532273266
 798.000000	4.7691207190769322	80.2789296188297925
 799.000000	5.2757053513586083	74.4613013792782681
 800.000000	6.0244432836790001	89.1868602158343435
 801.000000	4.7173633030583808	68.9103704668026040
 802.000000	4.3608482431536553	117.1343759973730130
 803.000000	5.0524470544686331	60.0693041192216981
 804.000000	4.9709680703814092	57.6681967120206735
 805.000000	3.3404043758900697	101.6794002793393901
 806.000000	5.2419303262289914	92.1353667567905319
 807.000000	5.3699679847232433	93.3725148708545305
 808.000000	5.0362217419387436	62.1100402884496816
 809.000000	5.0392463011648490	86.4409845158698573
 810.000000	4.9672660376209485	53.8803049090498121
 811.000000	4.6996849198289539	94.7060990674106336
 812.000000	5.2664236514734890	76.5963230893454607
 813.000000	5.3022628684567028	90.2630959598319578
 814.000000	2.6697082869946409	13.5249776664346939
 815.000000	5.3485694546366691	88.4502451268015051
 816.000000	5.3241756765092667	88.3972136197487401
 817.000000	4.9998846621760462	78.4822219385320210
 818.000000	4.8417439041328505	53.7692841635860361
 819.000000	5.3713174188883706	76.9191219299438842
 820.000000	5.3083432099837546	93.8714843009921225
 821.000000	4.8711657323309661	74.0754729263970404
 822.000000	5.0815005681484093	88.5999694865270300
 823.000000	4.7487511941913318	61.1811709483809381
 824.000000	5.0411335248115261	73.0090873839837826
 825.000000	5.3739117869951993	81.0015838965715318
 826.000000	5.1169692132296083	82.0011170010969295
 827.000000	4.3789965584542667	41.2014901815328756
 828.000000	4.4535863042183275	46.5917462781454219
 829.000000	5.0530569151113252	71.8075420494645869
 830.000000	4.8706054786038129	65.0264077926415922
 831.000000	5.4018464852145724	94.7289668172282546
 832.000000	5.0649637293458856	78.9734497207526545
 833.000000	4.6441052909998675	54.1589678366094489
 834.000000	5.3282964419039258	89.5254240125476315
 835.000000	5.3537976112008083	74.0619307712554189
 836.000000	2.8289787736961745	14.6272229364607256
 837.000000	5.6285354199576378	106.3504638194531395
 838.000000	4.2715856876915774	120.3952694827264054
 839.000000	5.4619167577246364	75.4468404671131623
 840.000000	5.5890632980546187	99.6659876839163417
 841.000000	5.3641243395035421	61.0400163630404222
 842.000000	4.9924499329507164	109.1211185472068053
 843.000000	5.2863699024455633	87.3682751103414290
 844.000000	3.7526427851489359	46.9656632796466340
 845.000000	5.4204385827925385	78.6753251260081470
 846.000000	4.8934220643274333	43.4099346012101250
 847.000000	5.2015038142701870	95.7351618988954556
 848.000000	5.4162126909226478	108.8892037409974733
 849.000000	5.3927246783710610	97.8963227071321285
 850.000000	5.2883060214742645	89.3658314604188178
 851.000000	5.2005154422442965	89.8016149714997169
 852.000000	5.2585346554959758	69.3810912797471531
 853.000000	4.9383404889684561	66.1113775714258765
 854.000000	4.8041330121030379	78.0713222159058233
 855.000000	5.3529980626055362	72.3379715569007260
 856.000000	5.5120899037469773	118.5077738217489127
 857.000000	4.9134492286420945	78.0336573832203300
 858.000000	5.0939105365002915	96.2936584515402387
 859.000000	5.1138156969806881	76.4742103333971528
 860.000000	5.0668436317578731	82.5466298398736598
 861.000000	5.0999208631355861	94.5191401660674444
 862.000000	4.9208931921054893	62.4381049009943894
 863.000000	5.1129482554587229	81.0433529349995325
 864.000000	4.6451085731573700	71.7821153187966985
 865.000000	4.8564008650561368	68.0993469620551650
 866.000000	4.6854410596583289	66.6995720948156361
 867.000000	2.7301053651220579	16.3936953162403825
 868.000000	5.0853128906170566	79.9087593823015823
 869.000000	4.7145680262588332	82.3574060973964066
 870.000000	4.9444548682977896	76.0763440169699123
 871.000000	5.3935777329057055	89.5760901145743560
 872.000000	4.8660788818617773	63.7195434198305577
 873.000000	5.2685870009021256	80.7965702051197781
 874.000000	4.8827489618730890	90.1019409993582343
 875.000000	5.0217060507445277	94.4427079218440753
 876.000000	5.3409056399755697	86.0884083020926454
 877.000000	4.9432023028770278	71.1307626072699719
 878.000000	4.7158997539740630	148.5560318085916265
 879.000000	5.3958867278098070	102.1275766686021882
 880.000000	4.3738118318121009	55.5705937429195984
 881.000000	4.9179998069271198	79.0800164328308028
 882.000000	4.9251656775531618	71.6577348886506371
 883.000000	4.9453098374007327	63.5864960268758210
 884.000000	5.2070914310637422	60.9356192495814213
 885.000000	5.0625632721936356	105.0033029727533176
 886.000000	5.2853901194250827	97.5024233328663144
 887.000000	5.5755825067164215	73.4930956319411592
 888.000000	5.6000772457750401	94.3021133879266955
 889.000000	4.3496882055865962	103.6439194895832685
 890.000000	4.3119764385673474	46.7417196220385449
 891.000000	5.0310572966171740	70.0592309618113518
 892.000000	4.4730718061808545	124.4162739708855270
 893.000000	5.1906900345101175	74.0886053031370722
 894.000000	5.2054257208451595	79.3865691101620854
 895.000000	5.4066067878139128	84.8755728839610839
 896.000000	5.2337496671730701	77.9936165725626580
 897.000000	5.4823682092218924	98.5684506195952537
 898.000000	4.7289634505601716	53.7399956476787111
 899.000000	5.1797696266852400	82.1085211417410505
 900.000000	5.2125530145825261	84.5508292395635124
 901.000000	5.3352401957123172	84.3899762683670502
 902.000000	5.2233725421496260	73.1940646193421287
 903.000000	4.6727569243167411	90.1547596075921689
 904.000000	5.3556726759675399	105.4272016038339785
 905.000000	4.8130119783068146	69.1665972042237911
 906.000000	5.5160753587806406	90.8296236358928581
 907.000000	4.0170437675554380	87.0234776348348618
 908.000000	5.0772112313978059	83.3087306263691829
 909.000000	4.4650942811797414	71.5846718630060650
 910.000000	3.6391061101213937	124.3919596963828553
 911.000000	4.5522033011747727	67.3340654854351328
 912.000000	3.7620788896046253	74.4578020640713021
 913.000000	5.6712589285158508	85.4066789468418506
 914.000000	4.3416840176894231	53.7098337324675157
 915.000000	4.9747634805263061	62.7749678753026217
 916.000000	4.7534016431678037	111.9096129979265726
 917.000000	5.0454276244679361	107.5938025119787511
 918.000000	5.2727432776408252	75.7120976280928488
 919.000000	5.6546480851998897	90.0319811045464320
 920.000000	5.8133210736030980	83.8761615173526849
 921.000000	5.8412064449460308	81.9684854290011486
 922.000000	5.1042058212758752	70.5168475720235080
 923.000000	5.1886270754680410	85.2668772757888149
 924.000000	4.6098138288053407	77.0097244076259244
 925.000000	4.8468644176118101	59.3789289711939574
 926.000000	5.3698849297615130	69.0553854924081776
 927.000000	3.9981258087913711	127.7036851101721737
 928.000000	4.4265140186316891	38.7668259886399653
 929.000000	5.7058451112491122	84.6361693905264332
 930.000000	5.1338308075780690	66.5174336767616694
 931.000000	3.2113628040890991	66.0495539552639457
 932.000000	5.1176108462411900	103.9807273452563834
 933.000000	4.6234330980691833	53.9823548484781526
 934.000000	4.7764795175165462	73.8675898273377101
 935.000000	5.1185627302065768	108.9871329927763668
 936.000000	5.3168549050022929	89.2858634108993101
 937.000000	5.1632083140714800	58.9938966164530996
 938.000000	5.2501427222162595	98.3865571586221819
 939.000000	4.7808481737799449	116.4276550353833386
 940.000000	5.4461928067313927	100.2301137921344178
 941.000000	5.1752246312246539	62.6726892802339819
 942.000000	5.1516749601488829	72.8669252749571257
 943.000000	4.2101174661381808	36.0989729436739708
 944.000000	4.9447975232337740	80.0334973881419529
 945.000000	4.6093334412384754	45.6601606051997635
 946.000000	5.1231747526545712	83.9337935814996428
 947.000000	4.8697566249775752	63.1862366510683415
 948.000000	5.6406252467372706	54.6541922925432431
 949.000000	5.2470495596554629	110.8683821067514970
 950.000000	4.7121813766882532	86.9444164979031768
 951.000000	5.2424954894885749	93.8279183745510466
 952.000000	5.0336144384624459	70.3319034451197496
 953.000000	5.2490441420976381	86.8691061299933978
 954.000000	5.4835154998528148	67.9239252401160911
 955.000000	5.3586219509464463	82.9848195365188985
 956.000000	5.4480924211146320	99.7150221618095998
 957.000000	4.9823254580593339	70.3797993848096013
 958.000000	4.9138213101904968	74.3623565170808831
 959.000000	5.4131932402617657	73.4506552231404441
 960.000000	5.1252668420831746	87.8523633029797537
 961.000000	4.5757509967917791	61.8181024826934191
 962.000000	4.3787387701796003	107.2892104918934280
 963.000000	5.3052768923626115	108.0592349477624907
 964.000000	5.3204075871143752	70.3268465545879309
 965.000000	5.5140809745078707	96.7268378295823368
 966.000000	4.9878119805087042	71.8923854963733362
 967.000000	5.1060636709405776	72.0375833408759831
 968.000000	5.1427188052046890	85.3326081328804378
 969.000000	5.3593278681604763	100.7126147508102463
 970.000000	4.3953941515486115	74.8618451351068188
 971.000000	4.0845531074750525	64.6022311243849430
 972.000000	3.7210789023774442	123.7200934710310207
 973.000000	4.8727044097760617	113.0310298007898524
 974.000000	4.6118324800532937	80.6192512189063848
 975.000000	5.1903895272671532	101.4739815886606067
 976.000000	5.1897444783798958	65.4411715509811529
 977.000000	5.4552767097855073	104.9718939268202149
 978.000000	5.3090527115358190	63.3652820522832059
 979.000000	5.3194242182486233	96.2729281113915221
 980.000000	5.5458095115316119	90.7737458394711183
 981.000000	4.7298823346671597	78.9519335065242416
 982.000000	4.8499870569267838	54.4234382371764127
 983.000000	4.9479267379475722	80.6934848820440891
 984.000000	4.0149400132404987	77.0060788105064802
 985.000000	5.0704563533167386	67.4712665816964972
 986.000000	5.2034147462389502	107.0056221703034822
 987.000000	5.3953798550088852	104.7566626246662338
 988.000000	6.0790553669438943	108.9588371838783303
 989.000000	5.5102335139556766	76.8624454497661702
 990.000000	4.9111217497946527	74.8408002045230916
 991.000000	4.3759101059844214	67.1933620391210127
 992.000000	4.2399220451303039	130.8913872465341228
 993.000000	4.3941754727963414	38.2133536398777380
 994.000000	4.5779385861381083	48.9853124400670481
 995.000000	5.2132930975162202	85.4811377067875924
 996.000000	5.0191953062194967	72.9978484476766312
 997.000000	5.2526017389861961	74.4368331641200882
 998.000000	4.8494378353766834	105.6150315160823254
 999.000000	5.2056572967315455	98.0137177631902148
 1000.000000	5.6343511588109996	81.7066876002627112
 1001.000000	5.2000074491086981	84.8579179380263042
 1002.000000	5.0387279745987010	85.7429518696029049
 1003.000000	4.6112764482739230	67.8583432603445118
 1004.000000	5.3434978493974334	113.6430665755700602
 1005.000000	5.0967736531143970	73.1893036870349789
 1006.000000	3.4160420419074136	68.1045002473157979
 1007.000000	4.6559090069456950	33.0705161649229353
 1008.000000	4.4502941618229670	111.4850967130038839
 1009.000000	5.0961463931105575	72.1287085356521089
 1010.000000	5.1310624423578588	79.5420770789169183
 1011.000000	4.9672779894242050	74.4321495476026200
 1012.000000	4.9215466520970841	57.3089633209409612
 1013.000000	5.5282282185548217	99.6867649043578865
 1014.000000	5.3910779766909274	122.2707064217394475
 1015.000000	5.3544684742812736	91.4217262603176692
 1016.000000	4.6269931128154473	38.1550327042520223
 1017.000000	2.6039975257321890	18.9966991857535561
 1018.000000	5.1614224723175370	82.8768028277121687
 1019.000000	4.8848485725357271	79.2184102112993429
 1020.000000	5.1126819823107157	73.7543798533847621
 1021.000000	5.3239421946824752	96.2778109604750938
 1022.000000	5.0883456050500158	81.6197592843043083
 1023.000000	5.4334720007756943	80.6585581839737671
 1024.000000	4.2799164075690035	106.6422459732015682
 1025.000000	5.4123066991443860	97.7626303810094583
 1026.000000	4.8092846521889170	99.3624407112536545
 1027.000000	5.4033471737331897	72.1849244784570487
 1028.000000	5.7666785508820837	92.4586032164224179
 1029.000000	5.4874303122977546	66.8666498500361257
 1030.000000	6.0331168194662110	98.1056804358200765
 1031.000000	5.4287211590591218	105.6316680935852617
 1032.000000	4.1963429746126399	72.3747777810628037
 1033.000000	5.3895684311532257	77.7892151562426619
 1034.000000	4.8606910276136377	113.9630651063218494
 1035.000000	5.3077804149706385	94.2221804403730800
 1036.000000	4.7785917124766391	62.5043761326912772
 1037.000000	4.0764909201714534	56.0304367093032027
 1038.000000	4.2444534985358411	135.4395499901622486
 1039.000000	5.1902193631946760	85.0548331267890205
 1040.000000	5.2542908524756200	75.5820185257536963
 1041.000000	4.9974160171310933	74.5448160382200200
 1042.000000	5.1877420292662846	90.1698578325163993
 1043.000000	4.8291046009992113	76.4248510884940799
 1044.000000	5.2080258229928811	79.9074627636622807
 1045.000000	5.4711642688592663	61.3058074195411109
 1046.000000	5.1811403477248810	49.0275237938958526
 1047.000000	4.9025283593569382	110.0915311794414038
 1048.000000	4.4514710711724064	53.5685107690168678
 1049.000000	5.2264992678363793	74.4651123005555178
 1050.000000	5.3735572760562516	107.9608572059848512
 1051.000000	5.3808152014043573	100.8942983305973655
 1052.000000	4.3693663570954344	73.0376765073315397
 1053.000000	4.6778579510306368	53.0952331020268673
 1054.000000	5.2305055254198463	94.1184328341206680
 1055.000000	5.4155197072794730	85.8899496378485026
 1056.000000	4.9128416448181556	101.8194175748416512
 1057.000000	4.7447782784191697	68.5208587835639094
 1058.000000	5.2446920182776591	81.7568311950443416
 1059.000000	5.1847030823705760	74.5929724352626806
 1060.000000	4.4688437022116307	63.0131871919691520
 1061.000000	5.5598932295601173	89.9040772427705690
 1062.000000	5.3627552675600860	79.8391613396675268
 1063.000000	5.4911541702461992	80.0582394759270102
 1064.000000	5.0021132115845273	63.7824279435237713
 1065.000000	5.0135818007406883	80.3932258278224623
 1066.000000	5.7973973118471340	92.6096964822710333
 1067.000000	4.3026035391393034	82.3135692610591718
 1068.000000	5.0672122145143215	72.0099565828192425
 1069.000000	4.8800457357966254	82.1513783659954129
 1070.000000	5.3159028160271369	92.4546498503283516
 1071.000000	5.4235210487252168	72.5208734160015780
 1072.000000	5.0762958099418292	85.0269158006798307
 1073.000000	4.1212514664975810	128.6351533871729202
 1074.000000	5.1831939192580014	90.6564797010329357
 1075.000000	4.8103881806608415	71.8791919609498819
 1076.000000	4.1662182780328694	62.2629290314896338
 1077.000000	4.7902612802250077	66.5001529794528068
 1078.000000	5.3303299863313276	105.1823219573354891
 1079.000000	5.3848716033571726	102.9459658230921519
 1080.000000	5.5021143344734256	87.8555939638075927
 1081.000000	4.9406194316362129	75.1726785442706813
 1082.000000	4.6060504755116067	53.0422268196213622
 1083.000000	5.2242626729527650	82.8977541007132288
 1084.000000	5.5312218006632090	89.1397123204829285
 1085.000000	5.0520578503057623	80.6764943942122841
 1086.000000	5.0621780688459586	81.6155177177534483
 1087.000000	4.4890270362233284	76.9156090508486585
 1088.000000	5.6280769895856340	78.3260993205889235
 1089.000000	5.7163896450056564	78.2603171733633758
 1090.000000	5.0230721693759790	109.8467715820355011
 1091.000000	5.2173701055457311	91.2003943595484117
 1092.000000	4.8344197401181903	59.5755160143638136
 1093.000000	5.2467430186194033	73.3335829276430360
 1094.000000	5.3850472768549098	75.2186730411729343
 1095.000000	5.2406022926952298	78.9552224127257034
 1096.000000	5.4998361301754786	96.9199770997971228
 1097.000000	4.9930331146518947	68.4330452724528158
 1098.000000	5.4058843231892721	73.6475633681425137
 1099.000000	4.5246082750078180	85.0607390534690353
 1100.000000	4.5561172849168985	52.9897118842901449
 1101.000000	4.9717155021176529	74.2017379339625478
 1102.000000	5.1532789874452067	90.4986450232512567
 1103.000000	4.9034502027137501	91.4511421534083553
 1104.000000	5.1720387852829610	128.4112172271277643
 1105.000000	5.5469847541145301	77.0456005656535723
 1106.000000	3.0245656015546163	63.7660617356547448
 1107.000000	4.8402028315114931	72.5135496850894441
 1108.000000	4.2743408680292436	87.5742972003640006
 1109.000000	4.8850737603543291	53.0793799749597639
 1110.000000	5.3611676556920962	96.7414817051477058
 1111.000000	5.6753424522931866	81.0579760336418218
 1112.000000	4.9314723637164137	58.6718951437842975
 1113.000000	4.0212459371636786	126.6666979222186455
 1114.000000	4.8756945935022067	81.4293027822608622
 1115.000000	5.4610851578513468	108.1221175835881070
 1116.000000	4.9719070069674691	65.5048429998382744
 1117.000000	5.2625058549221215	79.3545272794859358
 1118.000000	5.3059309620558208	80.2868824621720165
 1119.000000	4.5346042031883487	46.7591245787768344
 1120.000000	5.3392131807116838	76.9453037161341911
 1121.000000	5.1921770239902285	100.2957769156395500
 1122.000000	4.7614325718172106	65.2880067180660291
 1123.000000	5.1633938914373756	106.8333137042375256
 1124.000000	5.0316421158008016	83.6410149415772821
 1125.000000	4.6075001812055136	43.5653486827056895
 1126.000000	5.0668666348856197	84.3417008454313617
 1127.000000	5.0778945581758395	62.5228663647044272
 1128.000000	5.3586794475637003	79.8941535495107757
 1129.000000	4.9041646270696972	50.8017928776658607
 1130.000000	4.3110435865994408	114.2052920876544704
 1131.000000	5.0802080885785976	99.0767441500198203
 1132.000000	4.8979000812166369	68.2433889512167298
 1133.000000	4.7407312947275964	105.1635774378064383
 1134.000000	5.3571321959483065	74.9732069381517050
 1135.000000	5.0941975347715687	87.0573590031883100
 1136.000000	5.3523137643557446	89.8770069978720159
 1137.000000	4.3052166396240406	48.7630578493019016
 1138.000000	5.0227266537540975	63.4483327588909987
 1139.000000	5.2697249411158147	106.9522019463486089
 1140.000000	5.3672911037019677	74.1958637679794606
 1141.000000	5.3579391348827681	76.7792668760700110
 1142.000000	5.0646605917606307	68.5307747776217013
 1143.000000	5.3489292802874298	86.5171183594457887
 1144.000000	4.8757835288313656	64.8674197702727184
 1145.000000	5.0973612867287557	77.8314186881879237
 1146.000000	5.0361597914019445	81.6304386984834878
 1147.000000	5.3618481240102263	87.8854892915033759
 1148.000000	5.1098195548751546	85.4892244729978898
 1149.000000	4.7578486081817060	62.1202207328744862
 1150.000000	5.1853287093810856	84.9619713011533548
 1151.000000	5.4164501253754080	108.8147214314307831
 1152.000000	4.3782380150390887	51.8594229256677863
 1153.000000	5.2996388242014492	81.9778437751059528
 1154.000000	5.1531475253800156	83.1434005604834994
 1155.000000	4.6819892594940997	88.4127637691918551
 1156.000000	5.1219539634489033	72.4510722338404918
 1157.000000	3.7715134495348575	71.6100359749183326
 1158.000000	5.3153932429262030	93.9205131370794675
 1159.000000	5.0818432244680256	82.4445801002620726
 1160.000000	5.2255906457834040	87.4251497787043235
 1161.000000	4.6577446120290444	57.4283370963380406
 1162.000000	4.9625340134921911	49.9222775939753660
 1163.000000	5.0591166593296171	69.4471246913461329
 1164.000000	5.6920256095884545	99.3594946918408795
 1165.000000	4.8329325266559557	69.0871584091612903
 1166.000000	5.6915660485383119	91.5938794284956543
 1167.000000	6.1971471919117400	94.4005321112546767
 1168.000000	5.7841676035299576	85.2317141701999361
 1169.000000	5.6045803845279920	108.8076547872655198
 1170.000000	5.4181958388159570	98.4207605668296139
 1171.000000	4.9622115537234146	57.6235421574117197
 1172.000000	5.2630541130051576	104.4669304823160019
 1173.000000	4.5320404197937725	61.0557343660489096
 1174.000000	4.5125575185231996	55.5839309507320678
 1175.000000	5.0861660992294420	82.9255480862444898
 1176.000000	5.3723627830972385	88.2507381981786097
 1177.000000	4.1746845157890737	117.5627024834178087
 1178.000000	4.9849071211164713	83.7628831088535435
 1179.000000	5.2429192008481786	83.0543994248993727
 1180.000000	5.3173067436763670	97.3839874700729524
 1181.000000	4.0020438124940432	112.1279790013592219
 1182.000000	5.0135071127511122	83.5387615593782726
 1183.000000	5.3737407948042124	76.0047455203097684
 1184.000000	4.4620557661533233	62.4288136224106580
 1185.000000	5.4292691169903549	94.9191060673493183
 1186.000000	4.9557656438960649	70.4259539573464224
 1187.000000	5.0542313414591584	86.2081305965310065
 1188.000000	4.9434586176835289	88.7844008396638174
 1189.000000	5.5094389290457455	86.4754794424097071
 1190.000000	4.6230459012803085	58.6304596917848642
 1191.000000	4.9817339124259510	68.2186621938507045
 1192.000000	5.1776325902058362	74.8791204703634889
 1193.000000	5.4037052311971490	88.8777291829474478
 1194.000000	4.2979197624258756	62.6354959478857438
 1195.000000	4.8355435710631456	60.5120274692657887
 1196.000000	5.1914129789943022	67.7320978274185705
 1197.000000	5.3906230339828323	91.5621483414034287
 1198.000000	4.3324789632853093	61.2135351315684915
 1199.000000	4.5738421127799329	55.2640767606432490
 1200.000000	5.1564487722584893	83.0479321850811658
 1201.000000	5.0533499309407395	75.2370345789372266
 1202.000000	5.3637785885387901	88.1593406652095979
 1203.000000	5.1695529201122872	82.5434043122084802
 1204.000000	5.5270719928768095	95.0555882437338937
 1205.000000	4.4666891404766673	132.7443307975254356
 1206.000000	5.0724997110463894	76.1039471528796696
 1207.000000	4.9210911712618293	75.2065058195704523
 1208.000000	5.6728535740416124	90.2431537777352446
 1209.000000	5.1828451462701119	71.9928690208067366
 1210.000000	5.0589467883564181	82.6138555204151146
 1211.000000	5.4454285576066281	76.9488620333413564
 1212.000000	5.0216303428134150	73.3651928241585694
 1213.000000	5.0148102572766877	88.4699685028260774
 1214.000000	5.3238603786292797	95.2934498749978900
 1215.000000	4.7713017662041608	63.1520559124173246
 1216.000000	5.1580877658208930	93.3535903908643832
 1217.000000	4.4887127946123959	34.4106456015717299
 1218.000000	3.8364665064976848	130.5339771378484386
 1219.000000	5.5290871075449317	81.3559580177630579
 1220.000000	5.1377059953359225	70.5474439323756570
 1221.000000	4.9893948287525882	104.8471425610144223
 1222.000000	4.9626598648839604	78.6268982813802779
 1223.000000	5.0248944365699595	83.6932850960386219
 1224.000000	4.6686194169132031	41.4960280730286968
 1225.000000	5.3577518681247058	71.4885024101611037
 1226.000000	5.4754379195369491	90.7420327875991148
 1227.000000	3.9707779088044810	111.0604745428525035
 1228.000000	4.6008015552717509	65.8656312173528136
 1229.000000	4.9465443929905399	67.9989315858492773
 1230.000000	5.0084861935568519	54.9834619700312714
 1231.000000	5.4391974639629987	84.5999091522947140
 1232.000000	5.0418473110178477	72.4776058098416911
 1233.000000	5.3287827674203649	97.9008495621801984
 1234.000000	5.1090552653500785	109.3200790663950386
 1235.000000	5.2629393300178666	86.5801072162569909
 1236.000000	4.8258421404607530	70.0687482373884052
 1237.000000	4.6090276331941551	68.5401523800151864
 1238.000000	5.1590489689547425	75.5088264952124888
 1239.000000	4.2353505587923692	37.6580222515369485
 1240.000000	5.2552905469941429	86.8866374521662408
 1241.000000	4.8244446755328774	68.2328022736800932
 1242.000000	5.3314329651296566	86.7924657041858438
 1243.000000	5.3748681926289299	115.8819169789899348
 1244.000000	5.1705504215365110	103.6441061095607949
 1245.000000	4.9040505536244030	76.0358780293321104
 1246.000000	5.2341230449355791	95.4093754909941083
 1247.000000	3.9458201009334397	127.6249590559805824
 1248.000000	5.7483407444160193	90.3884525542469675
 1249.000000	4.7861112190793325	97.1559620622654734
 1250.000000	3.0808129142847092	26.9184936439877447
 1251.000000	5.2750363847231228	81.0155138958918997
 1252.000000	5.3206437423540756	56.9790915108182645
 1253.000000	5.6451127195972930	103.1911461495941182
 1254.000000	5.4235577327390052	103.7768048028519274
 1255.000000	4.8797720639171924	71.7081834340280864
 1256.000000	4.5588040338021925	87.9193105809509490
 1257.000000	4.7495133638088234	84.7218640549910162
 1258.000000	4.5319736950068226	74.9944115884242564
 1259.000000	4.4493298979230165	45.8173606517875669
 1260.000000	5.9592977870707280	100.4074111740197282
 1261.000000	5.3361998499466194	77.2353419474103333
 1262.000000	5.5404634521680434	81.2626714904165794
 1263.000000	5.2820136884013555	104.0085870104762762
 1264.000000	5.1561706396782157	88.0813915094536100
 1265.000000	5.2757658601529389	72.8984180756038143
 1266.000000	4.5331897286569296	51.4927677618748874
 1267.000000	6.0555642239741898	90.1954305270637349
 1268.000000	4.5338841553610649	72.0159738344751048
 1269.000000	4.8621228760623678	66.6143840179428963
 1270.000000	4.8326567384228154	76.7032613587436600
 1271.000000	5.0577098230552693	73.8016941832571263
 1272.000000	4.3467591609605423	113.0984635875940398
 1273.000000	5.7433505250387018	103.1648070550800327
 1274.000000	5.0730672082242059	98.6857915212487455
 1275.000000	5.1586513567020740	94.6455018221037392
 1276.000000	5.3767550388467820	68.8093066708394048
 1277.000000	5.3852568683609556	97.1650538054614117
 1278.000000	5.2207441182739087	77.6626404022976971
 1279.000000	5.2260460352476423	61.3462039153988030
 1280.000000	5.4381602295977007	109.9819621357755040
 1281.000000	5.1645336181779218	100.3874204577004150
 1282.000000	4.5464120787621169	54.8406978734518020
 1283.000000	5.3701964388765937	78.5659541272494266
 1284.000000	5.3884335827438194	73.6024834153117666
 1285.000000	4.7400652761915625	49.3879910935633859
 1286.000000	5.2422919140550048	87.6276759610820051
 1287.000000	5.2471276954604322	73.9851679865877401
 1288.000000	5.2400021009751852	67.7077037646009501
 1289.000000	5.3523313573328730	87.6881144713330514
 1290.000000	5.4769162546153565	67.8186122983170065
 1291.000000	4.9121086703275916	68.0209109421101772
 1292.000000	4.1141422813865400	119.9435744164547089
 1293.000000	5.1239498918442772	73.5254039380509852
 1294.000000	4.4653382132332924	60.5183898061255263
 1295.000000	5.2172969219917453	69.7491528297112637
 1296.000000	2.9095213667215187	19.0475534807660551
 1297.000000	4.8868833880670133	97.6357170125422869
 1298.000000	5.1630037446815180	65.7117615515821569
 1299.000000	5.6108801164678281	109.3448006655214328
 1300.000000	4.8610070396786078	71.6046836035267518
 1301.000000	5.3101061767064426	94.0079777112784711
 1302.000000	5.3001006986575643	77.2942274188934419
 1303.000000	5.1270591835553656	91.9900040203471292
 1304.000000	5.7322653202464267	80.1177723466473992
 1305.000000	4.8520754870476877	107.4860547033522380
 1306.000000	5.1630723711879893	68.1284790082899576
 1307.000000	4.9442774772064153	49.1269315030299936
 1308.000000	4.0852066843137740	49.2552890314218814
 1309.000000	5.7724345778356172	115.6413875533580295
 1310.000000	5.3426626289865311	85.8555959376419509
 1311.000000	5.6889911849664410	92.9887357805094297
 1312.000000	5.3294060565454453	91.2500746774465625
 1313.000000	4.8803542313883312	88.6882504468596125
 1314.000000	4.0681195004886703	119.0941072292541776
 1315.000000	5.3484688290982438	83.7058932911423454
 1316.000000	6.0390453831707340	92.9597055440766695
 1317.000000	4.7115444060249256	43.0477573577845192
 1318.000000	5.0806510676971479	84.5738277125028617
 1319.000000	5.4013506929583484	86.4057655740896990
 1320.000000	5.4174185458076289	120.1448713428202950
 1321.000000	5.2327108066917605	75.7629047660461481
 1322.000000	5.4436884182323588	90.9165077988262738
 1323.000000	5.3711102435837663	94.4785244190761233
 1324.000000	5.0624835855323012	80.3201989028970900
 1325.000000	5.2107401059993341	81.3262356337505565
 1326.000000	5.9823731137934262	95.0976081779734983
 1327.000000	4.2143646024734114	24.4674850260708752
 1328.000000	5.1554029676911783	48.1522077888155593
 1329.000000	4.9665379093305848	69.0533502771795185
 1330.000000	5.2878850703457330	78.2357905334726098
 1331.000000	4.8723348535467226	68.3962884192690268
 1332.000000	5.3989634140809493	117.0926047271985055
 1333.000000	5.4679922315181511	78.7670905897928009
 1334.000000	4.6412807431715599	116.9314154431147585
 1335.000000	5.1969705898720360	69.4736858228742022
 1336.000000	3.7913965458229968	99.9613340439645839
 1337.000000	4.6137407224561544	110.2157887148848801
 1338.000000	4.9989769729331153	93.3724117806443132
 1339.000000	5.0011093660330284	87.2873067575330595
 1340.000000	5.4083361668398631	80.4073704825145512
 1341.000000	4.3622486960993063	132.9724433995907305
 1342.000000	4.7772672903390632	82.6093589315668311
 1343.000000	5.2899463724832732	65.1973596252134229
 1344.000000	5.2749063954670028	87.4278016405459084
 1345.000000	5.1320935338754126	75.5403872389223068
 1346.000000	5.3738848729652986	72.8131813393231369
 1347.000000	5.5598696602751003	83.7237297533896907
 1348.000000	4.5501296298108329	43.9394634604829264
 1349.000000	4.7610076099970779	57.6638747658134747
 1350.000000	5.2049330214889222	69.6345100526655472
 1351.000000	4.9549031603104403	74.0197585763100250
 1352.000000	3.9148955867003674	114.6765568176293471
 1353.000000	4.5455129472594420	67.0566448657328920
 1354.000000	5.5454354013312530	96.1460374078703950
 1355.000000	5.1534689571481689	86.9074005477715588
 1356.000000	5.4410863856139171	74.9886532247849971
 1357.000000	5.1247628888036996	98.8867249118134595
 1358.000000	4.9409611151592561	79.2603228663660815
 1359.000000	5.4074627889324658	103.5823827567434705
 1360.000000	4.8876231397533525	64.6751146146076792
 1361.000000	4.9854623432858958	78.8643155873183019
 1362.000000	5.0548513679817635	67.0618274239135701
 1363.000000	5.5065694445292559	106.3393047835659928
 1364.000000	4.4954751541402693	64.2826497611236221
 1365.000000	4.9287224692846454	81.9398431522037924
 1366.000000	5.3154978950676455	73.3658608359228737
 1367.000000	4.9925600324397141	87.3821535847272628
 1368.000000	4.8947641806597577	75.7384843289226950
 1369.000000	5.4017421755234416	93.0531735723851625
 1370.000000	3.8238501609748612	40.1655453697292728
 1371.000000	5.0804533519347421	89.1443772490036537
 1372.000000	4.9023578817303504	98.8589637626101307
 1373.000000	4.6088609512380661	55.3963290490363249
 1374.000000	5.3133204143431065	91.9039637591564400
 1375.000000	4.9399838859388909	45.5179698545815938
 1376.000000	5.4994828599041234	94.7516520371160595
 1377.000000	4.3579023058942301	120.6181800871789846
 1378.000000	5.3734140658691887	99.5421942434810205
 1379.000000	5.0700525019989948	76.4153702138368232
 1380.000000	5.0860617569065996	89.7525757709755396
 1381.000000	5.1964898124493741	71.5238346917988252
 1382.000000	5.0457826264785632	87.7845330562042534
 1383.000000	5.1604037069627662	62.0231588095950599
 1384.000000	4.2773461773359562	44.3845004291229372
 1385.000000	3.5115231903023747	115.0562974418739799
 1386.000000	3.9326552842859108	81.2246361015100149
 1387.000000	4.5883567289483098	52.2319490633072405
 1388.000000	3.6030153422193774	42.0358169056245288
 1389.000000	4.7099922835875194	77.6955495111141232
 1390.000000	4.9105193051874823	75.3913399108948852
 1391.000000	5.5684958960222923	113.8791928541612890
 1392.000000	5.4688676338624758	117.0303629782453640
 1393.000000	5.0660498266819127	73.3237971504071311
 1394.000000	5.5175539935103064	86.0226769476143147
 1395.000000	4.9501323257754732	86.2957446089572926
 1396.000000	5.2674112171081040	93.6452041796117243
 1397.000000	5.2187241706860750	101.6605831956870247
 1398.000000	5.2299495918085466	64.3797002302312933
 1399.000000	5.0354620009974491	72.1172742189517209
 1400.000000	4.6893333794577527	88.6282809534174874
 1401.000000	5.3418178626943718	83.7833001406825275
 1402.000000	5.0978291415536230	72.4693629700536377
 1403.000000	5.4679392537478435	85.5642089433169559
 1404.000000	5.2938782853113100	104.9703949926658453
 1405.000000	5.3886994526810978	92.7925812628876798
 1406.000000	4.9221587717877053	72.8523998817354368
 1407.000000	5.1471691357904001	89.8282365956347491
 1408.000000	5.2913808308620398	108.5761380911929024
 1409.000000	4.3154193384102708	40.7402867318625113
 1410.000000	5.3110578327704046	103.5633968851423816
 1411.000000	4.1950531853822906	119.8828929334851097
 1412.000000	3.5679611730367573	88.9414976567104389
 1413.000000	4.7997722153898286	64.5056903853833461
 1414.000000	5.3915650313237382	86.5477285132080141
 1415.000000	4.1775480908634064	54.1831031005845318
 1416.000000	5.5292616472624374	79.7596963713625087
 1417.000000	4.6214218799027007	56.8680287512681986
 1418.000000	5.2990645842919006	74.2417631276433241
 1419.000000	5.6900751109270313	77.3724861201581859
 1420.000000	5.7791298453483648	79.4264494314076046
 1421.000000	4.7272477297877664	57.5338081007454178
 1422.000000	5.4643919615243064	72.2467262072636345
 1423.000000	5.3650359170646915	102.0911788876884714
 1424.000000	5.4337773561287959	86.0485091373437854
 1425.000000	5.2474211550928480	101.6251644812515025
 1426.000000	5.3825619534618863	92.0173791469834015
 1427.000000	4.6366265550624393	51.8368557044190368
 1428.000000	5.0885112656496529	77.1898350555841546
 1429.000000	4.2073698063554970	133.3174080774178378
 1430.000000	5.0974570582887804	81.8800054504481380
 1431.000000	4.7664430683986687	62.1555330139200350
 1432.000000	5.5102969647032767	75.9299913856859376
 1433.000000	4.5304002687199585	48.4460421305460613
 1434.000000	5.5284059779078527	85.7322835635837066
 1435.000000	4.7592370192686406	72.9747209065765503
 1436.000000	4.1683258334711990	44.6722605009595100
 1437.000000	5.0463712694979979	68.1202387371429410
 1438.000000	3.6354980885799386	77.7216942464583411
 1439.000000	4.7517253097461758	99.6397469164163709
 1440.000000	5.2211442405078738	80.5914666379416218
 1441.000000	5.4222246779446266	81.8340541430955568
 1442.000000	5.1205911019235710	73.0942161744198273
 1443.000000	5.1766676408476018	78.6612358895308148
 1444.000000	5.4769446219247557	89.5771676153896124
 1445.000000	5.5386745371839741	98.0527195305208465
 1446.000000	5.1163475612195040	85.2427519243071004
 1447.000000	3.7844586023705307	122.3433055389453159
 1448.000000	3.8724401167797144	115.9622906852185196
 1449.000000	4.9846631097261174	83.0305336805062240
 1450.000000	6.1741879038183409	104.0183411633490351
 1451.000000	4.5936128086373218	48.9150014921008278
 1452.000000	5.2716011447869393	88.8700399069852551
 1453.000000	5.2533761823723291	95.4223505680298985
 1454.000000	5.3925120874367307	100.8587314763717728
 1455.000000	5.0625785352473258	80.2683144454791915
 1456.000000	5.4221178111469959	81.4415283366333540
 1457.000000	5.3428727822824529	77.4827609576534684
 1458.000000	5.3591802344816113	86.4826149825318140
 1459.000000	4.4507948506317128	113.6183831266295670
 1460.000000	4.9162026594661592	71.7400344085444601
 1461.000000	5.0525775717957151	72.6870790292225308
 1462.000000	4.8989120399559161	61.2175100674089663
 1463.000000	4.9765128676506434	59.1149775198373675
 1464.000000	5.2386429585797458	59.4169947545744748
 1465.000000	4.6764040963074569	104.3162044097580150
 1466.000000	3.1677869038541124	50.3694794636317908
 1467.000000	5.1799096734859775	91.4782733265278409
 1468.000000	5.2991813481795358	103.5651346255639851
 1469.000000	4.9616653304107894	84.9402258003202206
 1470.000000	4.7478948680646011	66.9553278003780861
 1471.000000	5.5649800121058304	88.5551024296282208
 1472.000000	5.1367433279618000	93.9254930666813124
 1473.000000	4.8046966070716079	82.4779434480947486
 1474.000000	5.5588146150145965	100.2111817157313141
 1475.000000	3.1063813242012648	85.7944511543948209
 1476.000000	5.1946630775212022	79.4042581305924955
 1477.000000	5.3286592010518339	88.2509186567082793
 1478.000000	4.8478844857995407	67.3896702146466708
 1479.000000	3.5957859782638923	36.5511484020045714
 1480.000000	5.2224566259850622	89.2790497308353537
 1481.000000	5.1658949340153315	96.3144826883625598
 1482.000000	5.4184066088019813	75.0300341028663098
 1483.000000	6.0286385687532578	95.9401242995261185
 1484.000000	5.3260222003625639	78.6835577567303659
 1485.000000	5.0299692963017035	77.5298867917888117
 1486.000000	5.3076166545963392	89.4759827506856453
 1487.000000	4.6810594582252838	77.4909707862743460
 1488.000000	4.8841952420525825	69.0788947215832536
 1489.000000	3.3899482750088232	82.7653438462172488
 1490.000000	5.0773098212835661	65.9965041892846074
 1491.000000	4.8728106232986086	78.4911736771476143
 1492.000000	4.4456151199342147	113.0051456722439980
 1493.000000	5.4422425248211548	101.2757450936043853
 1494.000000	5.1216903358228247	86.3266194257140000
 1495.000000	5.1117377945369222	85.0643315442727612
 1496.000000	5.2063376714848246	57.7970472141628449
 1497.000000	5.3506764149227024	98.6811744699541293
 1498.000000	5.4196460452554076	76.3177909593980814
 1499.000000	5.2686416042602415	90.4538371470773086
