 0.000000	7.3231759190182508	133.7709124283649942
 1.000000	4.7405612247103814	147.9926767945357255
 2.000000	4.9421436225446422	145.8655665044650789
 3.000000	4.8275565627735579	116.9830337485665410
 4.000000	4.5689291109451169	128.9715906047082399
 5.000000	5.3062945757069944	150.2306202537718036
 6.000000	4.9248558041128510	151.1707471288160036
 7.000000	5.0085048619992341	151.9430198077570537
 8.000000	6.5588604315988741	137.4618544575184274
 9.000000	4.6550184860289709	124.5431496990447044
 10.000000	4.5696137063976101	124.5232121113256198
 11.000000	4.7109603385399401	124.0458752934745661
 12.000000	4.6963776414368592	115.7573365918987491
 13.000000	4.5516399283512410	127.5724890995598457
 14.000000	5.4430949303256773	147.7726262411762264
 15.000000	5.3086521979935251	136.2095725282882199
 16.000000	4.5979626984691686	121.0782941326870628
 17.000000	4.5295196405535725	131.2140957830843035
 18.000000	5.3061102607488770	146.8093157504221153
 19.000000	4.8652536451497745	121.9209530730294091
 20.000000	4.6613644933072633	123.0036437146214041
 21.000000	6.2701181163816129	143.4006833117015276
 22.000000	4.7393315824924755	127.7278014501675614
 23.000000	4.6871016214498367	126.1029174676915829
 24.000000	5.0523061774312756	145.3377019483017705
 25.000000	4.8957314046098332	142.9962413730420963
 26.000000	5.0266919372342986	139.4530522420159571
 27.000000	5.2857757028320318	142.5908061062734191
 28.000000	4.7179994231984503	115.9669592924566359
 29.000000	5.8011469847816812	135.9998198287204332
 30.000000	4.6603352089074797	139.3505102401906015
 31.000000	5.0166663195981034	150.4927405503486000
 32.000000	5.8349498692626627	143.1366230979711531
 33.000000	5.1141608044888693	137.9208102834594172
 34.000000	4.5460580869428480	122.8426212146815999
 35.000000	4.9195923212972437	155.0111506891902309
 36.000000	4.6121076656567768	123.6131782736810294
 37.000000	5.6042311643386498	149.0538125062810195
 38.000000	5.3027658372060600	150.8867823633007959
 39.000000	5.3693361490842619	142.3683143167164644
 40.000000	4.9600833046266208	147.2607062086955523
 41.000000	4.8209528491253213	124.3330571731720937
 42.000000	4.8484069259953317	148.9965086117460942
 43.000000	4.7103790716060576	121.5101727095692183
 44.000000	4.9398193682761899	138.5242400886756684
 45.000000	4.6214949977350868	131.7171899501246060
 46.000000	4.7260141033739016	111.0058115348543595
 47.000000	4.8321869531943769	127.3520811809431166
 48.000000	5.0452591587366431	140.1635045429227944
 49.000000	4.9516284237916395	114.5795324327671807
 50.000000	4.4889530877765340	126.5034796462651627
 51.000000	4.6369340827983594	136.9469375290718176
 52.000000	4.6753464711561215	130.5379821753541592
 53.000000	6.0888629873287394	136.8259535390504880
 54.000000	5.2759715822223621	125.1656239011877858
 55.000000	5.3415829347231067	144.0189999821536446
 56.000000	5.1011228962092687	143.8645632647721584
 57.000000	5.0121078010118190	155.5845810277733392
 58.000000	5.9200037486387895	140.2655835721500637
 59.000000	4.5717125047160136	120.5438737757182537
 60.000000	4.6449257761738982	126.6368504518942615
 61.000000	4.4494938134783890	132.2552952768335501
 62.000000	5.0794648457493548	140.3295221966311601
 63.000000	4.8700808609842587	142.4091432123303207
 64.000000	4.7724309255587265	120.3910871191684038
 65.000000	4.6508532050746432	125.5275512182851116
 66.000000	4.5190366405154423	131.4100880737632053
 67.000000	4.7568204498751978	122.4475750178970657
 68.000000	5.6963439725768623	136.0751484725414002
 69.000000	4.9003765354574522	113.7893453076217867
 70.000000	4.5270347291971911	137.9505832059267334
 71.000000	5.3490440889625255	148.6572160187913596
 72.000000	4.5448280609674994	122.7417970127906131
 73.000000	4.4782012215684501	126.6509186709131995
 74.000000	4.5778831182183506	124.4887056202360611
 75.000000	4.6765678624322931	121.8178256515529654
 76.000000	4.8241041899336361	125.5787195343434917
 77.000000	4.7459424413368332	116.4827870321937269
 78.000000	4.7908274852358508	118.1944712688344481
 79.000000	4.7512609559525654	117.7547573034992183
 80.000000	5.3896139993029077	137.6816131271681343
 81.000000	5.2912529943815549	149.2060095656747762
 82.000000	4.5662129159606479	129.9748615101686084
 83.000000	5.3560604132479419	150.5336851972967622
 84.000000	4.7719593353667182	128.0524304837923637
 85.000000	4.9119666153579500	149.3806147581631194
 86.000000	4.5955853333283123	118.8184189057568858
 87.000000	5.4005532862106911	152.0273280663106164
 88.000000	5.2499516714773762	150.9668356177662929
 89.000000	4.7462740585347438	134.2229554911576770
 90.000000	5.0289177156670357	149.8247812247734032
 91.000000	4.8012914372110034	147.2008887523586509
 92.000000	4.8209431548867121	152.0209699969588542
 93.000000	5.4392658648664778	160.4458202049453064
 94.000000	5.0436167860288350	146.4731908441373491
 95.000000	4.9742519294327439	147.0571086219387666
 96.000000	5.0011782067618382	138.2905406075338419
 97.000000	4.6565546556904014	121.9333596229928389
 98.000000	4.6995691485088047	134.0525023420396451
 99.000000	4.8365065738911355	146.8758561863788259
 100.000000	4.5565807924151036	124.2144533591093847
 101.000000	4.6538628028584883	124.1925564290833393
 102.000000	4.7512131811819405	127.5186382817007598
 103.000000	4.7087790684016930	139.6122376338055346
 104.000000	5.2847549258314395	141.9045948140934001
 105.000000	4.9550890340832421	145.1747130258547998
 106.000000	4.6177116918661394	124.5767175540442508
 107.000000	4.8569293095294421	122.1642953373299321
 108.000000	4.9101665609499818	135.1803982795382240
 109.000000	5.0174881441106240	139.6140871676372228
 110.000000	4.6722992361629450	144.1146393440213558
 111.000000	4.5536071335569375	122.8643992601175228
 112.000000	4.7856326455477367	143.3846451013924934
 113.000000	5.0429075870060940	140.1815244015841415
 114.000000	5.9320632466488616	140.2678152774442424
 115.000000	5.0315004055326629	141.5496080232692009
 116.000000	5.1356886274041802	146.4047409351501301
 117.000000	5.2984329740124405	148.2630846375199951
 118.000000	4.9446917011858211	140.2850901210747168
 119.000000	5.5835708573003009	147.1371465294753307
 120.000000	4.8054187194863518	112.4133061669354277
 121.000000	4.6540711034573574	120.4799589573043477
 122.000000	6.1608223665168405	128.8285654439857808
 123.000000	5.0830727392893511	151.2147051520262551
 124.000000	4.7887087494281229	146.6552027417323529
 125.000000	4.6553541606790443	130.4630909665734180
 126.000000	4.7664384501676906	131.5760521122948603
 127.000000	4.9509472434784971	143.1827470854915418
 128.000000	4.8113714121138820	139.9429577639496358
 129.000000	5.0982303480626197	145.5838744312931681
 130.000000	4.5768521981164509	115.3267212899749410
 131.000000	4.7620348432917199	121.8034077756522464
 132.000000	5.8710934387446132	146.8446195066542259
 133.000000	4.8722877805517468	135.4231410929118908
 134.000000	5.1076809472810858	140.8022122064441248
 135.000000	4.8614726176205227	140.4528777757087994
 136.000000	4.8101081606976921	150.4613921538287684
 137.000000	4.9474273367493176	133.0888156742547608
 138.000000	4.8652626495881819	147.0014215100474928
 139.000000	5.2573535472981394	143.9095165277122987
 140.000000	4.7346507053349649	122.9511264996405515
 141.000000	4.4950505604283890	134.3800057604783547
 142.000000	4.8490471077982722	141.5605928521649162
 143.000000	4.7967656049424106	126.7972055878317263
 144.000000	5.1442354716108634	142.3956223014620548
 145.000000	4.9770480509191923	142.9221314723157263
 146.000000	4.6285424108157045	127.1526187619496966
 147.000000	5.2013406310816839	119.8083644197135413
 148.000000	5.0265000363832941	115.9506724841146337
 149.000000	4.6715922337714195	136.7988921324411251
 150.000000	5.1853834296581267	133.7012204282250707
 151.000000	4.7270077396217554	143.3727682470431262
 152.000000	7.5019016714371567	145.7026078884710500
 153.000000	4.7982451759058691	121.3222740859674786
 154.000000	4.6187080158639064	123.3062844508744291
 155.000000	4.7737971300879591	123.0583087829764111
 156.000000	4.6003770765290479	129.2049663708147875
 157.000000	4.7264289523215322	129.0203338880619128
 158.000000	4.7832406802775695	131.2326504044596618
 159.000000	5.4398619037027549	148.0330061801105330
 160.000000	4.7134880010458469	144.0245148894179579
 161.000000	4.8032537760401413	131.6298963756528906
 162.000000	4.6007911301218316	125.4910460053793884
 163.000000	4.9093135849436713	149.4850255168244075
 164.000000	4.9981174885714168	139.8745211626142293
 165.000000	4.6798476120236536	123.5293087180700411
 166.000000	4.7904492102376235	136.6678407493468512
 167.000000	4.6846795384408573	118.1921319605975214
 168.000000	4.8041317315746097	118.8880037250720250
 169.000000	4.7202636359851988	120.3976320436729566
 170.000000	5.1481450466878584	151.0956162024674541
 171.000000	4.6960883906866382	139.4656027320021963
 172.000000	4.6135669589656274	121.0284664659114640
 173.000000	5.0534623484851613	147.5764409836986886
 174.000000	4.8157698037371519	124.0665608699940208
 175.000000	5.0293587355677785	143.0057087349611322
 176.000000	5.4416449456404354	148.3201782758818013
 177.000000	4.8479111763364227	115.4318623526877303
 178.000000	5.0160469416369304	153.0328561913211729
 179.000000	5.0308330205754608	128.7680173662963625
 180.000000	4.7928348871339574	120.3651028396877507
 181.000000	4.9069969413280559	150.6335263542860901
 182.000000	4.7643290767485666	129.3944650037294650
 183.000000	4.8578039593485336	122.5355268607706023
 184.000000	5.2034234110107818	144.7356333242557014
 185.000000	5.4719450355760104	140.3755285575132348
 186.000000	5.0729682891612882	148.4386067689848119
 187.000000	4.5277995558593176	133.1371817735320917
 188.000000	4.9141940090203935	141.1479435544853231
 189.000000	4.5679767027314977	122.2077004799647426
 190.000000	4.8752830735954218	144.5654244661321286
 191.000000	4.8508364855589594	124.5997012129394363
 192.000000	5.0896803889580786	145.6921069268006477
 193.000000	4.7008647661999987	136.7434115149486615
 194.000000	4.9353381583777427	146.5828252060079251
 195.000000	5.0643801098243229	151.8408128159636590
 196.000000	5.2083818902091634	145.9792047114134732
 197.000000	4.7702761858924987	116.5527528444462320
 198.000000	4.8930036491978850	129.9730294638570740
 199.000000	5.2004505167521708	147.8332819349365934
 200.000000	4.7145586067457224	141.9933813247670855
 201.000000	4.8972302044570482	117.9389760538045806
 202.000000	6.7370694625826797	132.7986054939619294
 203.000000	5.2739356371600401	134.0738143850283564
 204.000000	4.8710684616559368	144.7361705193488035
 205.000000	4.8806126485644308	140.6853086711067533
 206.000000	4.5862090375690592	130.2974325003500553
 207.000000	4.9613504585779777	141.1454136617869040
 208.000000	5.4194615553886578	143.3239161426703276
 209.000000	5.4026198330557191	144.6992732530981982
 210.000000	4.9712439620592601	144.0470274587162010
 211.000000	5.0919415931684773	141.9175401945252304
 212.000000	4.7351595295057347	116.1286666973166746
 213.000000	4.7072090502671085	123.5970772992580891
 214.000000	5.0312803722890669	141.6361935436642625
 215.000000	4.9239588867971067	143.1832005680288660
 216.000000	4.8051652525603874	122.0669538809786019
 217.000000	5.7151579519942137	142.4289262246669523
 218.000000	4.5631596313738054	134.2397646058565499
 219.000000	4.4816859518296797	125.2423213626427412
 220.000000	4.8751340214343335	127.0594478894669521
 221.000000	4.5360808880612273	121.3696972070416962
 222.000000	6.2689541940889040	156.6290463937256732
 223.000000	4.8703186895851101	148.9923146643722021
 224.000000	4.8588388857474412	152.3384921575427029
 225.000000	4.7779714713971071	127.4404398008268373
 226.000000	4.5148509251415376	128.6124185602174066
 227.000000	5.0476103545823134	142.1300791648050961
 228.000000	5.2862163854547610	146.3700032823417985
 229.000000	5.0327577361241902	124.4876768740590904
 230.000000	4.7602071948602553	143.5888757496323933
 231.000000	4.4954262278816737	137.9115561064915028
 232.000000	4.9514577515123870	143.3237882134560550
 233.000000	6.4759390888518409	131.4507854543882104
 234.000000	4.6869023793742688	119.2481460682882073
 235.000000	4.8213536143210867	145.5657752864221948
 236.000000	5.0197112580475611	118.8887133522901394
 237.000000	5.3795141072024180	140.1196044316908740
 238.000000	5.2743030243812052	137.8367922514564441
 239.000000	5.0460039866668547	141.2596703338836619
 240.000000	4.8033466641038745	147.8883261411612864
 241.000000	4.9948222776965485	142.6271606691341844
 242.000000	4.8528591520820186	119.5617881063391366
 243.000000	4.5991686171534338	125.5019090752976894
 244.000000	4.8686237914674004	113.0883342771741695
 245.000000	5.0367633648470171	149.2856716900775496
 246.000000	4.7902490287528474	154.8269236646881950
 247.000000	4.7380901145892969	146.1938771503108683
 248.000000	5.1725089324924198	146.3000663671863038
 249.000000	5.0161569855612482	145.0873245527735378
 250.000000	4.6222321522550898	123.3879015391865153
 251.000000	4.5902080081835601	120.3297580332710481
 252.000000	4.6431006048190522	129.2109912190250043
 253.000000	5.9374811102044633	115.0904077027002899
 254.000000	4.7311855705099770	119.7265562410861435
 255.000000	4.6196796755600635	129.2233241280747791
 256.000000	4.4863629393671367	130.4225512310183603
 257.000000	4.9329932324897916	145.1652835386141192
 258.000000	4.5089986414337941	131.5597193439363082
 259.000000	4.4544631886425483	125.6510297030470014
 260.000000	5.1084079318496389	122.6658954186844426
 261.000000	4.7061281610446128	123.8793129198584211
 262.000000	4.5088202103893833	131.1419580538283753
 263.000000	4.7957499603686786	120.1115095178551115
 264.000000	4.5184905949632377	131.6035527654855173
 265.000000	4.7369848679094684	129.0676442041510938
 266.000000	4.8656559848492114	123.0372308125949417
 267.000000	4.5935634362226985	125.7428920074197976
 268.000000	4.6280911688189272	127.0137593542068259
 269.000000	4.9752045236172249	124.6772991799570605
 270.000000	5.9921171586372042	131.9257251156544726
 271.000000	5.0368195749765974	149.4788001870788321
 272.000000	4.7986963172022330	143.5612655838919807
 273.000000	4.8728584313932446	146.7252862741660806
 274.000000	5.0439127979882690	146.5425657381038036
 275.000000	4.5496714608514299	134.1495697362879582
 276.000000	4.6747062700678752	135.8966671475125167
 277.000000	4.7708228582195344	143.3642535570025416
 278.000000	4.7882981135251246	141.8297020441395375
 279.000000	4.6251677279411538	122.1659730714580689
 280.000000	4.8197164794270995	146.9913441175806383
 281.000000	4.8905255379605750	143.8364001704356383
 282.000000	5.2748631359297891	136.6904095627089646
 283.000000	5.1518547645574548	148.4711305466400972
 284.000000	5.0358292780297260	140.2053796855879000
 285.000000	5.1618048423372587	145.4242478267920546
 286.000000	4.7858218749166097	122.0725860443202464
 287.000000	4.6283041003323682	115.8113376856313010
 288.000000	4.5948818776717628	129.0362717691066337
 289.000000	4.5218568810093789	132.1956390820788840
 290.000000	4.9722134745329196	127.2991795865527251
 291.000000	4.7238237726402827	125.6982376592196715
 292.000000	4.5970452369582917	128.5049814082181570
 293.000000	4.4433648375908090	126.2837847808461618
 294.000000	5.1727381568571680	147.7025047042036476
 295.000000	5.4627855106079641	147.7181210792884940
 296.000000	5.5264954462629579	143.6182752055019023
 297.000000	4.4923427575239891	126.9569765384065363
 298.000000	4.5686719524390016	132.8733169553418634
 299.000000	4.8916284355923754	142.0885245741026495
 300.000000	4.8960639499199701	122.0702393778409771
 301.000000	5.0299828714533392	144.4550693754351300
 302.000000	4.6031673281554983	128.0224442515472845
 303.000000	4.7394645297628912	119.7637998296083879
 304.000000	5.0419729942555609	148.4870549963432609
 305.000000	4.8217140227318049	155.2524501770096208
 306.000000	4.9849788955675614	144.5066516851799463
 307.000000	4.9800641519552951	152.1787642351130216
 308.000000	4.5791652470143154	125.8792185651923319
 309.000000	4.5750359551265607	130.4347878517066022
 310.000000	5.0379679199829015	141.3295532102285392
 311.000000	4.6968595428155604	134.0367045024036941
 312.000000	4.8932677486871770	143.1465822214983916
 313.000000	5.0478275444628249	151.5639367984236969
 314.000000	4.8956788318943509	148.3257957987982536
 315.000000	5.1102182052162197	156.5487171458677835
 316.000000	4.9115168723622258	136.2600199901261249
 317.000000	4.7238263809243151	148.5541325687427445
 318.000000	5.0028445171168787	143.1563723520719122
 319.000000	4.9194446817414654	145.9534128904264776
 320.000000	4.6410961829654553	145.8715760496984331
 321.000000	4.7266391553595870	126.6410458544191044
 322.000000	4.7523417158718564	113.4683638343458938
 323.000000	4.7024161092308390	118.9133683992017438
 324.000000	4.7635312766680000	114.7949564518782068
 325.000000	5.2324061263654471	143.7556169828234829
 326.000000	4.9326163867111346	136.3711878947950709
 327.000000	4.7986223034128104	137.8748982359558681
 328.000000	5.4431720571963691	143.1319090168331911
 329.000000	5.0577389040245464	142.2272174477623707
 330.000000	4.7173629779068573	140.8815823496723283
 331.000000	4.7256493501950532	130.9481798923957570
 332.000000	5.1207894799206217	145.9667951810411637
 333.000000	4.8639686077586299	139.2864929093363742
 334.000000	4.7193133949200945	129.3047673718558883
 335.000000	4.7474082071409311	120.4478172829838911
 336.000000	4.8484334142970384	133.1091157867096229
 337.000000	4.7263100885147660	144.3546878210759417
 338.000000	5.0350521818815714	147.6027970630417485
 339.000000	5.0306148105276387	132.1369391783397020
 340.000000	4.8482887875124865	116.9557571616953453
 341.000000	4.5616787235310827	134.7721819211000422
 342.000000	5.1038249678945071	114.7960661632928066
 343.000000	4.8224179051218181	122.4936970906829998
 344.000000	4.6595945370810332	115.5007853388361951
 345.000000	4.7892853393141506	113.4463257265104090
 346.000000	5.2592479096886429	119.2008161141624072
 347.000000	4.5766186330236787	126.2202284853761398
 348.000000	5.1582381264746511	110.7412429103987250
 349.000000	4.8022078895683995	116.5142376505798723
 350.000000	5.1282231646065810	145.9114549798238443
 351.000000	4.8522760231535482	143.0562712215004524
 352.000000	4.9004110661411922	148.3320031841201683
 353.000000	4.9247379736305161	129.8186148082578768
 354.000000	4.9966109464815567	141.0123223433833175
 355.000000	4.9579829737668106	151.2722024577932700
 356.000000	4.9585658219151965	150.7306166632569955
 357.000000	4.6066213218212440	136.5587568007127288
 358.000000	4.7891473321947702	143.7445407244345574
 359.000000	5.2665545144095232	149.0899933929728149
 360.000000	5.1057840165195687	146.4594629278052196
 361.000000	4.7518256605789251	146.0387507895568433
 362.000000	5.3911223263056280	141.3221224353237631
 363.000000	5.7355653765964671	145.9348223898820152
 364.000000	4.7527174471458098	146.9794185752680846
 365.000000	5.2918148898218504	146.8863676150981519
 366.000000	4.8926915991406563	148.9618140302838469
 367.000000	4.9624617615216158	144.8922012178923637
 368.000000	5.0055539680546044	139.8908371359626130
 369.000000	4.9838001299140586	123.7279469994014107
 370.000000	4.6326763097562065	119.9618420461908954
 371.000000	5.2134667924326790	149.9333636826825966
 372.000000	4.5283490440617582	135.9309194061057156
 373.000000	4.7976955866491711	152.5480292888610165
 374.000000	6.8181422132538705	118.9708493428838381
 375.000000	5.1687174257332078	153.1442106682372639
 376.000000	5.0136796387580143	146.1738098295932673
 377.000000	4.8779503806304163	143.0189211156309455
 378.000000	4.7778868740038059	134.2799553681930718
 379.000000	4.6797065754570237	120.2768972949728834
 380.000000	4.6502980032496399	131.8153563046953991
 381.000000	4.9003648892083405	149.0303249015225902
 382.000000	5.3998948878557425	140.1778616097884651
 383.000000	4.7260533181640518	124.6881738088231515
 384.000000	4.5750610723485563	116.8504621035244213
 385.000000	4.8621573175694870	147.6488587826767116
 386.000000	5.1344699724858325	148.3068512481040671
 387.000000	4.8320231632892021	146.0317305599479596
 388.000000	4.7306032637004902	126.3612868013330228
 389.000000	4.7446216856765275	129.2851475906429641
 390.000000	4.9591013269698800	129.4830547137216286
 391.000000	4.9251233302052260	120.0211534899601560
 392.000000	4.8041522672292336	118.0814708113042855
 393.000000	4.5967891138798747	124.5896815934800657
 394.000000	4.9502389326351306	115.2772521061298931
 395.000000	4.8706237988508745	124.3234241405025955
 396.000000	4.8960460300688577	116.9541826581563129
 397.000000	4.7681539675208517	126.3447220167307421
 398.000000	5.1697956409334926	127.2401264035629964
 399.000000	4.8556804265308298	117.5491542766277036
 400.000000	4.6878091667002906	130.2801747953321296
 401.000000	5.0325910147575250	122.3226537806385181
 402.000000	4.6741871724681596	125.2275766739720950
 403.000000	4.7328115437861111	118.5956754891939227
 404.000000	4.7499584084383200	122.2858122876583593
 405.000000	4.8799214527659460	124.7892758305827385
 406.000000	4.6603749679682220	117.2026581236882521
 407.000000	4.7689891759363006	118.7293205189778433
 408.000000	5.3738326549465034	125.2727398317323377
 409.000000	4.9382472052236537	119.7560038855589966
 410.000000	4.8784830929901801	141.3321593233960698
 411.000000	5.3354818483397608	150.3425187444145479
 412.000000	6.2849055963529539	143.3245951850175004
 413.000000	4.8026536764495695	140.4132771579603798
 414.000000	4.6285648453072978	124.5524930161781185
 415.000000	5.1109896305938216	150.4434429262173580
 416.000000	4.9500177093271160	148.7111382926700287
 417.000000	4.9070823415545339	152.0457872331781743
 418.000000	4.4897629247599040	131.6125860697459871
 419.000000	4.7399407189162144	147.3341955006935393
 420.000000	5.0232641837689549	144.4549904671960405
 421.000000	4.8740367275333929	149.0458742802483698
 422.000000	5.5536751293282460	143.5070400360310146
 423.000000	4.5785232962169555	140.7123157718457378
 424.000000	4.9003128685631285	143.7488078856097218
 425.000000	4.9204641213717988	144.5449423398146109
 426.000000	5.0803846047566594	145.0936219898488844
 427.000000	4.8635704202782666	140.9490126890617034
 428.000000	5.2227000946943125	148.7485739170186889
 429.000000	4.7995106497211211	138.3884492954940413
 430.000000	5.4759544334896830	139.5046059830136187
 431.000000	5.0382135468374818	152.1065654877453994
 432.000000	4.7113269390956285	119.3427741737050241
 433.000000	4.8891769837803354	122.7664582810797071
 434.000000	4.8346937598451012	131.3429200427892454
 435.000000	5.1393756896684408	146.8273918493283645
 436.000000	4.9042981105192247	121.5756545611594106
 437.000000	4.9024174556532110	116.0244262716138621
 438.000000	4.7563872687875310	131.0679352957208152
 439.000000	5.0117957032557214	142.1171343823100983
 440.000000	4.9504378809376028	146.8086885557587493
 441.000000	5.1061547709109014	115.1319520572730681
 442.000000	4.6854940755761350	125.6069622893121931
 443.000000	5.1507338603587982	125.9585026652530928
 444.000000	5.0792136071696365	140.6910786636536272
 445.000000	5.0947201302502592	155.2578875099729316
 446.000000	4.6809626860954365	124.8081446884909553
 447.000000	4.7281746040311834	129.9553546823880481
 448.000000	4.7731335098756631	119.1051735487457961
 449.000000	5.0311437682667863	117.2592709510225859
 450.000000	4.9928078385004833	111.5518547802265630
 451.000000	4.6645793063236134	135.3954988466372242
 452.000000	4.8636851160122330	130.7921521197852144
 453.000000	4.6519553552463542	131.6644814276876616
 454.000000	4.7888661658796465	139.8099009626251075
 455.000000	4.7671413393394815	143.7447048675250869
 456.000000	4.6900817370508214	139.0220275056566379
 457.000000	4.9296227961878269	140.0145380125408963
 458.000000	5.0751920091653124	147.5221808415594182
 459.000000	4.8299918282175067	144.1358320309797989
 460.000000	5.0665288418563463	115.2989846409906107
 461.000000	4.7216637216612138	118.1777451283390405
 462.000000	4.6624870732786450	121.1405126913884800
 463.000000	4.6667190262533795	138.5664640530592351
 464.000000	4.5355401021170172	130.6673674191391399
 465.000000	4.9310134927061364	113.3588192745884697
 466.000000	5.4670932536621457	125.6819318258783937
 467.000000	4.4788261767301831	134.3515124568070576
 468.000000	4.7312399110469316	122.7100569309724420
 469.000000	4.6170692789726235	126.5539457510320887
 470.000000	5.7426579528715189	137.4041776939389479
 471.000000	4.7135401862362842	132.5384623698742246
 472.000000	4.9470019995163304	140.8426774381621271
 473.000000	4.9563454501841067	120.4553703873614836
 474.000000	4.6384361348332908	127.7013866421832233
 475.000000	4.6771391787969332	120.0395976225293850
 476.000000	4.6064967936412629	135.4369665962016143
 477.000000	5.0078391691409365	145.2842420008438182
 478.000000	4.7777937200929497	121.6837319242774242
 479.000000	4.6850430443496780	138.3026661800508919
 480.000000	4.6919387501723397	147.2168057086066710
 481.000000	4.6752618858713966	132.2229920512991725
 482.000000	4.8333663048206423	146.3449403582613400
 483.000000	4.9614953410168887	152.4578559504833493
 484.000000	4.6529049045078992	122.8923912282451454
 485.000000	4.8800496331001728	144.4768369808045065
 486.000000	4.9258159006359241	139.6520299259066462
 487.000000	4.6870211088115612	138.8645485879337116
 488.000000	5.4751211935456494	146.2988673151230330
 489.000000	4.9501455790992210	141.6898090135997563
 490.000000	5.0241586903839126	138.8613443199589312
 491.000000	4.9708239602215816	144.7708903942670702
 492.000000	4.7501620365471586	118.7757827933495491
 493.000000	4.8582674739399163	131.0862722545467136
 494.000000	5.3670205537844788	117.7134152537007026
 495.000000	5.4400480030041818	118.3144022237689654
 496.000000	4.8280503159312085	119.1518917847602381
 497.000000	4.7330280901931179	117.5390540127718850
 498.000000	4.8941162105372280	109.1438208255010949
 499.000000	4.8372176296399667	116.6557781544768204
 500.000000	4.9865067872184294	116.8842630862385761
 501.000000	4.8106863814691998	120.8909266486016918
 502.000000	4.9349479994233176	120.2198176347747847
 503.000000	4.8364216318532725	146.4328833888450276
 504.000000	5.0876143490219947	144.3086805244212201
 505.000000	4.8667664572573646	145.5932501422819314
 506.000000	4.8155219304194343	144.1683822331752935
 507.000000	4.8888447468117935	120.5128683325274608
 508.000000	4.5750059036613786	138.2203699951654130
 509.000000	4.8745184644594346	117.7613843198094514
 510.000000	4.8199625339614105	119.2412611480257993
 511.000000	4.5461128013233925	132.2279152386311694
 512.000000	4.7305568174230945	134.7564066356202943
 513.000000	5.2772492249478944	139.9701342276330251
 514.000000	4.7562367374596528	139.4040025664899645
 515.000000	5.6144334834243299	145.0253774147269326
 516.000000	4.9863687670015064	137.6134104464622965
 517.000000	4.7353470040585091	143.5427478473137057
 518.000000	4.8992052887742341	138.3105838374860355
 519.000000	4.5239284110786180	128.6865772138053785
 520.000000	4.8704833818209821	126.2157069119617034
 521.000000	4.7594647800818493	119.3995350477561601
 522.000000	4.7326098050363843	114.0968595275394790
 523.000000	4.7248197995732317	137.4586960638384880
 524.000000	4.4581314350973757	131.3393912848156049
 525.000000	4.6331783017819435	125.5340257456869040
 526.000000	4.8046613154692590	143.8090714516284550
 527.000000	4.9422161405903591	130.2841033288984818
 528.000000	5.0168662252912233	150.6207543000056717
 529.000000	5.0095043021618020	120.4032900676111524
 530.000000	5.0204938765674703	128.8222099867371355
 531.000000	4.7564073113067700	143.5403588247885409
 532.000000	4.7117040377562018	127.3266786046245329
 533.000000	5.4158444473286114	142.3027936572460703
 534.000000	4.7443698055996881	141.8673008483895899
 535.000000	4.4737379971498061	131.5699198417285913
 536.000000	5.0322322363203247	136.4845050519237191
 537.000000	5.4878226698118828	136.1236760256711023
 538.000000	5.0872867537397415	155.3960415307772678
 539.000000	4.8596628081940967	143.8884099154210503
 540.000000	4.7628294275131431	132.1835702978728762
 541.000000	4.9430262277109938	143.0519808740427834
 542.000000	4.9789183289258112	122.4346398150867401
 543.000000	4.7733472879296155	149.1570415993571430
 544.000000	5.7293609870592244	139.6713669432479605
 545.000000	5.3771115838432761	150.1959669777054103
 546.000000	4.8500688862862553	134.6410238447862753
 547.000000	5.0484869300434143	144.9093505421053294
 548.000000	4.6498960714107698	141.1596989182701805
 549.000000	4.5937147519020947	141.2102847568478410
 550.000000	4.7124748432554249	139.8833354474966768
 551.000000	4.6352651841243269	121.9811269106730123
 552.000000	4.8327222624787183	112.8860729751401522
 553.000000	4.8514889195570365	119.3879897529219534
 554.000000	4.8872414010460092	120.3159127791224705
 555.000000	5.1909099764028079	122.8697313379816762
 556.000000	5.1021255404005688	115.9553406678996197
 557.000000	4.9599431104396379	123.6816724984948053
 558.000000	4.6752752328932656	117.9538032465204083
 559.000000	4.6293447776171792	131.9573435000644679
 560.000000	4.5784570060994367	118.9156933025560363
 561.000000	5.0836160067392298	114.0270333664949334
 562.000000	4.9402832666617353	118.7645447383145694
 563.000000	4.9768620501462904	118.6288101487109543
 564.000000	4.9707871748182653	120.2768951667850672
 565.000000	6.0037821297605545	138.0962916462863745
 566.000000	5.0087032211329978	144.8948896078755411
 567.000000	4.8563788052455621	134.8232406176688869
 568.000000	4.8269908755648947	146.0257646325624421
 569.000000	4.8894034240412836	147.1622498898557012
 570.000000	5.4505301470745922	138.6018003171446367
 571.000000	5.0324760283351146	139.9843491044416055
 572.000000	5.2474628957306972	138.2857856909864722
 573.000000	4.9289869044421586	148.2596693423229226
 574.000000	4.6945357773929919	145.0453500437768639
 575.000000	4.9502181980577502	148.2199040964803771
 576.000000	5.5149777193392095	146.1258862768925155
 577.000000	4.7987134651026633	137.5850665327659499
 578.000000	4.8563023535556269	141.1618657704631516
 579.000000	4.8589156261144648	126.3210808349054730
 580.000000	4.5276055185912556	123.1422412569187088
 581.000000	4.6806880098865369	143.2235899305788109
 582.000000	4.4888259498103817	130.8259083073263866
 583.000000	4.6580543746765146	133.9087105479174227
 584.000000	4.8208234461673944	138.2083553376285465
 585.000000	4.7069541298904731	142.3665347995665229
 586.000000	4.8316177346288383	140.6883858157278553
 587.000000	5.8592968600052826	118.1534045558942125
 588.000000	4.6695625248203907	122.6447853571580708
 589.000000	4.5545507397643474	130.3213430084996958
 590.000000	4.7239969027272242	154.1248354585316349
 591.000000	4.6440400441177090	123.5368824608159173
 592.000000	4.8444723885477403	145.8688179867192787
 593.000000	5.0270453134151349	141.0165222227233528
 594.000000	4.7332122401644794	128.8277831485503668
 595.000000	5.1366908384939789	145.8046937399385854
 596.000000	5.4887288874923836	151.8113902597219180
 597.000000	4.6676548586659123	146.1725528629233395
 598.000000	5.4218282096446906	145.7484288466672808
 599.000000	4.5275388289588916	137.7001791585176420
 600.000000	4.8120234476358688	138.0451292263551863
 601.000000	4.5901346089689419	148.2667066585280224
 602.000000	4.9617111826628086	123.7054733101332147
 603.000000	4.7774171395471381	116.1732230019049723
 604.000000	4.8146069764250550	119.2976860278066056
 605.000000	4.7208557202781591	125.9226256416895353
 606.000000	4.9559188059455765	122.0876907364165760
 607.000000	4.8023976345312311	127.0575891840687461
 608.000000	4.5383621686938493	125.5786709953034119
 609.000000	4.8318223116890584	122.9331401170549611
 610.000000	4.8626529730283812	145.8430807973570325
 611.000000	4.5994132952992821	147.8882691749784613
 612.000000	4.7433399073501112	148.0418221124362503
 613.000000	5.0860227768441204	141.0353988959196840
 614.000000	4.5977977334149083	134.1825455329841930
 615.000000	4.9593352678054909	120.7409859999999640
 616.000000	4.6120803340309431	131.4703051295804244
 617.000000	4.8920056218467485	128.6662934387070436
 618.000000	4.7402978139691765	126.2000026123560588
 619.000000	4.6238041199650608	124.7747170889464030
 620.000000	4.5583392396817626	131.7252018646125862
 621.000000	4.9292973960976330	146.9493630645362146
 622.000000	4.8866852327201551	141.6496790537296988
 623.000000	4.8673756671461872	116.3527584700943009
 624.000000	5.3022153708261968	113.2500614254554989
 625.000000	4.9147011292505267	118.1085792158311563
 626.000000	6.1614102072606167	132.4619652223712478
 627.000000	4.7260001015381095	119.3884984497072423
 628.000000	4.8445126407390191	145.6697007949011038
 629.000000	4.6058940246489488	119.1081351296432871
 630.000000	4.8274467900333420	125.2754981707343944
 631.000000	5.8570167134190703	133.8923377483803847
 632.000000	5.1588496245545983	145.8076521162723793
 633.000000	4.7640316236492133	146.0081516679020126
 634.000000	4.9055266915374585	131.6737777562218810
 635.000000	5.2360440366891581	145.5595790557210876
 636.000000	4.7166648414510792	147.4036366615813165
 637.000000	4.9080476038237153	143.3865484658317087
 638.000000	5.5969273367054901	149.9856941371506878
 639.000000	4.8569122133136489	119.5988679268491524
 640.000000	4.8925901690885123	125.5070291110257301
 641.000000	4.8063242063361535	121.3241632057868742
 642.000000	4.5442890086494030	122.7319120490158042
 643.000000	4.9665803134104891	121.9091282145433297
 644.000000	4.8963874577982196	144.1040889412381603
 645.000000	4.9435679069184006	147.6752191078348915
 646.000000	4.8455291242753988	144.6311750856286267
 647.000000	4.9606409031890752	138.3877101818325457
 648.000000	4.7244824113997410	146.2277453351923953
 649.000000	5.1872634490753562	142.6788899053613875
 650.000000	4.9196581861619606	134.5926342073451281
 651.000000	5.0536966609727987	150.1487815145605111
 652.000000	4.8976834644343548	140.9028876875943865
 653.000000	4.9562385126935169	144.2409758915934788
 654.000000	4.9420643124041712	130.6271124394313574
 655.000000	4.6950379534350439	145.3466999000560236
 656.000000	4.7770435018175696	144.2543336517832699
 657.000000	4.5955990714982669	128.8446883789742401
 658.000000	4.7294077644881449	121.6354255012605847
 659.000000	4.8120290603658162	119.4431152271498320
 660.000000	4.8514556033213783	125.2132084145510476
 661.000000	4.9620283789990003	122.1050520935730503
 662.000000	4.5949403586005317	133.2998160877370992
 663.000000	5.2166404031738187	147.8881943023982615
 664.000000	4.8954951764803223	136.8868672285870502
 665.000000	4.4274412018609324	136.6887800423599231
 666.000000	4.9373673700842122	145.6208334970779106
 667.000000	4.9755628354749808	134.8000242137565579
 668.000000	5.2991264791213437	142.7544178082309543
 669.000000	4.8218761753689181	136.7201999877567573
 670.000000	5.6342281133532435	136.7153029730730793
 671.000000	4.9489706299529166	147.8185782811895592
 672.000000	4.6159141233951155	121.6274299197358886
 673.000000	4.9406186852124492	125.6491995847905372
 674.000000	4.7125479258298899	123.8109920138901430
 675.000000	4.8969980411432363	119.5448216319737185
 676.000000	4.8010591895926389	125.3468611139002178
 677.000000	4.9373136764765864	144.8319026186503891
 678.000000	4.9587862679911758	146.4978083648738050
 679.000000	4.6543722745732614	128.4840268365994689
 680.000000	4.7992224758832132	139.8353822165236977
 681.000000	4.9912716495843705	121.0562278300872379
 682.000000	5.3577874764307101	145.6744122584835850
 683.000000	4.5159821931469191	121.0882068368539279
 684.000000	4.9734291727802029	121.3011998738123793
 685.000000	4.5524386348435204	131.4646343500056389
 686.000000	4.7924687858682269	150.3756902336776591
 687.000000	4.9199240286188362	121.2542363871572917
 688.000000	4.8614562843755174	124.3315566935089151
 689.000000	4.7090603597048641	125.0960598124774208
 690.000000	4.8502160528411364	124.4431840959541375
 691.000000	4.6358772238064949	119.0919865545497487
 692.000000	4.7027516429931611	124.4173479339470134
 693.000000	4.9295527065575975	115.2075253913799884
 694.000000	5.1704962983537053	110.5804255623804124
 695.000000	4.7918598324276527	140.6074368658877063
 696.000000	5.0084147080151746	137.5619685944645312
 697.000000	4.8237451931506774	137.9007846163743238
 698.000000	4.5088516536145251	129.3047641048103458
 699.000000	5.0047236266639752	116.1870247496528066
 700.000000	5.1606934085504950	152.6104050265557532
 701.000000	4.6403872785684648	127.9040348949351653
 702.000000	4.7922560824073175	151.0069649822228541
 703.000000	4.8145447887489361	143.6410900062944904
 704.000000	5.2176376474287904	137.2662675726440114
 705.000000	4.7024187606487251	138.4508135730607137
 706.000000	5.0230916589288288	140.8498325364359118
 707.000000	4.7273485860500024	141.4829234126315782
 708.000000	4.9406974279161373	142.9552541362152169
 709.000000	4.7869475913694819	143.7013965807146860
 710.000000	5.1052156708285654	140.8351909997533085
 711.000000	4.4455272809029873	139.8354893385505875
 712.000000	4.9922399469723784	138.3286972336856877
 713.000000	4.7949183525182191	142.3031288307049635
 714.000000	4.6107470846894154	138.7904680331092493
 715.000000	4.8558611900045472	142.6111452181250172
 716.000000	4.7963257410438951	140.4264692227122850
 717.000000	4.7034396678838659	138.8038124517123322
 718.000000	4.9465448809768837	142.2589035685094530
 719.000000	4.7722728818240174	136.5638471950960593
 720.000000	4.7191686225101828	146.3243153991752195
 721.000000	4.9327042632839051	143.2187778573270407
 722.000000	4.8745842685401808	144.2618962828586291
 723.000000	4.9781117508666082	146.3781877978784678
 724.000000	4.8680180274667100	151.0855473896499461
 725.000000	4.9759895983965734	143.4676554487466262
 726.000000	4.7101290212354074	147.3167575153084954
 727.000000	4.6156398156642773	150.0836491632020397
 728.000000	4.7866355852087885	126.1781856366085606
 729.000000	4.9524086409744310	150.0938895990960873
 730.000000	4.8019372305785444	150.5405282959577278
 731.000000	5.5122681651189138	150.3086923988199715
 732.000000	4.7098048359275602	130.7725492837282104
 733.000000	5.1828596449224360	143.0852082008080970
 734.000000	5.0705274156213473	144.1825191769631829
 735.000000	4.5976539270652914	142.9063858639557907
 736.000000	4.7222247206431494	112.6924301712211474
 737.000000	4.8407566501595909	114.3406407338411697
 738.000000	5.2559377845443995	117.7855561542072849
 739.000000	4.7558979740635845	126.4812727864062083
 740.000000	4.6753552212882230	130.1967206858159329
 741.000000	5.0179575207997944	110.6477753059941307
 742.000000	4.9672134425962913	120.8801767605323079
 743.000000	4.9506694629416979	122.9279905536382955
 744.000000	4.8290905963471076	124.5916205566352630
 745.000000	5.0067288477051655	125.0992273175130265
 746.000000	4.8117689955541820	119.1970000130166483
 747.000000	4.6153342626368508	123.3592899742689752
 748.000000	4.8402394794660637	145.0168467873226632
 749.000000	4.7692614996305558	145.1435820369389376
 750.000000	4.6842937689339559	124.0810152385907656
 751.000000	4.6944572561370661	122.3333412812684742
 752.000000	4.8339716117205276	123.3240391247495609
 753.000000	4.6579794812367865	118.9301902493821785
 754.000000	4.9673190934429980	111.8028961632572447
 755.000000	4.7946858293615779	124.8347883590482468
 756.000000	4.9685651350703584	120.4582156734708462
 757.000000	4.9795629389340874	128.3128453692928588
 758.000000	4.6261488588922655	127.7920490025974232
 759.000000	4.9577176450244362	142.2697444552783850
 760.000000	5.1925466700761005	139.3387397568429549
 761.000000	4.8883475003955486	130.5703339656527930
 762.000000	4.9319345953903575	129.1028317761485198
 763.000000	5.2829851944402435	143.2238993414331674
 764.000000	5.6942209379973256	147.0143546474217260
 765.000000	5.0637857165105737	141.8818184326438825
 766.000000	4.9529117424017093	136.4854976321053925
 767.000000	4.9472267749387751	142.2591161159957664
 768.000000	5.6368400443474744	153.5820615761164163
 769.000000	5.1969115014638270	154.5701795224401565
 770.000000	4.7762990372656242	140.1888177745750568
 771.000000	4.7365418005338480	139.3422744153930353
 772.000000	4.8169890885778193	139.3300611766805162
 773.000000	4.8782265727099778	148.1732806328732863
 774.000000	4.8338169233280475	143.2809786164283992
 775.000000	4.9527896039249013	143.4211197207261819
 776.000000	4.7550959539069693	116.2972710252893762
 777.000000	4.8392961111288884	120.2982419350676651
 778.000000	4.7258458153177498	121.3292523217542964
 779.000000	4.9077252669796172	139.6218624394006156
 780.000000	5.0803893742375719	144.3061617079891903
 781.000000	4.7745381390829653	118.8247270417754464
 782.000000	4.8484508993442237	124.5918499820648435
 783.000000	4.9725445985147179	125.8963990453599706
 784.000000	4.6367810542809664	119.7650170695085308
 785.000000	4.7466633272535850	121.4685589760346005
 786.000000	5.0282781070230174	120.1472268812091784
 787.000000	5.2924215950616365	114.4625370476713897
 788.000000	5.0944571952917030	157.1314504185276633
 789.000000	5.1473262769648445	139.2031732961793296
 790.000000	5.0218616131954281	140.4237750165968066
 791.000000	5.0369408795853543	139.5600789268163737
 792.000000	4.7084293475921433	143.4126342525610198
 793.000000	4.8154076619959740	157.3638355030631715
 794.000000	4.9447023832929204	138.6485765431162918
 795.000000	4.8143447704381748	120.0223228272329550
 796.000000	4.9620866731082582	122.3448010781450250
 797.000000	4.9202418597153299	138.6464606719993071
 798.000000	4.9466789098950326	128.4788643278419329
 799.000000	4.8667987872505618	137.2284039720827309
 800.000000	4.6395143864322055	130.8749856069749455
 801.000000	4.6705860391589109	137.2307571221592184
 802.000000	4.9934308522405040	152.0713659051587570
 803.000000	4.7196172508764622	127.5289861703226109
 804.000000	4.6463922324809293	120.9740268733910540
 805.000000	4.9081483536723418	145.3425583864202224
 806.000000	4.8271306419886972	139.7654322529276953
 807.000000	5.0668930188364802	139.8610006715105953
 808.000000	4.8161934002891202	131.7571281703400246
 809.000000	4.8630779107313193	140.0157573759721856
 810.000000	4.6963740600934640	133.2418415037791135
 811.000000	5.0170781702660809	146.5904174577137269
 812.000000	4.9078912567839756	137.7031588738537380
 813.000000	5.0612726983014236	140.5268576652392767
 814.000000	4.8858099794552263	122.1566221293691115
 815.000000	4.6678250698367556	126.5972292836017061
 816.000000	4.7673356312117203	128.5098667187686488
 817.000000	4.8563308340922768	110.8836091689548198
 818.000000	4.8503256316638241	123.1288316635118179
 819.000000	4.7214672136029368	118.1851661871513102
 820.000000	4.8900124833197625	119.9014322186069421
 821.000000	4.8857125203930920	126.8187534035478592
 822.000000	4.8940816746720035	119.7505350243660018
 823.000000	4.8077160034671973	120.0588624535588735
 824.000000	4.6440856098309320	129.8979529230383037
 825.000000	5.0555058016925054	111.3575635863982853
 826.000000	4.6782526284046897	119.5467674878326108
 827.000000	4.5251706363453525	122.5148765131276178
 828.000000	5.1360202900625662	119.3718005371440682
 829.000000	4.6558940348261064	116.8148277599329106
 830.000000	4.5919529281965454	125.1522027085370610
 831.000000	4.6859364906271743	117.5934129299508584
 832.000000	4.8854844412023066	117.9882514736798100
 833.000000	4.8073069888402857	123.5450347931126629
 834.000000	4.8324112619466613	137.3330461832917138
 835.000000	5.2253133277766990	135.8141732056094213
 836.000000	4.8483381256871994	156.8144554682129979
 837.000000	5.3150931052245340	135.6732393836457220
 838.000000	4.8145022290712358	143.7843222221951862
 839.000000	4.7902699849903740	137.6630870968870965
 840.000000	4.7550889737643978	137.3098294975097815
 841.000000	4.7901661661973796	133.4302551361927556
 842.000000	4.8487188959650132	134.4318549150325168
 843.000000	4.8561471660631561	137.7144818694618493
 844.000000	4.8534802255962939	143.8214265889074852
 845.000000	4.9559393544402077	142.5729471807337063
 846.000000	4.7132168512818824	140.5292084565057564
 847.000000	4.8945141233715548	144.4108519067966938
 848.000000	4.7588967977026027	137.2700647263194185
 849.000000	4.9775795601864479	144.6753595985400125
 850.000000	4.9816231726232418	140.5324717309519258
 851.000000	4.9897903139405040	145.2369076063806688
 852.000000	4.9421766450443183	150.3146073402161562
 853.000000	5.0621899119453353	144.7651700556411924
 854.000000	4.7921242227404584	135.7362494440255603
 855.000000	5.1574596125064476	146.0488924209319919
 856.000000	4.8950848330069929	121.4777205789890075
 857.000000	4.6299985843357909	131.1978852298240099
 858.000000	4.7483662932317996	127.0784013619197168
 859.000000	5.5292670728831750	145.6774577566698667
 860.000000	4.8818644874302946	132.2139682467081059
 861.000000	4.9070888126023160	148.6834245531184138
 862.000000	5.1249205266840567	147.6375163259065744
 863.000000	4.5935134409346254	137.6057288122159719
 864.000000	5.0956909254271450	122.6091740497707576
 865.000000	4.7133161913104011	139.6966238184897691
 866.000000	5.0966932864881347	136.8020707557012940
 867.000000	5.3604177805377100	142.3850499284322666
 868.000000	5.0151808543433614	146.8466499057319936
 869.000000	4.7161560499117119	123.2696741743417590
 870.000000	4.6831967673080923	119.4458168264704625
 871.000000	4.8730192407529263	118.1302235163650494
 872.000000	5.0491154538967082	151.2430068613978165
 873.000000	4.7013926252995164	143.9126528057544192
 874.000000	4.2774999170450307	128.6779543692231869
 875.000000	4.8327573592971174	146.5618796772928363
 876.000000	5.4763770661022946	148.4140662301605857
 877.000000	5.1974248306689335	141.7822359285058837
 878.000000	4.8065649858733597	147.3312114121731042
 879.000000	5.2538263685471556	143.4262364487004220
 880.000000	4.7482582840504826	146.8192826338364796
 881.000000	4.6440445905310144	142.2220191957694055
 882.000000	4.7582638156027892	130.3410675208895952
 883.000000	4.7084691103975702	142.9427163473039286
 884.000000	4.8312042701042159	141.6459240414307033
 885.000000	5.0433049094906215	143.3774783568787825
 886.000000	5.0017704688568179	144.2822237512079937
 887.000000	4.9520477908198082	143.0628909312077894
 888.000000	4.9105436479459783	146.3370180237092484
 889.000000	4.9344312392417322	146.4959955832540004
 890.000000	4.8832061801866811	139.6514590786700865
 891.000000	4.7086900593947068	120.3142214879782301
 892.000000	4.7323408409694858	116.5945812602884075
 893.000000	4.6258331436758624	130.3352805640414829
 894.000000	4.8779576788516126	118.1901040151747253
 895.000000	4.9094906408054122	112.4055602985864795
 896.000000	4.6472631300946672	125.1560212314885518
 897.000000	5.0251458814393626	148.2930620422308721
 898.000000	4.8536958111309634	138.8061767593173386
 899.000000	4.5300473937847494	123.3310035155796953
 900.000000	4.8002518737918436	112.3423850371416819
 901.000000	4.9472298006234920	120.3927132348162843
 902.000000	4.9884419432413196	122.6057750612439463
 903.000000	4.7518748564675155	117.6735035082725460
 904.000000	4.9738082645552453	118.8824348955587880
 905.000000	6.6386421657129784	122.4698313892990598
 906.000000	4.9796350500168591	121.3494992032757125
 907.000000	4.8000487219243828	123.0540483909244500
 908.000000	4.8245653786572174	116.7091018525512567
 909.000000	5.0121605292055502	120.6578793479895921
 910.000000	5.0814972653962247	112.6774309707054158
 911.000000	4.7783811103865288	117.1177430936955801
 912.000000	5.0592979519555845	127.5535738301347237
 913.000000	4.7337171564255716	113.6355772315072272
 914.000000	4.9331615618538818	121.9895699068015915
 915.000000	4.7099177276163671	124.2844085873590529
 916.000000	4.9411834751591481	122.3535638872878053
 917.000000	4.8108210632054620	120.0471339618221123
 918.000000	4.6885786855299889	122.4061125788702213
 919.000000	4.9098407549932697	119.8886798226874930
 920.000000	4.6401707786935056	127.2428235656511788
 921.000000	4.5733369553240077	132.3024112751190273
 922.000000	4.7426641689394398	129.1216882777302999
 923.000000	4.7820899664187939	122.7027017669960571
 924.000000	5.0741803841630961	125.1265158470215511
 925.000000	4.7696920444607169	129.9053473947292616
 926.000000	4.9225140104953180	114.4087496814978522
 927.000000	4.7484406912422923	122.8941652137847171
 928.000000	4.5821868407205866	143.7782563148066686
 929.000000	5.8482614335349439	125.7355102491005283
 930.000000	4.9128113877328747	144.7475847232942101
 931.000000	4.9847495092465879	139.2405222195405941
 932.000000	4.9566550545371841	118.8244830237209726
 933.000000	4.6318890308919034	120.6959137436561349
 934.000000	5.0481269575483179	120.5842938715650519
 935.000000	4.9547196533794029	122.4895503784813116
 936.000000	4.7429279722763047	129.0472209418015268
 937.000000	4.8954354427981386	118.1361929810707778
 938.000000	4.7192001585961894	124.7316057162805976
 939.000000	4.7433793400290396	134.3553103607728190
 940.000000	4.8498335176876113	121.6132025444819504
 941.000000	4.8547901717928008	142.9505395566265236
 942.000000	4.7315615799566997	127.2001631430971997
 943.000000	5.1471152668691040	118.2421211421031018
 944.000000	4.9137901394553527	126.8257511118426777
 945.000000	4.7457854726010655	124.4830580814519578
 946.000000	4.7967729304060409	119.6982211870193851
 947.000000	4.6231418435426290	137.8880676920318251
 948.000000	4.5433558846871716	131.9033695743590613
 949.000000	4.9583845301192380	147.8140573843447498
 950.000000	4.3796812157299740	131.7246763676317585
 951.000000	5.1311593238768518	141.3899777834110125
 952.000000	5.2727194942987872	137.2987580042841671
 953.000000	4.7764907371286753	144.6016344696004978
 954.000000	4.6999574155270576	135.7090917913869248
 955.000000	4.8114092745669694	144.6469760588932161
 956.000000	4.9190323119269292	143.0389372159773984
 957.000000	5.2501897519932479	138.7968449399269559
 958.000000	4.7330728364648893	146.9891122734793782
 959.000000	4.9041206346946105	150.6376669963768506
 960.000000	5.0066142910908118	141.4400574649208124
 961.000000	5.0780555300602330	145.1140286835517657
 962.000000	4.8901719269916972	148.5164031198607404
 963.000000	4.7962137546988348	143.1082856635407552
 964.000000	4.9035183275521153	148.6827445481062284
 965.000000	4.9088454825175107	139.8198944185138544
 966.000000	4.8946229181184737	149.2075080583473436
 967.000000	4.7899719825001652	142.0646479570353904
 968.000000	4.8390833211506070	148.0478365232044666
 969.000000	4.8484608003248244	149.7997866331166108
 970.000000	4.7382888853579033	124.4570393332855360
 971.000000	4.7547758280814092	126.1599400007697511
 972.000000	5.0528608728731141	141.7168828437652905
 973.000000	5.0016047858857027	135.5809715296282150
 974.000000	5.5382054235309921	152.9915239898270158
 975.000000	5.1097844611649714	151.1991712028921029
 976.000000	4.5764657040038310	122.5219048032275424
 977.000000	4.8178312986332124	120.6146352393946302
 978.000000	4.9489605604416358	124.3254800339552162
 979.000000	4.6376190606788512	141.1646891944318156
 980.000000	5.1590742676394523	145.5860072288983247
 981.000000	4.8746196402440694	138.2311665766135604
 982.000000	5.1608431293937542	143.3647627356880321
 983.000000	4.8883140239643792	145.8350836564270878
 984.000000	4.8154549943621117	154.6422680308948543
 985.000000	4.9596719924981985	120.6007527981922607
 986.000000	5.0155480059686655	117.7705278141123415
 987.000000	5.0075078102225605	119.6720466540529060
 988.000000	4.9254425517552836	118.2871482826969185
 989.000000	4.7577459121346255	124.5007637559315867
 990.000000	4.6967953108414777	130.0846102197753851
 991.000000	4.6469326014386301	121.0077094081878784
 992.000000	4.9125710571972210	117.8759648249171050
 993.000000	4.8560154504549207	143.8599253414496388
 994.000000	5.3850880729509516	148.2915170899495081
 995.000000	5.0626910244354759	140.0555825832927326
 996.000000	4.7040777076467197	116.0244891088288597
 997.000000	4.7709587958734510	126.6917268704005721
 998.000000	5.2904076362854857	117.1161693812311739
 999.000000	5.0026376780411539	133.2376206895057180
 1000.000000	4.5019326472387187	129.3927245569450690
 1001.000000	4.8759019179929730	114.9551142181514081
 1002.000000	4.8705713521930276	139.7382202215924849
 1003.000000	5.1839600501083192	149.1023435114122151
 1004.000000	4.5416851813745343	128.7058768278743628
 1005.000000	4.6780231190614261	116.4871314621965865
 1006.000000	4.5756197788416815	141.0514950057049077
 1007.000000	4.7241670692494431	136.9906077901843560
 1008.000000	4.7126816150624329	149.1325362641433685
 1009.000000	4.8775100131854590	139.4943353856667727
 1010.000000	4.9794388574434354	137.8655339993932500
 1011.000000	5.1658813457903312	113.7269368272307588
 1012.000000	4.6253115478390923	121.2636998734911344
 1013.000000	5.0452597545005693	117.4245021614177631
 1014.000000	4.7959266258544320	114.5561291641315620
 1015.000000	4.6342136890545573	118.7034442329452304
 1016.000000	5.3895618328385266	143.6778492616621747
 1017.000000	4.6390959420968469	149.5910337530314678
 1018.000000	4.8583652666879624	120.6130353710775012
 1019.000000	5.0242161117356696	140.9495833579053965
 1020.000000	5.0854933590413820	120.2094122827120941
 1021.000000	4.9556970927942379	141.7401386005542463
 1022.000000	5.3169922003889321	144.3660546469810697
 1023.000000	5.5860967559174721	136.2905201347660977
 1024.000000	4.7115345129581767	149.3248798811035556
 1025.000000	4.7230718929462130	144.9015283967160315
 1026.000000	4.9647783796080098	141.5981696147082971
 1027.000000	4.6267595029852258	124.7860824120453600
 1028.000000	4.5476271212894277	126.1341721506596087
 1029.000000	4.9422964397193434	120.7424264602648805
 1030.000000	4.6502429223418913	123.1043495318691612
 1031.000000	4.7168031729284783	150.7658227793215815
 1032.000000	4.5432025933388092	134.9874537585316148
 1033.000000	4.7207063997467431	131.6544415470772265
 1034.000000	4.7346259774941890	136.4421800224493779
 1035.000000	4.8002059948865847	141.9583938205586264
 1036.000000	4.8793582643569327	144.8157653988459970
 1037.000000	4.7354381606907081	119.3896578474620327
 1038.000000	4.6901380071506447	122.8446253524943472
 1039.000000	4.8424586380784245	120.8662617478323966
 1040.000000	4.6655145602095409	116.5772845078419238
 1041.000000	5.0019295419658061	124.2148890474497875
 1042.000000	4.7949934165397945	117.8906747219671018
 1043.000000	4.8913752836906426	121.9692048442890382
 1044.000000	4.6404820585459046	140.4343021555141036
 1045.000000	4.8263121933480928	146.9453165538492954
 1046.000000	4.8526230450543668	145.4505512267929532
 1047.000000	4.8287787999963152	138.1169380016033017
 1048.000000	4.5963229433071957	132.8737155715118377
 1049.000000	4.9723752236623273	126.7834195092499101
 1050.000000	4.6807819927636771	124.7381266299101412
 1051.000000	4.8265502086898131	117.4247459999552632
 1052.000000	4.9643659101766451	112.9189550120368892
 1053.000000	6.9776146747373824	116.0714951566258151
 1054.000000	4.8555506437060503	147.2419471575608156
 1055.000000	4.7773264093700520	136.8630004157509177
 1056.000000	5.1972750297906405	136.8676840176593146
 1057.000000	4.8938212827908849	141.4640301715077442
 1058.000000	4.7887226306572508	141.3976258152947310
 1059.000000	5.0744549516736939	151.7863937077770800
 1060.000000	4.9653351906765257	129.8647029696998061
 1061.000000	4.8122281800872200	129.2473886649982262
 1062.000000	4.7861084559480966	150.9445072629795561
 1063.000000	4.8886210363798659	147.9504372809372228
 1064.000000	5.5464493420402432	153.7030943284480600
 1065.000000	4.8785964926510035	134.2634777794238516
 1066.000000	4.8023024585523073	151.5579859741081634
 1067.000000	5.0980416244227502	144.9231411934952121
 1068.000000	4.7640861558188714	148.9022748633399260
 1069.000000	4.7987124515723290	121.4862210050903570
 1070.000000	4.6572564255537836	122.7887638408996196
 1071.000000	4.8705366992999126	140.5229763562665539
 1072.000000	4.7558627081143579	142.1846813614392033
 1073.000000	4.9015656269326717	146.6029236610825137
 1074.000000	5.2539790263991977	144.3962975455446553
 1075.000000	4.8365017444060241	139.8331078308684141
 1076.000000	5.9543063688133859	139.1207254873951911
 1077.000000	5.5689556358507160	156.5523783704966831
 1078.000000	4.8475742690713135	135.1204692173990907
 1079.000000	4.7673514340416085	145.7350409237107556
 1080.000000	5.0359026986864928	143.8364771853291586
 1081.000000	4.7777743076998327	141.2464271254437449
 1082.000000	5.0014894297552299	144.8271592477651382
 1083.000000	5.0958032681693251	137.5268933032638188
 1084.000000	4.8293496357353964	142.4845398897796542
 1085.000000	5.6757426543617431	143.7591370279016019
 1086.000000	4.7021129545837574	140.7395042830152931
 1087.000000	4.7073518142046797	141.5940294210333263
 1088.000000	4.8017159559350189	143.2686681246818807
 1089.000000	4.9880299391310654	142.7695276320572475
 1090.000000	4.9828228995817812	151.9077810792636569
 1091.000000	4.6209338542208149	143.7605400850918045
 1092.000000	4.8769039642594203	126.9449208588253839
 1093.000000	4.8982954212948684	122.1105175195008172
 1094.000000	4.9491603600791247	134.3396894538499282
 1095.000000	4.8493718361471876	146.2796738043219875
 1096.000000	5.0516898611841619	147.6679526652328320
 1097.000000	4.9192890357090686	121.5483627601727932
 1098.000000	4.9832669512665078	121.6600699890670967
 1099.000000	4.8855797534416459	118.6692388314142761
 1100.000000	4.9070055220538462	119.9125320428103691
 1101.000000	4.4894719242910792	135.5301609673933001
 1102.000000	4.7908612113025040	121.4916857754825230
 1103.000000	4.6696380045117971	117.7655325596440719
 1104.000000	4.7385614691696905	132.8359757503681351
 1105.000000	4.7410319553649396	115.7482108191063759
 1106.000000	4.8083609414412747	121.9290768696176031
 1107.000000	5.0757182106922585	127.4024714038813357
 1108.000000	4.8152248083919886	119.1176272376863210
 1109.000000	4.4772490139022922	134.8964768237784710
 1110.000000	4.7189464535220971	120.8664097081146451
 1111.000000	4.9009086435302827	118.6360834377024673
 1112.000000	4.9797481543725732	118.8718365223701312
 1113.000000	4.5816090736240893	129.5661438938955428
 1114.000000	5.0949264708788435	117.3065495472355622
 1115.000000	4.9546197558695306	118.7699539324231068
 1116.000000	4.7130287316675776	133.5590392654188747
 1117.000000	4.6567331406457617	118.0926970080696208
 1118.000000	4.7126131650728116	126.4040917103576191
 1119.000000	4.6525582252569659	119.3672553566295989
 1120.000000	4.9115923099392607	122.7978727653005109
 1121.000000	4.7647522053647444	149.2036112836151176
 1122.000000	5.2087822270207189	144.0717143445199042
 1123.000000	5.3093568787896945	145.1737452457911104
 1124.000000	4.8792292102465105	134.1086340792206215
 1125.000000	4.7791878319141006	119.8677095765267921
 1126.000000	4.8755404360627050	118.5812395451263797
 1127.000000	5.0817802663420482	135.4689167428334713
 1128.000000	4.7230496772605850	147.0366859028084434
 1129.000000	4.8858374537729574	149.0533603912359979
 1130.000000	5.2462531454762686	141.3221284766113399
 1131.000000	5.2667178365180183	147.6788248486655277
 1132.000000	4.7523808917614945	141.0676522650213656
 1133.000000	4.6223939192732288	131.4382062317143891
 1134.000000	5.0110326049331979	142.0263047936987846
 1135.000000	4.8157617902167162	140.1529160807090193
 1136.000000	5.1056251293037578	144.0566624707911387
 1137.000000	5.0668504641697156	139.2233908142171970
 1138.000000	4.7394299123437627	136.4176087217925897
 1139.000000	4.8786875895979991	153.1421350487125324
 1140.000000	4.8386691794990346	147.8456987184604827
 1141.000000	5.1377062328876475	146.5384152803354709
 1142.000000	5.4461806667790906	141.0665286661913456
 1143.000000	4.9942348282768423	120.4896709171967615
 1144.000000	4.9619052794150278	120.6861318579141766
 1145.000000	4.9413631873335131	123.5473246854957097
 1146.000000	4.6772801140323716	143.7516035235527738
 1147.000000	5.0732155250935209	136.0635515572436418
 1148.000000	5.1824530062924081	152.6984499988860478
 1149.000000	4.8136640843249898	147.1301383014242106
 1150.000000	4.8231223365832516	142.6508243959256674
 1151.000000	4.6760404513598877	145.3821694023266673
 1152.000000	4.8038304451915019	150.1293426185506519
 1153.000000	5.2342315174215335	143.0380911951764915
 1154.000000	4.8422472151984488	118.9905926331148862
 1155.000000	4.6895647543512027	139.7783461776151626
 1156.000000	4.8886967804284760	143.3015251100704859
 1157.000000	4.9500667506203033	146.3435734471045464
 1158.000000	4.6712582460641414	152.4279979370896285
 1159.000000	4.7036632890096524	145.4317827934205241
 1160.000000	4.9487413790837023	146.2169524342622537
 1161.000000	5.7545435481099210	150.4215385360722621
 1162.000000	5.0419536997934546	147.3587171357281704
 1163.000000	4.9960060650255436	145.1489733268302302
 1164.000000	6.2248616953390474	136.0744884211332533
 1165.000000	5.6612859588346041	147.6132898295734321
 1166.000000	4.9115766008265540	139.7542407163076064
 1167.000000	5.0796772557082557	142.2699425413651113
 1168.000000	4.7623500494563880	135.4801698566647019
 1169.000000	4.6244199384895310	134.8143888246373194
 1170.000000	6.3122462622516400	122.3821947639540610
 1171.000000	4.9075994170495418	142.6972871203340674
 1172.000000	5.0185492951502697	147.7517660061722893
 1173.000000	4.9352655830920407	121.8072783870634765
 1174.000000	5.0136473250602327	153.3008213383486122
 1175.000000	4.7163334532512833	144.7710254072658245
 1176.000000	4.9469776338074869	153.1811513774730713
 1177.000000	4.7283394993493353	132.5081926225643087
 1178.000000	5.0975229252547853	138.5888152928426962
 1179.000000	4.8607911351878634	149.1860084001828000
 1180.000000	4.7459374359611912	143.1692099294369314
 1181.000000	4.9670233896067089	141.0606420302034110
 1182.000000	4.5141537550906259	126.1686240767694329
 1183.000000	4.9576924493758021	153.7058158817207527
 1184.000000	4.9846042490272922	145.7751523308421611
 1185.000000	4.6893111238519367	126.2233346601728385
 1186.000000	4.6606780772220526	125.2669313760904970
 1187.000000	4.9101890034325013	124.3782953837970666
 1188.000000	4.7275106421779647	119.0106418171683202
 1189.000000	4.8227415842978116	145.2257086948397387
 1190.000000	4.8188219488525990	113.2387260164660177
 1191.000000	4.8548056521669993	120.8628292998973279
 1192.000000	4.7194893952837518	115.9481437796963519
 1193.000000	5.6012890904566124	150.8916112587252201
 1194.000000	4.9758991194470976	144.8985320259955074
 1195.000000	4.7811832985589060	120.2574952597265394
 1196.000000	4.7055606817502085	151.6602370783974436
 1197.000000	5.0109924271375252	149.6985242299928984
 1198.000000	4.7704810823950092	140.7963130263867129
 1199.000000	4.8869281576751220	150.8726662288152056
 1200.000000	5.0556617609353278	151.5859570535084799
 1201.000000	4.9745203191527674	142.6783262296698638
 1202.000000	5.0630075771729315	150.9310504715966204
 1203.000000	4.9016830729637526	144.1644676275745951
 1204.000000	4.9445225595135192	142.2884574751646198
 1205.000000	4.7270645052707261	151.1892239816469043
 1206.000000	5.0124035527477018	135.0475504631840522
 1207.000000	4.9899297995170642	136.7036998433958956
 1208.000000	4.9165408020293233	147.3413227945386552
 1209.000000	4.7914174567448677	144.3363578632099973
 1210.000000	4.8102628375133394	145.3184828412559284
 1211.000000	4.9165204460635250	152.1623389155863890
 1212.000000	4.8494670651617335	120.4788687618921870
 1213.000000	6.3402683896249430	128.2905698849342855
 1214.000000	4.6219093726018778	119.2956187760702846
 1215.000000	4.9737201536024553	142.6823168590081821
 1216.000000	4.9225855107066741	140.9647149447758636
 1217.000000	4.4629722368596454	132.2333678076891204
 1218.000000	4.8622828504744851	140.1208469962142544
 1219.000000	5.0821438149605109	145.3437652081851752
 1220.000000	4.7556577629166545	142.3723890684712501
 1221.000000	4.5239592606630579	128.2703136161271118
 1222.000000	4.7732776052425896	143.7058682895375341
 1223.000000	4.6788012049642154	120.7439839989089307
 1224.000000	4.7158667402986847	141.5298720250275153
 1225.000000	5.1421199313339585	121.6396230965083305
 1226.000000	4.8176354097066563	119.0975980682866577
 1227.000000	4.6960127258679858	120.9895943947961001
 1228.000000	5.0798339283457885	123.6144387729075760
 1229.000000	4.6370717750339230	128.2411687700153777
 1230.000000	4.9200130594214375	115.7877915027808484
 1231.000000	4.7883829176808801	121.5615486832602983
 1232.000000	4.7241711469708259	122.6096548732187443
 1233.000000	4.9148047582089314	122.8717616326057680
 1234.000000	4.9429428734699083	123.5170423629630818
 1235.000000	4.6575330796187213	121.3917733962995271
 1236.000000	4.8504416867667866	117.6396670534912516
 1237.000000	5.3741938839558232	116.3697682667217919
 1238.000000	4.8301674611415368	122.0854068124078111
 1239.000000	4.5299851953169696	128.0801200439820775
 1240.000000	4.5526746245977101	122.0827086946932667
 1241.000000	4.9690764657338686	141.5087975689639279
 1242.000000	4.7971695516497403	148.8103827462316247
 1243.000000	4.6793551914456541	142.0618104401942787
 1244.000000	5.0324486752066377	140.4908680542369552
 1245.000000	4.8120048992453794	138.2777386622785798
 1246.000000	4.9248879583116230	117.7813533581061449
 1247.000000	5.3045849084853112	125.1044924266088003
 1248.000000	4.9169716303218607	127.6402479596522994
 1249.000000	5.2474429307283819	121.9249195866279933
 1250.000000	5.0087919447368092	140.4018350074190096
 1251.000000	4.8792806772950161	140.7706017677095360
 1252.000000	4.8422777425180694	144.0595686582458370
 1253.000000	4.7408344888110339	121.3923054081799648
 1254.000000	4.6778485350993817	125.9354519926094724
 1255.000000	4.8009872015124682	119.3100471977327715
 1256.000000	5.1078021721926952	114.7468578231631966
 1257.000000	4.7423247439851517	123.9168905229193172
 1258.000000	4.9114456160899111	120.8994095089522318
 1259.000000	4.5280133547852115	133.0880342555323921
 1260.000000	4.8808980774628816	129.5129589481252879
 1261.000000	4.8306708227484414	128.0512231468815401
 1262.000000	4.5872092388387662	116.7824151967226669
 1263.000000	4.7478725670400177	116.4759060180576142
 1264.000000	4.8037310803118132	120.5339388152877973
 1265.000000	4.7641780329816292	123.7719822556150007
 1266.000000	5.0480375632736108	121.3108629348426177
 1267.000000	5.0563186671269786	126.9991394606187782
 1268.000000	4.8665641411551341	121.8162091868545787
 1269.000000	4.8729459013298779	122.1729475779245604
 1270.000000	4.5482058337415419	141.4544909182015431
 1271.000000	4.9081467419609996	125.7797750562618830
 1272.000000	4.8383099616552130	125.2214106911391980
 1273.000000	4.8588881759791986	118.0355037860848881
 1274.000000	4.8901240313823680	140.5399914680129143
 1275.000000	4.7475356106957580	134.7904016744916760
 1276.000000	5.2228811598895044	141.4864841060884828
 1277.000000	4.6445856309046682	125.0237029880938735
 1278.000000	4.7007237534871660	129.7359260256184257
 1279.000000	4.8871032021028924	147.8302894195804242
 1280.000000	5.0103924360241185	146.0281427367142442
 1281.000000	4.9391193231394999	145.3095277189758008
 1282.000000	4.6782229293599240	143.8332547815949169
 1283.000000	5.1287420104912718	141.2336475149461990
 1284.000000	4.9028600862519447	134.9394720340255560
 1285.000000	4.9046937783742584	146.6598139754897829
 1286.000000	5.0786193619849556	123.9637645040479583
 1287.000000	5.5656890674648878	146.2213797325340181
 1288.000000	4.6483545825402413	126.1515014700680695
 1289.000000	5.1732346067574353	147.2863156657400054
 1290.000000	4.8498144499811300	147.0963123728642188
 1291.000000	4.7106286277002463	127.3784022045302891
 1292.000000	4.8668977310730011	124.5551982698828510
 1293.000000	4.7851759796201883	125.4428365974948321
 1294.000000	4.9055900422095799	120.7946722793074485
 1295.000000	4.7014838635127729	121.5195582182555540
 1296.000000	4.6240389946409435	124.1529459135157367
 1297.000000	4.7905003632470748	121.0589672585018945
 1298.000000	4.8197729042710744	146.5464385869266835
 1299.000000	4.9116791253020846	139.9498969012679765
 1300.000000	4.8966368389219666	117.9017592195481257
 1301.000000	4.6128047359297684	133.1155883485375853
 1302.000000	4.8648929252216133	119.0619224671364123
 1303.000000	4.8937525190714135	125.9220742076781221
 1304.000000	4.9264043696892035	122.6987376956716105
 1305.000000	5.2154593675478980	122.2565282356974876
 1306.000000	4.9438431290389451	146.1701623460979249
 1307.000000	4.7233601305034298	123.2757327492506079
 1308.000000	4.8900911430575009	133.1797630416369316
 1309.000000	5.0068432502969173	138.6318604208345278
 1310.000000	4.6979964448314737	140.9240955606565819
 1311.000000	4.8079783728785639	139.7580070499331555
 1312.000000	5.0071423746767287	136.8667846987642918
 1313.000000	4.6745928406336130	143.5700379195720870
 1314.000000	4.8553364724244359	142.2343652692253784
 1315.000000	4.8784808436833655	126.0508386834003005
 1316.000000	4.8417293689766945	144.8034345137088508
 1317.000000	5.2162668729391326	138.0699928932071430
 1318.000000	4.8775670738712433	140.2243479571363025
 1319.000000	4.9908883076768147	143.0974570795573868
 1320.000000	4.6790929737242148	140.6806218825467738
 1321.000000	4.7959729976598187	145.0807351508656780
 1322.000000	4.6244518043414011	133.2111076649864003
 1323.000000	5.0946222964847365	116.5530482996747281
 1324.000000	4.6980986806286253	126.1216076718872614
 1325.000000	5.0911100574579571	117.3283179393900610
 1326.000000	4.7117317018163094	116.7416658042015740
 1327.000000	5.0883858971326221	149.0930701486433634
 1328.000000	4.7638692343421623	116.5381755784364088
 1329.000000	4.7370810910467203	140.4513211046428012
 1330.000000	5.0371430110613931	141.6273614280609081
 1331.000000	4.6947645214845508	122.7454966617254684
 1332.000000	4.8002343924872592	121.1736206646794187
 1333.000000	4.8119028674383140	106.7183287669431451
 1334.000000	5.6376166176711413	119.3102054913543384
 1335.000000	5.2806170341961547	115.7740188825762715
 1336.000000	4.7189369628101110	126.9261504375194249
 1337.000000	4.4266067671350378	129.7581332240317522
 1338.000000	4.6436169844521178	130.9395833920675614
 1339.000000	4.4411719713860229	134.7964021358073410
 1340.000000	4.7380202734642536	117.9602622360571615
 1341.000000	4.9513346104063238	121.2813858146818973
 1342.000000	4.6118381918172959	120.0544484937490779
 1343.000000	4.7990776910583870	126.7325677732055453
 1344.000000	4.9113325603755893	122.1953207588924784
 1345.000000	5.2106203531932289	129.2945717755870874
 1346.000000	4.8650325531903649	119.9947297095740737
 1347.000000	5.1452726692462409	123.8122256403723469
 1348.000000	4.6278313172568399	125.9587971282836065
 1349.000000	4.6933302044728560	140.8549031452296845
 1350.000000	4.7179339068212807	129.0667491522142711
 1351.000000	4.8319788270443187	138.7282096484776730
 1352.000000	5.2545737942913293	142.9045407079765937
 1353.000000	4.9857381222320569	147.1857618972032355
 1354.000000	5.4791140586313585	144.5957363693971161
 1355.000000	4.8206773338248947	116.0972684256768730
 1356.000000	4.7750313003729801	118.3348296099534309
 1357.000000	4.7646182541941728	123.5746323037172658
 1358.000000	5.6891617434859558	151.3872757031766696
 1359.000000	4.7186646912444123	122.0836278530582177
 1360.000000	5.5749070868949238	143.8882439838742471
 1361.000000	4.9855239937741178	141.8378311585909444
 1362.000000	4.6343580468928289	131.8869911499179182
 1363.000000	4.6968887632766094	132.3360630532773143
 1364.000000	4.9116304945731040	121.0112240472773806
 1365.000000	5.1117177405294836	151.4441479411299554
 1366.000000	5.1015848475076861	151.1313976061644553
 1367.000000	4.8405467725616518	150.4500518483971234
 1368.000000	4.8044618259100016	137.5796939566504591
 1369.000000	5.0670837160410169	137.4503821143978826
 1370.000000	5.1625649153022612	149.7374519357271367
 1371.000000	5.0859381972651407	152.1184923965956841
 1372.000000	4.9593845191831019	143.7504220494730021
 1373.000000	4.7801936970607688	128.4718475442270460
 1374.000000	4.9048572286574670	131.0368252268458207
 1375.000000	5.2559387656169196	139.7212024424487709
 1376.000000	4.9321935894763191	154.9926674838123688
 1377.000000	4.6265899966210995	119.5714861909891198
 1378.000000	4.8991055251591717	127.3709604354730516
 1379.000000	4.8581603493460159	144.3923622017668436
 1380.000000	5.0943335806418242	147.3061126504016727
 1381.000000	4.9234574989103370	123.8007833283353136
 1382.000000	4.7503415015625015	116.5862149848032345
 1383.000000	4.9393899033555062	145.4689964909090349
 1384.000000	4.6016008055072666	137.5883162397076944
 1385.000000	4.6682502787149556	124.0416525326990183
 1386.000000	4.8501449814387376	127.0958819618333848
 1387.000000	4.7765838635680913	138.7614681791216071
 1388.000000	4.8019152437564072	124.1957911180330427
 1389.000000	5.1740453434819935	143.7454657869667756
 1390.000000	4.9345046172741878	147.7242907699088903
 1391.000000	4.8622150734015870	124.7886092690344526
 1392.000000	4.7291191868287772	119.7444105693247423
 1393.000000	4.8766511255725780	117.9174400739039754
 1394.000000	4.7425018589318197	124.0708554548325395
 1395.000000	4.8877687707166482	129.3174785590859415
 1396.000000	4.6284997946934610	125.9628939709489259
 1397.000000	4.7209927010022472	141.5470515999627423
 1398.000000	4.7088110943669301	131.3158342027373351
 1399.000000	4.9799148600267573	129.6182955431446544
 1400.000000	4.7876883102878249	135.4704934861894685
 1401.000000	5.1102853152545862	143.6280747691588715
 1402.000000	4.8143031672518779	143.2718373884349319
 1403.000000	4.7739643583002884	137.1704804021399013
 1404.000000	5.2386947395870758	144.0258837570409582
 1405.000000	5.5975926140899990	140.9051730944658232
 1406.000000	5.0907903088459845	150.8206037903128163
 1407.000000	4.7060801767287490	133.4901383067401923
 1408.000000	4.8123629953500053	141.6216059592307488
 1409.000000	4.7374081692495666	144.2043926504725562
 1410.000000	4.7515066363933034	127.3623744997745604
 1411.000000	4.8116226978323047	123.3665443897036056
 1412.000000	4.8682933940561375	139.1442042270712989
 1413.000000	4.7055901494679446	128.4105074468135399
 1414.000000	4.7679545243921435	123.7338671067661551
 1415.000000	4.8020210977281232	147.8324998702184985
 1416.000000	4.9155293813742063	134.5710437165677718
 1417.000000	4.5983102381268921	130.6400954126769136
 1418.000000	4.9535855227985683	124.3191189221092259
 1419.000000	4.8315217394888572	118.3888531400983908
 1420.000000	5.2497242383979223	118.3406716509423120
 1421.000000	5.0113634408153800	108.1294520862160340
 1422.000000	5.1361787664872214	107.7683923225903158
 1423.000000	4.8457026440839179	145.0337427686791045
 1424.000000	4.8459973686136593	140.6595608756266813
 1425.000000	5.0296944548172018	117.3903282023574661
 1426.000000	4.6042350179916287	130.1995401085946753
 1427.000000	4.7004786911466399	137.5000862664398653
 1428.000000	4.8875056265019454	121.0097845793484339
 1429.000000	4.8809013188426453	138.6085791604953670
 1430.000000	4.5748618078892642	126.2989486890699311
 1431.000000	5.2824271246480921	147.0655882384188828
 1432.000000	4.9952398224379708	134.9772180649976008
 1433.000000	4.7095175377639498	135.6048421702122369
 1434.000000	4.7882771597524512	140.6480591804476603
 1435.000000	5.2148849761364033	149.2750779573186151
 1436.000000	5.1695274406766538	136.7154242062559888
 1437.000000	4.9436492578719422	135.8104558708524223
 1438.000000	4.9413174819112973	119.4749902662184553
 1439.000000	4.7289373299575761	122.7357792753242904
 1440.000000	4.8937220268204795	145.3205010610158752
 1441.000000	4.8845773654137030	123.6111592885299615
 1442.000000	4.6748238542053642	120.5561794113978351
 1443.000000	4.8206601035535881	126.9519476616923015
 1444.000000	5.0709654154156789	136.6952581825410107
 1445.000000	5.1217892474603426	150.5245143979479963
 1446.000000	4.6907943011418691	122.1830385123234066
 1447.000000	4.8317124853017548	126.2368491114401081
 1448.000000	4.9637743043113396	124.8082082042170669
 1449.000000	4.6416554597937099	128.1252357684591914
 1450.000000	4.7367511173177004	147.6462729740473492
 1451.000000	4.7513486780060337	129.0514094421259017
 1452.000000	4.8315393306489485	120.9174555204228767
 1453.000000	6.1547213153264728	125.8897044069473168
 1454.000000	4.9396127652984996	150.5676999195573842
 1455.000000	4.7849134352660583	144.5161292076425923
 1456.000000	4.8974157380095873	121.2315890049569020
 1457.000000	4.7048083740033091	116.3483626757347196
 1458.000000	5.0428593790848684	147.2974662693864616
 1459.000000	4.8168274246334244	115.8382681466601127
 1460.000000	4.7884763238221781	140.1822597141973858
 1461.000000	4.6427264999467903	140.5725454060840036
 1462.000000	4.8599700063140174	143.4883620253525578
 1463.000000	4.9148324712591425	115.9635466531359782
 1464.000000	5.1131544816655117	118.2351610492576413
 1465.000000	4.6162853169925784	126.9470308039885253
 1466.000000	4.8837838142566596	152.1544531892982093
 1467.000000	4.8172186325766768	144.3721876068309200
 1468.000000	5.1019594202572476	143.7766056571113609
 1469.000000	4.8613623867449478	126.9946500405038137
 1470.000000	4.8669125309780714	148.4857549162126134
 1471.000000	4.6403702419158552	146.9930056417138644
 1472.000000	4.7751328106639539	124.3865674483864723
 1473.000000	4.8613860573271124	133.9809038954472271
 1474.000000	4.8515350787444893	121.1092546946008923
 1475.000000	4.8815599350649315	119.4436117500093673
 1476.000000	4.8140416767334875	121.7851778594390453
 1477.000000	4.5665479623058518	131.9846952098445172
 1478.000000	4.7126547156834127	147.9908986198175285
 1479.000000	5.0240597191363721	145.7605910819730184
 1480.000000	5.0959532382928936	148.6092921674184595
 1481.000000	5.2312994545274858	146.5125179928305386
 1482.000000	5.2168882939798307	142.6624300036979776
 1483.000000	5.0344851451013390	146.4202482673141787
 1484.000000	5.0663301540247465	116.5503414081755693
 1485.000000	4.9172770955091929	125.2031540041891873
 1486.000000	4.5961600721783631	125.6844221000150128
 1487.000000	4.8312630064670197	143.2487451561210889
 1488.000000	4.8445021190343445	140.2563874712026575
 1489.000000	4.9982003984692156	152.1679201351877282
 1490.000000	4.9172069549243300	143.5076766808651598
 1491.000000	5.3627504646805946	149.8513082182960829
 1492.000000	4.8552589082056237	145.3120044445034580
 1493.000000	4.7816889283912820	139.7648504404517666
 1494.000000	4.9746698734317700	132.5793931916145425
 1495.000000	4.6616674451724176	128.6708030000666554
 1496.000000	4.9829821437277966	142.3700932786664453
 1497.000000	4.7909015908200026	121.1592895973918047
 1498.000000	4.5588785995386143	133.7661006674064765
 1499.000000	4.6594812776561660	125.6683668709155910
