 0.000000	8.6397165090667478	120.3148917198763144
 1.000000	8.5692784539564943	168.9083579936597062
 2.000000	9.2931973595139770	139.9241198982758476
 3.000000	7.8321354846359714	169.3402280041301253
 4.000000	8.3657306326267431	150.2831188001029545
 5.000000	7.4476378304621189	161.2187482025655640
 6.000000	7.7134423817401103	160.7470952678909839
 7.000000	8.5465645966039272	143.4186641470921302
 8.000000	6.3733253593865813	164.7784204264870880
 9.000000	8.1599483899702356	155.7936991061922072
 10.000000	5.8946303698766869	161.3181082058349318
 11.000000	6.5064053687418202	163.5277616979579136
 12.000000	6.7586940405883835	165.1162600416643329
 13.000000	7.1804308139533761	168.1583904928032780
 14.000000	7.0072615021244387	176.9823212052698125
 15.000000	8.5388591599205412	161.9616065239032139
 16.000000	5.3800155425151122	166.7836330184248936
 17.000000	6.6960473415122088	150.9360226707505319
 18.000000	7.0871626356798263	151.1046135364250631
 19.000000	8.0516926866662129	156.8851983052717856
 20.000000	9.2104890354926852	138.9600172572355348
 21.000000	4.6656489460281572	171.5960485327489096
 22.000000	3.3640155896600632	159.2290346437964388
 23.000000	4.1688075685245023	167.8833076711259196
 24.000000	5.6717139583279845	154.2866517649169680
 25.000000	7.1045115030965151	154.6216091096541163
 26.000000	7.1103809469428114	145.0951840401062327
 27.000000	7.2408775442077085	150.9168490278870820
 28.000000	6.3230898347464510	174.4114274901298529
 29.000000	8.0100814911458169	151.6705458157399562
 30.000000	7.3423139537092199	169.0876792987016870
 31.000000	6.8005031441929367	169.2818549213406811
 32.000000	9.0310726629870892	156.1313660234196732
 33.000000	9.8741736798895374	168.4518019074306778
 34.000000	3.6015086330939097	162.5323673710694550
 35.000000	11.8424092706350592	92.2899289760874950
 36.000000	7.3045795568940362	164.0320712333347615
 37.000000	7.9285957554723074	175.0916134676055549
 38.000000	5.7969626757975874	153.9859335495914650
 39.000000	7.0482414176085806	155.1429801537537685
 40.000000	6.9732830185096990	163.4684039004825422
 41.000000	7.7523859604914298	162.6623475155308256
 42.000000	6.9530693232026639	170.1862732879716305
 43.000000	6.6002522616758421	158.2252319722636003
 44.000000	6.3541268347431394	176.2022178168144819
 45.000000	6.9104943834235470	165.6275167238246127
 46.000000	9.5861490743610176	156.9788063331552621
 47.000000	4.0540339555896701	168.7354794033386156
 48.000000	5.8350806463166709	164.9800718121899195
 49.000000	4.0209014209415006	165.8653786899909903
 50.000000	6.8396788310019154	161.0618212299231971
 51.000000	5.9772685378906312	150.4470030762824990
 52.000000	7.9583766305601893	149.2603430021236477
 53.000000	7.2282238235055631	172.4258735927700457
 54.000000	10.4854067558472543	147.8993711304941883
 55.000000	6.9714002327662996	153.9287022548016068
 56.000000	6.1480733808330985	166.8451278857683917
 57.000000	6.9155352090390760	146.8776160476423911
 58.000000	7.2528614085367060	161.2679298904366192
 59.000000	8.7373746010673834	156.1413204158530164
 60.000000	8.9088424073165040	146.2025130550881613
 61.000000	6.9196052975759654	155.7061410920401840
 62.000000	6.1782465782217306	171.3716298008388890
 63.000000	8.8892074245579611	144.5946660470191887
 64.000000	7.5442166030569418	160.4458699569361784
 65.000000	11.0271787841970514	137.9411980741861612
 66.000000	7.3739366012412324	172.8672701530805114
 67.000000	8.1333497294310213	151.3182709227993996
 68.000000	8.2021828576952434	162.8927737915931573
 69.000000	6.6804971195158283	162.8655107132438218
 70.000000	7.9902297961008255	163.1506696000423347
 71.000000	7.1401027403197768	166.9745538802733620
 72.000000	8.0561208349116402	155.0027231236614966
 73.000000	8.1629589352225373	143.2259868796980413
 74.000000	6.1359939871080789	169.4678631653584375
 75.000000	8.1434489403892965	158.5564652033876598
 76.000000	8.3354723881146562	165.0577918494500409
 77.000000	7.5740109902980803	156.8752838628275299
 78.000000	6.9082281951971414	172.9123884684356653
 79.000000	8.4508713403791873	158.9740519425852483
 80.000000	7.7010589312097775	165.9618777477427614
 81.000000	7.4988326618755536	146.5432082834630023
 82.000000	7.9864358314531945	164.2321194274965706
 83.000000	7.7162742593079772	165.1970548549693945
 84.000000	10.0292130421542716	153.2854395882297922
 85.000000	9.6533646804702009	150.2516150085671143
 86.000000	7.2560701046488720	155.9393936287094675
 87.000000	6.2228192813868715	163.9677244764746717
 88.000000	8.1708212741164381	164.7954385592859410
 89.000000	7.3312866656118780	153.7889971799732791
 90.000000	7.3782158893776106	164.8442426010678048
 91.000000	9.4412413509247806	144.5064991507776995
 92.000000	7.4569184459807962	173.6487401710414247
 93.000000	9.4991232083245034	163.4236555112106544
 94.000000	8.7512415155436205	167.9830551694450094
 95.000000	7.8318941643789906	170.5495077304294682
 96.000000	3.7849478797346543	166.5172517864525616
 97.000000	8.1714578655131529	166.9143020083474767
 98.000000	6.9146604107997707	166.6965893469653679
 99.000000	6.7642646210070856	168.4218379794436657
 100.000000	10.0315730267651713	173.0049067723999769
 101.000000	7.9369421824966180	154.8367900151951915
 102.000000	10.1894194622560175	159.6041415498931997
 103.000000	9.1795871451789708	148.3162470143283542
 104.000000	6.6549722536101044	149.7143515281161967
 105.000000	7.7674623846537481	170.9725874533648948
 106.000000	9.1044234991346329	150.9151060331213330
 107.000000	6.7722591819229576	174.9455815435472914
 108.000000	8.1171542137353114	145.5107735787482568
 109.000000	7.5985120153584820	156.5977790973570052
 110.000000	8.6099785108529332	159.7169163139824661
 111.000000	8.5444479510271858	158.1887934403585234
 112.000000	7.4185152650165946	154.2982015944055263
 113.000000	7.8247610293962264	166.4811746750488908
 114.000000	7.3315833771513041	170.0487445463118092
 115.000000	7.2167206747679007	168.0871479751457400
 116.000000	8.5102917584602977	155.3414065553299395
 117.000000	8.6499741422576548	166.2630353004650772
 118.000000	7.3696489075061500	167.3741943511166710
 119.000000	6.6545929903303165	169.4229703100155291
 120.000000	6.7835459167241661	163.5094596640057034
 121.000000	8.9209824551446690	164.5696650868876247
 122.000000	7.6065736123605152	146.8233774797041633
 123.000000	9.2336157094608051	85.0180385459281638
 124.000000	9.3028534933587395	154.8037622905258957
 125.000000	7.0449315944241482	162.2372366626978533
 126.000000	9.6660794285241760	158.4443991790468829
 127.000000	10.5163455721776433	151.1737467714884815
 128.000000	7.7335693187909680	144.3571739412877548
 129.000000	6.5409889105411043	161.5490077979750652
 130.000000	9.4566072319219057	142.2759903170048403
 131.000000	8.3910358005104051	165.3949025155897345
 132.000000	9.0253954291023746	155.6483086561405571
 133.000000	9.1256781196753174	174.8205519543048467
 134.000000	9.7927790649186903	169.3833624898553865
 135.000000	6.9035848452370132	166.7338190027723499
 136.000000	8.0683965249641414	169.8296089320942031
 137.000000	8.3416404388962970	168.6859941923614201
 138.000000	7.5851622282943350	172.8248285200133978
 139.000000	9.4334747009855207	157.7112916958497522
 140.000000	8.0842793892366185	144.1717265402876649
 141.000000	10.8283693508056871	122.0040021493301765
 142.000000	10.4151191368465934	143.4384691431809529
 143.000000	10.0069890867175317	147.7828352619682164
 144.000000	11.9296164299969494	119.6208815900308338
 145.000000	9.4387100114488725	146.2580051712125453
 146.000000	12.7241389644559657	73.6053789556738280
 147.000000	14.8835334569437308	49.6122001075564185
 148.000000	7.4599926193354831	158.0839734659352303
 149.000000	6.6261400916421538	169.2210170114434789
 150.000000	7.3761100807587408	167.9027255403897243
 151.000000	7.3616669016660587	176.4972519672221551
 152.000000	5.2675625013154734	142.6993750761225215
 153.000000	6.0963845423117675	161.0941334118855082
 154.000000	6.3232810596858924	164.4266412346563300
 155.000000	7.0563478222440503	170.2369539612750202
 156.000000	6.2721737799261836	165.2700714578981831
 157.000000	8.1215554093817595	158.2373147633173858
 158.000000	7.5036928505030831	159.1122433205056268
 159.000000	8.0511368032137387	167.8508381455957306
 160.000000	5.9883239519519229	155.4517621966576826
 161.000000	7.2890928104767552	154.3097083174118893
 162.000000	8.6799940671876605	170.5311897209446670
 163.000000	7.9204072998876844	162.1196164064881486
 164.000000	7.3732462837383741	160.9473430707469106
 165.000000	9.6497992079842660	147.0363588371360493
 166.000000	5.7717194206215190	158.6569970272545902
 167.000000	6.9387054779534107	150.8201429434340355
 168.000000	7.7065583797002164	171.6624906171579994
 169.000000	5.4320564057857652	164.3517089166230392
 170.000000	9.0590665352750186	150.7205335271280546
 171.000000	8.7365424081595613	155.7914264373496565
 172.000000	9.9207816757612886	161.2437725288320394
 173.000000	6.5100344759163704	154.9763516324196928
 174.000000	10.8153701460535565	134.2297213087027785
 175.000000	7.7974217811044753	175.3105564113857326
 176.000000	7.6230280502480481	161.0013993969999433
 177.000000	7.6485850269537838	161.2277922336135703
 178.000000	10.7214894293135394	117.5939346642971515
 179.000000	8.9602157996837253	149.1615312149841941
 180.000000	7.1538514803630040	170.1529226324003332
 181.000000	7.7959210358820066	134.7255854342948567
 182.000000	7.7012687940549647	178.5186560609090805
 183.000000	7.3071668560230201	164.7101592301382027
 184.000000	8.3748575738770725	161.4817264588721741
 185.000000	9.7963423717804705	153.5378432432357272
 186.000000	9.8572850826846565	153.6792558534328919
 187.000000	10.3288367121017490	151.2103895733638694
 188.000000	10.7813526978213314	139.8106726888811409
 189.000000	9.5300179042612694	147.3960024496160486
 190.000000	10.0520820175347563	151.6441834132048427
 191.000000	8.6564885537390293	153.6659201410796527
 192.000000	9.4095528911785138	169.9830108727756794
 193.000000	8.6720318930034317	155.5247762665347864
 194.000000	9.3348450379612835	166.5285840578048635
 195.000000	8.6253509387742948	130.0585125692596762
 196.000000	9.1092175912926336	159.0005929505338713
 197.000000	10.4804712158685298	130.8198420761854948
 198.000000	7.7066935223605695	168.7090641792882195
 199.000000	10.6010528133172315	140.6401150731514633
 200.000000	10.9071312291029141	146.5501299936906037
 201.000000	9.8629895766288218	147.7038098101161268
 202.000000	10.3935468105824427	137.9264139584298050
 203.000000	7.3476432577469710	149.0758750152490109
 204.000000	9.5613426076484078	144.3817906950223744
 205.000000	8.7580059583199557	154.1370800320275691
 206.000000	8.0314237753886619	167.4980793298614117
 207.000000	5.5737409317223570	163.0601928882616960
 208.000000	6.9206285686939468	169.7917850164313052
 209.000000	7.6331432419729071	173.1901952481337617
 210.000000	6.4938544762027233	163.1413215464288839
 211.000000	7.5100489344300430	158.9312699794886896
 212.000000	7.1892248678683508	168.0607862157269778
 213.000000	5.8255540240313595	164.5059847177448660
 214.000000	7.2850635685186038	153.4308648248171210
 215.000000	5.9282518645702300	160.7078698492047408
 216.000000	6.4331123797968370	172.1199683980873942
 217.000000	7.5937722835081614	163.6826048937603844
 218.000000	7.8236564773870496	146.2828814324696793
 219.000000	8.7947724800151192	156.1341573193520844
 220.000000	8.5605417218304289	161.8635828443075013
 221.000000	6.0354423671706634	159.9384442938764721
 222.000000	9.3414934261400209	159.2850878722005916
 223.000000	9.1280673610129544	150.9533378686748506
 224.000000	10.5172117187835568	148.5027746961670800
 225.000000	11.5299829837970922	107.0150086589789140
 226.000000	7.8763742512657400	156.1798229839034775
 227.000000	6.4667324864876807	162.1259696015349618
 228.000000	8.1072876319580374	160.1961512800050400
 229.000000	10.7492335217236796	141.2688293164973174
 230.000000	8.1395971387646284	162.4018276374692391
 231.000000	8.0563807131830618	177.0333788728717366
 232.000000	8.5986326757735956	135.1883727997264373
 233.000000	6.9503216412321018	164.1776729462035291
 234.000000	7.2586645624766168	159.5399546165994025
 235.000000	9.1692834134148438	163.9257513376961413
 236.000000	6.2686834007183778	164.4790528417498763
 237.000000	6.6970021768518766	160.2063224563702875
 238.000000	5.6363835827381692	168.6518152347298951
 239.000000	6.2290612447272098	153.3998263074444139
 240.000000	10.1142637984160384	171.6892205095617499
 241.000000	6.0707713989804439	163.7339285750844908
 242.000000	7.6768717266332178	165.3048396507123812
 243.000000	6.5269375994799352	161.8448394776488897
 244.000000	9.6745029447746962	176.8137668440468531
 245.000000	7.4727575459265152	171.9523076941443094
 246.000000	5.9877847591283579	176.3126302842256052
 247.000000	8.6082014293630973	154.8745431779630337
 248.000000	6.6441830224975273	152.5935482708651136
 249.000000	7.3378166471670871	157.3609782374531108
 250.000000	7.4364660880483600	168.6521079109637640
 251.000000	6.8217608453989698	163.9097715917549465
 252.000000	7.1839241000149272	170.9134298662221454
 253.000000	7.6274924588296074	172.9502797063721857
 254.000000	7.6020971252143301	152.5724147958826507
 255.000000	8.9553777602632447	166.4329844738403210
 256.000000	8.2732381074329133	154.6452972584875170
 257.000000	7.9480042750995299	177.0326074979552970
 258.000000	3.9775180426965409	163.9602093129892637
 259.000000	5.1547744602363528	174.8886655592308728
 260.000000	8.8756206522001566	151.2413327287986533
 261.000000	7.2926095204027730	167.2409165016433121
 262.000000	5.9650593357080925	146.0510991750695098
 263.000000	6.1266069585284786	172.8677100891666782
 264.000000	7.8048803094219057	170.7874002476227133
 265.000000	6.8684482600702514	158.8625869915832425
 266.000000	8.9310909205894067	148.7816826635238101
 267.000000	8.2807349885502575	140.5401913693712004
 268.000000	10.0728945173014832	139.1563578928056586
 269.000000	8.6983034140031634	168.6158468780695898
 270.000000	7.7046566316938492	161.3412939932482004
 271.000000	6.8370103321472184	168.1612342162331402
 272.000000	5.7982416897675773	159.9348972759568710
 273.000000	8.5734066994761786	164.4508021051726701
 274.000000	6.8327355749731273	146.3498685069429825
 275.000000	8.1812388147741171	161.5018045144655900
 276.000000	8.4135668019769643	159.3694604525629757
 277.000000	7.6050993648853691	160.7494035900023448
 278.000000	7.6597441086025295	176.6539763660288997
 279.000000	6.7903082964846071	158.8490149551884087
 280.000000	7.4507464673211148	165.8592122579668739
 281.000000	6.7755950273620842	156.8355473122137482
 282.000000	7.9593178651466481	144.8284838230140963
 283.000000	6.4600426736150780	164.7219277840355858
 284.000000	10.1325872020612522	141.1007183772445615
 285.000000	8.4229058842896283	167.2219912390680747
 286.000000	7.5313490813701147	165.9526543180887188
 287.000000	8.8375330765570812	158.8001678624166289
 288.000000	6.1876240063972086	163.9144992697127066
 289.000000	8.4902848183414932	163.3850684103590254
 290.000000	9.3634803808824270	160.4558496685081366
 291.000000	9.5492908231311908	163.3738187166399030
 292.000000	7.2069751944618234	146.8278289338724676
 293.000000	6.9796547861337670	159.6144378863967290
 294.000000	7.6904216819328406	151.9938050715754230
 295.000000	8.7423138798963311	162.5851392646223132
 296.000000	8.1557951781684999	161.9873308703538441
 297.000000	7.4454538245965773	156.3967348060013762
 298.000000	7.3112345843996849	160.5164740825589433
 299.000000	5.9141377357909590	156.0491975942033207
 300.000000	6.4432157567333572	164.6960301804849394
 301.000000	8.1630066913835204	156.1017502592279129
 302.000000	9.0658214433545812	165.7210634906540463
 303.000000	8.4965268309354762	157.6652331645162235
 304.000000	10.0741816111852707	157.7602826168027264
 305.000000	7.9068067185950115	167.7281302658101936
 306.000000	6.5831918648646068	157.1773550581368397
 307.000000	7.4120228723722663	145.5362889244446478
 308.000000	8.6172214905028923	148.1198727999782250
 309.000000	7.4588422006489061	154.6584359640842194
 310.000000	8.6404070754951370	163.3121941933621599
 311.000000	9.4264940373876112	164.7241544870325924
 312.000000	9.5887892724959389	164.3307674296077607
 313.000000	8.4024501187910321	147.5578996523047977
 314.000000	8.8869284990014048	163.5862147869351588
 315.000000	8.0027761553259129	158.4811576708416965
 316.000000	9.1943344226177963	133.8314170766926168
 317.000000	7.0494171627772282	160.0726117131421233
 318.000000	7.7529789546846928	168.3288887330228647
 319.000000	6.8520346576131566	171.9184780151587972
 320.000000	9.6593331475857269	147.9375425208177433
 321.000000	2.6817920814093719	135.9400066438755061
 322.000000	9.3221184085035738	171.2800763052193247
 323.000000	7.8662101514301774	169.7000055943122163
 324.000000	8.4045924270881240	175.4934168211333372
 325.000000	7.9095583560580884	156.7677492839124511
 326.000000	6.8274959814177603	169.6376479798634591
 327.000000	8.0406553044722369	156.1986661870772082
 328.000000	8.5553125258454212	171.2375652393905625
 329.000000	7.0096962948646464	157.3370854295511663
 330.000000	8.4075905209296415	170.8958278497328251
 331.000000	7.2203414232161061	146.3114708066778462
 332.000000	9.2570087105280532	158.1106950061311238
 333.000000	10.3176125139662140	178.2906540124317019
 334.000000	8.7132686989200661	170.8698173025410370
 335.000000	7.0939126411821336	155.4604394748423317
 336.000000	8.4376344586697645	155.4693413559598412
 337.000000	8.8871926375766748	164.6330195589354730
 338.000000	8.0394832247264620	159.4188571088239428
 339.000000	7.4547615656149828	165.4071075364752801
 340.000000	8.6331530720518259	171.4697511220806803
 341.000000	8.0534345812820067	155.7419651475461535
 342.000000	7.3234182540183106	150.9013462128656045
 343.000000	8.0782770999183224	137.6237817947249198
 344.000000	7.9943486669549042	167.9357076795670594
 345.000000	5.7962675238211254	174.8229671536512058
 346.000000	6.2136863741070822	163.8052792507340030
 347.000000	5.8779901749842018	171.8820010631234254
 348.000000	7.1216194496235943	165.1442871931946570
 349.000000	6.4898106096836603	159.6148967451543115
 350.000000	8.5772275128462176	150.9534213063455184
 351.000000	3.9204146108172813	161.1851859490724621
 352.000000	7.2758828594966900	163.9820977529464301
 353.000000	5.8094459345641818	164.0023105386360669
 354.000000	6.7414624940788350	168.1489112262177059
 355.000000	7.4844620184921276	170.8426773039094826
 356.000000	8.1660027519788070	164.1240908618337926
 357.000000	5.9832264725806930	165.1504948444525951
 358.000000	10.6676840968758029	163.4098628066773244
 359.000000	9.5928095801068025	128.7695820266581848
 360.000000	8.4318820907265657	161.3170753448277424
 361.000000	10.4053256471601117	146.7718854568582856
 362.000000	10.8734310348436800	139.7403332070011004
 363.000000	9.2664235028978830	175.7969964982517581
 364.000000	10.1649821410978980	155.4363350183139403
 365.000000	11.0668411868586460	151.0317406552547936
 366.000000	9.7516701040793681	153.2985139864330790
 367.000000	12.0788285940785496	131.5394835027107661
 368.000000	10.1645028518866631	161.1891669963344498
 369.000000	6.9977295692923516	140.4849270544240767
 370.000000	7.8159847761697128	156.4697248027203784
 371.000000	7.3163375246958866	157.7043971629248915
 372.000000	7.8459438292728292	151.7639554899420489
 373.000000	9.3989124320059645	164.6701215109934822
 374.000000	4.9307912439546220	142.8206694881123155
 375.000000	6.4129177493048646	167.9496103490159271
 376.000000	7.2343632469482326	166.0185514047241213
 377.000000	7.4568464215627150	137.8833303259708316
 378.000000	10.0248587357582011	162.0090320805192334
 379.000000	8.8308827857586696	147.6000320989415115
 380.000000	7.3424758822119092	140.1911831790971235
 381.000000	5.8856540966228099	166.4720723470720145
 382.000000	7.5930089062254078	175.9810871667545769
 383.000000	7.6551997056846695	173.9723213085136138
 384.000000	6.5837744238553846	160.5330604732110658
 385.000000	7.7350593048126868	153.6610264897215075
 386.000000	6.8233181527970128	161.4716689995665604
 387.000000	6.4241452324716137	173.1983986906226676
 388.000000	8.1682357183073400	173.8652358198051502
 389.000000	6.9095035875757711	168.9833325189992195
 390.000000	7.9980407138873764	162.5606168597657017
 391.000000	8.5630786599876583	157.5718203630330834
 392.000000	8.3527048138402531	153.7694152144090936
 393.000000	8.2801998691671965	159.7404867081130249
 394.000000	9.0459751534914350	168.4859735961700267
 395.000000	7.9140538856064904	164.3128445557711643
 396.000000	4.5801576904435599	156.9721640562643472
 397.000000	6.8958807083564189	165.7042119515605805
 398.000000	6.4094121765100507	167.5825599376790080
 399.000000	7.1954542358044806	170.9516723697859959
 400.000000	8.5642779887983629	163.5896826930787142
 401.000000	8.3599614817946684	143.5162072881953463
 402.000000	9.2021512543333728	163.0935391464307145
 403.000000	8.5416179239625070	140.1178204906375413
 404.000000	8.1829506719628107	157.3145156339302275
 405.000000	7.1954063600864089	166.3694722613244608
 406.000000	9.3008056580089900	147.4892345625921450
 407.000000	2.6833024213284760	143.2623197266015325
 408.000000	7.5638401314700330	152.4027103981184155
 409.000000	8.7117514167275960	152.8859240804071931
 410.000000	7.3696651013240357	148.6509388202868536
 411.000000	7.1295663471938191	175.5291179455893484
 412.000000	7.8787953984163828	154.6770520138214806
 413.000000	6.8902752981716020	177.2373149369101952
 414.000000	8.4968584721741838	160.8172298137000666
 415.000000	6.3037950961749232	163.3832390300522093
 416.000000	9.3149531866329429	145.1619603381383286
 417.000000	8.0513887413923513	160.6142097825816109
 418.000000	7.2328947482370047	160.5060693433328254
 419.000000	9.9652491126700102	148.2220975641201619
 420.000000	7.0722415231979801	161.4509441808241093
 421.000000	6.9677921589115845	166.2174279499683109
 422.000000	8.8369027507413964	155.7023085745092885
 423.000000	7.9876540486143170	154.7917916958849105
 424.000000	7.0877869801388940	162.7512408022382431
 425.000000	6.4695219093227472	177.6022569403678233
 426.000000	5.5559979450442452	166.2976314482839939
 427.000000	6.3661984537368150	169.3714670510887288
 428.000000	7.5169948072052781	158.2738293963404033
 429.000000	3.0714654529295844	135.2060890457500193
 430.000000	4.0458937551306393	172.4786530126125683
 431.000000	7.6564729731004642	169.1386520410795811
 432.000000	7.7164641534549006	153.8331185646755159
 433.000000	10.4073111650298866	152.8616895287026409
 434.000000	10.4069173997709363	110.7863444441454988
 435.000000	9.0483970330794570	167.8007168622771133
 436.000000	9.4569567180996987	141.1466919807649560
 437.000000	9.8503220829955396	158.3213969342961889
 438.000000	7.0355708606436034	166.0652452658648315
 439.000000	9.7151841188810781	145.1046323639469620
 440.000000	7.6408528525686101	163.4844481843860535
 441.000000	6.6101871121225209	174.1645180234153827
 442.000000	6.9707298692056936	162.1714652930234308
 443.000000	8.0274154524336527	163.1299871053237212
 444.000000	9.6914124008312790	144.9068998005538162
 445.000000	9.2296627825945556	151.8766369008028221
 446.000000	8.0465868351364875	167.1901861508200398
 447.000000	7.3520928023819652	147.1274414079566384
 448.000000	7.3965031531488821	164.7639571180711187
 449.000000	8.1854728401415571	169.9080015795390466
 450.000000	9.8016841682842717	150.9526655982016621
 451.000000	7.7696070498346508	114.3469835283484457
 452.000000	7.4120608944639566	171.2773263568911943
 453.000000	6.8651186614488067	157.8037858173961467
 454.000000	8.2141724843409349	162.4151427001859531
 455.000000	7.4467235833869951	156.4232615619192757
 456.000000	6.3080545906104240	157.1149540476498316
 457.000000	7.3925777984945382	158.4863968137682093
 458.000000	6.7960554674162719	167.7030018210992353
 459.000000	7.7045077343096455	160.1993955344977962
 460.000000	7.6994764593438436	162.6662447205918625
 461.000000	7.7066905131683061	142.5814766438863046
 462.000000	5.3186321517342190	168.3937051496540107
 463.000000	7.9366053035536064	153.9393657969869764
 464.000000	7.4707197971533894	163.0709329157397747
 465.000000	7.2883004879981135	163.4538591429315488
 466.000000	6.5506168510497913	166.5775930091620864
 467.000000	10.2576011854100209	129.3554874636739385
 468.000000	7.9340291062208541	164.0299393272507587
 469.000000	10.2355043077689079	143.1387421337568924
 470.000000	13.7327049366290694	49.7200997966260445
 471.000000	12.0569993737435137	45.0926747936716197
 472.000000	14.4717165869826569	55.0997512734916342
 473.000000	8.5325730333764316	156.7940799590959671
 474.000000	10.1434934666435268	156.7699474718316992
 475.000000	9.1226179476082727	163.2766338447256089
 476.000000	9.9129017678422322	153.4922138069806294
 477.000000	6.1739368324757233	168.5053096005530051
 478.000000	8.5643880326144401	163.5378264039345311
 479.000000	8.5896500882710303	165.4533260529612164
 480.000000	11.2189103803774497	153.0612595801856628
 481.000000	9.4458937414367199	161.2841762433904478
 482.000000	7.2725104677253798	171.8953325400023289
 483.000000	8.8452953488888060	156.6743055393009740
 484.000000	8.2838929504084629	168.1019062839325215
 485.000000	8.3448671853095355	153.9528902412298805
 486.000000	9.4888414826784810	158.5783837995473675
 487.000000	6.8236070129633841	167.5353776118023461
 488.000000	7.6963205672434603	153.6691733454622124
 489.000000	5.3839599813136569	172.1134557846531550
 490.000000	10.3115498000498818	153.0571448561609031
 491.000000	7.8068369381340199	162.3645307447712582
 492.000000	9.2457419384149286	159.2509088916966959
 493.000000	9.3219882605056394	162.2670755788084875
 494.000000	9.3864625501834897	160.4933752536841212
 495.000000	8.8618047113029146	169.8748159698073721
 496.000000	9.2016930680464526	154.6925778434379311
 497.000000	10.7865327604878907	126.9013756750359221
 498.000000	9.3608463636856740	147.7417573008941645
 499.000000	8.2876895634752508	159.9414524156843811
 500.000000	7.8567402977663408	150.7735620826555021
 501.000000	8.6425351480603592	170.9490728751906374
 502.000000	8.4143425830085583	164.5328488087469907
 503.000000	8.6646563966243626	151.3227911357694779
 504.000000	7.9731535319252202	172.2137810194658414
 505.000000	8.5580889334222849	163.2707182661268632
 506.000000	9.5451311771915712	150.3050536735362925
 507.000000	7.6774181277272522	162.2700590874020179
 508.000000	8.5066735261820980	157.8746690264943595
 509.000000	8.1769220286214317	171.6421907614209204
 510.000000	7.8379857589521640	171.4285536578383358
 511.000000	8.9668233574274581	143.0284743476863127
 512.000000	8.5114637931895416	159.2053083772842683
 513.000000	9.2590041068181144	150.7042916702223181
 514.000000	8.3859880169822425	165.2905037181692194
 515.000000	9.3282762468918072	137.0561110738223078
 516.000000	7.4032659749887815	168.5881477978298335
 517.000000	9.1987615322623597	150.4374570523931141
 518.000000	8.2190505555300781	156.5418314876552586
 519.000000	8.1875469536700027	171.6085306855756869
 520.000000	8.1057225191708060	163.6382613507778103
 521.000000	7.8344487076796687	161.0932856242087894
 522.000000	8.1843211442915447	163.3145912441241308
 523.000000	6.4582068686732832	170.4125247561703418
 524.000000	10.4238931237884653	153.4256520534435992
 525.000000	8.0029836137631083	166.1031161107951277
 526.000000	6.6135959371263162	171.1062592771406230
 527.000000	8.4934422360004351	166.3077824324455491
 528.000000	6.7269520701396992	160.3902446029401858
 529.000000	7.4679205591069096	160.3476347253244114
 530.000000	7.4731874086514436	162.5798950619293919
 531.000000	9.5042750112942738	159.0656067384944663
 532.000000	8.6584995937859848	138.4453454714588929
 533.000000	6.3061961814371053	160.1576105999546087
 534.000000	4.1917540835718405	168.4201956952070134
 535.000000	7.8308561817795423	154.1880988540883948
 536.000000	10.7383975204605076	144.5967085492941351
 537.000000	9.5688705983238567	151.8555941101438123
 538.000000	7.5195621785110420	171.8506519888297817
 539.000000	7.9829288969474028	138.6608584134619946
 540.000000	7.2595795697406746	163.2557543938146125
 541.000000	8.9868770212198275	155.0819699084036927
 542.000000	10.4893211029782325	136.4553320586207974
 543.000000	8.1008367289127587	152.0696236771109966
 544.000000	9.1094379854197065	146.2598306208333270
 545.000000	7.9224350549046401	138.2236693305128199
 546.000000	8.5726139886816490	151.9696425679872505
 547.000000	9.8582007750494967	148.3723321154250243
 548.000000	8.4042475700896091	166.1608067444141739
 549.000000	8.3446957291296648	141.8105251060123067
 550.000000	6.8710794830054276	160.6890857876936707
 551.000000	7.7749065454647921	161.9568857885264492
 552.000000	7.4039844466206661	151.3703120409002167
 553.000000	9.2805580863123325	162.7760278269527134
 554.000000	6.6769468691772671	171.9707670579904573
 555.000000	8.2379673541351099	156.2098512734152962
 556.000000	7.5247343884419919	161.5061788967593657
 557.000000	8.2266438206503913	176.3477298621627654
 558.000000	7.4373270440118757	137.2806812523466533
 559.000000	8.8719505674492360	152.2281856181695048
 560.000000	8.1655972562145482	153.5947372572495340
 561.000000	6.3408990739563844	162.4940338264381978
 562.000000	8.7661515954873153	154.8179791765026323
 563.000000	7.9197337737532605	163.0784702918900564
 564.000000	9.0116123758884648	153.3881082531875393
 565.000000	9.3585384474285362	150.0905173269097759
 566.000000	8.4134363696258578	140.0257898443821603
 567.000000	8.8654273605641407	160.6187403473436177
 568.000000	10.1617273887827739	164.6985620276768998
 569.000000	8.5499341586442554	160.4190560657433480
 570.000000	8.3595519648233338	154.3471142194566426
 571.000000	5.8302003305024499	160.1049441449445112
 572.000000	9.8866567907549801	154.5826433312321626
 573.000000	8.3750602609315514	173.1295010770477916
 574.000000	7.0198123834689161	151.5491810787705163
 575.000000	11.9315033754247573	124.2145665171762232
 576.000000	10.0855991987644344	134.4315116548071103
 577.000000	8.5676155798122213	150.5487255021081978
 578.000000	7.8817639967969644	164.9923595035245683
 579.000000	13.3010227212096126	77.9748398540351388
 580.000000	12.0344200908646428	53.1122919528038295
 581.000000	8.7451620736384932	137.8874358865328986
 582.000000	9.6746359036637468	138.8815883830553730
 583.000000	14.1425102335899808	39.1387485558021524
 584.000000	12.4970219689926179	76.7625228230483430
 585.000000	9.0556551587352416	139.9590559777363978
 586.000000	12.2688627838330682	81.6835750742992701
 587.000000	11.6123501804293490	82.1909575412512368
 588.000000	12.6502489302542269	40.4877051348995849
 589.000000	11.8630970187101159	59.0421583802107364
 590.000000	9.2502006433036641	118.5501861239876860
 591.000000	8.3356763654306718	164.4819989485593510
 592.000000	7.4942562267013866	161.0620821731585295
 593.000000	8.5804527420468339	156.4436949421074416
 594.000000	6.8033816634030071	166.4938472402932916
 595.000000	8.4702603871547613	166.2558504878781491
 596.000000	6.1714400727374397	151.1543016772445753
 597.000000	8.1517885223432796	167.1156280814274453
 598.000000	7.7125704958560366	154.9851700690037433
 599.000000	9.5468923384168178	167.9017598361004957
 600.000000	8.4631237480240031	147.1135244241089595
 601.000000	8.8072612870333717	164.1983201950445732
 602.000000	7.6429599584180696	170.3478564957145238
 603.000000	10.4811097113574423	132.0644105281330667
 604.000000	8.6395881300068620	160.9926155505319514
 605.000000	8.0489203215739824	163.9468283240747439
 606.000000	7.3153188697884710	168.0890062245546801
 607.000000	9.2245666032904570	142.2300178220945668
 608.000000	9.9353896718386547	153.8487891204172513
 609.000000	9.2503029610716290	153.2342266599044933
 610.000000	7.5974166762871986	166.2586407254007952
 611.000000	6.9439378374848708	153.0971792110528611
 612.000000	5.8320602983434853	148.7051980178404165
 613.000000	10.1483071599947596	146.2234361944137788
 614.000000	8.3052457172874465	149.8679703125551725
 615.000000	8.0152764811915915	157.7470299614087423
 616.000000	6.5750511797727951	156.6545863480232583
 617.000000	8.6981666702648361	176.3990498777605183
 618.000000	9.1961684178589298	137.0800806347045011
 619.000000	9.6554271211816864	146.7252780605118403
 620.000000	10.4656634604590320	134.4544791353252435
 621.000000	10.0823373574301041	147.6174840711208844
 622.000000	9.2962644002755876	164.6675894708922385
 623.000000	8.3748613426372405	166.3028736926121667
 624.000000	8.3547379344180737	161.8001973571891199
 625.000000	7.8988579234686167	159.2463103780773679
 626.000000	6.5919711455983947	158.7913336719475694
 627.000000	8.4827870701455375	160.0195877908635680
 628.000000	9.1269376103903657	152.8170743812576120
 629.000000	10.6464983867659093	140.9220545913002525
 630.000000	6.6602413316667484	173.5793052389783497
 631.000000	8.1314625104819029	153.2157422633837882
 632.000000	7.9890688354183084	161.1513452545303835
 633.000000	6.6343028691501127	152.3730238589978114
 634.000000	6.1926093813088823	152.1239232991130450
 635.000000	7.1742098674843406	157.6659303035253288
 636.000000	7.5611303143107547	159.4100302751254503
 637.000000	5.7070763703751810	154.3905188967172819
 638.000000	6.8004897221622631	175.0158827823140371
 639.000000	7.1341270826522631	161.7158354194077674
 640.000000	6.6015133547054088	162.7859786839120773
 641.000000	8.7392063276067287	148.7880120005350761
 642.000000	8.3895233050426548	162.9433993584492555
 643.000000	7.0684316281662092	172.8085266141130205
 644.000000	6.2332159688507440	155.4875340237729517
 645.000000	7.4429760050436427	154.3378838187961435
 646.000000	10.2496219908124786	155.9100779746381420
 647.000000	10.5493076716405554	152.7098523003930950
 648.000000	9.9397365788705780	156.4422346161625796
 649.000000	10.9910435062463314	151.6008028565775021
 650.000000	8.5831826057213316	148.1719426054561950
 651.000000	9.3737077671731459	140.6436803135943876
 652.000000	9.9458076365376726	153.1202985692371499
 653.000000	8.9977685206725493	158.7339638058905962
 654.000000	8.9132895328194746	151.0862081374927470
 655.000000	8.6926371518646288	157.1976679411845907
 656.000000	9.6551271654637674	146.2402771860326709
 657.000000	8.3456286843621541	164.5046558832500523
 658.000000	9.0308606591590621	143.2938975502783308
 659.000000	8.0164423712444002	171.5847374716335310
 660.000000	8.3195516613178526	142.8455821891411119
 661.000000	7.7661861787738493	163.5289763702232051
 662.000000	6.1818727684925729	161.2164925405895701
 663.000000	8.9622766869621699	156.0333307975596995
 664.000000	7.4067211434109712	172.3408263340598978
 665.000000	8.1188229801761711	155.4088251939055567
 666.000000	7.8538484952804222	164.0145149526364037
 667.000000	9.6121258606794306	153.4327088444400431
 668.000000	10.1245451033714815	146.3980473536918225
 669.000000	7.9075851679654985	178.4295518235122131
 670.000000	9.0054227791809591	151.1378332989369824
 671.000000	9.1502469815451626	169.2443191604834567
 672.000000	8.3742960683816783	150.1909253272361866
 673.000000	9.6038459478749996	141.7395423520662234
 674.000000	8.6798389998260728	172.3626628020471685
 675.000000	9.3548883555272777	150.8365282513673549
 676.000000	7.5103488056214704	175.2928097276018207
 677.000000	8.6113455195636899	153.4224797166386622
 678.000000	7.8571155364636844	143.0359734679878727
 679.000000	9.6192671317353522	150.0578140315674318
 680.000000	7.7324555044719769	167.0021596354758913
 681.000000	9.0572058406427907	164.1989222465365117
 682.000000	10.4426876321921505	136.8720872677596958
 683.000000	8.9174688902613948	170.4160820322610448
 684.000000	9.7862843878755417	157.0784916722123512
 685.000000	9.4795427514438018	164.1876552999576973
 686.000000	5.9128368766032322	159.1003639071551845
 687.000000	7.1188608962966642	175.7387067400632077
 688.000000	7.6902966213476676	151.5146099495879923
 689.000000	10.0709139748840695	159.9603345700632246
 690.000000	8.2487475250544726	176.5048965049231242
 691.000000	8.1459397772189206	171.4297177552797962
 692.000000	8.3603051341622940	168.9766818059114257
 693.000000	8.9410943753285359	156.3372152818058964
 694.000000	6.4927863420221907	164.0358546646795332
 695.000000	9.2554344123423355	160.2100020171239407
 696.000000	9.5194227224278585	159.4892610781087114
 697.000000	9.2472707378869057	154.4431975184909618
 698.000000	8.5295111924224578	176.6405170867841150
 699.000000	7.9025185691495796	170.8044069422677183
 700.000000	7.8682421820751021	177.8705856640677041
 701.000000	7.8594569599652440	154.1615068132058752
 702.000000	9.2222103587446895	143.2600600038160508
 703.000000	11.0796617453660886	164.0220605540458507
 704.000000	8.5689913695245181	169.0787145088008572
 705.000000	10.6429428199813358	151.5996952610671826
 706.000000	8.8029524330828242	155.0572771180819132
 707.000000	8.5077670469097395	138.9005684548085924
 708.000000	9.0942869652552698	139.8125188310710598
 709.000000	9.9037663086877625	162.4582302362998121
 710.000000	7.1198379830051328	152.8860087707235778
 711.000000	10.0308731880778623	150.4340484506394091
 712.000000	6.7928993677700520	169.7474982778863648
 713.000000	8.3030102608094527	153.4267566447003617
 714.000000	7.8148302889210681	166.6354475324620523
 715.000000	8.0860321234515435	167.6674056823965202
 716.000000	9.1505975463982612	158.9445954562478960
 717.000000	7.4134362799423137	173.3279510493018734
 718.000000	8.3921363985070254	140.7198486966784117
 719.000000	6.1643332468160423	158.9487389795523598
 720.000000	9.7651885575485800	148.9134499428686240
 721.000000	7.8133028155785649	167.4032412890823878
 722.000000	7.5320865321130803	170.0018750475948650
 723.000000	6.8948936679779544	175.1575915595132074
 724.000000	8.6170378421121345	163.9413220013268528
 725.000000	6.8172034528613965	160.4868515445101593
 726.000000	8.4596520104605961	146.1828935237770679
 727.000000	7.2616834441148708	174.6017282369988948
 728.000000	7.2225824380971986	159.6796582743827742
 729.000000	7.3901880965290081	167.2965369277790728
 730.000000	8.8265486400357975	159.0612813746644463
 731.000000	5.9399137670177344	168.5517965671293439
 732.000000	9.0701316583631471	136.6414835464760245
 733.000000	8.3215058448571604	173.4171929369362601
 734.000000	7.4543489498788285	155.7818696957865541
 735.000000	7.0459954072960196	155.4205466508247184
 736.000000	7.2971992724012908	152.6997298919124262
 737.000000	7.8060173643267383	161.6328455826735535
 738.000000	9.0970924227188927	173.1624241843638856
 739.000000	7.2065805795767170	146.5534504202311439
 740.000000	7.3240723862281607	174.9727881964590210
 741.000000	7.4247229983584759	157.1782517187913015
 742.000000	7.4843341787508422	161.2044759731380452
 743.000000	7.2618296589890186	176.7891267820990606
 744.000000	7.9799504301790547	160.2051130757221813
 745.000000	7.7574921329418736	169.2430066550134029
 746.000000	7.2945971413104287	159.6138074632106907
 747.000000	7.8034237287709320	160.3989392735717274
 748.000000	6.9976839098975336	165.7228224313089981
 749.000000	5.7244966396766781	175.5535110567112440
 750.000000	8.6365952059220739	155.2883869493584825
 751.000000	8.0837122675686572	161.3893243053495326
 752.000000	9.1466453863590402	157.2447014513093109
 753.000000	6.8740733709348882	159.3951276647569841
 754.000000	6.7893034415152274	163.7286750135271802
 755.000000	8.3822913826174705	164.6047969070633599
 756.000000	8.7580714575633856	157.3856348428995773
 757.000000	7.9355703487827567	169.4462778039812179
 758.000000	5.8115138201652963	170.8776754720649365
 759.000000	6.6281030372114733	172.2212900896618351
 760.000000	6.9561527098154627	165.9851076498401312
 761.000000	6.7407436573595980	158.5827444119262566
 762.000000	6.7207075303045478	167.0968372649182925
 763.000000	8.5746213565049096	165.0331778522066770
 764.000000	8.5668095331663672	157.0288373985804924
 765.000000	8.7887275859195420	176.9166843192165004
 766.000000	6.4974241506206676	175.9259710666773628
 767.000000	8.6630087339469348	161.7912987031615728
 768.000000	6.5233464083102142	163.7029547114520938
 769.000000	10.2922277068309587	144.6378914665231434
 770.000000	6.6659357718375780	159.1499538352869081
 771.000000	7.2778634629202470	167.0667892694409034
 772.000000	6.7321463788406124	172.8588735895320667
 773.000000	8.1692060545131486	162.7672504935466407
 774.000000	8.5524839032633295	168.8771976850958652
 775.000000	8.4697786009847444	151.6678566045404750
 776.000000	6.4121962663220966	170.4233670833937708
 777.000000	8.1191774508711347	175.4430617860612358
 778.000000	7.0543580943099009	158.1096916087523425
 779.000000	7.1111303977919880	165.9280428186907841
 780.000000	9.1662593691564691	144.0444424603845164
 781.000000	8.7265251602678084	141.0079769307482707
 782.000000	9.3876025280790891	152.0975456512996971
 783.000000	9.0666629304472401	143.0454152983301981
 784.000000	7.3211188570893846	149.4754360683576238
 785.000000	9.4729417010648866	166.7408369540809758
 786.000000	9.6062125806928922	161.6533781521316087
 787.000000	7.8862710385880765	157.9099091149666378
 788.000000	7.4879208590579323	143.9297629980119950
 789.000000	7.6025325257544685	163.1072379762787534
 790.000000	7.5261819591414545	153.1674842758143313
 791.000000	6.7281502089964293	160.3631178427087889
 792.000000	9.2401103845324695	160.6133789201321918
 793.000000	7.8709262553245285	169.1012565179066769
 794.000000	8.1380885862778793	162.1322516644499672
 795.000000	12.5405669098916981	53.0153948742219541
 796.000000	8.2270048154362954	158.9123774134465350
 797.000000	7.8589402472688619	133.4078925952245811
 798.000000	8.7356357905519850	165.8634149795040003
 799.000000	9.8276301969509454	150.8252251847189882
 800.000000	8.7913196642315405	162.7277987654501885
 801.000000	10.8170611298650723	117.9363965496956865
 802.000000	10.2984917940042067	144.5615260551258530
 803.000000	8.8345286810382664	148.8870041431358686
 804.000000	7.8081674986823106	161.0790575522741790
 805.000000	7.6366149061573463	164.3444863200913062
 806.000000	7.4277382542714614	153.4377951750365412
 807.000000	8.0687266184642077	155.7861754003332635
 808.000000	8.4054307743641274	166.9733837560588086
 809.000000	10.3720879589417141	148.2612185805446643
 810.000000	7.7758830670517041	151.3876079273095172
 811.000000	8.6851816830971220	151.0382204330300056
 812.000000	9.6190975549121376	134.4244297071852543
 813.000000	8.1999670476577879	169.0352054915888971
 814.000000	9.9924348195346955	144.6637092130562223
 815.000000	9.1778583011600769	134.7431829682803368
 816.000000	10.7684876084519860	131.4635422606725967
 817.000000	8.8801838199685044	153.9135627043205830
 818.000000	10.9922748125126279	142.5526834801526661
 819.000000	8.3354915754363947	164.0799416321571016
 820.000000	8.5689794668482868	152.6031509088754490
 821.000000	8.6170021168740902	149.4371934757469091
 822.000000	9.7156853182840948	150.2453104814743767
 823.000000	8.0964146280587066	168.2288035446786978
 824.000000	6.5800682460109039	164.1526963514077408
 825.000000	7.9221599786995567	160.4476971089152073
 826.000000	7.8762359829258095	148.9405052066583437
 827.000000	10.4052889714944321	159.8053143752592860
 828.000000	9.7531712404838746	136.2577751349160167
 829.000000	10.6589318132605726	150.9898216206228199
 830.000000	10.5204662835790899	140.6127594373439251
 831.000000	9.2365939600960445	146.0671462615476344
 832.000000	7.7718144937770761	149.3900826495205365
 833.000000	9.9430923719636279	122.3688536547493442
 834.000000	7.1609574897150967	153.2632197371531504
 835.000000	9.5982002699733950	123.6522613079252864
 836.000000	8.8153945446674538	139.7862313001762971
 837.000000	9.6074494334165124	137.1708802952849169
 838.000000	6.9841934070274005	172.5943575610782545
 839.000000	7.4264990255587451	139.1691414060193495
 840.000000	8.7617196700193922	157.5315842627354073
 841.000000	11.3532040856994740	134.1290500733160798
 842.000000	9.4324261601131685	150.6781297349784552
 843.000000	11.2478909767735438	153.4229018333357999
 844.000000	7.5787186598340988	158.6337405436819950
 845.000000	9.5570010338840561	145.2442861930801143
 846.000000	8.3888769524045159	155.7587641745212466
 847.000000	7.8696219055242747	135.6560722105504624
 848.000000	7.1361624029048594	164.4087996762131070
 849.000000	7.4211325937152557	158.9509968203268784
 850.000000	8.0897283276739973	144.0630332538925700
 851.000000	6.7636512495866477	152.4550908308498265
 852.000000	8.1519015683543081	155.6325096990312886
 853.000000	7.7360775209535424	159.7372114371577538
 854.000000	8.3457350566001391	161.0529669318387676
 855.000000	6.7172956782468960	160.5357023397123442
 856.000000	9.1050236422909272	163.5407507802210318
 857.000000	7.6047392141347965	170.2316540749525018
 858.000000	9.2857117463024395	136.9590053938111680
 859.000000	7.3478858121129305	168.2955347572412279
 860.000000	8.2170050595568380	159.7217715665046853
 861.000000	7.7907609224293628	170.3954545227136350
 862.000000	9.5982703739710651	142.6414167282547396
 863.000000	6.5382525055230474	154.5239900389009335
 864.000000	6.1212286802195157	155.7234601020917921
 865.000000	2.6290374879022784	152.3515710912769805
 866.000000	7.5426795333364618	157.9389627757514916
 867.000000	7.4240266582147143	163.7304259659905767
 868.000000	5.5084236247106393	175.1676163890093392
 869.000000	8.5482051316421455	163.3883891775788300
 870.000000	6.5324123835482162	168.2444756202943665
 871.000000	6.7556462991101665	149.1402867167621480
 872.000000	7.8425284798751784	178.7434694225014766
 873.000000	7.5920081813599509	163.4166232201016555
 874.000000	6.3580690330782543	175.0399274865255563
 875.000000	6.2950835756348811	172.2347167831170509
 876.000000	7.5170092829573667	150.1257957157715737
 877.000000	7.9222233101740773	164.9104134070557279
 878.000000	6.2368828341890579	172.5746588313671168
 879.000000	6.3787153631897189	164.5092080953244249
 880.000000	7.4716862892767857	177.5717094736784532
 881.000000	6.6002999384244543	171.0167016102859350
 882.000000	9.2054046875414777	172.6440560609543127
 883.000000	7.0195918774553165	168.2428731071514676
 884.000000	8.9096140559923480	144.8552588373574110
 885.000000	7.0388565963466982	153.0451225370778161
 886.000000	9.2659368198326053	162.0869345905364582
 887.000000	9.6341744205135882	163.4410593849084705
 888.000000	11.3137104265273294	138.7527279424082849
 889.000000	7.7367082784643531	157.9676897449735691
 890.000000	7.2484618000974370	156.7276922999547537
 891.000000	9.1847147480933931	144.2659139514888693
 892.000000	7.0879177406235447	153.9265975397442503
 893.000000	7.3177788484531643	168.1911821001258431
 894.000000	4.0796276568207057	165.0620231972651482
 895.000000	6.9264016752475177	164.3721151686836208
 896.000000	7.1781235456382291	166.4399899495074635
 897.000000	6.8637184657826440	161.5969236819080379
 898.000000	7.1732703194293865	172.4629247614103065
 899.000000	6.1894596050988193	163.2275566602943968
 900.000000	6.5244195832613494	177.6550926365559064
 901.000000	7.0692008746294865	163.0786139651434041
 902.000000	8.4783640449665132	166.3381418841318009
 903.000000	9.9521034290677530	160.3635157983674162
 904.000000	7.0068681757033495	165.6413548918079925
 905.000000	6.4378564373986249	156.2133345673192082
 906.000000	6.8582514539862522	165.8699553669030990
 907.000000	6.8160226726925295	162.4063640037046525
 908.000000	9.5567425007347993	162.1550027902073623
 909.000000	8.1342236398743175	163.4557358189742047
 910.000000	7.8294806961069652	171.8688014372399664
 911.000000	6.5749328769111282	169.6431259226862664
 912.000000	7.6827290735535403	154.9484517210464389
 913.000000	6.8647281972253973	159.5382435446120724
 914.000000	10.1857716337694857	137.0970178575441594
 915.000000	7.4594515618312833	150.9159598749286317
 916.000000	6.7989424888889083	166.6456418771866197
 917.000000	7.6436544457218236	161.8713280443622295
 918.000000	10.9120129473828964	113.2831143203751907
 919.000000	8.8820342105393895	138.0696816587452531
 920.000000	7.7234646738965598	158.7541610750251948
 921.000000	7.5167933670732321	128.5340795684495561
 922.000000	7.2693966685253226	159.6951380653606520
 923.000000	8.5440236734634745	165.2934531238571196
 924.000000	7.6329107839966737	173.0682850666938748
 925.000000	9.0683866317489628	152.6222032277858034
 926.000000	8.2493478350185576	153.8459316151862311
 927.000000	6.2734440361512211	176.3176729891867467
 928.000000	12.4907463659658262	73.7202592573495679
 929.000000	13.7194410973018570	60.5394921402671429
 930.000000	10.1318350266623511	158.5868837587536291
 931.000000	8.7898810816630579	152.5522457907365776
 932.000000	7.0707201439309850	171.1282101545544663
 933.000000	8.4536783400163973	171.5957198149344265
 934.000000	8.4046219766971628	161.2163338183516430
 935.000000	6.8638110110740280	178.6277151144480797
 936.000000	10.0528405362433855	134.2230820174211203
 937.000000	9.1455489448594278	157.1205989639729523
 938.000000	6.4909068581415781	157.6697652130805523
 939.000000	10.9261205764683638	147.4589063742745338
 940.000000	7.5926060185271007	169.5558597131894203
 941.000000	3.4499967599961208	160.7067746244912598
 942.000000	6.7059707486091664	158.2965040357940723
 943.000000	8.2045112776938183	160.0839495994114827
 944.000000	3.9675045915095279	160.7283127710160500
 945.000000	6.4642386686835582	162.0461570887183882
 946.000000	7.8024553594126624	140.5575314098840636
 947.000000	7.7617564854496104	146.6380104489512917
 948.000000	7.1573004599486127	154.4163956743456083
 949.000000	8.5828402023634904	169.4855716263143677
 950.000000	7.3166176556538618	177.8943061060910509
 951.000000	8.8554168363764827	153.1950726138131245
 952.000000	7.8694654983231995	162.1487793569149858
 953.000000	6.3752084002888481	146.5686280241171175
 954.000000	6.6916593904193267	168.0947318798876040
 955.000000	9.0404451462591471	157.4241996875962855
 956.000000	7.4904670298046909	155.4946696757582458
 957.000000	8.4385522378804616	167.6995600677908271
 958.000000	5.8837319321787680	166.9200170883887608
 959.000000	8.9905102309862830	161.5572734560370236
 960.000000	8.8703013140850366	171.3414652911338578
 961.000000	6.9583175618028799	164.0331041541178365
 962.000000	6.4183277792684130	167.2260370428931822
 963.000000	8.4865766986779310	155.7172447313664350
 964.000000	6.3625983056348092	162.6958291227743416
 965.000000	6.9814501819605264	161.9852035922052096
 966.000000	8.7421048251332678	158.0497272979483796
 967.000000	7.9932851740757229	146.8390574481520048
 968.000000	8.3967027499526843	156.1360804057422058
 969.000000	6.7343898422948669	163.6860592932617067
 970.000000	7.7168667839796212	152.6331604205863357
 971.000000	9.6952296588422797	158.7897257221694360
 972.000000	7.8262671574078295	169.6368760856715596
 973.000000	6.9152872546038182	150.4742940661554940
 974.000000	7.5767384245991982	155.3571498846511076
 975.000000	7.8097578401409278	177.1125132198599204
 976.000000	6.9870605877382541	171.4107774593886120
 977.000000	7.4996286238235106	176.9537148333245398
 978.000000	9.2276163741858355	148.9876458250109863
 979.000000	9.4264094310143491	151.2652512188542460
 980.000000	9.0145631934463939	144.5670495872502954
 981.000000	10.2972056057055781	160.0725813970667559
 982.000000	15.4049082089350726	25.7321107523674755
 983.000000	7.6625280260920787	159.7280707456390871
 984.000000	12.9414595690946808	57.7772416108452518
 985.000000	6.9183706342601976	158.5676206385283535
 986.000000	7.2429235595397605	170.0279239958911432
 987.000000	8.2850062130309308	161.3924092350136732
 988.000000	6.3691845369022220	161.8955791102126511
 989.000000	10.0448345079546595	148.6604479443276432
 990.000000	6.6910542739016465	158.5869574710993106
 991.000000	6.9095269903997174	163.9362160910480668
 992.000000	9.1023655871190758	156.3595027895365774
 993.000000	7.8025290326029149	168.0248276148607545
 994.000000	8.2793276642728486	151.2123490613326737
 995.000000	8.0823789243132769	168.7424528549898639
 996.000000	9.7394958687684632	144.8917155921579081
 997.000000	6.8024571158472682	169.8045025072997305
 998.000000	9.0341160491254637	150.1741994204063531
 999.000000	7.8570297896852708	159.5782100050861345
 1000.000000	7.4296422822554611	168.0569754770409929
 1001.000000	8.1776300446402370	146.9525401798421740
 1002.000000	7.1629341793283805	172.3407587979982907
 1003.000000	9.1501235259340383	155.2589734544426960
 1004.000000	9.0550750576295744	154.8281864670710206
 1005.000000	8.2292380027605532	162.1050753504317186
 1006.000000	7.4128566697616778	159.6062075300840775
 1007.000000	7.7538475147067780	152.9391529198235276
 1008.000000	7.5127394449322740	155.6511516343468600
 1009.000000	8.1260161714099723	174.6809787803818494
 1010.000000	8.9824346821610401	159.9371154859594242
 1011.000000	8.4661882754475499	162.6011807175212880
 1012.000000	7.7564650875435985	160.3604127609965815
 1013.000000	7.9951696140405852	161.3259097973743792
 1014.000000	7.8244883121118560	172.1126682130773418
 1015.000000	8.7563821090566396	172.6577463229517946
 1016.000000	8.2032582526736473	137.6876515144608959
 1017.000000	7.7466943950568110	166.2424913649921905
 1018.000000	8.3908505468299754	157.3894458807209276
 1019.000000	6.9237714078938772	159.5009746530035386
 1020.000000	7.6671429364650390	158.3307782659484246
 1021.000000	8.6136863600394360	152.7407863189787065
 1022.000000	8.4793896658244261	157.9669413517067653
 1023.000000	7.1353337330939555	172.5226376953926888
 1024.000000	7.2661930120056999	172.6926558069785926
 1025.000000	7.2352490584632223	170.6621557780645162
 1026.000000	7.1953665608358284	169.4385569086730357
 1027.000000	7.3244523366167940	154.8551556923395083
 1028.000000	9.1234356243873904	150.5112364266209397
 1029.000000	7.4200986294684004	160.5426991282544691
 1030.000000	8.0094147967140348	157.5136065667360867
 1031.000000	9.2981429131289755	156.7663512466388056
 1032.000000	7.4214564729197718	148.4931362022265944
 1033.000000	7.5336593819777669	152.1973277738130150
 1034.000000	5.7268719412314555	167.1112434108619027
 1035.000000	10.3397424623588616	137.0615431502525894
 1036.000000	8.6730613619361421	144.3204188068568499
 1037.000000	8.0413964362412305	171.1037604487215447
 1038.000000	7.3254469204265504	169.0698886203470011
 1039.000000	7.3827695725356239	138.9037744553301366
 1040.000000	8.2937397859458617	155.5312787810746897
 1041.000000	10.8487174816608754	158.4320374785545482
 1042.000000	10.5765726302547112	150.7846054007283669
 1043.000000	9.2117259343151989	162.7823237979428654
 1044.000000	10.0044732742666156	129.1775750845992832
 1045.000000	7.6876264695846785	162.4660981864178098
 1046.000000	10.0038464603362982	158.3101094340540556
 1047.000000	11.1042062161471140	134.8080963906838292
 1048.000000	8.6686193319891700	152.2266900587729879
 1049.000000	11.1345145898496156	141.6573457055775407
 1050.000000	8.7629989615357058	139.8046366816440695
 1051.000000	8.6819584499830533	144.0373981901898617
 1052.000000	4.3996507989843012	131.9886929392600337
 1053.000000	6.4674355512824890	88.8669157690859777
 1054.000000	9.9160384302823168	161.8783576789378742
 1055.000000	10.0887466931484795	157.3589094146211664
 1056.000000	10.2266087925484452	162.8814436582164547
 1057.000000	8.8986042538845656	150.1314196518429469
 1058.000000	10.6506752780361396	145.3610274410178249
 1059.000000	10.0779752021505473	147.7712538153538731
 1060.000000	9.5473885854079050	155.4482292822451086
 1061.000000	9.0802827425376638	143.0928568171221684
 1062.000000	11.6152666769433477	139.9227495931010594
 1063.000000	10.9500401903544269	124.4031110424741513
 1064.000000	9.3550385009841914	142.4237507740343460
 1065.000000	9.1933282395303095	150.4679312468523165
 1066.000000	10.4291309485180044	162.6850780507655827
 1067.000000	10.2257610545212341	131.9777687178120118
 1068.000000	9.5092304624507786	147.5853574151786916
 1069.000000	7.9245577179632525	141.0224133301159668
 1070.000000	7.5351937798540911	178.5953702291903937
 1071.000000	2.8196939120313416	142.6943850867977517
 1072.000000	8.2256206674118619	163.2481696504604258
 1073.000000	8.0236585297991017	152.5217767205294024
 1074.000000	8.1181332456488118	173.1213953224185502
 1075.000000	7.8092765381211295	155.3674036999531722
 1076.000000	7.8233695536223395	165.0873682895627326
 1077.000000	6.5948970815440848	168.2526910799576001
 1078.000000	8.7159273400604942	162.3003241853519114
 1079.000000	9.1605737783575858	168.3768598177688887
 1080.000000	8.9861828102453050	172.7625475167155571
 1081.000000	8.2311583450728047	159.0221466584413577
 1082.000000	7.6764387221747707	174.7340931453053656
 1083.000000	8.8857930415246873	164.0739910622289415
 1084.000000	8.7592578681789703	150.6421068012512876
 1085.000000	8.4175793708555062	142.6315247043561953
 1086.000000	7.7439676615912578	163.1865100212203856
 1087.000000	7.8948434347489549	170.7100691301743609
 1088.000000	9.1453787894061520	159.5404061676658785
 1089.000000	6.8094455763264197	165.0600637692800206
 1090.000000	7.7765828303416091	171.3113871823991019
 1091.000000	7.0737154773690545	148.3938939079307602
 1092.000000	7.7025182990841570	144.5905544164811829
 1093.000000	8.5603336554929541	157.8709855335831946
 1094.000000	8.5648105264222423	155.7997216008591010
 1095.000000	6.7699358068350604	146.1528046397739899
 1096.000000	6.3365692553698230	164.5579180031524231
 1097.000000	6.4654569637647548	166.2265215676915773
 1098.000000	8.3103478884374837	166.0882329747781796
 1099.000000	8.9577184749949872	162.2237955195783172
 1100.000000	6.5989329675945489	148.8311190021799746
 1101.000000	8.7706698662971334	156.2487836572828428
 1102.000000	9.5580633631705769	167.6057488536382323
 1103.000000	6.9911758935875996	163.0298834315928218
 1104.000000	8.3312519383752832	158.8062803552012099
 1105.000000	7.1156221770213861	176.8356205651878668
 1106.000000	7.2933113691653064	166.6772982761702337
 1107.000000	6.5998475998269033	158.5856832043722022
 1108.000000	6.8912502100952588	163.9761289734882723
 1109.000000	7.8744349296275518	158.2077473391123306
 1110.000000	8.1658616973280349	154.2110909452693477
 1111.000000	7.6274088835311531	174.9553348949750671
 1112.000000	9.1913224899247101	164.1494738116570034
 1113.000000	6.0473216939555394	161.9902248634555519
 1114.000000	7.1311903016202098	151.3703431397808572
 1115.000000	8.5531565675305163	145.5036673645257395
 1116.000000	8.7617670588837466	169.4536136497102632
 1117.000000	7.9661270696991782	159.7316130206017419
 1118.000000	7.7006024321717108	165.4552220467552672
 1119.000000	9.7361721501058369	155.1594478568053717
 1120.000000	8.0198135641160544	161.2637321387269367
 1121.000000	6.5961190204556743	162.9932224343880307
 1122.000000	7.1823534358576806	161.6592307159324662
 1123.000000	7.5125135999265611	176.3601027914175745
 1124.000000	9.8034246439953261	130.2352037717564599
 1125.000000	8.4910083727353243	164.1528478367174841
 1126.000000	7.9962547821093883	158.0826315739614927
 1127.000000	10.1161607295010185	113.7939068518169279
 1128.000000	5.8184392192912835	160.3969502393108826
 1129.000000	8.1651984972368812	158.3188559491977685
 1130.000000	5.6878569186012866	176.6408205274251486
 1131.000000	6.3226782666719163	172.9806047201650472
 1132.000000	6.2441146752718417	161.1639079715591834
 1133.000000	8.2486284492968771	169.0076273707963423
 1134.000000	8.1926209049194156	162.8396330530282796
 1135.000000	8.3341912051686098	157.1955655952392590
 1136.000000	6.0684111210378715	175.3656725990842631
 1137.000000	8.8550538221132182	160.8731181509912176
 1138.000000	8.4044501227590800	149.3789915749599686
 1139.000000	8.2477355819102005	165.6932224355579422
 1140.000000	7.4570832270156560	138.2974840250645343
 1141.000000	7.6885718131696290	166.2593385095107408
 1142.000000	6.3232659015379991	176.5308077379052918
 1143.000000	8.0578832290688887	152.0597187572611801
 1144.000000	6.4216932108724425	172.6404278765591016
 1145.000000	9.1286756656894550	146.8601051218781492
 1146.000000	7.3995669146359369	151.6300183172234597
 1147.000000	8.5864828242897460	163.9364441809751725
 1148.000000	7.0500724384565165	175.6710796226879836
 1149.000000	7.0378143886475719	166.3750247677639607
 1150.000000	9.0530839773109850	159.4468083075231277
 1151.000000	5.8932568187118548	157.1554797254034099
 1152.000000	7.8032020709435042	159.4985401486424621
 1153.000000	8.0773940416630090	160.7746677132979016
 1154.000000	7.6776970192495826	161.8290199586911342
 1155.000000	9.5281967728998662	140.0558201650029559
 1156.000000	7.5575134456539557	160.2438232402488438
 1157.000000	7.0027739467700592	163.4587551300310224
 1158.000000	7.0931739472690403	173.2064483123566845
 1159.000000	7.6429109164906182	148.4502923149858020
 1160.000000	7.2391888788478314	161.8766336196431439
 1161.000000	4.9728153097531029	166.9130581912647528
 1162.000000	8.7423193710720639	153.9223692076050725
 1163.000000	7.7561079314925010	169.5921137730957184
 1164.000000	7.0512056757890109	158.3722159014020008
 1165.000000	7.9484617456465827	152.0475670539150883
 1166.000000	7.2896719716475937	164.0749985387897141
 1167.000000	6.0018113913088271	177.9394030275169314
 1168.000000	8.0483626101879349	165.0642640798344587
 1169.000000	7.1057547058653174	165.9491212402726603
 1170.000000	7.7807464586463881	175.1902875518761675
 1171.000000	7.6817866844012928	154.9885682371512416
 1172.000000	8.9977389618038917	148.1770149571590878
 1173.000000	6.3627880902679328	157.3827362807543011
 1174.000000	7.3735472353736364	164.2328436365432367
 1175.000000	6.2853498983621661	170.9364687787331718
 1176.000000	7.9733090327687952	161.7079205796672454
 1177.000000	7.1692603970999835	164.9635386393518957
 1178.000000	6.6164818964046477	168.4522211400810932
 1179.000000	7.1229634792042820	142.6922680640173553
 1180.000000	7.2449867861970905	169.2436210129957601
 1181.000000	2.7931550051705751	140.3217748488067969
 1182.000000	9.1323331422117686	150.4697461649950014
 1183.000000	8.8561896979375039	146.9145867400300176
 1184.000000	7.2354048979136323	174.5954853957605621
 1185.000000	9.0394765840935261	148.3029469394349462
 1186.000000	6.3277283270202647	148.2668738501684800
 1187.000000	8.4800916111449993	134.9335400216956771
 1188.000000	7.3776297139267299	159.1381739595594524
 1189.000000	8.8307039546512609	160.6806104538300417
 1190.000000	8.0934387353058117	154.1116234685525228
 1191.000000	7.7969552231100909	162.3707197767369053
 1192.000000	7.5643275612078993	170.5791570459183220
 1193.000000	7.2215344680142444	163.9926925704387770
 1194.000000	6.7735717244394031	169.9733207584009449
 1195.000000	7.8394786535739600	172.8388783805016260
 1196.000000	6.9040817188816446	162.1512386602439619
 1197.000000	7.0926320935511820	144.3243063908267914
 1198.000000	7.5070441788339100	147.8717230166393506
 1199.000000	6.2762447434843933	158.0335754851959962
 1200.000000	8.5225295900720646	167.0145823011238804
 1201.000000	9.0783986602133258	167.1747546013791066
 1202.000000	6.9947726486088895	167.8490344089966584
 1203.000000	8.9826456443318783	165.7924155555005825
 1204.000000	6.4325950975405481	172.9132131683852549
 1205.000000	6.4156748733497322	167.7775105028243559
 1206.000000	8.3680385905102295	148.3878263434862959
 1207.000000	7.3935373946905765	160.0966766531526559
 1208.000000	9.2542017797658698	162.1874285044830515
 1209.000000	8.6450580406186788	162.2634713546650005
 1210.000000	9.7774446677485276	143.7316952304018969
 1211.000000	11.0690825243820790	162.9450674304319477
 1212.000000	9.2844182499849719	153.0804696832435070
 1213.000000	10.2117316506156239	154.1325331849422753
 1214.000000	9.2823430354785863	161.2149745202105180
 1215.000000	11.0957648578841486	133.1787356908965592
 1216.000000	5.8410582843589625	162.4348197994007421
 1217.000000	8.4528139078732654	165.7512725757618455
 1218.000000	7.0809843518108604	170.6092920046487222
 1219.000000	7.3346787202319943	144.7576478820420220
 1220.000000	7.1824303934220071	160.1070820105783241
 1221.000000	6.0249255875415182	166.5209059231940500
 1222.000000	6.3839630658893673	154.1016193725270682
 1223.000000	9.7139282501875339	160.0693238718070006
 1224.000000	6.6260369051772461	156.2569838022197928
 1225.000000	10.6626726562852898	162.1878363748563174
 1226.000000	10.0651028294227025	152.4506792342315578
 1227.000000	6.7149756522991728	161.3429850421970571
 1228.000000	8.6187067639489232	165.4919870595827547
 1229.000000	11.7164355501923065	96.9648255512275483
 1230.000000	8.1203686973482121	151.3421639882455452
 1231.000000	9.1956115907153322	150.0110299884931351
 1232.000000	6.7496667377504238	167.7405237573178169
 1233.000000	9.4153496947647568	160.4224896035665040
 1234.000000	8.7456209755321854	160.7221734230718084
 1235.000000	10.5209173879587397	142.1921848338445216
 1236.000000	8.9954604461048007	159.9976694756708184
 1237.000000	9.3478963337311765	153.9528485836892742
 1238.000000	8.2509443656157817	162.3977716282057884
 1239.000000	8.6510017344348231	151.5474687304986787
 1240.000000	9.1207526768157283	154.4418918736335513
 1241.000000	10.0932403188697322	131.3404142779993435
 1242.000000	7.7454136501407644	166.8701370950776379
 1243.000000	10.3747895609534471	146.7138034007090823
 1244.000000	8.9273350486664196	160.4018668595641657
 1245.000000	9.4436931684928407	154.0362833021784752
 1246.000000	7.5970932007961176	155.7640458329899218
 1247.000000	7.3987799797975455	156.3647987189231969
 1248.000000	6.1293695621570610	167.3778085522884851
 1249.000000	9.2870575136549007	150.8669117079408011
 1250.000000	8.2923468551197264	169.9122555581995186
 1251.000000	7.7382639677748735	177.5192904022347307
 1252.000000	8.7038133209838264	139.5742851521548573
 1253.000000	9.9204632650789168	142.0239217536167189
 1254.000000	10.8413671974059689	143.4675873479308166
 1255.000000	11.1078112273158531	137.4029658292991201
 1256.000000	10.5143000934110251	136.1311596822947081
 1257.000000	11.3677895769947206	123.8276148169234716
 1258.000000	9.8127748009393283	153.1198331222370825
 1259.000000	7.1377967342254989	169.6655071710808329
 1260.000000	7.9533768801437956	154.3021524086246927
 1261.000000	7.0619743483392892	172.6904238136415302
 1262.000000	8.3471532339488572	162.6962866656475910
 1263.000000	7.5157595269081403	147.7073420289493129
 1264.000000	8.5341217979082487	162.2442705302597972
 1265.000000	10.1591082231862497	131.2301155718576524
 1266.000000	10.1005860727651715	149.9632057161624630
 1267.000000	7.7113973795233681	173.1732525669729341
 1268.000000	6.2343647041810470	165.8628083195104068
 1269.000000	6.9126139187931805	178.1915814662351920
 1270.000000	8.8580162576639356	157.7187844707720785
 1271.000000	7.8742426906936736	171.6930343442649871
 1272.000000	6.8466783549277705	163.1796388274224512
 1273.000000	6.0111336925735817	171.3280888476687096
 1274.000000	4.9167250723269396	172.2749727493755643
 1275.000000	6.2437376987338462	176.5756217989215884
 1276.000000	4.1559491861011031	170.3761792524264820
 1277.000000	6.2536990880864742	168.7005645923256338
 1278.000000	3.8574614127429707	167.8425332877064307
 1279.000000	6.9900509680215190	173.0266614271194214
 1280.000000	5.5890948877670983	163.3644435786354734
 1281.000000	6.2078867578749426	155.6826361339801963
 1282.000000	8.3632507459480685	146.0153803424122998
 1283.000000	7.8384023097005437	149.9740430029928291
 1284.000000	8.5497641031103768	153.2986046373474665
 1285.000000	7.6498610049252811	171.8882941790274401
 1286.000000	7.8416953942218210	156.1259350438427589
 1287.000000	8.2021074985698093	170.6426438918706197
 1288.000000	9.9151121927073849	167.2427996023304502
 1289.000000	10.2392505506455063	136.1174001269153848
 1290.000000	9.8088719842790262	161.6000503301807214
 1291.000000	8.8024601630665948	147.3577234478015612
 1292.000000	8.1804641273457062	166.4334003422048056
 1293.000000	7.9299553565016447	159.7788268220069767
 1294.000000	7.9587306991702240	169.9516768107800999
 1295.000000	7.5221991564146569	164.6259187873631049
 1296.000000	7.5904618804616737	163.5772234646426568
 1297.000000	4.8939179758825979	175.5918069294563679
 1298.000000	8.3658289927300711	163.6307482908913187
 1299.000000	10.5556538429310613	148.6861648038125168
 1300.000000	8.3978653739788491	146.8379372675584591
 1301.000000	9.8033877142564858	125.0139185740549124
 1302.000000	8.7542763306155909	150.6647052826689048
 1303.000000	6.7404589540377540	170.6138487750026798
 1304.000000	8.5445341244335626	156.0302095559990221
 1305.000000	7.4250485168997908	178.6046370437445603
 1306.000000	8.3969389224709055	159.3203017339207861
 1307.000000	9.0071606814142253	146.2788175196670579
 1308.000000	9.5274924390321711	151.5482423916138544
 1309.000000	7.2305407298824997	162.1520541016006689
 1310.000000	7.4378574497414123	161.3669221359640176
 1311.000000	6.5421481140086568	157.1829382933391059
 1312.000000	8.3418655950219112	159.6795423525234980
 1313.000000	7.8315748846962840	152.6294366301407877
 1314.000000	6.7820767572312688	154.3918575540352549
 1315.000000	9.5588468684343422	136.6043929498890748
 1316.000000	8.8063890429845291	160.5091083345220397
 1317.000000	7.9196481255366544	151.2797430967370929
 1318.000000	7.5460208571356091	169.5819104523752969
 1319.000000	7.8298574138137607	154.1228339186227743
 1320.000000	6.6045108257254341	160.8026850070407363
 1321.000000	7.0087342614731547	167.7625961824753915
 1322.000000	7.9756472501284943	160.2276222330750102
 1323.000000	6.3653048194110813	159.2190765429859312
 1324.000000	7.9838703315869290	124.0117345838476695
 1325.000000	5.5425897753537390	167.2820851823275348
 1326.000000	6.6907450588080728	154.2436864352197574
 1327.000000	7.2705694273302992	155.7245532027306467
 1328.000000	8.7308301078567290	167.6510804029789767
 1329.000000	8.7509850344757663	169.8612575751208169
 1330.000000	8.3147727390702251	166.8674243320115806
 1331.000000	7.8034643009921059	148.3833264428167524
 1332.000000	6.9036392657331440	150.1103728009136375
 1333.000000	8.4465934874039199	167.0928852013806818
 1334.000000	6.6921083704111739	167.4879691979526797
 1335.000000	3.5210709274087217	167.2186797181350073
 1336.000000	8.3425612201915165	162.4546713557289195
 1337.000000	6.8195167543107935	162.2806044560955456
 1338.000000	9.2072210746658083	146.8174306310746715
 1339.000000	7.9181505125472418	135.7558290319778678
 1340.000000	7.4393116155773749	172.4749257903561954
 1341.000000	7.9367128740942654	159.4024324090271136
 1342.000000	7.8697907765189825	147.0922605157053908
 1343.000000	8.7357096812840691	147.6631623900071872
 1344.000000	6.8026021017408418	158.9889962209078931
 1345.000000	7.4539979414682138	162.3384767121810341
 1346.000000	8.3853264108377417	169.1305605491317010
 1347.000000	7.9040357662160554	167.0030202306845126
 1348.000000	8.5197978717289722	160.7594929330862783
 1349.000000	9.2064119746051052	172.7157766115005018
 1350.000000	8.7550299552689737	147.6791129349558105
 1351.000000	9.6262690344963477	158.4400685011922008
 1352.000000	9.9483909012221670	160.6411181082564497
 1353.000000	9.9678714627262099	151.4227948099568266
 1354.000000	8.4126686930039565	154.9365376695117504
 1355.000000	9.0282866232562604	166.3049283532739935
 1356.000000	8.2832325339006942	168.2593174454754319
 1357.000000	7.5025293104500834	168.1512402859194992
 1358.000000	7.8750853160662793	151.5220117207425119
 1359.000000	6.3377116583752429	169.3924924936659977
 1360.000000	8.1344119334062110	150.7133977970677563
 1361.000000	8.2009351219624698	145.5966504872582163
 1362.000000	9.9975217231522837	138.4283208040090756
 1363.000000	10.8575741207720107	137.2839727411462434
 1364.000000	7.9315728623368216	165.8430904986787198
 1365.000000	8.7882622650822011	145.7357262688428534
 1366.000000	8.5932683514148227	153.4535581678532310
 1367.000000	9.5536517527599756	152.3367148300015117
 1368.000000	10.0996776151581908	135.1748875088217119
 1369.000000	8.1157962920323730	161.4368306073779422
 1370.000000	7.7909628328544622	160.1866773298587532
 1371.000000	6.3419368974596768	149.8366684172129908
 1372.000000	8.0049130068759915	164.6128344463038786
 1373.000000	7.2483156272769014	153.8010230522345125
 1374.000000	8.6214803841184082	158.3143109733590848
 1375.000000	8.8545321564964201	143.0049867363717624
 1376.000000	8.1648680702878469	167.2184625694193585
 1377.000000	9.4917825519005152	152.3083245694748769
 1378.000000	8.5056802165329994	166.1647531747868527
 1379.000000	7.7159358574069259	160.6586112471046022
 1380.000000	7.9687231781616852	163.0778854244681213
 1381.000000	8.6376451693563414	155.9414494316138189
 1382.000000	9.3982403240829289	162.7651527512572898
 1383.000000	7.6902846265080029	168.0562705517872075
 1384.000000	9.4302500962571685	155.3759585895463431
 1385.000000	6.5602511899934308	170.6011387169552620
 1386.000000	7.9209223472600314	177.0532220159102224
 1387.000000	6.1674822212863374	166.8312259563667794
 1388.000000	9.0326193307219889	167.2497085013402796
 1389.000000	10.5025822802798778	126.4151020722606233
 1390.000000	11.5692256147406880	132.0461678746613643
 1391.000000	7.9637222121874887	172.7473696070186122
 1392.000000	7.6951406276456460	157.2277614834755184
 1393.000000	9.5646582492400416	129.1222119355828113
 1394.000000	6.6300454347466369	150.2626808540111654
 1395.000000	9.0424450761524025	142.5443011464236633
 1396.000000	8.5256155035496537	136.7324933365724462
 1397.000000	6.5365560022221700	175.1186030729496395
 1398.000000	7.2002263702348248	165.0623483162715388
 1399.000000	8.7781544462772327	154.0565238527795202
 1400.000000	8.2970243494616494	152.6169434756061207
 1401.000000	5.9032268794638290	164.9932062837350202
 1402.000000	8.2135763318186203	160.5485642959181689
 1403.000000	8.1428796490238842	169.0934155149190019
 1404.000000	8.2761155345326500	150.4517534563419190
 1405.000000	5.6211968883949623	169.2746205850005197
 1406.000000	10.6762636093519223	147.2625342796772543
 1407.000000	9.7528813864900581	153.3007857577135269
 1408.000000	9.7900318184633530	145.8576439139724528
 1409.000000	8.5907644258792519	159.7417094124842265
 1410.000000	9.7710568827398347	149.3306763273436104
 1411.000000	9.3966347694283012	147.7684761959325215
 1412.000000	7.4836722703205147	170.8093072239464902
 1413.000000	9.6011729155662806	139.4691383902255666
 1414.000000	6.2535781657171805	171.8171725376105883
 1415.000000	8.6117246183733140	132.4056999965758337
 1416.000000	8.0996070497766777	161.3056514161291943
 1417.000000	6.9145098354979035	155.7741604550770376
 1418.000000	7.0991577931499679	154.3771312752962785
 1419.000000	10.6203692891493393	167.1477037030674353
 1420.000000	8.4650416937985060	162.5619163610329565
 1421.000000	9.4819928027534370	153.8077268805031679
 1422.000000	9.1133684338438208	166.3112903277882992
 1423.000000	9.0857152076184633	162.4918962526868427
 1424.000000	8.6760561766448951	176.8286966660489270
 1425.000000	7.4682424065634079	145.0889510673538609
 1426.000000	9.4726715102849361	162.1269642240798419
 1427.000000	13.1832140533394249	61.3778644295322522
 1428.000000	13.3429675786632451	59.3290909505845860
 1429.000000	14.1664051968170348	81.6829275432453414
 1430.000000	13.2308171244744699	57.8743617196277569
 1431.000000	7.3467854826865482	160.1641355057195142
 1432.000000	7.2027133734923252	172.3966518610937726
 1433.000000	7.6551326777911859	138.3803068909180070
 1434.000000	8.9709189951349497	157.1445720880606984
 1435.000000	9.6194967026906166	144.5873148435175324
 1436.000000	11.3877241240042384	146.5696504322104090
 1437.000000	10.7120492931342657	145.2808023461206801
 1438.000000	9.9526889743118279	141.2414936239036933
 1439.000000	10.1345586648231496	152.6472892483307646
 1440.000000	10.6833229431489976	146.8148319553947374
 1441.000000	8.2764423011742512	171.5260559041207671
 1442.000000	8.8848205568236960	155.0003951152265245
 1443.000000	9.5356265694039770	152.7099977597353302
 1444.000000	10.3565443201067851	143.6828548141072019
 1445.000000	9.2858643240197374	161.1677416433472843
 1446.000000	11.7570831768627890	153.4242641112997489
 1447.000000	9.1075915326253476	145.7715614655934928
 1448.000000	9.8816451973820403	150.1024553105927453
 1449.000000	6.3495934003810675	165.8617067972966197
 1450.000000	9.4040745299575974	157.7459571478338489
 1451.000000	7.5769912574940985	159.5618425376580660
 1452.000000	9.8712397611507630	154.3102098296383247
 1453.000000	8.4347183960836105	168.8012857965412650
 1454.000000	6.7505390305267579	150.0287779429542070
 1455.000000	9.1813945422863714	165.1352934760536186
 1456.000000	9.7848139655820354	164.1614778247459583
 1457.000000	8.0068010912663645	149.2487787470072078
 1458.000000	9.1540450173488903	157.2444290178714539
 1459.000000	9.0180571489823631	167.7964848484413380
 1460.000000	8.2840010798511994	174.1754026623025027
 1461.000000	9.8089690306248816	143.4332171480797626
 1462.000000	7.1838967426692069	161.1761979167315246
 1463.000000	8.0291551807447217	147.3498356291160576
 1464.000000	8.9020852853753425	152.1193605923810992
 1465.000000	7.9244342619741674	157.2434219746739927
 1466.000000	7.4230244772717970	162.1216273517237596
 1467.000000	10.8181602394851488	159.4945954763155385
 1468.000000	8.4971545407337068	156.9442599986904838
 1469.000000	9.5702148157867661	150.8028770205299907
 1470.000000	8.5253907287651760	161.6829651023563201
 1471.000000	7.2843941946707735	166.2889814966517861
 1472.000000	9.8658046997128093	139.7225452393063563
 1473.000000	7.4666665719199079	167.4077505068180756
 1474.000000	7.8093985133876931	159.4933355924182479
 1475.000000	5.4376244992607763	157.5069771546656057
 1476.000000	8.2883108586487406	160.5693223419266644
 1477.000000	7.2995930872915977	162.0992907230726701
 1478.000000	8.4508983981874177	141.4631485908196282
 1479.000000	6.7449826846393615	169.9756313487442867
 1480.000000	5.9434336502204008	166.5221077660764308
 1481.000000	10.1945184973978336	146.3303931270294242
 1482.000000	8.8035757409196389	173.4247316459933472
 1483.000000	7.3369254665862673	159.8749092265495619
 1484.000000	7.6966741153874230	176.2230187510588451
 1485.000000	10.5309739533909266	155.6190819368796383
 1486.000000	9.6719671287408211	159.7439584079575923
 1487.000000	8.0668631533366710	171.5780154137937927
 1488.000000	8.4625576522219461	176.7539908357655918
 1489.000000	9.2670262215183818	138.4226629414320371
 1490.000000	8.7702158028408697	145.5165355657360351
 1491.000000	7.6761738056708761	162.9333869300087372
 1492.000000	9.2899926785994875	154.7616443872143464
 1493.000000	8.0763930047804600	147.1627404679502433
 1494.000000	8.9159069159256035	162.2882069734113202
 1495.000000	9.7459275273214949	136.2578760910876667
 1496.000000	7.3930841278463344	164.5969354192777416
 1497.000000	9.5928756002855238	175.5365242324638473
 1498.000000	8.0166978232164432	145.2228155343935327
 1499.000000	6.6110258374672091	176.8733208060469337
