 0.000000	19.9002273434253283	91.7841623871929215
 1.000000	14.8951643609228874	80.9714150476369241
 2.000000	18.5763334547426631	79.4393555058200889
 3.000000	11.3167671738815692	80.0017554714991803
 4.000000	9.8740175605223151	97.3016096386366769
 5.000000	8.6403162546880736	103.9548614707370149
 6.000000	14.9160728150813018	152.3770971843063364
 7.000000	18.6745848004541024	78.2795431896040128
 8.000000	19.1298573112287684	49.8130674634245452
 9.000000	22.8495936613100632	126.3851573335248872
 10.000000	22.3321270872098054	105.0766485636001022
 11.000000	17.4883034866011435	122.7410375739428900
 12.000000	17.6580605230516632	60.7961052523652370
 13.000000	18.6927059252198937	98.0419831500782237
 14.000000	20.6091843415614804	155.5483810788441019
 15.000000	18.8772748393968861	58.6328492103709493
 16.000000	15.0816144919933990	36.6339532833164583
 17.000000	16.9515243973152003	49.8591251018110597
 18.000000	15.5917732756812040	140.3797383190268988
 19.000000	17.6183190642426517	148.6247513736316535
 20.000000	18.9862002706282844	154.2416858568709870
 21.000000	24.2680574642700897	110.4994573352032319
 22.000000	19.0460246989529871	165.3825633436574947
 23.000000	16.7074943730760026	40.8625492047136163
 24.000000	14.4221443983278963	78.7831160220988380
 25.000000	16.8939429224227275	114.1876133226469960
 26.000000	18.7242408936543185	117.0101335220031160
 27.000000	15.9720095692502824	90.3463798495311323
 28.000000	12.0711901173747052	111.5555483382542121
 29.000000	14.9694492426163759	66.1477132982938514
 30.000000	10.7738274151253464	42.0010104200535181
 31.000000	11.0351830729643119	106.1920209823350945
 32.000000	11.9725148221179989	26.7357572122757290
 33.000000	11.5976810357696714	100.0920103035668376
 34.000000	13.2260735819071584	41.4466337900546478
 35.000000	15.2208016834740434	107.2368203531165847
 36.000000	14.6421995787173280	54.9363715810135176
 37.000000	15.2699405108552870	85.5178495992444994
 38.000000	23.4299332594326692	69.0288454039311148
 39.000000	15.1540641035503238	24.5192566432234571
 40.000000	9.6418632082062459	68.1629825747501030
 41.000000	5.2194203855324339	137.0462098496711292
 42.000000	12.3318038505291305	76.2403931017190217
 43.000000	12.0070827196414740	148.9063898944072548
 44.000000	16.1897157784078409	99.0863133757482615
 45.000000	4.7585433404984663	35.4542903822068922
 46.000000	14.4707200316478239	80.7058179662189872
 47.000000	11.2168506369531986	131.0680936938712762
 48.000000	14.1256489367019178	95.5948897608582371
 49.000000	13.6159895671538980	46.7606151711701727
 50.000000	14.3188274832825915	169.7706318452573555
 51.000000	20.2548617073035970	76.9508907650779861
 52.000000	20.6345244758698563	122.1255399726294399
 53.000000	19.9919818042091038	81.5161108325955155
 54.000000	25.6571779996097682	126.1662368966168657
 55.000000	24.5108839596265824	162.1329993421894642
 56.000000	21.8722640782586595	95.0096652278674298
 57.000000	10.6553549936050764	20.8279278492845208
 58.000000	15.5460087723231197	82.6029607137070769
 59.000000	10.4316123690365714	62.6480891588405058
 60.000000	16.1091687614351393	26.2022073396346684
 61.000000	14.1045223326074147	89.3903188292305515
 62.000000	20.1210950286222534	159.0980951144141500
 63.000000	18.1122381850876977	109.0524439806109314
 64.000000	12.0156396644917045	100.2074133955353403
 65.000000	9.7615229733804725	83.1648830253538875
 66.000000	15.7473800186601824	90.5504354113620877
 67.000000	15.4543553124499873	131.0991013138677204
 68.000000	11.9913657585341280	40.1486062015347045
 69.000000	14.1422247203313329	76.3914401696854668
 70.000000	13.4633102844964334	123.2127151185949288
 71.000000	18.8752047440265791	167.6316880599563888
 72.000000	19.4255699698590831	153.7613081698491158
 73.000000	17.9254919857551336	109.3721179004019746
 74.000000	17.2580456558161721	88.2126074941865710
 75.000000	28.5634626361887598	128.9002939547051199
 76.000000	29.6551072472902852	46.8883750791139562
 77.000000	23.4969330388383497	89.1998537793421633
 78.000000	26.0370346041660241	133.2144125353336221
 79.000000	20.8045474593199309	143.3791384496735759
 80.000000	30.1839783957686905	142.7736589542729462
 81.000000	24.2138447275391897	143.7480311996433215
 82.000000	12.3837994658004824	149.4572905626173451
 83.000000	18.8348719423192783	94.0594484813350675
 84.000000	23.9648906480526236	128.6153757569794038
 85.000000	25.8261635150259110	147.0163620299361469
 86.000000	22.3496791909972536	97.1443582644109114
 87.000000	17.0310694124687103	96.8777820840049912
 88.000000	20.5816252470084322	68.9493512695018183
 89.000000	15.9240871697717878	113.9510847260020370
 90.000000	24.0681141653461630	96.2837402548474302
 91.000000	18.1904849925848389	106.5788478306018447
 92.000000	22.7932383173057431	96.0727951583226911
 93.000000	21.3218105507625957	98.3513829109664073
 94.000000	12.2899989146748041	62.8067875877490280
 95.000000	27.1791741329329959	47.2942923268122399
 96.000000	26.9050715768394362	143.4498058069395086
 97.000000	28.6567937906016930	139.0510141634038064
 98.000000	26.6522982376498376	113.8042582784990202
 99.000000	23.1192182929677372	146.4241850049226628
 100.000000	27.7033925507059209	148.7702312132725240
 101.000000	23.7248836431323937	110.8414424712904207
 102.000000	25.9029670864159023	132.0595616817694804
 103.000000	22.8163816878000461	51.6573287423332204
 104.000000	28.3168884337190683	149.4529558686260486
 105.000000	22.0738920871603774	83.5060984711475811
 106.000000	24.8148586038210155	90.8787783560099882
 107.000000	29.4012745877884818	103.1101971330849096
 108.000000	24.1291361581084516	139.0616720908188029
 109.000000	25.6721580837732226	102.0445120589504739
 110.000000	23.2956556112136326	90.7263212461019748
 111.000000	13.4946649163912564	118.3340606396074151
 112.000000	16.8419378939386029	165.1066634770899668
 113.000000	18.9522561581116875	88.4287609546554734
 114.000000	26.9007804203040877	163.6932481301725772
 115.000000	22.9440277080953869	72.7082398260139371
 116.000000	25.0939544894999678	87.8639272217626228
 117.000000	27.8356906812217062	99.5340932214380985
 118.000000	24.3496237199564582	87.6687435109958813
 119.000000	18.3336465751168518	77.3276302339857864
 120.000000	26.9280800212406106	121.6406883936193282
 121.000000	26.8978428167718242	156.5581593359417809
 122.000000	27.5960336785339315	90.2249814318426644
 123.000000	22.2891339976883103	77.5304817289786996
 124.000000	27.3782163528752633	86.6298173933455757
 125.000000	26.6974281495913068	116.7614651085110182
 126.000000	18.3635393439528940	125.5708639771638104
 127.000000	22.4083978255996570	101.7180698435754920
 128.000000	19.2363797916979635	140.4355414008529976
 129.000000	28.5611869626097992	128.9441904755583153
 130.000000	29.3792126335104804	92.6954933380551864
 131.000000	23.7250331598312876	93.3361674774028813
 132.000000	24.4839018976180824	78.0714477101151658
 133.000000	26.0561817784084475	73.2677278749398653
 134.000000	13.2470987007839565	160.8524411577132582
 135.000000	12.0030649804237761	103.7603003670358106
 136.000000	24.0330676808279158	42.4612465321646084
 137.000000	24.8489678875202067	61.9935528797130218
 138.000000	26.7425754819347148	133.4712481120724306
 139.000000	11.5006983389437174	106.6131436600162345
 140.000000	15.0833250433687205	47.5725356570304143
 141.000000	10.7944261286242540	20.4925792537367784
 142.000000	14.1986947364282994	97.5817293317224994
 143.000000	12.5663359801727168	162.9522538522580533
 144.000000	6.5113417448740254	30.2542522551722470
 145.000000	18.2200417523336320	54.0068692548398133
 146.000000	17.8701849359490232	138.9945243469055356
 147.000000	19.5508431389880570	119.2194614695922894
 148.000000	17.2870962358938094	113.9235560264905160
 149.000000	22.0810427730656720	86.5800850627353213
 150.000000	15.9954439185856057	43.9524205106541785
 151.000000	22.7002607583432017	57.5232421795699196
 152.000000	25.3534411743655923	162.0392354128525199
 153.000000	27.0912491989759481	131.7589270936284436
 154.000000	26.2049262900153401	91.4133556390333695
 155.000000	29.6916802109520894	50.9512665718968094
 156.000000	27.5730359477769831	49.0733703489202355
 157.000000	25.6157668256496684	129.4522629998462833
 158.000000	25.5928890236780546	95.5551415088697809
 159.000000	19.6807383865101713	124.3928698246994315
 160.000000	25.7847198185346365	121.0206852371385366
 161.000000	23.8749850428328863	127.5766750933959912
 162.000000	27.3939623572220334	115.6415876053049629
 163.000000	22.1772989006872763	73.0847414137892031
 164.000000	24.6463522812841163	8.9745040259371649
 165.000000	24.8014093949624161	86.5023559465520293
 166.000000	22.3852202058427423	70.9837071590556548
 167.000000	25.8918643167905032	135.8307530075832688
 168.000000	25.0849878475548991	54.6639651524536703
 169.000000	27.5457783120023585	105.5190579792398324
 170.000000	21.5736448251909465	15.7919658791288100
 171.000000	23.9677046589140161	37.8517680729257791
 172.000000	24.6199286949195333	86.0861601914952104
 173.000000	23.8434237556796838	90.3579338264934648
 174.000000	19.4559016012098418	85.0568514786647398
 175.000000	24.2613995907871995	150.0462008755183660
 176.000000	21.0708647022368609	69.4649723571718170
 177.000000	14.2873071836590935	95.3886811403668702
 178.000000	13.7053038893072952	110.8404730398676321
 179.000000	12.3640266882760805	92.5472887489527665
 180.000000	15.5157932490926154	88.1409796659540774
 181.000000	15.8718926005847187	157.1661281056602206
 182.000000	32.3043849580311573	82.5116238585264767
 183.000000	29.0491763241953720	78.4866927415515221
 184.000000	22.6345156279557465	60.7303171182595065
 185.000000	12.0828479654388747	144.9342643447910177
 186.000000	15.7118956788299702	155.1294445682750620
 187.000000	13.0812246441636830	162.1529565325617739
 188.000000	17.5558420487688913	149.5619172706369397
 189.000000	14.8993160868515879	126.0769562720026329
 190.000000	17.7337417558528401	139.4382158515885521
 191.000000	19.5434730920550273	40.6305558242969198
 192.000000	14.3246211841359639	55.1059808944089866
 193.000000	15.5446895683196473	158.0539003890263530
 194.000000	18.1830332992040660	129.7955545957094614
 195.000000	14.0823704884639813	124.5937333832779785
 196.000000	16.5035675775344330	52.1380025080333098
 197.000000	11.7667595974742820	120.5402357237133799
 198.000000	19.9315290644904479	121.8783481791354859
 199.000000	13.8914194094055272	40.2605399235641244
 200.000000	15.3088705655856057	67.5226119730395880
 201.000000	12.1005708229793072	60.9813725216583720
 202.000000	20.2928111345848983	71.8975540591966649
 203.000000	16.5281812851651502	87.5420821193369108
 204.000000	9.9060719189212101	128.7833649242823526
 205.000000	19.3523248967052091	55.4966510125025252
 206.000000	12.7806083003466622	133.4640778277141635
 207.000000	32.7732218267190234	133.5255667537086879
 208.000000	28.8679287901281505	106.9076543078028863
 209.000000	26.1247059635231906	115.4600017526039721
 210.000000	29.4180822654447560	53.8999942413789199
 211.000000	23.4023576892250311	100.9834736855723918
 212.000000	27.4583833104805208	82.6985764861718593
 213.000000	29.6226372696706299	75.6247504004943494
 214.000000	31.5464113846663352	146.4037370884663005
 215.000000	28.8473035002479321	131.4928161815842316
 216.000000	23.0533883543196474	53.8556628464146883
 217.000000	29.4709234971723220	74.0083798079657811
 218.000000	28.3018474158585356	139.7606956484382863
 219.000000	27.9620556978584496	145.6939576256734199
 220.000000	32.0406234978879993	57.1713620774883537
 221.000000	29.3525043697129568	63.6006010406761106
 222.000000	27.0781839940085476	146.8659291568427818
 223.000000	26.7936754096932184	107.7006001335515606
 224.000000	12.5471098905048049	80.2130671486614659
 225.000000	12.4439817811183691	36.6459934824716527
 226.000000	18.5364460708928398	117.1614696580449220
 227.000000	18.3023779382147609	116.9468718904104492
 228.000000	12.8750407535462514	134.6761665206009297
 229.000000	18.4060055977636701	139.6708778998047364
 230.000000	12.3138953886108986	82.0883604535645901
 231.000000	13.7826775669850754	82.0811690374610521
 232.000000	13.4036352369729830	153.1965655103688277
 233.000000	8.7888913730555434	91.3250673385705340
 234.000000	10.5318962732146542	105.5405644737791278
 235.000000	11.2917773825768002	103.0095062264616672
 236.000000	14.8489475656049628	151.9198486273123478
 237.000000	11.6740991220413477	80.4396006285632836
 238.000000	18.5908308012665451	57.4855086406487885
 239.000000	21.1249785598571407	87.4268392057941952
 240.000000	17.1077668466375101	27.1628120821766288
 241.000000	12.6736828848233234	65.1352096796497335
 242.000000	16.2686691370621723	105.7071371694360096
 243.000000	17.5984185685561094	34.0679264475902528
 244.000000	25.6385926817192633	85.2848178871678755
 245.000000	23.5557237013335765	38.1971770348218058
 246.000000	25.5860142140684523	9.3357134548074328
 247.000000	15.2240881543226152	143.5221307517734886
 248.000000	15.2880753226563986	80.1691720504890384
 249.000000	14.8415560924593084	161.9015580249446771
 250.000000	12.1266998362297649	41.1302218004674955
 251.000000	14.1376655408303105	86.9364203457568152
 252.000000	19.5770150027915726	118.3424459957677328
 253.000000	12.2978300573421695	75.1036482348980314
 254.000000	25.9894727838288908	129.3811719401873290
 255.000000	13.9502822764414969	132.8783082224153418
 256.000000	18.3948968976231484	82.2742086617130326
 257.000000	25.6515833651726872	104.5828937822249003
 258.000000	20.2491803380074913	151.6659116523913156
 259.000000	22.9308668391524080	73.2881753865444239
 260.000000	25.0772504977974755	133.7893416566302278
 261.000000	24.8405363198605826	12.1293166990393786
 262.000000	22.8560914667275412	116.6943072616622601
 263.000000	27.3682638147689872	145.9531625388999032
 264.000000	25.8843749308775166	90.9318616460897289
 265.000000	32.4931026053398213	135.3669076382450953
 266.000000	24.9679935269402264	119.7079194166767024
 267.000000	23.6019575388456673	165.8782682963290540
 268.000000	25.2448858489812515	58.4966728531488798
 269.000000	25.0481447201221741	146.1505186235749534
 270.000000	15.1190336877316067	73.5218110574915329
 271.000000	21.4395901657293031	158.0569656007523065
 272.000000	15.7810002318336746	127.5776707337511482
 273.000000	15.6785826691391232	24.1984874028775607
 274.000000	12.4391390774118165	87.4833595847813399
 275.000000	15.5913403101562871	116.7861056568177958
 276.000000	14.3607945621429831	126.2273462141916980
 277.000000	14.2089469310665422	116.1960810233849486
 278.000000	14.0779990036492890	128.8230957132367394
 279.000000	13.7805229984138613	100.1849087503010765
 280.000000	14.1526724160522033	74.8898331561344008
 281.000000	16.5402513655314358	71.1633910573587229
 282.000000	11.5640003123295667	55.8796043887358564
 283.000000	10.0341807822519975	107.9347034782419001
 284.000000	14.5565703149661942	44.5614606888160836
 285.000000	20.6353904274789635	133.3409891719476832
 286.000000	19.5854402643355243	82.5105850541324770
 287.000000	16.6919188229881534	160.7563101837543513
 288.000000	15.1710124497516698	84.1163969447647446
 289.000000	20.3276695897527979	25.8800252732419551
 290.000000	22.2821832541631402	57.6227688391466586
 291.000000	19.9470284117863557	96.5647819533502769
 292.000000	21.6565368197932919	120.2555338244871592
 293.000000	18.6574790229645338	74.5105365616400661
 294.000000	17.1061938570122472	73.3716030903743217
 295.000000	18.2280042371588991	140.4736363004348334
 296.000000	17.4115651722750968	87.4390270575241573
 297.000000	18.1708928442278186	91.2929624359340437
 298.000000	16.8183865424621253	73.7326040708052375
 299.000000	19.3773121199823883	50.8891542188550829
 300.000000	22.2233838131963850	157.2593018464283148
 301.000000	16.1872210647053834	118.8410168792656521
 302.000000	20.3168162371763721	102.4959444147627039
 303.000000	16.9308047176153735	85.5844098336197874
 304.000000	18.6079430100200760	55.8940416848353436
 305.000000	21.8516781270434421	130.2716050505649434
 306.000000	13.0760188144611913	164.1991824184788697
 307.000000	15.6688410606151098	142.8784951472279658
 308.000000	20.5919584407369562	92.2930688618664448
 309.000000	19.7714706928550044	126.8242346996740082
 310.000000	19.8828044052810284	101.1033695157287156
 311.000000	22.3867230659334062	66.9299393066293931
 312.000000	15.8876161800936817	50.4536614972481061
 313.000000	17.5874346200585414	115.2167585676117767
 314.000000	25.1728635457899941	125.3050816652290393
 315.000000	15.3774619645725767	39.1411525801534310
 316.000000	16.9822947825203983	70.3832442947400097
 317.000000	20.9868006693247189	64.5981661311604825
 318.000000	16.7497914439992925	164.2047511589605335
 319.000000	18.1691850316044814	153.1339831669348825
 320.000000	17.8702248735057090	110.1803721056089813
 321.000000	15.9149687599703036	112.4347943429032739
 322.000000	15.8752577885938173	169.1647252765209259
 323.000000	22.5330015358776130	77.9483061367292720
 324.000000	13.2671250668304417	147.5493431507206310
 325.000000	17.1597115255943038	105.0289625208167195
 326.000000	14.9129329794980769	84.3467434574847772
 327.000000	12.6245147867589562	98.3568720290463858
 328.000000	21.3442954692551652	24.6249523620649597
 329.000000	23.6008882236901236	150.1165071783833866
 330.000000	19.9357370853326756	111.0018829068291524
 331.000000	25.4801330205752805	98.4075589488716389
 332.000000	18.5854853925126662	155.3497024905243222
 333.000000	18.9667271652854055	161.4729040632774684
 334.000000	21.8133596354536827	67.7613435407669158
 335.000000	22.4832106958510352	22.5661430463840134
 336.000000	30.7768126743456669	115.2338758070932556
 337.000000	26.9876630665133455	91.9489405974366036
 338.000000	26.1574360678286375	126.7705775806909685
 339.000000	21.1737483025765840	115.1966527661232647
 340.000000	33.5134579720067194	157.9732234736218857
 341.000000	27.6932632127224991	103.5223320592989467
 342.000000	32.0475612099506080	138.8138244593655486
 343.000000	31.2900251765656492	145.9106551428494356
 344.000000	33.9588060069640747	142.8164083494623640
 345.000000	27.4323545474497266	99.5313382097211985
 346.000000	24.4717566622216616	81.1957310900658484
 347.000000	32.0234937331875855	114.9573804381861493
 348.000000	26.7714487242552188	53.2371416990765169
 349.000000	29.0776794791231801	164.0451311184424981
 350.000000	18.3490439581578784	102.2553731441229132
 351.000000	30.4828717926263728	136.1359458522075556
 352.000000	28.9170312106977967	83.1853703139184404
 353.000000	26.8357173938908851	94.2752057273419837
 354.000000	27.5099553223520452	68.1186161357031494
 355.000000	33.5472498589850403	116.2074250910055895
 356.000000	26.8783546511053970	107.6417314221560844
 357.000000	23.5132756279461930	36.7101650110217861
 358.000000	22.1105555993524021	73.7729960189996490
 359.000000	30.6439289094775411	44.5918537978742222
 360.000000	29.3982964552114225	71.7394341715313573
 361.000000	25.7383929149834572	67.8827404159755048
 362.000000	20.2908127768597311	95.0957817778496945
 363.000000	22.6413762859132746	106.8240841136892101
 364.000000	25.6006076689552486	78.1856922131102863
 365.000000	16.8945084252580777	26.7338693262587128
 366.000000	23.9838391092107521	109.7269992609572284
 367.000000	26.9403773721763855	72.2882372809775688
 368.000000	29.2119675845967812	61.1725153994929229
 369.000000	25.9489831740296779	49.2569509876688301
 370.000000	24.1459368958668108	107.8368106160300925
 371.000000	19.2288126483725605	152.3054981709949516
 372.000000	19.3894415845850574	77.3747842625461288
 373.000000	8.3102725464896086	100.2465086257625444
 374.000000	8.4288855162500091	99.0098821549546813
 375.000000	11.3574641556375120	109.4506303666628781
 376.000000	15.5203183510316869	90.0129038946821538
 377.000000	16.1060715168971100	107.9222689901272076
 378.000000	28.1524347922322136	54.2644674383845995
 379.000000	23.9606070107574496	103.9794352846739400
 380.000000	13.1222858040540959	98.5855805790530013
 381.000000	21.3970433753815037	87.2391658117932991
 382.000000	24.2209831755204306	90.9208425228745654
 383.000000	17.4977288127577069	103.6630785644948816
 384.000000	17.6381305809156537	168.3721688629536857
 385.000000	16.3411114649923697	137.5079223365366374
 386.000000	11.6303027745643934	96.7829589084404773
 387.000000	18.4039749417088281	91.7859538321155242
 388.000000	14.7740181827686996	20.8331761615742721
 389.000000	15.3948807517697919	127.7722162123733085
 390.000000	14.1368548875863773	76.8726092050925160
 391.000000	6.9081012868344915	57.9597454671927608
 392.000000	18.8402464318547800	109.7331684977029767
 393.000000	14.2970827708798005	95.3585765525913871
 394.000000	14.7542306545300885	93.1321779032433028
 395.000000	17.3066760281268941	73.9200621957612753
 396.000000	15.2489471349957810	103.4321123330249037
 397.000000	15.9241098779108814	83.7508151365771027
 398.000000	16.0151063526936532	144.6645060053453165
 399.000000	18.4946117130941126	65.6594810644207456
 400.000000	14.0797787973519224	23.9095870979668632
 401.000000	12.5144565448367313	68.6117940249685461
 402.000000	8.2929251897636647	57.5176564036150211
 403.000000	19.7419582398699518	95.4084415979764060
 404.000000	27.7197324518879782	124.5852427905063848
 405.000000	21.7960270917655592	147.1241452475044298
 406.000000	25.3273504388494217	85.9174121087859675
 407.000000	17.1092392803065394	146.0736520726854621
 408.000000	15.8031405149603899	137.0500269693500286
 409.000000	17.7617291121112046	115.5743839004650795
 410.000000	15.0223940240228870	62.4327461013129863
 411.000000	17.4934865166371658	99.7740798371980162
 412.000000	15.7130209562947929	113.4150659864069723
 413.000000	15.1612974540116525	52.8118192616053221
 414.000000	12.8798054333265775	118.9585467403205143
 415.000000	19.3898360675233121	124.2276411699302940
 416.000000	26.5682335438515267	15.5931474816653690
 417.000000	29.9243427815741718	161.1247944104898124
 418.000000	26.4013194006074556	28.8853897707880662
 419.000000	26.2193013150992371	138.6719274679010709
 420.000000	25.4686293926918204	113.5307695132619727
 421.000000	30.5186819919026000	115.0468132169590945
 422.000000	30.7829107725570417	113.1125631203176454
 423.000000	29.0357340773168104	47.9585301593418194
 424.000000	27.7673785689912194	98.8115266681161586
 425.000000	23.5114467243998959	160.4273991516757860
 426.000000	25.6346482766315873	47.5394198299558468
 427.000000	26.2819383684519323	128.0749853384544963
 428.000000	23.8809673837495033	111.6091497961240862
 429.000000	25.2052688752845278	130.0232882842580295
 430.000000	24.3318822796620005	33.2986198750470521
 431.000000	26.1105035049062302	5.9353771999918195
 432.000000	24.7047820707924970	157.4350998592919950
 433.000000	14.9474755298470487	162.9570224009650303
 434.000000	21.6362109355532439	116.9719748820559175
 435.000000	17.2297876821188929	57.1189855327653930
 436.000000	14.6610247718610864	58.5978439852945598
 437.000000	15.5599913812512849	157.3975364513657098
 438.000000	13.4587738985533925	138.6957600991521815
 439.000000	24.9781407622331209	146.9849247257190257
 440.000000	27.8266880884140697	82.5294299305184467
 441.000000	20.7495836294396376	95.4642210776462434
 442.000000	21.7429801869409900	98.3315755436007919
 443.000000	22.4808665916283914	15.5938822282028866
 444.000000	24.5845386582959158	106.9636244614988669
 445.000000	22.8426676360433767	34.6375539589717789
 446.000000	27.5811097375444163	140.1522960404701905
 447.000000	23.1988547392722992	29.6328846896633422
 448.000000	20.7242582488396252	151.3180486741113668
 449.000000	25.4292616219817056	100.1326168197886091
 450.000000	24.2781686289012768	127.3992182437630163
 451.000000	28.5033085094360779	51.8632353009222982
 452.000000	27.1601494543605391	70.3082202595995511
 453.000000	26.4599205432742259	100.3355400063713887
 454.000000	24.7852779389306619	158.4083943508208279
 455.000000	26.9052638546758551	105.2542920924707488
 456.000000	27.0340831306534319	70.7994655740363044
 457.000000	27.1694247524001291	108.6395544730695946
 458.000000	24.7015464838386904	78.9519742875264541
 459.000000	19.6445245481182731	79.7593312114753132
 460.000000	22.8328131637836051	122.3985563187001162
 461.000000	25.7212388917640276	118.7361188639130773
 462.000000	22.6578979093424984	68.9756444591741769
 463.000000	22.3497373172047631	117.5766505654209340
 464.000000	25.3418607853289330	100.5662941575098301
 465.000000	23.7367291686115216	103.5740110899089501
 466.000000	23.7258397707990660	94.8825302965169186
 467.000000	20.4958028907771705	104.3920378913819036
 468.000000	14.2391659014467766	91.0624447162418278
 469.000000	16.4179436445524871	104.8550130941777923
 470.000000	20.0230009251552445	80.5586498341352808
 471.000000	14.3747626374892121	37.6888213549703721
 472.000000	23.0820176446520477	86.6172039520471628
 473.000000	20.1379895792313377	120.4828044677076235
 474.000000	17.1531348863014692	144.2825143379619988
 475.000000	23.7465542503600595	158.9724843816975408
 476.000000	15.1948890766997842	127.3025724964117273
 477.000000	19.4510366650030910	83.7857729132088167
 478.000000	18.1189493402886939	174.7415125413527903
 479.000000	15.1501230279166066	76.1024137653871549
 480.000000	23.5396083802355633	135.3891239989106623
 481.000000	13.2766569337175930	38.2774494156154503
 482.000000	19.4169194523926123	101.2165475601881894
 483.000000	20.0130024719971615	125.4545468220804594
 484.000000	19.9733439751649904	96.3909555421404178
 485.000000	23.0152991217321237	133.5600586178480569
 486.000000	17.0075308314611604	120.4763864906798574
 487.000000	17.1146902425674341	139.7473842250660709
 488.000000	14.8639727785399085	92.8724292382355685
 489.000000	13.9283996654718418	108.2051119401018866
 490.000000	18.3319909919593407	111.6918714554434189
 491.000000	15.8794136706977476	164.1350737267171098
 492.000000	16.3570105314956109	93.1471838244176098
 493.000000	13.0023711221618417	50.7178662400677638
 494.000000	25.8387431972668864	74.4188734676226744
 495.000000	23.3123539261867414	99.8028445317238209
 496.000000	15.2864009319555514	139.9514726787371615
 497.000000	13.5600662736093014	47.5482864844120741
 498.000000	15.3065560779081533	122.2622681313710729
 499.000000	16.8617076055101194	55.1735468188879992
 500.000000	22.6301610894881868	144.8641139544674559
 501.000000	13.0458216101583915	65.1228756897015870
 502.000000	16.6009170702529829	50.6272565672192911
 503.000000	19.8505806158106672	94.6418172591795184
 504.000000	21.2070295896747929	64.4326123540062099
 505.000000	14.8333008567782159	25.7112992588349414
 506.000000	20.2066363537450293	31.8282068768251349
 507.000000	22.9147523423472848	131.7415011849541315
 508.000000	17.6294475724617214	165.1765034453726742
 509.000000	15.4615652124131824	85.1105758603843441
 510.000000	22.5346922923622941	117.1296121915765696
 511.000000	18.0084406123578162	95.8891310481829180
 512.000000	26.6720952714297468	120.7931983425425102
 513.000000	21.7998695413427370	88.1852879799217106
 514.000000	26.8838811841521022	101.4233013391538236
 515.000000	21.9674447078902695	103.2167844387007420
 516.000000	15.4003879135134376	100.6282574316163334
 517.000000	16.6442301817768019	102.3617387385795183
 518.000000	22.5920846676385985	139.4117826071606316
 519.000000	22.3956844132814936	43.5559362859120824
 520.000000	19.8886682686081606	158.4602816974426389
 521.000000	18.8264396153157954	78.4854161089200772
 522.000000	17.1109029719219095	77.0842104945684667
 523.000000	15.9988923092732485	48.0380780278161126
 524.000000	25.0382486251526473	117.4513578263204465
 525.000000	22.3211811533669042	78.0768366105353664
 526.000000	16.8499416981975685	95.0087612020557088
 527.000000	17.4131018476391191	89.5846736314791059
 528.000000	16.6428513107287692	92.4037631425149328
 529.000000	16.7349808982980441	69.0412197987636063
 530.000000	18.6385483325178676	68.5801147114895997
 531.000000	19.6335870891468396	165.3310057470612264
 532.000000	12.8359577288546909	165.2687576363659048
 533.000000	14.2025315719253040	55.7950358243332403
 534.000000	18.9232888299987358	75.9840679685338074
 535.000000	20.6529367567180842	167.9713350711480189
 536.000000	25.7373766594124262	135.4816612994390539
 537.000000	23.5140841495776804	9.3904037466599561
 538.000000	22.4084925846345371	82.9489520685289392
 539.000000	23.0772165345396161	104.9295695628773757
 540.000000	17.7737751781802942	78.8030702848326285
 541.000000	19.2997039585877914	80.9386666961769947
 542.000000	20.0589608408625537	151.2776816997717333
 543.000000	23.8045408039553443	115.0750902635492139
 544.000000	22.9167797378983522	93.9628559584811711
 545.000000	22.2390422582047727	69.8066818112784233
 546.000000	15.6637406151357297	6.9803300405017978
 547.000000	20.2813443934941340	157.9041929468870649
 548.000000	24.8844621786539477	89.0058236756582488
 549.000000	13.1832803261889229	119.7776430702547827
 550.000000	21.8645660630567917	161.3842034121418578
 551.000000	20.0788128506204409	85.8725763866201390
 552.000000	18.5060298808407211	59.7455852367413769
 553.000000	19.9373480719031981	54.5298213587822858
 554.000000	15.8849033341305574	51.0461046674361967
 555.000000	15.5798489873885586	104.2707918964946288
 556.000000	17.8205914204110378	85.2989844033692037
 557.000000	14.1829410052364278	139.9751983730744769
 558.000000	8.7720795916661878	130.7997379780363758
 559.000000	8.4816451888590372	41.8482584289263286
 560.000000	16.1089989941449190	126.5768332854071048
 561.000000	12.5021720659416520	140.7883229629902644
 562.000000	12.0947678259010232	50.1204349249348127
 563.000000	10.5395935917842642	132.5659337648970677
 564.000000	18.4811939816746502	107.4224551873112006
 565.000000	11.2726916331290283	91.8607211407674384
 566.000000	4.1085579852701963	139.8506396033153862
 567.000000	10.7259367333217757	126.1385134228856799
 568.000000	16.8757687577200954	102.3569659639311737
 569.000000	16.4243106363064655	57.0224646771265498
 570.000000	13.8009685699329854	26.8233587587048987
 571.000000	15.9386638244707974	72.1016731848650210
 572.000000	21.1231477902450990	146.4339845458949299
 573.000000	16.4870429330378201	70.3269730131869721
 574.000000	19.0060888495788092	115.4543054522941361
 575.000000	16.5156897903301640	72.8555840159880432
 576.000000	16.7330949943515783	36.7213958990553806
 577.000000	18.0950765183748423	156.2196461052823793
 578.000000	17.3075207719711877	81.2003787574587079
 579.000000	19.1094524742460976	117.9025742326506503
 580.000000	18.2337931390220405	25.3823041447799653
 581.000000	12.7811853309216445	138.6879587963823894
 582.000000	14.6019325253776806	79.6899820192874415
 583.000000	21.6470856286363826	64.1253784107874338
 584.000000	15.0684783533623392	128.2878163792753412
 585.000000	15.7958550039412167	24.9585062230146093
 586.000000	17.2940798683974855	89.0991553855108123
 587.000000	14.6414818944463558	140.5009912624980757
 588.000000	15.9793999358736496	76.4550165120494825
 589.000000	13.2384440801323464	4.3195249214469698
 590.000000	15.9008075216977307	37.5840657064037487
 591.000000	15.8845080309521212	160.1839801918444266
 592.000000	13.6819549501338393	18.4095484243626402
 593.000000	19.2149621739118928	125.3743543711760822
 594.000000	13.8567617913146037	174.6582992520919788
 595.000000	10.3492298777491971	93.9125403685110314
 596.000000	10.7625883388327139	112.2795220035906851
 597.000000	10.5580276569909852	6.9102069291611485
 598.000000	21.9337466335895570	20.4499894181361697
 599.000000	20.5830044232733300	143.3383251333109456
 600.000000	20.4691585154345752	131.9863529605893291
 601.000000	19.4684191681410717	133.9636600876490604
 602.000000	14.4267571868162605	75.4982308439082601
 603.000000	17.1842835763583963	69.0207855615356038
 604.000000	24.6878833610093196	112.2463976288951812
 605.000000	17.5873193009621325	148.9512273157038464
 606.000000	25.2319363274608683	113.8388091535622806
 607.000000	16.8301632430929580	82.1493443530506653
 608.000000	20.0452396089191289	107.9117673262318107
 609.000000	20.5732812643831728	121.6882735545552805
 610.000000	18.8137606451345931	24.5220858515914699
 611.000000	15.6044082635592432	86.9460608012220462
 612.000000	16.8393184061392134	86.2283364356408697
 613.000000	14.6935327260410666	33.6671908484109963
 614.000000	21.6283727637225240	94.4714908558260049
 615.000000	16.9278724373281086	44.1725919977806711
 616.000000	19.4490009375029125	19.2217154627666673
 617.000000	19.3516193560873404	150.8353518978199190
 618.000000	21.2584109890794863	49.7398376685872847
 619.000000	18.7209837445388878	108.2404031832526954
 620.000000	18.6691874859144953	160.5161998153547529
 621.000000	22.0088414485653558	153.2371420695229176
 622.000000	21.2734737261148474	107.6514178461189886
 623.000000	21.1268768875959090	57.5547606505483458
 624.000000	21.6820636063035543	71.0547500593271906
 625.000000	23.1454406557558912	100.8298288695629878
 626.000000	20.7479287664327181	101.4037629420964919
 627.000000	22.7041474204856364	100.9318264223202988
 628.000000	15.3994360745162719	41.3230554825383933
 629.000000	26.8604642196802104	75.3378709805284217
 630.000000	21.9934426217640500	72.0220383146174470
 631.000000	23.8251064213432535	105.0463190391188135
 632.000000	20.2783413364278147	126.9313714651659808
 633.000000	18.9433118921097687	136.7762757483665723
 634.000000	28.9634212401439406	117.1875658345414024
 635.000000	26.9064580225224894	109.9908741178293923
 636.000000	20.5988701094574438	109.5660789433656390
 637.000000	14.7720034937915159	139.2107365323156500
 638.000000	24.6449912857016464	84.4316044776347496
 639.000000	14.3318508956515167	159.2046603251538102
 640.000000	11.9630123098093986	71.1515572589671024
 641.000000	15.1497546062252137	79.6554455602352931
 642.000000	23.0215318850097255	156.8498400350994189
 643.000000	17.4317470452915657	156.5567941255219182
 644.000000	16.6255304199734439	61.4371582345977885
 645.000000	18.9946859917284492	84.9600998075363236
 646.000000	20.1565106265270870	75.5558336487122091
 647.000000	18.7237759289456278	82.0466091061978204
 648.000000	18.4367646340246409	14.7147074903345185
 649.000000	15.6620758839047856	49.3517897906683061
 650.000000	14.6995811483182717	7.1949053352410886
 651.000000	13.9406153509560617	106.9633955603013789
 652.000000	17.1533008038565420	109.8184238261384991
 653.000000	16.7032287712044472	117.3517464900271534
 654.000000	17.8530550298463915	117.6661143074356914
 655.000000	18.4630290519884923	95.2387504057173118
 656.000000	24.9294997966921237	115.8856359951499400
 657.000000	15.9274270264248159	59.6876145601778774
 658.000000	14.8242405888008388	161.7512542196699883
 659.000000	9.4993606767822811	95.9890893951683637
 660.000000	11.9095884834673207	31.4779255262324682
 661.000000	10.8841262053439127	44.2185118787239446
 662.000000	7.0660301020723333	73.1774772854696494
 663.000000	13.5982845572219464	153.9899343287929980
 664.000000	17.4712286018200693	162.4163725034310346
 665.000000	24.9731523700247173	113.5387157602034591
 666.000000	25.9999322835445916	100.4589708584894225
 667.000000	27.1749272481721462	145.9517221509826186
 668.000000	22.9081675140991052	68.4022333164415244
 669.000000	18.8392979536339737	77.6723033011758872
 670.000000	21.4854643088701600	75.3134414195370425
 671.000000	25.1772053014989083	80.6049729584813690
 672.000000	24.5720265466658283	16.4243406111673664
 673.000000	23.3367735562970218	104.3783467016517648
 674.000000	27.4631158110305194	98.1582597305056055
 675.000000	28.9008501268357421	123.2229672623705170
 676.000000	27.4016743539289322	136.0688909934981154
 677.000000	29.4170328706370725	88.0754951498037570
 678.000000	27.6071493779297086	89.5249494837440523
 679.000000	26.3397286921619767	91.4648191973476941
 680.000000	23.8540981281320903	113.7493875060490467
 681.000000	22.6435463983393284	16.8907913665824196
 682.000000	25.1911586572330926	95.8460587104918034
 683.000000	26.0165627925708662	77.1281146970098348
 684.000000	21.1894459492696861	78.1829997555300622
 685.000000	19.9184365213441659	155.5096060983070743
 686.000000	25.5176692223877168	108.7770388999576454
 687.000000	25.1154204318750729	85.3035448689521019
 688.000000	23.1688393202775913	2.4184402908609854
 689.000000	25.3091427487683944	14.9370152301848407
 690.000000	25.2483032201277382	70.1248755737825746
 691.000000	24.9834590316870973	146.0529405910472178
 692.000000	27.2775926483174622	84.5710326423488823
 693.000000	25.6693916841064613	140.3924434446601310
 694.000000	26.8849357702339837	99.7477373502284621
 695.000000	25.1253892766950209	84.7683962486774760
 696.000000	25.7950508790310487	93.8833176277693582
 697.000000	26.2519102956781900	75.5008873458060066
 698.000000	25.0082776358428092	76.3284063929818046
 699.000000	21.9878585421754948	45.0520798096634962
 700.000000	25.3144774116031250	163.7158930136702395
 701.000000	23.0201757841351018	152.3500392866253321
 702.000000	21.8660184702284504	168.1010295857265930
 703.000000	25.2286577131828089	62.8318087827961875
 704.000000	22.3363334588520068	83.0470302724130391
 705.000000	23.3638422983330329	128.9257817544481952
 706.000000	17.6658982536824247	60.5851538044002922
 707.000000	21.5255810275387915	88.0552159511624666
 708.000000	22.8865174892318457	116.8280803859061621
 709.000000	25.3529798585187933	122.2706428190470263
 710.000000	26.0423339033346046	63.6890638250005310
 711.000000	27.0410681083067281	57.0216335005193713
 712.000000	26.7091079185473710	119.9543382277093144
 713.000000	27.2852899178905233	110.3087462477407570
 714.000000	28.3491181715064151	80.6303477710442991
 715.000000	28.0772438490171155	120.2954151168783739
 716.000000	24.4539976263121162	97.8211826779099596
 717.000000	24.1644290974658134	53.8281718618535336
 718.000000	22.6074971210899172	117.9433082001381763
 719.000000	22.7730151598233697	81.3126372567037521
 720.000000	25.2067376329284940	111.7353704599687774
 721.000000	30.8100473529689083	124.3933130061343491
 722.000000	23.7935916731202113	92.5407903017263749
 723.000000	22.2576355754649917	113.6702295017113897
 724.000000	26.8582129261512748	143.2819199774122580
 725.000000	26.1567948530452732	66.8424485380025999
 726.000000	30.0599272247181020	85.1652691290226613
 727.000000	29.1755131602386122	33.3896840825846937
 728.000000	30.9343274815044254	144.1553363019720280
 729.000000	27.1595128171889328	115.4037974292823208
 730.000000	25.8830616990652125	85.2080001004056840
 731.000000	26.4401256290301134	125.1139066943957801
 732.000000	27.6120939387158586	66.5646572428187966
 733.000000	29.4275357173623462	145.7197129112078926
 734.000000	28.8976777438286696	87.3320907622466507
 735.000000	27.6417277330519973	100.9578794541829865
 736.000000	25.7168357343075442	123.1345558992672693
 737.000000	27.9561461176192303	114.7655629142301024
 738.000000	25.5471775715698648	96.5429622956378068
 739.000000	22.0703669361008181	146.9536725108994233
 740.000000	21.7880882551090664	143.2465146479325426
 741.000000	24.6405090904459065	99.4560573379123554
 742.000000	26.1552636001310965	164.9030018533517818
 743.000000	29.3175861566170255	98.0815811230009871
 744.000000	22.3743787720884306	68.3994950632742302
 745.000000	24.3744126692810426	135.0880837986935603
 746.000000	22.7027585561265859	123.0463888935472880
 747.000000	26.1239919629007495	77.2985481744514829
 748.000000	21.1176534933677473	85.1016050824581498
 749.000000	24.3075000669797490	102.2811284397365625
 750.000000	22.7929831205996685	103.9759238630399949
 751.000000	23.2796575183555312	57.7747658279267142
 752.000000	24.3018493012153876	136.0175323147027484
 753.000000	25.1438932227723448	75.9286359803502791
 754.000000	24.5506313976861676	94.0098404816187099
 755.000000	19.4998479781486900	72.0619281554227342
 756.000000	27.0105975026439680	80.4610598855782655
 757.000000	22.1400959177206218	107.1051538673600021
 758.000000	23.8580853610370980	150.9525389264636317
 759.000000	22.2586457468819496	40.3874317555629148
 760.000000	23.8999745826216170	159.0761677406539150
 761.000000	22.5657451659656978	124.5472453220556588
 762.000000	20.8079400139095902	95.7042243195841564
 763.000000	23.7760134562128513	100.3789891456577834
 764.000000	25.7560615421986974	160.4486306635085384
 765.000000	24.0519872892715831	124.4417795028960256
 766.000000	22.7079049356367335	135.5402206182556881
 767.000000	23.2626052982883742	109.5421619765732970
 768.000000	24.2785808187601937	133.2092198423822538
 769.000000	22.7208620009934421	5.6033519034874928
 770.000000	26.2304593301646278	102.5364206916785577
 771.000000	26.5895291758703785	134.8103795255615580
 772.000000	26.8957221341340187	162.5838125559312175
 773.000000	24.4681623382211306	93.9257664290793031
 774.000000	26.5335485105009425	106.0392059675485825
 775.000000	23.2451128821978941	55.9328933157324570
 776.000000	26.3007467226518337	69.6993511363474170
 777.000000	26.2288386273155503	99.1272361345374691
 778.000000	23.2651709438412198	111.3929273931713482
 779.000000	22.0306227589609342	69.2993667496148049
 780.000000	26.4989084610300019	148.6795372547032343
 781.000000	22.4527362501790435	94.9330450640001686
 782.000000	21.8172107008215121	93.4294034852997441
 783.000000	24.3599599634867126	65.6609592976957401
 784.000000	26.8656944717213619	149.0532385368667292
 785.000000	21.1919733192144371	74.1110881169828417
 786.000000	28.0655941118234260	124.9955971755803006
 787.000000	23.6830875832991765	56.8827575301870780
 788.000000	19.0999474000121729	128.3238635963803347
 789.000000	17.3268578458567895	131.7901378863396076
 790.000000	16.6627515863589437	72.4496974552589137
 791.000000	25.5748546164704074	43.6366074507735391
 792.000000	24.7071881892127010	123.2752022018606795
 793.000000	26.0732157357435739	70.2930953463246766
 794.000000	26.3899410956841187	143.8610780748419131
 795.000000	21.0675185722845413	84.2805568996851946
 796.000000	20.6888373675148252	160.1633030297157916
 797.000000	21.7885158073802607	169.9497637272603470
 798.000000	20.3416905820820730	50.2054406489926919
 799.000000	19.9995583913860919	73.0899039586067261
 800.000000	23.2619521445844626	88.9890707659003795
 801.000000	21.5260982937891860	130.0329631863645545
 802.000000	20.7201798373484252	161.1739714191010933
 803.000000	24.1957669426043473	64.1710497228188217
 804.000000	21.3460454490488978	164.9339853752132967
 805.000000	23.3070473772754951	19.8073397961788658
 806.000000	23.6104762658491616	124.2689626058102164
 807.000000	25.5594859253235676	138.3528391521373351
 808.000000	20.0147809006669881	108.2044524465221826
 809.000000	23.8658797948841688	30.8879235447850817
 810.000000	21.8301913238270195	110.2796749158041223
 811.000000	25.4684955615127961	8.9747791605173859
 812.000000	27.6977164645578178	100.2431295098001414
 813.000000	22.2385096837162983	103.0825847575464564
 814.000000	18.0721130313260510	115.0342007342140249
 815.000000	27.0323303792889575	95.7188318933632871
 816.000000	24.2929747474984481	164.8866146051852297
 817.000000	22.4969289945589672	13.9176602322693554
 818.000000	24.5335011258307354	132.4198412009321544
 819.000000	22.7337351097631419	167.7330267957105150
 820.000000	25.3823591888273548	100.7211721588349747
 821.000000	25.5081909359846861	78.1591863502747515
 822.000000	13.3863199864050006	82.2527217998419502
 823.000000	19.2467317924210164	89.9896483470848381
 824.000000	19.6107506423811309	114.1627565979632237
 825.000000	20.5588286281794801	105.5414205016480054
 826.000000	20.9149827599581144	115.9598904863610045
 827.000000	20.9217009348199738	126.2544743980099184
 828.000000	20.4341766120276134	132.8178065938792827
 829.000000	14.4741303780076720	125.8988225708811797
 830.000000	16.4189043135927193	136.1437142321848910
 831.000000	16.0594598701788556	64.7531584732316361
 832.000000	21.1230047811244006	111.2985154776406631
 833.000000	20.5806636219283021	131.3239389778266002
 834.000000	21.4617030034991672	19.1637163508196977
 835.000000	21.4127255041977662	98.5585270280553090
 836.000000	15.6021282828998409	98.8082105599027614
 837.000000	16.0297516773460202	91.6229545350971222
 838.000000	16.4854493149015511	82.4947033780560304
 839.000000	18.7908376947654006	62.9380340114265096
 840.000000	19.8944556078953880	88.7871611053346186
 841.000000	16.5377591282695562	146.7773295278695116
 842.000000	17.2664685808710026	151.0526776201427879
 843.000000	19.3264806059707333	156.2321404984800211
 844.000000	15.0673680961112328	147.7694032020772852
 845.000000	13.2766272157814562	101.4525175045112775
 846.000000	19.3201512898129693	104.1263073911376580
 847.000000	24.2868859122866994	115.3613459729700423
 848.000000	24.3663859316090132	91.5098317286766729
 849.000000	26.6656150012302149	98.2274300301116909
 850.000000	19.0074566898582908	45.4115877222232029
 851.000000	21.0409739321712088	144.4057085437013370
 852.000000	16.6503714304969854	119.1950130638205394
 853.000000	19.9125008634466845	80.0343822245881853
 854.000000	17.4689106167864878	82.3174463581630675
 855.000000	16.6083060983957935	144.1759198717703327
 856.000000	14.7409029459781813	88.5203686941643184
 857.000000	9.2345082040540003	81.7718771538095410
 858.000000	9.6431351286675255	67.3775004035310161
 859.000000	17.0353495193280899	118.2915013750535707
 860.000000	16.1938597432950964	141.5897895794211649
 861.000000	18.8633872291576665	165.3791617655525954
 862.000000	18.9387981075046703	80.4721796820656436
 863.000000	18.6081594431649613	143.1899329383688837
 864.000000	22.1222995355450180	71.4972901832094294
 865.000000	17.5077066493016318	40.3883333027361289
 866.000000	21.1474154728319910	134.4385498459301118
 867.000000	22.0450893867010294	87.0248019403118036
 868.000000	19.3454711163977713	118.0848136923311245
 869.000000	24.2133079298395515	108.8889977099457838
 870.000000	15.5326351967091103	86.4485423745456529
 871.000000	15.2202456267065109	137.5070053382324318
 872.000000	15.8846990016693059	88.8687586960204214
 873.000000	14.8446076585398750	24.9877601207389546
 874.000000	14.1012410541911972	69.6667570577980797
 875.000000	14.4075819893540142	64.1442638028454581
 876.000000	20.2997336163275079	171.9423807477299988
 877.000000	18.3683905482222372	83.8042812565130788
 878.000000	20.0696122229213465	155.3358617677941140
 879.000000	18.2400432240687138	161.0067874332095528
 880.000000	20.5820461796950305	151.8752904029701369
 881.000000	15.0083629208136404	76.7436774217125190
 882.000000	18.4478380662616921	120.3995266750702058
 883.000000	10.9743440106744465	83.1126839965151589
 884.000000	16.6772887502335010	59.9611786655095216
 885.000000	11.8679008193336450	110.8577393481344586
 886.000000	14.6149556630991118	137.8680996174641109
 887.000000	9.5837216679552490	74.4775950364530530
 888.000000	19.7785050933111322	77.6130116130569263
 889.000000	24.2662748712587799	146.7565520978953373
 890.000000	17.5076553459707114	93.9426050193177673
 891.000000	11.2275355399949390	130.4525805868298676
 892.000000	15.8905747948852643	137.6876565550574014
 893.000000	16.2950342487748010	110.1011921188697329
 894.000000	12.3557738213873662	49.5068478237506895
 895.000000	12.9025751697492908	66.2035489136147959
 896.000000	10.5501563103190534	67.2284953548621331
 897.000000	13.9084954743043383	54.7965800901873905
 898.000000	15.3481537469331393	93.6699201224957960
 899.000000	14.7366803628778840	126.1045910354778670
 900.000000	13.3245067652705487	138.5559353911588687
 901.000000	16.2557106086898528	87.8212602923530454
 902.000000	19.7543241405842984	45.4129145849046836
 903.000000	17.6086221742156432	58.7648897198715048
 904.000000	16.2113360380746485	155.1519876488594605
 905.000000	13.7899944187419425	98.5684132187589057
 906.000000	17.1334728628727255	96.3962122333538076
 907.000000	12.1826421038014132	161.3161924146892261
 908.000000	15.3643565687473611	48.8162095692320293
 909.000000	10.3570612655860046	67.9512196188848634
 910.000000	17.2408992038424067	52.2896406434746694
 911.000000	12.9096076171596241	43.2596290192516904
 912.000000	12.5265369978772547	77.8484634186715425
 913.000000	12.5392896810735408	138.7827446718098372
 914.000000	10.3013195154651438	83.4296921608459030
 915.000000	16.5140781925205076	159.4124497090796524
 916.000000	13.2100568196949002	70.1639190804506256
 917.000000	8.6142670256513121	44.7262945859348520
 918.000000	19.6515821696539490	93.3692817725218447
 919.000000	15.7614090152224939	35.7345663321806057
 920.000000	16.9316751072772149	121.4864848732610767
 921.000000	19.8804597987506071	88.8369005885256087
 922.000000	15.4380058845531192	139.5253406523437434
 923.000000	17.9648162701876757	97.0212828475421531
 924.000000	12.3695250817916058	103.1579055698584710
 925.000000	9.5093751126239923	39.0780819152732022
 926.000000	14.2627700000163031	132.9888596848086593
 927.000000	9.0870058015010144	95.4394778213235071
 928.000000	17.1053751894921575	111.5742383281182555
 929.000000	23.6128896963854480	156.4353089334162519
 930.000000	21.2875778811546930	116.0663934973871676
 931.000000	15.9206050577398610	64.0416963382963900
 932.000000	15.9616503530599037	42.8178129262348364
 933.000000	17.4379484403207492	45.3055979305260337
 934.000000	16.1795419087418821	120.4926982017407795
 935.000000	9.7428016520654595	91.4287406761686299
 936.000000	7.0256615727447214	103.2542435925117417
 937.000000	14.2249707119458737	110.8534690475099893
 938.000000	10.7411187648300537	126.1892868962391958
 939.000000	21.5602865685513549	96.5495118095220874
 940.000000	21.2555619849462154	139.7775330185677660
 941.000000	15.0323300783653213	127.4368753216724173
 942.000000	16.4004632049861883	110.7909675339959961
 943.000000	15.4402879246391240	134.1424451688928912
 944.000000	16.4082261746257707	48.2270360650819043
 945.000000	10.4816424439140707	85.0281869254715161
 946.000000	19.5979814681879638	84.7708739785079928
 947.000000	13.7602649709207423	140.0884114495277117
 948.000000	10.3534925820628327	110.7354319529035678
 949.000000	11.6267943575291053	157.7835529137940114
 950.000000	19.0172498669614747	73.9308780802371075
 951.000000	13.5909386084230768	104.9736300344583526
 952.000000	16.2066950125314619	170.7958057204737372
 953.000000	17.1656636855779219	117.8156682153061752
 954.000000	21.2412239221681141	121.8187530766398368
 955.000000	20.7319830059852421	79.6703235102935423
 956.000000	17.3215937957091377	51.0559772595645143
 957.000000	18.3788339811787331	52.0013855141874615
 958.000000	16.6393604056175697	84.0641206356847590
 959.000000	21.5798723067754921	77.2550070158491877
 960.000000	22.6733581211812556	62.9274029490161269
 961.000000	22.7286639249422890	158.0310943741395704
 962.000000	20.0425541763314214	153.9149781159329677
 963.000000	22.4439356457973993	106.4655506552056892
 964.000000	16.6600935940250672	87.4867619162614858
 965.000000	19.1055646361154530	165.2632976140656353
 966.000000	16.8474799377004771	171.8948323192885255
 967.000000	17.0951290564446516	138.8467892786696609
 968.000000	16.6217843030139178	34.6944486276038901
 969.000000	22.4631692855387115	107.6627388975801551
 970.000000	19.3983503794863630	138.2163053949570610
 971.000000	16.3102988418296491	66.2957642036878809
 972.000000	19.2906059030659236	146.0511047206570652
 973.000000	14.3612187516400418	52.4927041359000128
 974.000000	18.7232084653184891	148.9383204936150094
 975.000000	16.1315350687125409	64.6471216625362217
 976.000000	20.6681344194387400	107.6631862732172067
 977.000000	16.1921942744438496	14.7309079833145802
 978.000000	17.5059264037664803	132.9888029271603500
 979.000000	19.1194625692778288	89.1367493083251929
 980.000000	17.5732886466354437	82.3958164561432369
 981.000000	16.8437478411018020	53.8010178978489790
 982.000000	17.8931712944057928	118.6719056817992168
 983.000000	18.1088633133143055	61.4604144899485476
 984.000000	22.7157536685049841	165.0320857620588129
 985.000000	24.4648034843649462	110.0921563546348665
 986.000000	17.9309067657951147	100.4273335156459979
 987.000000	16.0017320123773601	67.4081947758417641
 988.000000	22.3739440778612426	21.2857253499795149
 989.000000	23.9911796003505842	114.1051838795509781
 990.000000	18.9824865982370063	107.4928563509404142
 991.000000	23.0215795988839744	157.5578323201258399
 992.000000	19.9622891379980132	118.1664575304398994
 993.000000	16.8194187799046269	123.1789002651792941
 994.000000	16.0444776033967180	101.2504247737290086
 995.000000	11.3060936191077719	87.1499981619181767
 996.000000	21.7651308723455017	46.1236282052842341
 997.000000	24.6414225318674447	92.5685542053353032
 998.000000	25.3464995475288291	177.7475116695484019
 999.000000	23.1853932130467371	64.9997516479931505
 1000.000000	23.0394581921561894	74.8238233978083969
 1001.000000	23.2614621005503004	101.5718698974649072
 1002.000000	23.3136446087488984	163.2826901361070497
 1003.000000	25.9514118193136056	63.9080442314518677
 1004.000000	25.5442813616414242	74.4816096468751994
 1005.000000	26.5374226966574582	169.9221852109243969
 1006.000000	26.0418033607291903	91.0660077465630593
 1007.000000	24.0861466755697577	145.1114125011536089
 1008.000000	21.7651713929298829	107.1949050941754678
 1009.000000	24.3796203840831751	138.7092201608841719
 1010.000000	22.5010867393551166	155.3289987685784013
 1011.000000	25.2581274432849554	75.0322137067588386
 1012.000000	21.9638166560926820	38.9273553390014513
 1013.000000	25.0065440217179251	98.9899849577728901
 1014.000000	23.8725573255508650	84.9591001600345379
 1015.000000	25.1424548947220181	102.3944863792779643
 1016.000000	23.6557903681121005	52.7890014706314332
 1017.000000	22.1014045759264484	122.0775147834397103
 1018.000000	21.6104191518673829	62.0938723060011455
 1019.000000	24.3992604570380429	154.8710121302360392
 1020.000000	26.7584999409325839	101.8272333380340058
 1021.000000	26.9557443683679345	65.0946225076094009
 1022.000000	14.5191503836285793	125.4257514764184975
 1023.000000	16.1943530538951386	47.6716633983425595
 1024.000000	20.7609464678522073	71.4954427475558987
 1025.000000	13.1068115416153042	79.8858439434096823
 1026.000000	17.1929381273752107	53.9169264244497981
 1027.000000	21.2733050640551120	113.3306487841827277
 1028.000000	19.8481044564073592	124.7518189621663396
 1029.000000	24.3738194108506896	130.8725327732987012
 1030.000000	24.5597663433904252	26.5789440276200253
 1031.000000	17.6971280720303312	172.2797410183554518
 1032.000000	17.1307249167325502	86.4547077250249316
 1033.000000	21.1541687606935618	132.6933175396221714
 1034.000000	16.5690031299851874	158.8638050266934556
 1035.000000	17.1812163444268435	31.3345160264013316
 1036.000000	23.8800791832695012	125.8647243710522332
 1037.000000	13.9585227937227749	80.4299965381382407
 1038.000000	15.5318273785582690	105.6045382003322572
 1039.000000	14.8397595786857206	162.3841795071932097
 1040.000000	20.5737634960893239	84.4466379672325331
 1041.000000	18.6018219971692034	37.8377606086775131
 1042.000000	19.9355866437383220	115.0157826600994753
 1043.000000	10.2476477998986137	52.6225044586369677
 1044.000000	13.5250395248832262	45.6454100389582891
 1045.000000	18.5334692851705647	117.8746281986400675
 1046.000000	21.8445411275865276	50.0877193666888161
 1047.000000	22.8327396366531765	68.8488605153668090
 1048.000000	23.5665023561594786	82.4820783352928544
 1049.000000	21.7198990541145953	155.8053182720642553
 1050.000000	22.3335472851279206	93.7433548311411755
 1051.000000	18.5340248181013898	154.8020873669143498
 1052.000000	19.1797864444699862	57.9702705140526575
 1053.000000	25.1263067834893477	84.2152630143516916
 1054.000000	27.0855972596595009	64.6545354181621690
 1055.000000	23.9228502512900114	105.3917796145272234
 1056.000000	25.9205124490482355	112.1617021895607138
 1057.000000	25.1516012353142138	70.1976127092623727
 1058.000000	23.4792058851668841	111.0101432823659167
 1059.000000	23.9905203945892609	142.7863127383859592
 1060.000000	23.4729296273879164	144.7746811554344220
 1061.000000	21.8474213094283627	89.4823707376897346
 1062.000000	24.3871025350439332	113.6942875000428756
 1063.000000	22.6685932394653769	60.1671332797827461
 1064.000000	24.6829917213505396	129.7394265160792486
 1065.000000	24.7298996604231469	123.3829135610979648
 1066.000000	23.6893410074254582	94.1336825509877855
 1067.000000	28.9357505636464225	56.7270667966465396
 1068.000000	29.9865615293152814	118.2167823248919944
 1069.000000	27.7675126625840676	67.4227065834948291
 1070.000000	31.0330877990587197	95.4870959731867259
 1071.000000	28.0279513086723995	138.1985857110338429
 1072.000000	28.2477875343854947	91.8490019565641234
 1073.000000	29.2290367862699263	115.1074474958505647
 1074.000000	30.4987584061380872	115.4940368805548019
 1075.000000	27.1112278475238995	162.3814641219358919
 1076.000000	30.7185716767203765	70.2894440895778132
 1077.000000	30.8581274817502020	135.8965511644643698
 1078.000000	29.0238320481441541	72.6564295020973532
 1079.000000	29.3906530731438700	112.6397082801185974
 1080.000000	29.3617051319710534	126.9609817590193757
 1081.000000	24.8917714819654350	124.3273845640803472
 1082.000000	28.1791319672049596	170.2791324528604946
 1083.000000	27.5503232905155215	75.9010705246259079
 1084.000000	26.5211189626111228	101.1144248567822501
 1085.000000	25.5118155095784616	90.1597500736164790
 1086.000000	25.1805351556889256	101.2513302032779876
 1087.000000	25.2557780621459926	77.3371147079224528
 1088.000000	23.7773434729164634	135.6545205332537591
 1089.000000	25.0729593704729190	121.0812711552006533
 1090.000000	23.0251456543538744	110.4077838274612020
 1091.000000	22.7432618521956762	80.5920066640000812
 1092.000000	24.2963032724172585	155.6324650333454542
 1093.000000	24.4239048512474390	133.4827297813660607
 1094.000000	23.3563299415771191	129.4098318839200488
 1095.000000	28.9317574418054129	129.4185169921378247
 1096.000000	25.3013709798315212	139.6633980192650029
 1097.000000	24.7210908073653002	104.1143861504266965
 1098.000000	30.3062532343446840	156.3337836526366971
 1099.000000	20.6006930512542539	91.5681990251121789
 1100.000000	20.0847115543369057	30.5009041985321687
 1101.000000	21.8296283800510125	54.3752137889671303
 1102.000000	24.5947043091783435	71.6081363420443466
 1103.000000	22.2563184562106073	133.6200065437036528
 1104.000000	23.1513934317000469	169.2363685717839701
 1105.000000	22.6813808303371900	91.8609135880075911
 1106.000000	21.0293085547468976	156.8965321266777835
 1107.000000	21.6494797990326973	78.5747431090068744
 1108.000000	26.9572991593660944	112.9809114126012872
 1109.000000	28.1219194142385440	129.4218259669013946
 1110.000000	26.9835651062630326	115.4557856134443767
 1111.000000	22.5216252930576957	22.7900271038812434
 1112.000000	23.9732572854499217	137.4058685437556733
 1113.000000	26.8623862304250700	96.5491034564835928
 1114.000000	22.6583662714339091	20.0088820259950637
 1115.000000	25.5325496904918552	65.4141444249863753
 1116.000000	27.6238858516271115	100.1822801178565783
 1117.000000	23.8921775155437111	71.8236934844447177
 1118.000000	23.5985219405485758	103.6274427445873130
 1119.000000	23.3293021243884162	49.4359572881214433
 1120.000000	22.6781542658748378	161.7389012190833171
 1121.000000	26.4784169798568527	129.6717172461661391
 1122.000000	23.4227652951732814	94.7695357370157723
 1123.000000	22.3213092384941270	47.4599174282469107
 1124.000000	23.2890969643061823	77.4892510549461662
 1125.000000	21.1265895814843532	155.2172955148432436
 1126.000000	20.7836291617629101	89.7844159799862780
 1127.000000	20.1173549823252813	36.9498577524162499
 1128.000000	21.7425126175430776	117.6997595950891053
 1129.000000	21.1120601647783772	142.1129461396395754
 1130.000000	21.2795038947392356	119.6406895449094918
 1131.000000	21.8547191073018112	66.7104903323591145
 1132.000000	20.9759282574727557	145.1264098483702867
 1133.000000	21.2093399800324462	123.7936309985429233
 1134.000000	20.7965310137654953	75.1729683097429984
 1135.000000	22.0827527063794804	87.3971296247327274
 1136.000000	24.0686451187412764	119.4067156109725829
 1137.000000	25.1217340821658297	39.6677183418183290
 1138.000000	24.4128386343489510	133.9225118745084728
 1139.000000	27.6710455962876054	136.8297186338402582
 1140.000000	22.2086082487278844	95.6153077128825402
 1141.000000	22.6807007813175687	159.0629216004891191
 1142.000000	22.6203991143287872	122.5362154690114380
 1143.000000	26.3681559715684095	75.7627714022107739
 1144.000000	24.7774332002389102	59.2947644455910421
 1145.000000	23.5865374189410559	95.1582865743449702
 1146.000000	24.4288850663523185	87.9118906431958749
 1147.000000	24.7030875594872583	135.4966334396063132
 1148.000000	21.8651373364298038	49.4468066545136651
 1149.000000	23.8714699044974772	69.2842994416410107
 1150.000000	23.0919178372817271	72.6580666735650738
 1151.000000	22.6261171053713106	74.6266081976900040
 1152.000000	25.3709817482514026	91.2798944285592029
 1153.000000	24.9391724224836295	123.0106004390371908
 1154.000000	22.3214283746807496	60.6712980493471861
 1155.000000	22.6729520333908354	49.6114020163009286
 1156.000000	21.7806292517945437	37.6644875031819879
 1157.000000	22.0441234340012429	155.4395655907526077
 1158.000000	22.3173688638299481	146.6758872671688039
 1159.000000	26.2354981038068509	107.0940547470056856
 1160.000000	23.4154154907662253	26.0440815087371789
 1161.000000	25.5259745421413307	140.0266282336965844
 1162.000000	27.3289837478280724	150.7784800223622881
 1163.000000	30.2508152543404556	121.7520692051713525
 1164.000000	28.0328647596262535	95.0664474806182938
 1165.000000	25.5576558425949543	129.3401449722389884
 1166.000000	22.1103336849289676	69.1745643983813636
 1167.000000	22.5345151850025296	125.1184448497121764
 1168.000000	24.4300642712638343	65.9287317228021550
 1169.000000	23.7679218489513708	30.9058122381568410
 1170.000000	18.2344710880960577	64.0078830297384513
 1171.000000	20.7369222100070090	60.2196188221814594
 1172.000000	23.9406328507822792	109.8406413678643787
 1173.000000	26.1555949061506681	71.8864513476175091
 1174.000000	17.6241535920792316	149.2603990057125998
 1175.000000	20.9548022329418799	54.7467018077000489
 1176.000000	21.9336732027368662	87.7929499547413030
 1177.000000	26.9141007268958354	65.7451898610803482
 1178.000000	21.5314142153817052	85.6887987841200243
 1179.000000	22.5065897717130774	89.0972575271798348
 1180.000000	23.5632522360273242	54.7755879591250050
 1181.000000	22.1555809788234797	76.1632951421499058
 1182.000000	24.1856428747623440	151.2837038554530125
 1183.000000	25.9891421207231197	177.2412293559392253
 1184.000000	25.2613558743304480	75.1702410241736345
 1185.000000	20.7813655997654259	64.8874897696217232
 1186.000000	19.9672533044459506	152.1331960349287158
 1187.000000	16.4652243896522172	13.2501933876342832
 1188.000000	11.4624088634606611	105.9481177557662477
 1189.000000	14.1197190019671321	38.9227229537735298
 1190.000000	13.7529114046978904	97.4717332443904922
 1191.000000	14.4995491172159010	170.2972103708023610
 1192.000000	13.6671760458070715	63.7062735141596193
 1193.000000	16.3428095314850843	68.4813503495640958
 1194.000000	19.2292493308207604	108.0009968133497864
 1195.000000	22.1354467364987286	165.0283471699577547
 1196.000000	17.5341153935391318	94.7565393524794501
 1197.000000	20.0910080829720528	77.1573638030813953
 1198.000000	15.3437260860360514	62.8344111394853826
 1199.000000	18.2630734529795973	78.7879810716721494
 1200.000000	27.3788259987033413	92.9473482383156124
 1201.000000	28.2787493808417700	166.2321477605411815
 1202.000000	26.1423424213318825	62.8148665635575583
 1203.000000	24.2324024017193231	64.3848018513851201
 1204.000000	26.3641836376475744	42.5527982330622194
 1205.000000	30.7401935119405891	158.8345451747289871
 1206.000000	27.4302564741983907	131.6804354003545825
 1207.000000	32.2007832872607125	141.0246264832119891
 1208.000000	27.1278424782871141	70.7683287545439441
 1209.000000	23.1355339064037402	102.3993719714250688
 1210.000000	26.0902939988599059	73.1226341857595799
 1211.000000	20.7318046141732140	50.0318551494754900
 1212.000000	28.1754617269018155	93.0843268447008683
 1213.000000	25.5887726382235812	115.1101907859209064
 1214.000000	28.3941341973691479	133.4160338834139736
 1215.000000	29.4705236119935599	73.6429182058789848
 1216.000000	29.3741846488976286	153.0871608698772093
 1217.000000	30.3133654016255143	71.3047003371643768
 1218.000000	24.3772786202767051	55.4612455813982734
 1219.000000	28.0954765433106317	53.1570426891448164
 1220.000000	27.0236735931424477	81.6253234191347445
 1221.000000	29.1789554420046180	141.7262048408540522
 1222.000000	20.4077458680960824	147.2173305350184762
 1223.000000	24.0676870401919061	41.2433116203188774
 1224.000000	26.9569135909994877	22.1372713170705993
 1225.000000	27.9680056262216041	57.6706054170043814
 1226.000000	26.8328977047427628	59.2201965922101152
 1227.000000	25.8876294099183006	136.1992720527398717
 1228.000000	26.4914986210460626	77.2588758063852765
 1229.000000	26.9965426152501813	72.8309067507834840
 1230.000000	29.1643963774090409	120.5458670491819220
 1231.000000	25.6933289152623487	103.7500361349051303
 1232.000000	31.0253378550744259	81.0573415439680502
 1233.000000	28.6636808079894472	54.0346584049845973
 1234.000000	28.0631226207108639	65.9950957634817428
 1235.000000	29.1502922603471362	134.6268044367160428
 1236.000000	28.4351795207718752	111.7679898705511192
 1237.000000	30.1957177439367683	130.6249215333230040
 1238.000000	29.7505945249386095	133.6078466077002815
 1239.000000	29.5370738730885662	86.8494265702434234
 1240.000000	25.4721685787498373	9.2692739125481580
 1241.000000	29.9945272590692262	106.7836976062299357
 1242.000000	28.9805050126706192	73.7753800679692660
 1243.000000	27.2402968698594776	122.6072331478541173
 1244.000000	28.2778334676203436	52.4821430682724070
 1245.000000	28.5079945639624412	64.1172394267606478
 1246.000000	27.6060185221907552	13.8246624307975594
 1247.000000	31.2679639997715100	102.1183153701167896
 1248.000000	28.5384346423167550	91.0815087881209280
 1249.000000	29.1097014876791924	146.7899792622099824
 1250.000000	30.0633970502087777	146.4680342603977579
 1251.000000	26.8924842704926270	90.7813800629820804
 1252.000000	25.5676402246315035	75.2014858321820441
 1253.000000	30.6590643267406442	94.4442814914598472
 1254.000000	25.3901851750554215	164.5862247173920707
 1255.000000	29.7489112787246803	110.3001836069443442
 1256.000000	29.7274006330535023	117.4866322103122940
 1257.000000	28.4278910186123355	136.6183800814786196
 1258.000000	29.1604583458825317	50.3983338394383793
 1259.000000	26.5953674689501689	123.7605702158226677
 1260.000000	26.6794764967980811	139.5903861057672941
 1261.000000	23.3490600835467710	111.9385077917049216
 1262.000000	28.6696491238229463	79.5611468234350951
 1263.000000	32.5725823120404812	147.9676257062768627
 1264.000000	27.0699301191224428	113.5908120430278530
 1265.000000	27.2471012153960430	115.7271836245870986
 1266.000000	27.5320007415426851	31.4952210785613431
 1267.000000	22.8516217367930921	82.9551043455981443
 1268.000000	19.0001694037470301	122.2104618455092293
 1269.000000	25.8045554988076233	47.5673544182230899
 1270.000000	28.3093951017924681	122.2708118297043995
 1271.000000	29.1458184851422715	142.0252905334346849
 1272.000000	20.2241503561060121	72.7840643940975127
 1273.000000	27.8088843035797311	131.0442888298610455
 1274.000000	24.0157473013878615	66.7309959582563010
 1275.000000	19.6286566318202347	115.7267751181617683
 1276.000000	25.4305508449094120	106.9814116490095728
 1277.000000	18.1814592619447026	91.8723786042547630
 1278.000000	19.0661737776514286	100.4183617233202170
 1279.000000	19.1862291657010680	161.2613690317079715
 1280.000000	8.2892648382156917	72.4965812201189834
 1281.000000	14.1397201168065596	127.1213721773989960
 1282.000000	15.8787266670732166	67.8830885101613291
 1283.000000	22.2997137096527851	91.0443344127830443
 1284.000000	21.9773523918579912	96.5213049808011476
 1285.000000	20.7502350958292929	113.8823260594121081
 1286.000000	15.7985810072981341	133.9791080107442838
 1287.000000	19.9535743539049832	153.2749642353026047
 1288.000000	20.5988306842509523	141.5465784331329928
 1289.000000	14.8048754565533507	77.1414713683497979
 1290.000000	17.0742873712914367	63.7101324842561354
 1291.000000	15.3628022787128380	37.8379720397142307
 1292.000000	20.0497111434918764	160.9739868275945298
 1293.000000	19.8559734154999852	121.3544694289136316
 1294.000000	21.2661649828239838	152.0182915589649895
 1295.000000	18.4129229044301965	88.0261596233615933
 1296.000000	17.1350608033329692	136.4502557164589689
 1297.000000	14.1147193885236746	81.6625818405012041
 1298.000000	19.0765080253399759	15.8104827081693600
 1299.000000	17.5400689693601350	104.9550747267001185
 1300.000000	15.6455981765797674	154.2590272052296996
 1301.000000	22.2803986484611869	142.8003645120008116
 1302.000000	21.5343836381385465	80.5712164614946431
 1303.000000	14.9234868610679783	55.6554741588211925
 1304.000000	11.9002961129893894	93.1262908560873370
 1305.000000	12.3614555997884779	110.2250967507139734
 1306.000000	12.7198584609575800	157.5940569714631465
 1307.000000	22.9464684602867948	90.4565205371137040
 1308.000000	24.6087228415508399	105.6962996867781897
 1309.000000	23.8972184594178501	125.0838529207728129
 1310.000000	18.3184141899523780	157.1408689387557160
 1311.000000	15.7145839388164923	120.8971042557971884
 1312.000000	20.9004260488531877	137.7137226321167986
 1313.000000	22.0362624459762699	81.8424344877720671
 1314.000000	21.7286298513341940	91.3453068262545713
 1315.000000	21.5874317573671881	79.9437274271863316
 1316.000000	14.4815899879760916	70.2347135749513853
 1317.000000	13.2961111199961994	98.5307304150507548
 1318.000000	17.2025656737566486	114.4933578240355985
 1319.000000	14.7024448039892466	71.5582963705501669
 1320.000000	8.3806995892492591	42.2279047886624426
 1321.000000	21.9053203270220465	45.5308601231720331
 1322.000000	11.6673638604372982	1.6320130917845290
 1323.000000	24.2086169228370167	120.7251355124498104
 1324.000000	16.2460874482856390	66.1936446256731443
 1325.000000	15.3085037557869921	143.4822643995830163
 1326.000000	11.9679601413171177	101.3646658431571268
 1327.000000	4.7292779136205452	134.5720371739104735
 1328.000000	8.7703658733967220	161.5953977566236972
 1329.000000	12.2764310648846351	76.9562346666260169
 1330.000000	23.4070859549169761	98.9411912171920847
 1331.000000	17.7432596770900659	92.9437701768714959
 1332.000000	5.8301908157348628	36.6590387734647152
 1333.000000	10.7553723724186536	30.7244128660190370
 1334.000000	17.2415106457714380	110.9636444631371006
 1335.000000	16.3412873117777977	70.8922410630459012
 1336.000000	15.9000821545945605	131.1873666224205408
 1337.000000	14.8224766063603113	125.2692872299499243
 1338.000000	17.9012539562936652	155.5505371169102773
 1339.000000	15.3480225864378657	70.0510472664555692
 1340.000000	21.9486493858669824	163.7021777548682735
 1341.000000	22.0074569123936925	113.2408362547752887
 1342.000000	12.9354257964452586	103.7684335422174939
 1343.000000	12.7007063385509209	118.7228755081603424
 1344.000000	10.2103290931939323	105.0471556166765339
 1345.000000	12.8116563262413887	139.9472108151603322
 1346.000000	4.0614949036780121	106.6543060077130320
 1347.000000	7.3591331339041970	53.4820068544113667
 1348.000000	12.0609150080885072	88.4613506924713846
 1349.000000	15.3783875061746329	82.0159631598534844
 1350.000000	8.4539051069472233	159.9990161409864413
 1351.000000	7.6757116111410024	134.3561058897262797
 1352.000000	11.1286248823842175	77.3353550561849232
 1353.000000	2.6267650975100514	32.9431326577242487
 1354.000000	12.4316217881728299	79.1019067919633017
 1355.000000	14.1705849205561059	74.7462272198581985
 1356.000000	4.8928229215459513	92.7164332449441417
 1357.000000	6.6645046161859778	135.5538008963200696
 1358.000000	2.6959724944767771	127.1877514043589485
 1359.000000	5.6673746000395786	150.1473789708240361
 1360.000000	6.9076739452374865	95.8898929441801329
 1361.000000	6.9365505106157457	112.2424561822578681
 1362.000000	5.7734834177531820	83.0544420790131710
 1363.000000	9.7426438317779862	83.1303172657465979
 1364.000000	5.5350878810735260	134.3489717414073539
 1365.000000	10.1874496599685447	78.3450170609220464
 1366.000000	9.1203205504083034	38.9702023242190307
 1367.000000	4.6869274137875037	27.7442473572548636
 1368.000000	9.3198949725166411	54.7417001240761891
 1369.000000	9.1643062556554362	140.5226814331496143
 1370.000000	6.4840152205449009	66.1182240868286470
 1371.000000	10.9025420921689182	93.5366215515837922
 1372.000000	10.9969299796618607	158.9410961286272652
 1373.000000	14.0264025473486349	107.2822429406451050
 1374.000000	12.9185034951876929	161.3921341232627071
 1375.000000	2.5393823508579669	142.5479179012314148
 1376.000000	12.6792669909864397	89.7589740052451077
 1377.000000	8.2395505381674958	22.4091480887951207
 1378.000000	12.0284347125561535	100.8868764270931138
 1379.000000	5.5888986578592847	135.9339231654650177
 1380.000000	10.8513060516244053	52.4208684732145258
 1381.000000	8.6187920906447140	102.3038024671841129
 1382.000000	7.1741646000994654	25.4229948841436340
 1383.000000	2.9338013540652756	122.1486262721918195
 1384.000000	7.0989409126005736	98.2860769046051956
 1385.000000	5.7592054665852634	104.9016584610702125
 1386.000000	9.9479161111549619	116.8857751271945062
 1387.000000	10.4581954180991570	118.4618921788069201
 1388.000000	9.2515527939294362	31.6314169740705609
 1389.000000	12.1117530355495617	127.8861987178386812
 1390.000000	3.1033713050247429	150.1680607553388427
 1391.000000	11.8587083276726215	112.2930332358445753
 1392.000000	7.3236040074284681	40.2803732703298749
 1393.000000	9.2763887639900222	142.2214636292672481
 1394.000000	6.9024123882452653	58.4724191582222943
 1395.000000	9.0300751488698197	111.6795536012533319
 1396.000000	10.2943102424104023	113.7847955524408547
 1397.000000	7.3953618492628239	30.0152324247645197
 1398.000000	8.4700663187509733	90.2896958430488468
 1399.000000	4.9324283907605544	136.8440131955390484
 1400.000000	5.2088852759053026	119.8526596578177958
 1401.000000	13.5307300535675559	163.7395190675974561
 1402.000000	9.6869927342654059	106.8718510686353227
 1403.000000	10.6223355400835615	86.0471725803221403
 1404.000000	9.2191748128096798	133.7750218148210024
 1405.000000	9.0126483573462455	130.1649297566348764
 1406.000000	18.0664172064085058	49.8601953202115737
 1407.000000	9.5557538451972821	144.6584211646615756
 1408.000000	2.6950227152495931	133.7978894232515472
 1409.000000	8.7353416469739358	105.6721326356425692
 1410.000000	8.6836578004872269	83.7413846418966443
 1411.000000	7.2437442980354492	90.4811214606507690
 1412.000000	9.9218542465118080	30.2540841174698301
 1413.000000	10.0730486473036418	82.6949417034561378
 1414.000000	7.7338788967063303	118.4865171315507553
 1415.000000	8.2212566298440635	65.5313731897063576
 1416.000000	13.8132838702141996	69.4517521426410696
 1417.000000	13.8244868887625643	141.3530122378705300
 1418.000000	15.4780554733266111	71.8065165069944129
 1419.000000	21.4026923057806435	77.4220928465936282
 1420.000000	24.4069997055740266	34.8731785950547817
 1421.000000	23.9725805354504011	62.1321823338623460
 1422.000000	20.4410719701357806	35.3769556689635181
 1423.000000	25.5623928235268068	132.8994416972752788
 1424.000000	22.1007362609067641	123.0132209122194666
 1425.000000	24.9534438303381592	102.7705213798719939
 1426.000000	26.7462856945077228	134.5437076346490244
 1427.000000	25.8978063947013197	106.7785966999922209
 1428.000000	23.2634885610379065	106.6128028964661212
 1429.000000	21.8516491192739295	120.3014331845580642
 1430.000000	24.0058800791126004	65.5276001887998660
 1431.000000	21.8766735736239575	136.7161658122238350
 1432.000000	17.1825103546436111	99.6369358536029779
 1433.000000	15.0771143325048715	73.3866459475425046
 1434.000000	14.9412676122324104	79.0308457152964650
 1435.000000	16.1928984253120625	113.8917370013513732
 1436.000000	9.3353431746922659	138.4076387058630075
 1437.000000	12.2988617644550988	42.2084386829966718
 1438.000000	12.1709218820227925	60.9607474284090074
 1439.000000	15.3853499686027995	44.2105113843901734
 1440.000000	15.8162904518169665	80.7145623154260790
 1441.000000	17.6354755653572752	89.9237492126376452
 1442.000000	19.3147359203572044	134.7263419138410825
 1443.000000	16.2200118239606397	51.7348057111456399
 1444.000000	18.5190003758072876	132.6865632205278587
 1445.000000	8.9361323662226120	52.6913756051395552
 1446.000000	16.6234226439674302	39.7331737438686332
 1447.000000	13.2296679954318002	66.8457940848465881
 1448.000000	11.0512004268302704	96.2054910540501140
 1449.000000	13.3420765097112959	106.5795853547685965
 1450.000000	11.5551639637031816	66.6192254674392785
 1451.000000	6.8734874811383708	104.8901631982924698
 1452.000000	8.0010671726545848	126.4505844681319644
 1453.000000	6.4324228424005598	100.3270099305202478
 1454.000000	13.5514893229025812	115.5583775494996104
 1455.000000	14.5216456318800411	121.6436319670155370
 1456.000000	12.7145417309295876	105.8402164337446152
 1457.000000	15.4184901843198112	85.7422196688123535
 1458.000000	14.5516526476126185	114.5865653669972204
 1459.000000	17.0360647641940659	112.2688620111812128
 1460.000000	16.0949535535404387	102.2412788784961180
 1461.000000	15.2679639064847148	87.0431260100507416
 1462.000000	17.3018784695677148	80.3339746646550736
 1463.000000	17.1272260189829701	66.4452841530952014
 1464.000000	12.7262915017439404	61.3639357492260729
 1465.000000	16.3548012661150999	45.9592211197494294
 1466.000000	17.1977819647812069	106.7666204890183081
 1467.000000	16.8699207237064464	164.0850224856944521
 1468.000000	12.9152659470117879	94.6519777587165976
 1469.000000	15.3274163502872280	103.4874406539162521
 1470.000000	15.1952886113101080	80.1779651947155827
 1471.000000	15.0490508058509924	164.6853362350539953
 1472.000000	14.3519018215065444	151.8785160699892174
 1473.000000	18.2436806557724793	165.7110621150044949
 1474.000000	17.5000817276235949	163.0967012179478104
 1475.000000	18.2048997076816867	149.4466953527905275
 1476.000000	16.2839826692263543	54.3491399032262166
 1477.000000	21.2376254910962246	74.6512903467819058
 1478.000000	12.4201773546927488	54.7749800625059464
 1479.000000	15.0245822067764472	48.9947917560080839
 1480.000000	23.9857659271846124	117.0156967488483417
 1481.000000	15.7573460295768033	96.9248888183094266
 1482.000000	15.5605192006379980	51.1447019104054164
 1483.000000	15.3798154929964301	55.3005825240966686
 1484.000000	15.4773215914909166	80.5163999892540403
 1485.000000	14.3567464540283289	118.4037145805279891
 1486.000000	16.1477872670567564	91.9712000798023865
 1487.000000	16.2610908272579557	91.3005438124004627
 1488.000000	15.9823883773158038	147.1770794846611921
 1489.000000	17.0191588296417642	99.2328519585725388
 1490.000000	20.3465592327000628	33.5470763654368227
 1491.000000	13.7689453849454679	146.4092092158296623
 1492.000000	19.7957502445599189	88.4605450096068182
 1493.000000	16.9935637502003480	138.3098932588578123
 1494.000000	21.0494207012786170	106.4875844546646277
 1495.000000	15.5617897117817989	147.3514695063944657
 1496.000000	15.0258189173611125	97.8610728065471847
 1497.000000	21.0009602132197948	108.3141838157985717
 1498.000000	22.1999010762607121	81.5275037975621188
 1499.000000	25.3440503631626086	121.9993528540902190
