 0.000000	16.1482925547687266	121.8234612829221817
 1.000000	10.2312566624074854	61.4073828059370896
 2.000000	9.8285536020516684	109.8756322211141878
 3.000000	11.4439748070748415	120.4427699062743500
 4.000000	15.2390394492661674	103.2378795685132076
 5.000000	16.3920620388314262	70.2430127531548578
 6.000000	16.8953050559853644	69.0346666784882075
 7.000000	13.4168828731586611	105.5667494543827729
 8.000000	16.7013461712253601	151.5623398337008325
 9.000000	17.1719992481683441	92.8923968886806506
 10.000000	20.1124632550203870	86.6034504617233125
 11.000000	16.7252965998502958	48.9718805033995181
 12.000000	10.2613290706298077	102.7310928306159354
 13.000000	12.7641633701901114	54.0095494813841555
 14.000000	13.6362659931873988	64.7589979281449786
 15.000000	10.7747518717226800	72.7891051943384326
 16.000000	15.0812381020930459	115.6671093256182274
 17.000000	15.4632765741286526	130.2578533085924732
 18.000000	13.7316048613317072	41.8185981410562704
 19.000000	18.7802564746148377	154.6276302125210691
 20.000000	15.3575993123771095	119.1440409085430190
 21.000000	15.7408248884674613	98.1022777572949281
 22.000000	17.4503494320142494	137.4178008779541642
 23.000000	19.1294867775836543	95.7168452251819133
 24.000000	18.9213825809651830	114.9474251163152871
 25.000000	14.9344266762828113	22.9192720604806937
 26.000000	17.4683534381538728	78.5446950281665011
 27.000000	14.1777653913530770	86.8009188535633456
 28.000000	13.6031699588450365	33.4543036615570770
 29.000000	16.6666345093898158	111.6288451214937112
 30.000000	18.2131730394215516	76.8833927053325112
 31.000000	18.3745523307310066	72.6416867707217477
 32.000000	18.5686229444122652	146.2011093777377937
 33.000000	16.7209789635280650	92.2171886774695366
 34.000000	17.0276033870488597	139.5283934085734927
 35.000000	15.8064213147904766	48.4755332456893200
 36.000000	15.1962093040625277	113.3124187223037893
 37.000000	18.0668202898166044	100.8661246217573932
 38.000000	12.5197035151486080	126.7142645263481597
 39.000000	13.9704109044293556	138.6609313978209457
 40.000000	17.5109904318942355	147.7842218690399250
 41.000000	19.1508938135390459	99.5046203265091975
 42.000000	19.0303768053676237	117.2794231955445525
 43.000000	17.7389010287944870	89.4302142001548930
 44.000000	18.2623485398187704	61.7624152270566498
 45.000000	15.2776498986313243	112.6015430950467788
 46.000000	19.0935826827236355	170.4655372690603201
 47.000000	16.3722303591911924	88.9798551562447813
 48.000000	18.2532600337262423	58.7894156189111499
 49.000000	15.7119697995853951	138.0902284000425482
 50.000000	13.7624272968814712	14.9165606223056955
 51.000000	19.4875735293575332	103.3251587953265727
 52.000000	18.7291271783854150	76.2090618685543717
 53.000000	15.6815610583790459	91.4468324064472853
 54.000000	18.9025609303937436	118.5452030351717525
 55.000000	16.7123703609272489	130.4740897899151264
 56.000000	13.1357340181573967	93.1088728574495974
 57.000000	16.7592633088296559	87.5001271879604730
 58.000000	14.4878854477809451	108.8525903346216097
 59.000000	11.2495866645242568	103.5561001346980845
 60.000000	15.5385839461580701	107.6916946958933465
 61.000000	15.9770133459540631	150.6389329612794654
 62.000000	17.9999864055436412	80.9891830366369163
 63.000000	16.0663725935614501	90.8462671815492371
 64.000000	15.5727836242488404	61.4388634635400734
 65.000000	15.1402793469410959	80.0060635936404907
 66.000000	15.4203167926626339	159.4768145118731297
 67.000000	16.9913236770121401	83.4896041190785780
 68.000000	14.1395017715782600	159.0455075886199552
 69.000000	15.9153603975452516	103.2939916419839506
 70.000000	14.4692895574072455	144.5431858585107818
 71.000000	17.3518891661822252	131.2114278509915266
 72.000000	16.9347262255651785	70.2615320081237229
 73.000000	16.9591545463450331	133.1406962240639587
 74.000000	17.1314702378054378	104.4801614270172223
 75.000000	11.2251572352784876	73.7376744736575347
 76.000000	12.7968472300665734	137.5653104060589840
 77.000000	7.2282270108693210	83.2343354050729971
 78.000000	7.4532642371452571	61.7954132290544891
 79.000000	7.4365729528203035	136.3341482651271406
 80.000000	11.6202319722514513	105.9698896506443617
 81.000000	13.6795412663589424	32.8283125904621613
 82.000000	14.4690167777454803	61.2063051282852086
 83.000000	20.1558775895386439	72.7580971533154610
 84.000000	11.8638615202767053	68.7398184480573491
 85.000000	7.5798137699335184	89.2323866768695098
 86.000000	10.1387484214829353	85.0676449235256911
 87.000000	20.3954904792017118	117.2928109756076651
 88.000000	17.5298371729883691	130.4964976226492581
 89.000000	22.1519052432532426	102.1763440905649674
 90.000000	15.9746031256922159	68.5869809129533650
 91.000000	15.2368733581438693	97.2295150799218106
 92.000000	13.0762844607814106	120.0808967107659129
 93.000000	14.6673485898823976	101.7328241536400242
 94.000000	14.3597518754933873	29.5065252037177288
 95.000000	9.3265135232459677	98.4042964619241189
 96.000000	14.7572716716958610	65.7388982392825483
 97.000000	13.8237055083751912	68.1772549438542086
 98.000000	15.3136830376698612	58.5787369478547220
 99.000000	15.3716071528394433	32.6575297891414777
 100.000000	13.0724969600299996	64.9185264489865972
 101.000000	6.0939723613194454	62.0831092433418377
 102.000000	6.8439217060876212	53.0734672937953746
 103.000000	8.9919371269499315	30.0958213760311537
 104.000000	18.0423630447200409	74.4399817971946618
 105.000000	13.1122701538238218	120.7244849562956688
 106.000000	11.3190852262474770	171.0596017113424523
 107.000000	15.5099740143546008	80.6973719422087044
 108.000000	10.7850056559620828	88.1049450501767382
 109.000000	7.7134497345007809	166.8528903348282029
 110.000000	16.0332645159903429	108.1667520431881684
 111.000000	14.2935331865090678	86.8737562953767082
 112.000000	11.8077904213086970	80.5204592243739654
 113.000000	8.7371924746730407	85.2521344056056165
 114.000000	8.8355271922356557	96.8802890595885060
 115.000000	11.6288443354970035	105.6748827632082737
 116.000000	13.5052371437427734	103.9248909658543454
 117.000000	11.4247852769582376	160.7715732295960720
 118.000000	16.3198452657718640	105.7737124686707801
 119.000000	19.2324388344207762	158.9867878727853281
 120.000000	19.1774218207200349	69.9065107996509170
 121.000000	13.4806515885466123	46.5961898874123222
 122.000000	18.0260411050133413	125.7945069298024805
 123.000000	7.5115493650007190	136.3661330469254551
 124.000000	17.9410944810100936	99.9344723060440856
 125.000000	9.9930760799793283	44.2385056134037598
 126.000000	11.7578991590972723	62.2684440083668136
 127.000000	15.0901681587979226	78.8364830703492601
 128.000000	12.0506112721600882	40.5546492676268713
 129.000000	13.4969488784947096	94.1925242294416307
 130.000000	11.8513951516592222	56.0915509606687976
 131.000000	12.4438640083898751	83.6509260591097075
 132.000000	10.1209292264548214	159.1652909949029322
 133.000000	11.7239159058008404	142.4226040949024252
 134.000000	16.0773461991930233	92.3683344199480132
 135.000000	15.5784235778759754	165.8849404202859148
 136.000000	16.2978316809929105	82.6113074646088421
 137.000000	16.2319008577755284	151.8010076967384805
 138.000000	11.5164477535831171	32.3066681528826507
 139.000000	11.3553269441890077	162.0395867166216135
 140.000000	17.5700648313363637	129.7234731231336298
 141.000000	15.7608626776886158	90.2739165239419208
 142.000000	18.7025865492678136	99.3782150737894767
 143.000000	14.1059444074191784	70.5225715125346397
 144.000000	16.9722862343534295	139.9093116843433791
 145.000000	15.7923209625763210	79.9142597672981196
 146.000000	14.7909030716201393	107.4052487752721561
 147.000000	16.1503196723155931	49.2716629006123981
 148.000000	16.5816413932658477	72.1649644198417235
 149.000000	18.1832258932111799	121.1588114242209144
 150.000000	6.5676183992458705	157.5145417352411243
 151.000000	15.5580312945747998	122.4666660828891054
 152.000000	15.4891923057228258	84.8584055201968397
 153.000000	11.9444743938390143	73.5024085927807249
 154.000000	15.8452257147541982	99.7158399459285647
 155.000000	13.7133981620482128	107.5100884587876635
 156.000000	12.0846173063591902	141.1303129838064763
 157.000000	13.2859405528828578	119.0566443155688887
 158.000000	12.3236671192808966	113.1022466423629851
 159.000000	14.9896568635221197	28.5824253635696266
 160.000000	17.1738480957257984	65.2030578366731675
 161.000000	15.4584190205698810	54.3471249186235781
 162.000000	14.0531584678668100	99.5251089203201360
 163.000000	16.1792797181676882	80.2911891814810446
 164.000000	12.9514465480353262	70.3380983111298548
 165.000000	14.6323389887674793	169.1153714746266701
 166.000000	11.6700195281175958	128.0093057162264643
 167.000000	9.9425048674830503	88.1240722344127363
 168.000000	16.7720961990268016	120.6288288615276230
 169.000000	14.2055440585889237	98.0691190556734256
 170.000000	15.5545887813053998	120.2383657982886689
 171.000000	14.2952171254535543	142.0215894602665401
 172.000000	16.6555492127549556	147.9899041153294093
 173.000000	16.8396168165598432	114.1036964862648944
 174.000000	15.3314073758793388	83.2970597356424776
 175.000000	10.7974895762459777	77.1151748821222469
 176.000000	19.6217864865989959	40.5545389230558726
 177.000000	20.1129648037934921	87.7986748714195642
 178.000000	17.3316201678897244	32.2749136216316685
 179.000000	17.3805041180964572	154.0821720005579891
 180.000000	19.2037019953029997	128.9610897917532952
 181.000000	17.6618680125045486	106.5076932310483642
 182.000000	15.7728059569869998	156.4715650205374118
 183.000000	16.5732968330253598	130.2000731269934590
 184.000000	18.6799704340675241	65.1735033368492651
 185.000000	16.4057198323901439	97.0215162840637362
 186.000000	13.2045211395036226	25.6040598029091768
 187.000000	15.8592239102176702	4.6888567077664902
 188.000000	14.1632880525668625	85.8396524719000098
 189.000000	15.2214702848180305	139.5142855323643971
 190.000000	16.8505138746245038	105.7005146283041057
 191.000000	15.7934803868912503	165.4287679705033156
 192.000000	13.1142925531700474	144.4747256199481740
 193.000000	18.0077835728677975	98.2829780373936899
 194.000000	17.7052239108819265	132.6714850821714435
 195.000000	18.4129575880421470	74.5296860448678586
 196.000000	17.1342011795854141	130.9696976838579303
 197.000000	13.6141919024706972	88.4331290438389175
 198.000000	17.7548282743278314	82.0146503238295992
 199.000000	16.3554934804193763	130.0553337440807979
 200.000000	17.9262207267034341	142.8048906742911299
 201.000000	13.2734052712829396	78.2875216025174439
 202.000000	16.5078517390804684	142.7584940717501070
 203.000000	10.9879109568539270	82.1951746910031602
 204.000000	17.0187293992803248	65.0552260632319701
 205.000000	11.1741784806110136	72.1792811816803521
 206.000000	17.8474163512076380	85.8825296443733208
 207.000000	13.2764943933991066	35.0847645786636519
 208.000000	15.1329731959022347	143.5414066598393674
 209.000000	10.7108719787414000	148.4604171842664471
 210.000000	16.0389349978949234	73.8849938752477868
 211.000000	11.4448846583552264	74.9226203580801382
 212.000000	9.4892128548165218	159.4012827019326153
 213.000000	9.9295844731377230	97.2826270422382038
 214.000000	11.9336851413867198	124.6935292537727378
 215.000000	7.5812198278294582	132.8940087317131429
 216.000000	3.0649303035692284	85.3762356978746340
 217.000000	7.5122111854032374	74.5835499933787247
 218.000000	10.0082604195998872	139.2149761236400991
 219.000000	11.3094560461393083	106.2160002192249095
 220.000000	13.3552409803818968	141.4883621046836026
 221.000000	10.2635134237967645	99.8815586239102942
 222.000000	15.8183891667504604	101.0458106412081634
 223.000000	15.9051715653362233	147.3863166429179046
 224.000000	14.9045076208593432	98.3781758605313996
 225.000000	18.3001050885214482	96.4758112106887467
 226.000000	16.4159151866877018	171.0433286024506003
 227.000000	16.8595547596633466	75.8221668496169769
 228.000000	18.2735603846461032	68.7400357074325257
 229.000000	16.5651758605656063	35.6120564235658321
 230.000000	16.4339632023339455	144.9215483971277081
 231.000000	16.8807691025911772	109.6137718110858401
 232.000000	17.6122876556295864	91.6232692879381290
 233.000000	17.6303777842051304	118.6936863042767811
 234.000000	16.8211013939225076	72.7222622641965160
 235.000000	16.5388465778822251	130.3113648454377369
 236.000000	15.8800456394120957	116.4361043792376620
 237.000000	17.1298041015513647	136.7062461109903495
 238.000000	13.6547977861878405	48.5823340099231302
 239.000000	15.2291001537300410	76.9697705587578866
 240.000000	15.5253363253014172	152.6676326148782152
 241.000000	17.4610259309609432	140.0193740880617668
 242.000000	17.4974205613277434	95.0863415805187771
 243.000000	16.0347442890628535	161.8158869189667541
 244.000000	10.9065261930130308	106.9561624652551188
 245.000000	13.6975735499608557	165.2627075321260008
 246.000000	12.2057986863959052	93.6356446836653618
 247.000000	16.1419016947556742	69.2559610140585420
 248.000000	18.1505139384815344	157.0793382916167218
 249.000000	14.4333309864145356	35.5931232835907849
 250.000000	17.0301827087595399	135.7587034092132967
 251.000000	15.9650975867961140	92.8979332981081996
 252.000000	17.1937633039901741	161.6860838478637845
 253.000000	16.5787760075125519	124.1975905363865138
 254.000000	18.5975845408668903	83.6787664884976579
 255.000000	16.5906694517714079	107.7055002052410657
 256.000000	16.2773754423753871	132.0663093203484380
 257.000000	14.2411331407693549	60.5287548698176749
 258.000000	14.3284620069586488	64.0213238646737608
 259.000000	12.9909009394359707	71.2596995298182634
 260.000000	11.0701752426809996	62.7646308339687948
 261.000000	9.7517733586409037	77.7169922289307635
 262.000000	4.8958658347943187	14.4167686030246784
 263.000000	5.9296717370217618	123.7572659203389946
 264.000000	10.0706721926060379	154.6878168339798663
 265.000000	11.6678390370909266	108.6808829624942234
 266.000000	13.8117221083266486	164.6320622956540944
 267.000000	14.5669776922206058	117.2715914186299813
 268.000000	11.8346351202815612	67.5159962520471453
 269.000000	14.5976393360449155	77.7224944547746475
 270.000000	18.5495279396878274	49.2866642613722377
 271.000000	17.9008603041406644	103.9943604606765035
 272.000000	15.6497571658134333	60.9616376990055784
 273.000000	18.2202088061084666	93.8156984031500514
 274.000000	17.2566834930944033	89.2030975526445360
 275.000000	13.3848183332450876	75.4225733671065939
 276.000000	11.2797789711222620	132.7151697233190362
 277.000000	10.3547530552257037	71.6480148808517470
 278.000000	10.5471894154537900	85.5320078729695439
 279.000000	19.7007183266133801	129.4051293041664223
 280.000000	18.2032884650739817	100.0196516302664236
 281.000000	18.2762665341673838	103.0208932718157087
 282.000000	17.0720496387321532	153.8280317182106955
 283.000000	18.7287458979766619	85.9790271483714434
 284.000000	15.5878016836020024	150.6135890917490201
 285.000000	16.3112735492747980	77.3416002919954479
 286.000000	11.3834949747558625	110.1304223133783182
 287.000000	15.9422991195358303	53.9731052801381566
 288.000000	14.3490126553052821	92.7670554042050242
 289.000000	18.9891501612096043	153.9584660618994008
 290.000000	18.6820766245095236	60.1725380847137501
 291.000000	23.1417390163967092	116.5855653492065045
 292.000000	11.4968177528648834	58.5093778662321569
 293.000000	13.8306301490176189	100.3855588712999634
 294.000000	14.1032099379338973	172.3056992512045440
 295.000000	14.1904914763037500	83.3608164939310825
 296.000000	15.7354655837601154	155.3684351761613129
 297.000000	16.9384597414179616	100.5146732823775579
 298.000000	16.0448353050775410	152.2700396141502779
 299.000000	17.8015771097585329	133.9141110642160584
 300.000000	17.6766334521333448	147.5336641363829244
 301.000000	11.6000260276714826	50.0213743691171544
 302.000000	18.8571991322067376	33.4518494428180588
 303.000000	18.8503158117443483	99.0696220565280896
 304.000000	14.0416821055001897	113.2940916516317316
 305.000000	14.0509986019596091	76.1542797072856104
 306.000000	17.6513907114316275	58.3115095531648677
 307.000000	13.6778862687542322	37.9918781097988187
 308.000000	13.3206662060299053	82.9526684168916830
 309.000000	18.8006907703333184	159.6690399559217894
 310.000000	17.9397459020117118	104.5507560424753706
 311.000000	15.4478983351202093	129.1998043578972215
 312.000000	15.0398826631002329	113.7997558651445758
 313.000000	13.5685744898979035	78.9253856436061909
 314.000000	14.4212222767226592	99.2141608143791132
 315.000000	15.4989574809700539	82.5587838096495545
 316.000000	10.7063052059881212	106.6420962365325664
 317.000000	13.5825461485858163	99.9942746670469660
 318.000000	16.9356837741342154	62.4205091890469390
 319.000000	16.0886471846825856	88.7445404773915527
 320.000000	16.5709747683915403	95.1064163349670935
 321.000000	14.9938074692340049	139.2619730461605059
 322.000000	13.2842703907257196	22.0465446705760257
 323.000000	16.9091935003033313	112.9869418197117454
 324.000000	13.3314866889162893	39.0458253804655158
 325.000000	17.4102750401762307	6.8956866609530039
 326.000000	13.5383635832081115	97.0858510227755147
 327.000000	14.5380291160113622	73.0757682544982003
 328.000000	10.1442663135185533	88.4564060129361707
 329.000000	16.0751085255689965	154.7690189860014414
 330.000000	8.2242882938461026	70.5040938993825392
 331.000000	13.2687725587391387	68.9226472479914776
 332.000000	14.3525562350651246	20.7126619201726498
 333.000000	14.2245326237609504	25.9036061726243645
 334.000000	10.3836496519917052	143.1845997779109894
 335.000000	10.4205617367969250	77.9589882110682595
 336.000000	10.5341648807134138	147.9718443637036671
 337.000000	5.3776487507473103	116.5934717567805876
 338.000000	3.9851232539128660	143.4217609982527506
 339.000000	11.9125020526796028	85.2877762754703781
 340.000000	14.1048663628320909	117.5244305540983305
 341.000000	9.4467165049727608	147.1890654871224058
 342.000000	15.3248042948081817	145.5738189492800245
 343.000000	9.7733744212931981	75.6163970475108158
 344.000000	14.6253453043722761	62.1494589250552707
 345.000000	15.9666958466163553	61.3032490746838334
 346.000000	16.8562531790511194	114.4834534905839831
 347.000000	15.4499819906493094	111.6418641911934486
 348.000000	7.7698666568643349	119.9117930504126974
 349.000000	14.6467247595246164	115.5216646114442369
 350.000000	10.2574244143813917	69.0981087768863205
 351.000000	17.3899594747234687	58.9666401168479268
 352.000000	7.4407056878348738	158.0243087118173264
 353.000000	6.8078217628032576	60.7237040004918782
 354.000000	7.2400236742847985	85.0511670270779518
 355.000000	13.5831565248072650	112.8584560768045293
 356.000000	8.9687846670223053	42.8429474618065456
 357.000000	15.8743985295694845	152.0220396834807275
 358.000000	15.7529733078221401	69.3568844470754584
 359.000000	13.5143871133312832	78.7314302763114711
 360.000000	13.0841786743685695	84.8444845001125572
 361.000000	10.6869529905731167	47.0342789480068859
 362.000000	14.7574284289633777	61.4276494609389516
 363.000000	15.5109898950154079	73.3296980501375089
 364.000000	14.6512790665223278	64.7631738226716891
 365.000000	16.2966779831971280	146.9414206366255371
 366.000000	12.3742477896227410	75.9146449489078066
 367.000000	15.0077807557193896	71.1489432232194048
 368.000000	13.2046670873860386	157.8238401758364375
 369.000000	9.3827529769206564	140.9942679980913169
 370.000000	8.3234529836312898	76.6286567155247553
 371.000000	12.2354618267719815	57.4545793516250853
 372.000000	19.3421051728005580	52.7420547367910899
 373.000000	19.4086670422700855	87.0786062541699550
 374.000000	20.6276476755215121	130.4109566687891117
 375.000000	20.4183840565703427	100.5976300430646830
 376.000000	18.4751131521531953	93.1780044848797786
 377.000000	20.9404300421461400	100.3367037679342531
 378.000000	18.8300366295847503	112.1920981541673257
 379.000000	17.0769965477969308	62.1662289743207310
 380.000000	13.2150845654549212	85.5788488358652160
 381.000000	7.0784604200651335	95.2942583448947573
 382.000000	15.2516400491362099	137.1661269078154533
 383.000000	13.6084094191130927	85.1386550531180006
 384.000000	12.2796423233581500	42.9751350095919804
 385.000000	19.2105190523604215	42.5886018162848075
 386.000000	15.9760307586716124	73.9645610792538406
 387.000000	13.5412521163705257	102.4430259195990516
 388.000000	19.5950008478660145	148.4286209046944407
 389.000000	19.9521364486175230	69.4633731083995798
 390.000000	11.3740697314546697	25.7279878517675513
 391.000000	19.1561959457972328	117.5731373506243784
 392.000000	16.7631074304846166	74.4210752677911245
 393.000000	13.5302905797184305	50.2196314551200942
 394.000000	18.0081679356908104	157.5952448356793241
 395.000000	5.4008786652159495	116.7028863740129054
 396.000000	8.5069458489104921	17.1016980047469360
 397.000000	7.6015586086856208	40.7827675267963627
 398.000000	9.6523133300576553	117.1298947909056949
 399.000000	9.4218611024268988	157.6633376683891470
 400.000000	16.4947794781485158	121.8425812039827747
 401.000000	15.7062454421973214	125.1667061008089661
 402.000000	19.1043483044771421	163.3839213254120466
 403.000000	13.3480499786361886	85.9163070618534306
 404.000000	16.4432427276080340	97.0087173976058210
 405.000000	13.1038566873003699	48.9405498490588968
 406.000000	13.6171684354355200	105.0454433049511351
 407.000000	20.5722439817530578	105.4256947991658393
 408.000000	12.9049734121324260	28.9939353627861465
 409.000000	15.2073932061283124	90.2591491549167699
 410.000000	13.3014348595681646	107.6558039086203991
 411.000000	14.9086513306820656	78.6519466813639667
 412.000000	17.2989919690630352	171.1997332231602513
 413.000000	10.9418949225951554	85.3786537014845948
 414.000000	17.9743542121534290	108.5218789911291566
 415.000000	14.6300323125693872	74.7267225542758098
 416.000000	12.7906694705851312	113.1368673683834061
 417.000000	16.5540501460630729	84.3339243091509303
 418.000000	10.8170292734043603	161.2080886687389238
 419.000000	13.5520112795162824	87.8592322839344746
 420.000000	5.8212789009800376	4.2037764710770205
 421.000000	12.3916050611465955	51.2674369571730892
 422.000000	12.0682332517672197	160.4160223154611913
 423.000000	12.0738140604554705	168.7461385803673295
 424.000000	11.6494302460326544	64.0905516311933923
 425.000000	12.2103945003182517	46.7655359388857335
 426.000000	13.2148104622873124	136.6433482084080424
 427.000000	14.5330478360132496	102.8831324051053429
 428.000000	12.2436518643720955	157.0372100510712414
 429.000000	13.3735850367669293	152.8823237747573103
 430.000000	10.8859784575488501	119.1278801421239280
 431.000000	13.3084415507872382	95.0352143202541271
 432.000000	10.4683586925484118	33.6733864636153442
 433.000000	13.5012010266907367	126.0100992355610288
 434.000000	16.5143977687313672	75.6872669212885683
 435.000000	11.7513797463196763	146.2567229434634442
 436.000000	8.4297275128003815	114.7508993417143444
 437.000000	16.2824696510015059	78.7324719735772476
 438.000000	14.6048392647905949	58.1118163934527132
 439.000000	9.7922079537932891	90.0057234036544145
 440.000000	11.9943726931551478	104.0227243389370102
 441.000000	3.0298445975065951	47.6299930866343004
 442.000000	5.4349400978775932	151.5610629982589614
 443.000000	6.7130897215103902	60.5303611591597246
 444.000000	11.7979112080762665	158.0123326877073566
 445.000000	7.2054642497534385	87.3991246487731956
 446.000000	16.0545249887024362	137.7765287679141011
 447.000000	8.9952656627076166	89.6487901203403510
 448.000000	3.6908652643967503	145.7170652309816319
 449.000000	11.6073366574109187	106.4772248790558109
 450.000000	9.7099113776004966	76.3259186245295211
 451.000000	13.9278065001627667	109.4493581445366033
 452.000000	14.4313383328029854	121.1969972501472625
 453.000000	15.5027471966245702	120.9115013346219882
 454.000000	17.4439294954380415	117.1431147369656571
 455.000000	15.7377016611019052	46.6240602926900465
 456.000000	14.3470290406840384	138.0872712346670426
 457.000000	16.2190497205952759	146.7734087647193348
 458.000000	13.2069789698248972	144.0925850194894053
 459.000000	2.8957459893125814	133.0628776207121291
 460.000000	5.3632016425032525	83.5174888652773006
 461.000000	8.6037150593009901	127.2782635707415864
 462.000000	9.3039111816940689	74.1593907293830199
 463.000000	8.0212416184838986	115.9408815047850254
 464.000000	12.5788409900802520	22.9121647501427219
 465.000000	17.4316618468588906	145.8037880517983638
 466.000000	18.4305570507165228	157.2519507051159735
 467.000000	15.4784208585203693	128.3117231048042584
 468.000000	17.6204137878380180	65.8028978733707248
 469.000000	17.3905319613459604	131.9250148670783744
 470.000000	14.1371185195388840	115.9696512117645284
 471.000000	13.5902484380177757	173.7619926623528670
 472.000000	17.4705539309172195	7.4132339258786430
 473.000000	17.8554658338827217	117.1873440793469570
 474.000000	15.7665927766607723	42.0063946861129693
 475.000000	13.3283843446954222	77.5052153546945704
 476.000000	16.3790009702144062	92.2720972931347774
 477.000000	18.4443392790226675	118.7766451003777206
 478.000000	18.2766598291017033	77.2185186647997313
 479.000000	11.9586929615672588	124.6090095818638588
 480.000000	15.7896576377909170	62.5717837642597061
 481.000000	16.5963772312391100	161.7514858794480688
 482.000000	22.3081319381540091	90.2176510012435529
 483.000000	19.5548152861781475	163.8575324003085143
 484.000000	15.7305763067067694	95.1830115856621575
 485.000000	13.2921970880615099	35.6668297570810182
 486.000000	15.6136347251071719	77.2202131957104427
 487.000000	11.2847554653466187	70.2765542556240206
 488.000000	16.3180022166786642	68.4518460692755468
 489.000000	17.0989286947280590	81.2432890261768108
 490.000000	8.9923000000251516	35.1455913009867231
 491.000000	7.0000166047531849	116.4483155197351891
 492.000000	5.5416762979627237	121.8599036620431093
 493.000000	8.5587151666634220	130.7593945257368944
 494.000000	12.8351043376515115	60.1329898239574305
 495.000000	8.4987501268109469	56.0105415181900241
 496.000000	15.2516987669920070	104.6106272488308093
 497.000000	14.0101511057072887	100.9215987625245958
 498.000000	15.8701540527084202	85.1200935076495426
 499.000000	17.9996633025503314	150.6832224234995294
 500.000000	18.6283686740016314	91.1687041941284804
 501.000000	17.0622012482497247	154.6058648065863395
 502.000000	11.3051098792257338	150.8817674947946728
 503.000000	8.3078595996647824	120.7208353276257640
 504.000000	10.4938775674702303	129.8810984253011895
 505.000000	14.0555929606142218	84.7646645489904245
 506.000000	7.9108505494638788	88.4081541569969431
 507.000000	11.3336929719025807	54.5511209933242185
 508.000000	11.0217149530299565	70.8474209200132634
 509.000000	14.4164237299971596	95.0677870483060445
 510.000000	17.5654711998488295	145.2176192737000235
 511.000000	15.7519045420453168	94.1064466578760346
 512.000000	16.5897102387488928	142.9213044525479006
 513.000000	14.3994748816658991	118.6655775418210936
 514.000000	13.0835147994252683	90.3585976252977048
 515.000000	19.1540270777789274	139.6012042072370036
 516.000000	11.2860031562464318	165.9696854180118066
 517.000000	17.7586811336687980	102.8444998989891417
 518.000000	17.9823935747572961	67.8835226267257923
 519.000000	18.4527373856596348	110.4999248062656818
 520.000000	17.6262749226747957	128.3753312434755571
 521.000000	15.2204923932160643	113.7360379287045760
 522.000000	15.0277804923301588	158.2543939009146357
 523.000000	15.2578174233276282	153.1957491859383254
 524.000000	9.8308054207310001	99.6348713869159752
 525.000000	11.8786913068475517	170.5912266736276877
 526.000000	14.9986025086945318	78.4970865453185525
 527.000000	10.8211192039023736	153.6661891489380025
 528.000000	13.3302434313124838	127.4992605456793626
 529.000000	17.8088096162198433	115.8105293633828978
 530.000000	11.5500691691858641	82.6974900962326416
 531.000000	17.5315025958419675	87.0217969627145607
 532.000000	15.7059980474724412	79.4334477461237896
 533.000000	12.1862503384253102	117.6217563739367620
 534.000000	18.1050692531804778	137.1764022023079690
 535.000000	14.5989792807520224	112.3063108663977090
 536.000000	15.2442823767261988	102.3678890931802954
 537.000000	7.3017460675428900	115.4931782553959039
 538.000000	15.2947108272063979	105.4856770633041947
 539.000000	16.4269463745035615	81.8368577899138785
 540.000000	18.1774415437283814	93.3972270225929577
 541.000000	13.7873774908819851	125.2641973745149357
 542.000000	14.5759244087214945	30.8326648902794602
 543.000000	15.7232989417935016	91.7272532100911917
 544.000000	16.6473537341683517	92.1936119716035591
 545.000000	9.5753401079586951	119.8152495042475749
 546.000000	15.3262111809126669	176.1942976568852259
 547.000000	16.0038356860717599	85.7062875451923816
 548.000000	11.7052063010774408	132.3628491832662917
 549.000000	18.2045274887631798	123.7183738271708222
 550.000000	16.0562818047506113	63.5800689370447145
 551.000000	17.2257694603258642	70.5920394416128687
 552.000000	18.8344181471074066	95.6296188610535296
 553.000000	14.7710391625749882	130.6782519618533627
 554.000000	18.8555880176428730	156.4786931028204435
 555.000000	18.1865858155538334	91.1198733676395847
 556.000000	14.5915839557392353	124.7150208698353708
 557.000000	10.0753970068280658	96.5153040855074238
 558.000000	17.4192228602855614	86.1012022810597557
 559.000000	16.3747103302705561	134.4731635700736092
 560.000000	12.4125266183592977	100.1417846263119458
 561.000000	13.6805030065626134	58.1433851383006441
 562.000000	19.7700559098772679	56.5252007725136991
 563.000000	12.4574622936005461	123.1641913954934182
 564.000000	15.5549957391987519	95.0503920331262577
 565.000000	17.1641965174397235	62.8966040956463956
 566.000000	18.3035504161246010	80.8069625137172380
 567.000000	18.6050923607156449	162.1747263458827888
 568.000000	17.5923661290965185	60.2421667558327698
 569.000000	20.1524396315514842	123.5492148387487248
 570.000000	15.6806649244028549	170.8722600086172747
 571.000000	21.1175407918998452	109.6945750727131923
 572.000000	19.0022665449607935	35.8959073378080120
 573.000000	20.3669234067611171	71.7966094698658424
 574.000000	18.6204719841137560	70.0862319592883409
 575.000000	15.9532825585883007	91.4045189213091618
 576.000000	16.2835657878766327	111.5384505150840226
 577.000000	12.3926435169008080	28.7582847251724445
 578.000000	13.0535053196299771	74.8169076927346879
 579.000000	6.6620686112613479	130.5653515701773983
 580.000000	5.2403924285948591	121.5858679050654700
 581.000000	12.8785168556318634	44.6507976127048778
 582.000000	10.0143497601251177	79.3926812677735398
 583.000000	17.2581944120415649	132.6381174614884344
 584.000000	17.1632794887361086	121.7857905329216948
 585.000000	17.3383203968421462	155.5300968763555431
 586.000000	18.4101360259408651	109.9329773551789629
 587.000000	16.4808505745317184	65.6874915778990953
 588.000000	17.3844369735267144	138.2549329893616630
 589.000000	19.1511770369885355	167.9981736966657024
 590.000000	19.3948332184658625	152.4956435768151266
 591.000000	16.4921363996295085	54.3605071888563458
 592.000000	15.8379900702043503	90.9613864571337274
 593.000000	13.5774875117702472	78.5126684713526686
 594.000000	8.8435952450325903	77.7314835718595134
 595.000000	17.2904990715108617	134.1418300870724352
 596.000000	16.9445833578860423	95.5735231835186738
 597.000000	12.5876969838431005	143.4178338049096908
 598.000000	10.6027300166090281	61.6773388649844065
 599.000000	10.6095506876046013	27.6957067086268580
 600.000000	13.7868118745168058	44.7705510961913831
 601.000000	21.7896138923402880	140.0285552513154244
 602.000000	18.8634606058934367	102.2187189642985885
 603.000000	20.0906476141197672	157.6325303282266930
 604.000000	21.4845688682548825	70.8621587247277915
 605.000000	19.0582643626626016	80.3725731713994520
 606.000000	13.3958806182331145	68.8058688230184146
 607.000000	11.8974991709440321	112.7724108178567235
 608.000000	11.5903016330384183	152.1429181017065844
 609.000000	18.7706021432653003	63.6718278885394113
 610.000000	16.0828615998517108	158.1240891881976722
 611.000000	13.5634639072138370	131.8780685831069945
 612.000000	17.3190973943133173	102.4119154054151153
 613.000000	17.9268735690420513	155.9472811170374200
 614.000000	16.6090726167825231	89.8767409374644046
 615.000000	13.9060886071469163	165.7421470095935092
 616.000000	9.1233612787229710	46.0699095548735329
 617.000000	14.5188733576706390	49.1636477447829634
 618.000000	12.5202292294535376	147.0936139251467125
 619.000000	18.7727609193794045	63.1658060668665229
 620.000000	19.0195057100545704	149.7612476370126160
 621.000000	13.8730418599419210	134.9954451086840663
 622.000000	18.4020096723083277	88.2507681214635511
 623.000000	16.5437435812066553	84.5207488479940423
 624.000000	18.5902633082602904	150.0275612171253385
 625.000000	14.5583967358821393	142.0240164670329364
 626.000000	16.6592603657251459	97.6575221627659147
 627.000000	15.9358721945972537	101.3907543066141272
 628.000000	18.0188338207070160	132.2254470523980387
 629.000000	18.1386239557015934	122.2982322873852183
 630.000000	22.0533564301548068	141.7083456073684715
 631.000000	19.1709515326890383	97.6422057378238719
 632.000000	15.2650410521119131	51.2047479750071943
 633.000000	19.6521983042703212	117.1798786055947801
 634.000000	15.1064075420130770	140.7359808154084533
 635.000000	16.5925710858795270	94.1303905503487783
 636.000000	13.1495668290714836	39.4048024041544807
 637.000000	11.1917233804200293	71.6946514473875709
 638.000000	17.4846167371798344	127.2022921124237200
 639.000000	15.7099278530839825	100.0249454625348591
 640.000000	13.0158976474050849	110.4810056557941493
 641.000000	11.5920175127052154	138.9211541380639687
 642.000000	18.5925249094373015	48.4480497609506813
 643.000000	16.1957495459022738	80.3395339828138475
 644.000000	17.9279210475025401	158.7570822852569279
 645.000000	21.2268651782612068	85.3704260827647516
 646.000000	17.4294575860636840	117.7204822631205730
 647.000000	11.3746815265590673	85.4640069391867030
 648.000000	16.6036629486188581	117.1135965646529797
 649.000000	18.5496161383295366	98.3175483235313692
 650.000000	18.2921136723802960	102.2593028664895058
 651.000000	18.8708657554552275	86.5676810538257513
 652.000000	15.8509671550397027	93.6933539788095544
 653.000000	18.5408012284441561	137.8736919292911125
 654.000000	18.2650059980245132	78.5276140981088275
 655.000000	15.8891583589051120	105.4098891991051232
 656.000000	12.4331809144966705	115.9578100132192873
 657.000000	17.6031058056116052	128.3791228577864842
 658.000000	13.9044099136242583	25.6834092260956197
 659.000000	19.5772326227393378	102.2977937232847978
 660.000000	17.7650621678721734	123.1299456381047435
 661.000000	17.1274881427746344	138.2152121353706775
 662.000000	19.7026456469893319	116.0320347148333440
 663.000000	17.3987771913080316	57.1144220348147940
 664.000000	19.8326029494789502	87.4246941508870918
 665.000000	15.1806601509238330	79.1690750942915429
 666.000000	12.0098093256984786	167.7416555894721171
 667.000000	15.7773907593645824	78.8880701494624788
 668.000000	14.3631881617132819	102.9638001553325637
 669.000000	12.8263091276784778	70.2384458646378249
 670.000000	13.9876467881884903	121.4657075040300924
 671.000000	18.2019477502187108	131.8247716912045462
 672.000000	14.6620505829105223	153.5347170639371939
 673.000000	11.8442269498346366	76.0634182623702344
 674.000000	16.4663960320065073	120.6228878527840465
 675.000000	15.8734767360488203	54.7941916462318517
 676.000000	13.0522326826296080	18.9472933959632712
 677.000000	18.6001442787790872	157.9252220375261970
 678.000000	17.2403053435709595	151.7086322022611284
 679.000000	16.6382925471450243	154.3190346386880663
 680.000000	16.6578189547033837	70.5073091386571349
 681.000000	18.2338541442995030	67.4988114332788882
 682.000000	15.5701505490870158	109.4698607673412312
 683.000000	14.4925139903525331	122.3769446501227094
 684.000000	16.5154974864211148	152.8084047033029265
 685.000000	16.7000401618239174	120.2224793369172176
 686.000000	17.5535586392266580	147.5031891219549038
 687.000000	15.4330356249675269	119.8222621900330438
 688.000000	9.5124269602502824	130.3045327982104595
 689.000000	12.7250304003529173	91.2202784225433305
 690.000000	16.6186424228306180	95.7750848505774286
 691.000000	11.6540663984674016	109.7545849696795557
 692.000000	13.1712163438964875	106.9357512113624438
 693.000000	13.3247364781558382	86.8985071652527949
 694.000000	12.7538356226849103	65.6870454736770313
 695.000000	18.6215730553090211	113.8357939226542328
 696.000000	16.0675014335492143	102.1990466267507855
 697.000000	11.3377518747834785	59.6838852551641992
 698.000000	11.8389259859479079	136.9460760564707016
 699.000000	15.0368297685899304	158.5681068555810782
 700.000000	11.6045558608445099	73.7147673455934580
 701.000000	6.3906335766582574	44.8442333568392826
 702.000000	8.9494271703985930	74.3216841145614495
 703.000000	10.2668904837908741	118.1349586608673405
 704.000000	7.3521847156615721	161.1818893025796342
 705.000000	8.6764362181785444	94.8566939861660643
 706.000000	19.1898935185287911	116.4423924656204292
 707.000000	18.4553108647338426	107.2028176496058762
 708.000000	18.4424275090978469	32.3210321743661950
 709.000000	18.0741703361660235	71.8105409760070046
 710.000000	17.2963214645289689	124.9710815689789456
 711.000000	16.5110966421168364	104.7433782734859875
 712.000000	15.5114407559128367	91.2816787810693739
 713.000000	21.6597597606059722	142.7021946086790365
 714.000000	18.1685749720700898	85.6125733606588284
 715.000000	16.7529048258888871	122.3527285583150217
 716.000000	11.0982681432368882	44.3700491985122483
 717.000000	14.1034865227794235	66.2606600460246398
 718.000000	12.4956892817955847	114.4732346945315555
 719.000000	15.3845323579938178	80.4342005853607418
 720.000000	14.7588421607235123	87.0333417083759713
 721.000000	15.5710006994320285	105.7189985907167511
 722.000000	14.9057735229856974	141.5268162412180573
 723.000000	14.9188554106528013	114.0946775349402458
 724.000000	16.6710806638326758	118.6052206840491152
 725.000000	19.3148875382591498	134.3947789618660806
 726.000000	13.3037197219918504	171.0363721774603505
 727.000000	15.9172772714869541	84.4157295719877965
 728.000000	16.7412504171813588	96.3293035188819573
 729.000000	18.1875786570669895	94.7877699717983688
 730.000000	20.3752844188589535	133.8415003437466453
 731.000000	22.7826812851603293	100.0150210986698909
 732.000000	20.7451990841228096	72.4826000391067993
 733.000000	17.9269604937426124	95.3381452962822209
 734.000000	12.7295995551549090	107.0425812871422835
 735.000000	11.8156727070233973	161.6486414714830175
 736.000000	12.4248204476719071	162.7635886157849257
 737.000000	15.5844135517014912	154.5310089106285432
 738.000000	8.9179242890785524	151.2713219108070462
 739.000000	5.5038674849969684	117.9187759089167429
 740.000000	8.2753163592622485	164.6732561958958456
 741.000000	10.6500888950089205	147.6447611542536151
 742.000000	10.2807359285150444	127.4025591418421612
 743.000000	18.1905115043613712	119.3941649462879298
 744.000000	7.2750489377320298	32.3632573906114374
 745.000000	8.5449404000396534	61.1116808580952693
 746.000000	5.5331212601410442	12.3435247945205333
 747.000000	8.0714943184910890	152.6504000393477440
 748.000000	5.9328573101853515	41.0600422900740227
 749.000000	6.1773376205752779	134.4666580780211120
 750.000000	7.1796008221182932	154.3107313420677258
 751.000000	10.4303606467367782	133.9991213081291335
 752.000000	8.7389497080730401	113.9654873461546600
 753.000000	10.1821648263835911	146.2913370866011746
 754.000000	8.1503606997896423	150.7132910930403398
 755.000000	17.9601686091771811	114.2846324947517331
 756.000000	14.8555482567733943	87.6626983699003262
 757.000000	8.0947015432793350	97.2610403911969712
 758.000000	8.7537974634614226	84.1417779992431036
 759.000000	10.7711388741996643	100.0456168694326493
 760.000000	14.8950053123061981	113.2816233226142941
 761.000000	12.3694864162290834	60.6106985988564020
 762.000000	7.4451848898988384	24.2817077047736518
 763.000000	11.4572393291615686	81.4303501067143287
 764.000000	14.1340587820643098	48.8519205195781865
 765.000000	13.6933367301816222	104.7491922830521389
 766.000000	17.0234389010516907	82.8257192687077435
 767.000000	18.5722781182712993	84.0321519441071700
 768.000000	17.8033164402714554	133.9354862377536506
 769.000000	14.4249059625342060	165.2722884773726548
 770.000000	17.2685637075300029	109.1902822349386071
 771.000000	13.4344742304729010	129.2844616266741014
 772.000000	14.9909720965526230	56.0951621264963052
 773.000000	13.0052779750935912	18.0629909469253676
 774.000000	13.4633565286360799	69.5722892709763840
 775.000000	16.7467493610437437	130.2076654190583724
 776.000000	14.9395535752357453	91.2135668577633680
 777.000000	14.5118675953816503	75.2012263190055990
 778.000000	12.2099349291988268	156.8393587744181445
 779.000000	18.5391423824583477	40.7008069139467636
 780.000000	15.2392765767415437	144.5437893429464680
 781.000000	9.7964504620482309	135.3452958059580737
 782.000000	9.7575556754257935	152.8611705208831495
 783.000000	11.6528294953594660	57.2371792864170885
 784.000000	17.3170615983763767	111.3249016768654513
 785.000000	13.0020802385724750	14.7741449385564749
 786.000000	17.2875390215915843	124.5128618337319040
 787.000000	15.2448479956207414	163.2032424359592255
 788.000000	15.0836230684616570	85.7740639598275152
 789.000000	10.2832303231990068	41.0320717424888244
 790.000000	14.4137967828309215	154.1638903118079043
 791.000000	11.8319765677629292	112.4381169554262527
 792.000000	7.2946258077535964	33.2067288419140425
 793.000000	12.5792339957594645	100.9653347320066672
 794.000000	13.4314462223234869	147.7315041967411844
 795.000000	6.6421195862417655	57.6457648060065253
 796.000000	2.6321755038868848	135.8038684159464538
 797.000000	5.5948770698638963	106.9095184295180445
 798.000000	2.7536334921004446	98.6568799321570111
 799.000000	3.0870400485457461	38.0903844786970751
 800.000000	6.3561814280003528	67.5592457357340095
 801.000000	7.1471257164618054	148.0593427566114997
 802.000000	5.2003344777703733	108.8728338889690122
 803.000000	9.2959134205994403	8.1037226429718032
 804.000000	5.0719616256893092	98.9884847643570254
 805.000000	7.3180561672860662	76.5519979640889261
 806.000000	10.1281282454154127	154.2379468826524942
 807.000000	10.8944826716153731	102.1558940105856692
 808.000000	10.8487612964326505	116.9373750034266095
 809.000000	9.3392889521218709	74.3483370790420679
 810.000000	6.6748016107817607	160.5295028908162180
 811.000000	10.1472813647469096	77.5262642661808172
 812.000000	12.7097528184514807	150.0930127384596631
 813.000000	11.4025751221459508	134.9465459466605921
 814.000000	15.1671162995867714	58.2912098673186279
 815.000000	13.9850888545962331	162.1746220608353610
 816.000000	12.0805542423263450	99.9488903497764625
 817.000000	12.2262738532130832	125.7069980539553598
 818.000000	8.9610353906327447	11.5771961927181906
 819.000000	8.4976886474085713	39.8596099238697263
 820.000000	10.2054044826079124	128.5713208578754063
 821.000000	13.8980731745638728	97.9505791577007159
 822.000000	14.9995773000363890	113.3961919638687164
 823.000000	15.0643845635325953	97.8961680224633284
 824.000000	16.7643195746883222	82.4098459738778644
 825.000000	15.6788792297322761	77.0012173768744219
 826.000000	15.2315390836612270	153.1330605744424247
 827.000000	18.6622689301382181	66.4902285134347579
 828.000000	17.4288485169666707	78.8265980017927461
 829.000000	19.9018045191356734	134.4515797478208015
 830.000000	20.8792048092321707	124.7997844693945524
 831.000000	17.5980017403545439	84.0095712699372683
 832.000000	17.2791752433512364	110.6676175142654159
 833.000000	9.4729617208704653	55.0328460039659149
 834.000000	9.3929530495808784	69.4960367991536998
 835.000000	9.6653385263318015	115.9051369297729366
 836.000000	17.5511839347722756	114.3477202262956069
 837.000000	18.7557619044648511	151.4072846166058639
 838.000000	18.0055486807722289	113.5203971725474617
 839.000000	17.4075345743474692	153.6113624886206992
 840.000000	16.0893052769126470	110.5664058290114014
 841.000000	18.2019209938684945	158.4472514444341016
 842.000000	12.8567833542515491	22.6292850996264008
 843.000000	17.3628104394848464	141.8279753009710475
 844.000000	13.7099387135242345	41.4294530691679199
 845.000000	12.6301043016962620	43.4446305804462440
 846.000000	14.6120033608291653	144.9275196367771628
 847.000000	18.0942928354339543	175.0066406851255465
 848.000000	14.7282364305878453	156.2654230404451710
 849.000000	12.5893987290640350	110.5802177873147940
 850.000000	14.7631598854429757	15.9215627213678772
 851.000000	13.7270745774960083	47.2710498176683416
 852.000000	16.1944318961692133	75.2818002608897388
 853.000000	16.4299854536195085	41.1940741267336534
 854.000000	18.1659220340585392	148.4966289467210458
 855.000000	19.0579072238635412	99.6228824412614955
 856.000000	18.9756912881075657	102.2571480760912692
 857.000000	19.0485943599647882	97.3461599461698199
 858.000000	17.9071081359503665	135.1234716219508698
 859.000000	17.4987464683574139	129.0548927948758262
 860.000000	18.6981114509511883	142.2467384590927395
 861.000000	18.8953214120986530	130.7297334427472606
 862.000000	17.9673261402227418	151.2111957110256526
 863.000000	19.8012814215864452	128.4724893255923348
 864.000000	14.6701548318119706	167.3242890745068792
 865.000000	16.3890922329728141	19.9381297721213286
 866.000000	18.3702471274792316	161.7818495620662418
 867.000000	16.8303294927936520	134.2460774020083818
 868.000000	14.2927284585256711	31.4826645901240738
 869.000000	15.3460053672415917	90.4430031381750013
 870.000000	10.8917014453379846	72.1161784271677533
 871.000000	13.2225246377877568	88.3638080105315993
 872.000000	14.2506808816080106	93.2928993700165137
 873.000000	13.2003775129582781	86.6109413232202030
 874.000000	16.2152269997948331	118.3676266500888232
 875.000000	19.3030515360885708	125.7358136118362779
 876.000000	19.3588662506547635	113.8530210296825373
 877.000000	18.2152891210255881	104.8554109431556327
 878.000000	22.9824852970890241	37.3453813318528773
 879.000000	21.1957704956980884	80.7349141535941754
 880.000000	21.0881515325380420	72.5769338640974127
 881.000000	20.2225270375116359	153.1047524278785374
 882.000000	19.4071787142276548	73.2374281386574495
 883.000000	17.1383442407815103	135.5390043649769609
 884.000000	14.9370473652453271	150.4638026653499310
 885.000000	19.2621656801195442	66.9220312330324560
 886.000000	17.7035066174741509	148.0293525870710027
 887.000000	21.6883402824282854	111.3199707900527073
 888.000000	18.4974434823319882	99.6369983762900659
 889.000000	16.5011692969142807	155.3119030688628754
 890.000000	17.4919974481935583	65.3663300389849269
 891.000000	18.9648967566139035	134.3787461600506390
 892.000000	18.0280017484061545	80.2328134818417738
 893.000000	16.2757998880660359	17.7982429048723247
 894.000000	12.8960485667980169	142.2483850314494305
 895.000000	16.4353668326287057	165.8118528636030362
 896.000000	15.0697150009854930	91.9793491955067850
 897.000000	13.2163045032396838	157.5807220937010698
 898.000000	12.7608473258504365	83.7101388760953427
 899.000000	19.9166700818795199	87.1259008696313941
 900.000000	20.2511968122433963	93.9135770857132428
 901.000000	13.8270784356231520	46.4795172868319639
 902.000000	17.7547517850677110	160.5199440987325090
 903.000000	17.4132756824539854	130.1219186792125129
 904.000000	9.0184432359440780	124.1205522029878949
 905.000000	11.0368056551842777	34.6244767768011741
 906.000000	10.5811341749962775	56.4775092080483034
 907.000000	10.2903759678991928	87.9674017625218880
 908.000000	7.8735621065174772	56.3572802754198676
 909.000000	19.6927487653267903	101.3938275541297003
 910.000000	10.1887740692827862	86.2206095525209122
 911.000000	12.8100564619622119	105.3496843988063034
 912.000000	11.1175533736165999	107.4415585374064364
 913.000000	14.9355315363078365	71.7619370824919685
 914.000000	14.1948849912656332	52.7359919890891717
 915.000000	19.8939122849276231	64.5938744167786894
 916.000000	21.7337341494642793	52.2069461503808441
 917.000000	20.0108813929370193	145.4367795305306572
 918.000000	16.8723006471217047	109.9583817347738517
 919.000000	16.6018356830218217	154.8872019354748488
 920.000000	12.2174796096397067	130.9959886256664561
 921.000000	20.7600070333919540	143.1301014221403136
 922.000000	18.3132968227113402	67.5140295492972911
 923.000000	16.9829793543161820	107.9258381366092294
 924.000000	16.8344840654339585	97.7258607159991044
 925.000000	17.9086115055344379	131.9684851149569909
 926.000000	17.8017382749117665	93.3964947278463740
 927.000000	16.6825954211290153	90.7254723861962020
 928.000000	17.9649519983931860	95.9537702966483153
 929.000000	18.3861618370654938	83.6996713165441264
 930.000000	17.0713305819368131	91.1779068876099217
 931.000000	18.4701707242690638	123.9017331190205198
 932.000000	16.0484612847875674	97.1797140277073339
 933.000000	20.3596716667774444	132.5142913359966315
 934.000000	14.6901858011544935	73.2815780045037428
 935.000000	18.0838665349491627	109.3152618228660202
 936.000000	16.6616239962233870	106.5528977202044132
 937.000000	11.5779094924058228	75.7738302508915353
 938.000000	20.5928065062143553	147.6628601879604048
 939.000000	12.3904552405128570	107.7471361126642933
 940.000000	11.5196672853099500	84.6148973125872033
 941.000000	8.3462735591609007	6.4325994615130639
 942.000000	11.1698510284574137	65.8014233134589404
 943.000000	15.8200793073870738	90.4161553654538466
 944.000000	19.1231137807017788	154.9425655047321868
 945.000000	15.9819143002936137	106.6388781909872421
 946.000000	12.3263954538562057	76.0231920627455651
 947.000000	16.6809786749595865	21.9220425766672520
 948.000000	14.9443462556345477	59.0522447143676601
 949.000000	13.6753735097759055	50.5493589419312457
 950.000000	18.8916779046423251	142.0782486532063160
 951.000000	15.9982973578708698	91.0540105524118673
 952.000000	10.6605021017695556	35.6373716240492513
 953.000000	17.8594469009843131	46.5614522332419654
 954.000000	8.7313529581313016	107.7205905751384876
 955.000000	21.6776256190550178	130.6752080947339891
 956.000000	12.2033117751517111	76.8494922927646513
 957.000000	15.9972837298251775	124.3448845765510953
 958.000000	19.9833900183353244	74.2631758696336277
 959.000000	18.8550252442567761	174.4377623522562999
 960.000000	20.5758158265305688	82.0026506139234641
 961.000000	18.8522472851670706	80.3529731224119956
 962.000000	19.4951925938269284	136.0116820528423887
 963.000000	17.8382748503870801	75.4578342589500721
 964.000000	18.1576175542303737	115.6322177382437530
 965.000000	19.4834530254112863	142.8619067302775534
 966.000000	18.1899035074904170	94.0985687938505748
 967.000000	13.0959409211651092	77.9544093131407578
 968.000000	10.1476052630176703	104.3960129053232606
 969.000000	16.6127428733996432	141.6760620539148192
 970.000000	19.2441091039694747	120.4565436510264647
 971.000000	18.9351544559887444	81.8684586683741884
 972.000000	18.0221796110711345	146.2927333046806098
 973.000000	18.5401637301358981	132.0360908693776310
 974.000000	14.7224435650707139	57.0759302648730369
 975.000000	11.6064065962431133	166.4163964921570198
 976.000000	16.4437120664816590	153.8573707788857519
 977.000000	15.4138956591976122	111.5038085418383815
 978.000000	12.8189379270308699	23.1758087389115417
 979.000000	15.2438580785824680	48.5641633489428273
 980.000000	16.3190210675906826	84.8245821314339707
 981.000000	12.0012736289318305	94.3816988681859215
 982.000000	15.3922380444621805	54.5679821118348229
 983.000000	13.9249434929622637	110.1354183748003805
 984.000000	19.0838222947018679	38.2205547319603909
 985.000000	22.6389900538217042	148.9598644311987812
 986.000000	21.0540936933744476	103.3596942501198725
 987.000000	17.1516176929087898	121.4772405074004666
 988.000000	10.7063336325632914	89.6954631753372524
 989.000000	15.2423868353526402	130.3417877428848897
 990.000000	13.5481495184265679	70.8850521705991667
 991.000000	11.7013847816513898	114.5611627852193806
 992.000000	18.2028729441745014	124.9170326240762989
 993.000000	18.5076115518601760	131.5701353647938845
 994.000000	18.4006987042720098	119.1223758635229757
 995.000000	16.0973946450221135	158.5334559555574572
 996.000000	14.4148939679789994	93.4137557398693161
 997.000000	20.4788183200831284	69.2098135632693499
 998.000000	17.8648670603130348	58.1541723906845647
 999.000000	16.6653442342206155	141.2948623553437528
 1000.000000	16.6084372884840015	118.8927976307224981
 1001.000000	18.3270412989835378	102.0812424984227533
 1002.000000	17.8315562865641972	40.4552275739619063
 1003.000000	16.8989106405693157	147.0996924642147405
 1004.000000	18.1896614609822436	120.9501791121544727
 1005.000000	18.0599348398390696	116.7932915008032637
 1006.000000	18.3341306992766206	134.5062879136719403
 1007.000000	18.2483998672008418	86.0310777977577459
 1008.000000	18.4326275960856769	100.3206921373570708
 1009.000000	17.9775516233331771	157.3331895044879900
 1010.000000	17.8165803651625190	148.1717427122361528
 1011.000000	17.5568098255895748	110.3501741672474594
 1012.000000	18.3202721175942962	145.0253116864013805
 1013.000000	18.1385476912831152	95.4237329764453364
 1014.000000	19.7500548273509295	108.4618674918404082
 1015.000000	17.0282415418984705	106.6421437228079725
 1016.000000	18.4670196567503311	166.0625369251124823
 1017.000000	16.9773775221658312	26.0296125618322094
 1018.000000	18.6527320321136187	135.8802603871050962
 1019.000000	16.6536403706475937	85.2235091818420898
 1020.000000	18.1803607064482620	108.4889265955591924
 1021.000000	18.5450165045110253	111.8146674180561178
 1022.000000	9.8658146478430897	47.8571281661750447
 1023.000000	18.5146448124120724	143.6606710196815300
 1024.000000	15.0826880144574655	130.7082867256300460
 1025.000000	12.6082593323124090	147.2098819265158340
 1026.000000	10.4089402510377145	137.4034039657722133
 1027.000000	13.8916131850528597	54.9368573947622139
 1028.000000	12.6064328286806848	108.7363953743151939
 1029.000000	16.5053705089292251	172.4309071542095353
 1030.000000	8.7789356894497015	62.5860787386658046
 1031.000000	13.5713451689612370	37.2539463525452845
 1032.000000	13.0319538042362257	14.9928993032574738
 1033.000000	13.3391253475836411	61.1330105100000623
 1034.000000	11.7587861010287309	50.8974078280379274
 1035.000000	10.8094588055369396	113.2873472703543314
 1036.000000	16.2084538344998172	74.2564294995949723
 1037.000000	13.4397879725668741	94.5597287004875255
 1038.000000	20.3432566472713283	63.2979931157290281
 1039.000000	17.9289837263088998	89.8004941894969306
 1040.000000	21.6564854607037525	112.3710422614813780
 1041.000000	15.0115407990354690	114.2982841129757503
 1042.000000	15.5161200668725900	106.8649199489846779
 1043.000000	15.5119953455192423	86.0330829731520481
 1044.000000	14.8332617134782669	168.2182698840703665
 1045.000000	18.0673724443568986	58.1654772044749109
 1046.000000	16.7521574248766001	138.7504114452851809
 1047.000000	15.6350299126466084	106.1631519887721709
 1048.000000	17.2148593872524778	127.4302859685964506
 1049.000000	20.0680638574030219	101.1134884030715568
 1050.000000	20.0850808827137364	81.4310688828051212
 1051.000000	21.4828815521266847	125.8672556242853773
 1052.000000	21.2590191183300483	129.3947942269900295
 1053.000000	18.6692515492337456	146.7155827026163024
 1054.000000	13.8255576362754091	127.7359902610336349
 1055.000000	11.2746204212152428	97.0959643603238902
 1056.000000	12.0726572156744059	81.4647541998993034
 1057.000000	10.4929841373487367	100.4025094658867800
 1058.000000	7.6803269848431173	59.9847256326157492
 1059.000000	7.9023479005659460	79.3665043800930761
 1060.000000	7.1493589174103924	71.8955593714353398
 1061.000000	7.1745454779832238	98.6507937948666580
 1062.000000	15.3976490821961018	69.9215136217992637
 1063.000000	15.8922966935778955	132.0198050954742257
 1064.000000	17.5625631714074757	80.1218061348888284
 1065.000000	15.9572164401132675	76.5771584252677258
 1066.000000	16.0009834137665443	119.9542061174475691
 1067.000000	14.8558365744627299	134.7087858113039260
 1068.000000	14.0998960601847418	116.5108609054541660
 1069.000000	10.4914663432527799	145.9545323501447740
 1070.000000	14.2943904451767860	165.4773404625494209
 1071.000000	10.5456553708716534	137.2981546172409821
 1072.000000	14.9056923745957093	88.5015749011671318
 1073.000000	15.7681622411439637	147.1174605085010114
 1074.000000	16.4709817319361562	124.3245068449283224
 1075.000000	13.7333448395813740	53.7191658685242714
 1076.000000	16.1252601712864241	63.9610159108059690
 1077.000000	15.2554298192856486	60.9897288377475348
 1078.000000	15.5397349584530815	156.2681964816044342
 1079.000000	13.7863688510206863	119.7372654186407885
 1080.000000	16.2242057082050195	108.3318531583107927
 1081.000000	8.6026520286242540	129.9063194230355123
 1082.000000	13.7327053730496669	78.2552611476085644
 1083.000000	13.7833246851208973	150.9643110485955049
 1084.000000	16.6024937201295550	105.0877591889684339
 1085.000000	9.8813143547766575	110.9731200950664771
 1086.000000	14.8223590639626490	61.3134893021536129
 1087.000000	18.1839763396350342	35.8450316551976584
 1088.000000	7.2267238595309067	106.4358503384159178
 1089.000000	15.9148157696966930	155.7426394411245099
 1090.000000	12.7358351058158572	74.1835794016953116
 1091.000000	16.7278844968486879	91.3470237990702003
 1092.000000	14.9455836842358263	146.8057777714669498
 1093.000000	16.2093079474790329	128.2586747121493147
 1094.000000	16.5691501169511817	123.6607406947155852
 1095.000000	16.6537337895883155	107.1502040992793781
 1096.000000	17.8013270849145222	81.1635085743206162
 1097.000000	14.3348172558005622	133.1891173770370074
 1098.000000	11.2047134655487834	80.0462981769819493
 1099.000000	5.3962980041954429	160.5206115503551700
 1100.000000	3.0168427659306891	112.1247204656921497
 1101.000000	4.9077908281563261	122.0760633828746222
 1102.000000	10.5225917579803667	83.7878600636864661
 1103.000000	11.1966327296905366	132.0005574104595780
 1104.000000	11.4424668666575542	126.5039748644053503
 1105.000000	7.0217700372055418	128.1149574133989972
 1106.000000	11.6572301818533344	129.2267977055393260
 1107.000000	11.2788549940210530	79.1918448097582512
 1108.000000	10.2468901311895806	98.9798557916039812
 1109.000000	14.1390196824426262	69.4075504715375047
 1110.000000	12.4217596761270546	57.9067451769769406
 1111.000000	8.0005212602960203	40.5530971222104313
 1112.000000	10.3807797704184850	146.1465221879938099
 1113.000000	16.5010273131818224	100.1811378166751609
 1114.000000	12.6951405289505175	159.5135966857904748
 1115.000000	7.3682852327414281	56.6552347092580959
 1116.000000	14.6785937977531074	125.6219175565264834
 1117.000000	13.7065741175786133	143.4998248605380979
 1118.000000	10.8878281510390167	97.5017773272249997
 1119.000000	13.7453853164145006	117.6809726937547396
 1120.000000	8.5478126844533850	144.3437828611835698
 1121.000000	10.9120012781615738	60.0957775871077757
 1122.000000	9.6693855866277936	89.3377738006183790
 1123.000000	6.0648503309718063	97.3404298008758815
 1124.000000	9.5270978879346462	62.3617991138294627
 1125.000000	2.6687220984222302	7.5808550749524386
 1126.000000	2.8013587697063862	12.9194448714095813
 1127.000000	2.7035504592018871	110.9917370244986472
 1128.000000	2.7077412953230420	2.4651582492303419
 1129.000000	2.7991766804725455	134.1036957954297009
 1130.000000	3.0609610015676276	138.5165555701152584
 1131.000000	6.2844295030824382	116.9386104219355786
 1132.000000	3.3041664040506435	166.1385558660086872
 1133.000000	2.7420098007089946	20.8538810016862328
 1134.000000	2.8989221062440853	26.3638288126757061
 1135.000000	5.6788869070417167	26.2014690926307026
 1136.000000	10.5545028413633499	157.4410197585400795
 1137.000000	12.2872764423782019	112.3989605733140422
 1138.000000	16.4000228866253615	117.7804775336754943
 1139.000000	17.4424864625072757	122.0958668643906719
 1140.000000	7.8401879057843225	131.8874976639090164
 1141.000000	12.1617769185225253	162.3666990113618454
 1142.000000	6.5217983510547359	155.2079481011336100
 1143.000000	13.1766668921385151	108.6887205382919035
 1144.000000	13.5524139844636711	112.2597095934093403
 1145.000000	13.3620290397176404	91.1670466318667394
 1146.000000	14.4966637283017477	97.7581571104590665
 1147.000000	10.6416494029432798	170.1908366203578566
 1148.000000	14.5981145009177293	72.4476456699476472
 1149.000000	11.3815586293602760	44.7292100453518344
 1150.000000	12.1595818629649237	64.8590155446121344
 1151.000000	9.7330465949598981	83.3525221990249605
 1152.000000	11.9895911557924713	153.7504733977324065
 1153.000000	7.8511804750674496	160.2399667752056303
 1154.000000	9.5060274473902506	11.3535369487159414
 1155.000000	11.4905138145878940	111.9543424877481641
 1156.000000	9.1626265346344375	62.0300553558267183
 1157.000000	7.5513952633688355	111.2980513585368101
 1158.000000	7.9506028076692354	159.3435299297908045
 1159.000000	11.7195372260914983	149.1501691834754695
 1160.000000	7.6149230536342785	52.5194470923062084
 1161.000000	13.7825339327387564	86.6080638923855588
 1162.000000	12.4689881697686094	73.9483780909303050
 1163.000000	13.1177204495962592	75.9105993755625974
 1164.000000	12.7227414986516667	166.0356335452689791
 1165.000000	13.1948881699317617	87.2026891465800702
 1166.000000	17.1252535132436066	71.5795466033095096
 1167.000000	16.8561819337022243	36.4426075387240758
 1168.000000	9.7692243932426113	106.8903240237575147
 1169.000000	19.9764256000135418	166.3324497940122342
 1170.000000	17.4786725258229971	133.1129078361914821
 1171.000000	16.3516125498349822	130.5139713396357877
 1172.000000	15.6584717879662456	66.0982339680122237
 1173.000000	19.2795984914416394	105.2606132927494968
 1174.000000	20.1438697066956287	119.8635538308150217
 1175.000000	19.6409669220644645	163.6090988352623015
 1176.000000	18.6270774435925510	125.1571432103793882
 1177.000000	14.6924273193571526	162.2734686010410030
 1178.000000	11.9433574574782462	43.3696836675595137
 1179.000000	8.0236240983183560	134.8561977904351465
 1180.000000	7.2364243569306188	72.6039893745690819
 1181.000000	8.9576996120435552	93.6829802625229604
 1182.000000	13.9798076179474347	137.9699447191654542
 1183.000000	13.7099994764060185	79.0892288000787858
 1184.000000	18.0234630106758758	174.8830958948783518
 1185.000000	17.9489371007445122	139.5034740023137374
 1186.000000	18.3339755316648905	84.8729227319372086
 1187.000000	21.1982740532589062	141.7807826272275520
 1188.000000	16.8288740119462616	64.6342507436502132
 1189.000000	15.2862466596066842	133.5758458428660447
 1190.000000	17.2651533220645099	82.0166610524490238
 1191.000000	15.3125819813465824	29.8510492178822915
 1192.000000	18.7725274562660047	132.0613626502517377
 1193.000000	21.3053590323551489	145.3457366902568140
 1194.000000	17.7274325668802284	108.4530976399424844
 1195.000000	18.7821147686505192	102.0424873291152608
 1196.000000	19.8660264574804479	124.5310571735323890
 1197.000000	18.6986838379110978	124.6661413693729799
 1198.000000	13.4805254628493056	122.6708381133066581
 1199.000000	14.1253479547584391	105.7228592503498277
 1200.000000	10.8339527164886764	137.1128457300882246
 1201.000000	9.9787388314310039	93.2602779124321728
 1202.000000	8.2302550046355147	163.3470634646094197
 1203.000000	6.9556988268266773	101.8160428847101429
 1204.000000	9.2075991811949773	43.6913281133681437
 1205.000000	12.1765353229746704	83.7282794586740096
 1206.000000	16.6593878635663302	158.4661979216114958
 1207.000000	14.8532030989650430	95.8801873506117772
 1208.000000	20.6098261713918838	145.9687747103625384
 1209.000000	16.1024872612712002	88.0550368394416125
 1210.000000	16.5235141988431913	75.5260803999759815
 1211.000000	12.0923334369717210	165.9564379766225386
 1212.000000	17.2189866521893435	161.7549373168187685
 1213.000000	13.1106053394968711	82.2900156209721558
 1214.000000	17.3851011773747572	97.7753264021254722
 1215.000000	19.9271780287935556	146.1376211707927553
 1216.000000	15.4301378732172108	40.6373871423893149
 1217.000000	18.7339518916154653	129.1666368976712249
 1218.000000	17.4740609472224797	152.9604183651032372
 1219.000000	13.8624127447111007	99.9293370068398588
 1220.000000	18.1740927894833000	100.0984031040093640
 1221.000000	11.6158056501356128	81.4856558106566240
 1222.000000	13.0715690429489175	19.7597105150396430
 1223.000000	17.3055618998277367	124.0303220129001147
 1224.000000	20.5490370644121043	78.7667733452409493
 1225.000000	17.8704031313818490	73.2381218456705056
 1226.000000	13.6043034930090876	108.1703226047854116
 1227.000000	24.1488281080394422	60.8490725272829422
 1228.000000	17.2189199591854027	124.5625482065038057
 1229.000000	16.8350343988457283	115.0275315796763920
 1230.000000	16.1580690820752793	117.0863315279791266
 1231.000000	9.7410763134178460	38.3999629461788174
 1232.000000	17.2145570675667337	134.1017049713288714
 1233.000000	16.7689336027279197	133.2812045739380551
 1234.000000	18.3110070251488537	148.5644960471957461
 1235.000000	16.0401220673334173	162.5717350142668067
 1236.000000	16.5309593261197847	152.4384171018626546
 1237.000000	17.5181978026141856	97.7168411686674290
 1238.000000	16.1285398587383177	62.5551730561306840
 1239.000000	16.7185298232794466	52.4200025580501858
 1240.000000	14.6430050071276767	100.5474190524952292
 1241.000000	17.1049954211203534	101.7717032820282981
 1242.000000	14.7185508292108889	158.0140723204622191
 1243.000000	13.8219403136382297	60.1729057730391901
 1244.000000	16.5617596912822940	123.6746453534941566
 1245.000000	15.4718212734808436	165.5766887852496723
 1246.000000	15.5102111700665972	106.4010359536663373
 1247.000000	18.1578406216716601	115.7061579194339345
 1248.000000	14.9154416146749593	111.9030107413345974
 1249.000000	12.3466720158652894	43.9895639191502710
 1250.000000	12.4707755166004173	75.4603344657605248
 1251.000000	18.5876216129259184	162.1451213114663972
 1252.000000	18.6773920087608829	112.1482155177767766
 1253.000000	18.5724985825428774	110.2338221722321947
 1254.000000	16.5407819881144356	79.7714542856478346
 1255.000000	13.1847926528990893	101.8544262795021638
 1256.000000	15.7093950443226440	88.8074427508631601
 1257.000000	19.0468113769424470	85.9012323808899225
 1258.000000	18.0562178891789600	71.4654781308963862
 1259.000000	15.5351298308570183	78.1187501069697561
 1260.000000	16.4426376193090675	107.9985332513109881
 1261.000000	13.2903352613510179	77.5320408048475542
 1262.000000	15.3135251995754498	57.3215148621369082
 1263.000000	16.3039942704469674	116.0131663999883216
 1264.000000	16.9187204587520199	70.6182508386157792
 1265.000000	18.9784456550623268	112.9355516641932837
 1266.000000	18.3920683944859960	161.0870282150086439
 1267.000000	17.2226227367109956	96.4135593011031915
 1268.000000	10.9445833011759870	73.4563701237227207
 1269.000000	12.1397123005483465	74.4065630147976833
 1270.000000	18.1280217790533804	123.6213742339588180
 1271.000000	11.7958029782502667	57.6104342428363623
 1272.000000	16.2042628023020931	161.7645277720253034
 1273.000000	16.1846193073599167	141.8551929206823274
 1274.000000	13.8607695383464815	93.6029410584832249
 1275.000000	20.9695252046768594	131.7453438631962115
 1276.000000	13.6505791172967239	82.2649523822073832
 1277.000000	11.1413717421615406	49.1354768456943418
 1278.000000	19.8859947598560822	121.6385065102834915
 1279.000000	19.7596287495605303	43.5100450918780268
 1280.000000	16.4487352421929991	88.0690718211104269
 1281.000000	16.2937675104036508	77.2990196633812872
 1282.000000	10.5876103751904438	97.3532222452600848
 1283.000000	13.1267173238333896	126.5705039772054477
 1284.000000	15.2031434766415341	90.2939162867873506
 1285.000000	18.1052259162281537	91.7572891344331509
 1286.000000	18.0830592022005838	78.2291761264911969
 1287.000000	16.7599390707963209	50.4801183468980241
 1288.000000	13.8759090975303359	95.6234461323138163
 1289.000000	16.4581895925198260	107.8478550001203615
 1290.000000	15.5921061214634857	124.7094493004180009
 1291.000000	16.2335961144560734	154.6596365596348619
 1292.000000	16.4562433028782564	49.8425941005162656
 1293.000000	20.0676234461332257	88.5741711050792446
 1294.000000	21.2544166265009054	146.2379082201092615
 1295.000000	19.3631266417976633	62.2093567917433319
 1296.000000	13.9580089035245773	38.6841734891186775
 1297.000000	15.8725599049720252	131.8970224138522553
 1298.000000	15.6096884903286668	117.8424143904506423
 1299.000000	12.4765843235019958	99.4924732460948746
 1300.000000	17.3868866881957373	85.7921801086871625
 1301.000000	18.4757578299508083	76.7422754394334703
 1302.000000	18.4694795105329739	167.4440853935057874
 1303.000000	17.0906904354929416	132.1754539388997216
 1304.000000	14.8168191295981035	108.7881763489413487
 1305.000000	10.7656173255942722	34.1130775960558026
 1306.000000	14.4458762804991796	67.0493803692762782
 1307.000000	17.4488151007011929	114.8898528511228676
 1308.000000	13.7076404807376431	160.3167514585108506
 1309.000000	9.9069161799532051	55.1172527129117213
 1310.000000	19.1849532169591690	60.7101658862873421
 1311.000000	15.8148808206606919	51.2100913671462479
 1312.000000	16.1602288443014643	31.2536873076794564
 1313.000000	20.0638758590701336	143.7848156565783881
 1314.000000	18.5226191337589121	52.7071006424532840
 1315.000000	19.7228863235149952	154.6903225153570816
 1316.000000	19.2142081470857100	106.5098548395910427
 1317.000000	16.6308314830541804	118.2341628640400870
 1318.000000	14.2147642884008025	107.8674054609448660
 1319.000000	10.3437500878835440	145.8238476330237461
 1320.000000	14.9501824106664163	132.2372759208594175
 1321.000000	13.4729068530365872	161.2772445963843779
 1322.000000	15.6698281382140969	135.9251394687740913
 1323.000000	13.0979590077086119	123.5325519335099216
 1324.000000	8.8156347772133863	84.8411115227894896
 1325.000000	6.8276334952978770	154.4084077102275216
 1326.000000	8.4028112102647885	109.7850996121226359
 1327.000000	14.9432529025209337	81.3180795094890954
 1328.000000	16.9701382062453021	100.4400970759016616
 1329.000000	13.0132619740783539	157.4821317053772702
 1330.000000	15.4060729939297403	158.8521457677478566
 1331.000000	19.5707159203457834	92.4216911002670685
 1332.000000	19.9993604229148119	154.1635510809402376
 1333.000000	9.1207042550235915	95.8363035696767298
 1334.000000	11.3486137557417628	61.1402635750495449
 1335.000000	13.9192443079658865	93.0679353470424360
 1336.000000	13.2965368785880820	153.8525239216298246
 1337.000000	7.9120677072532200	40.2325619463108524
 1338.000000	19.0826175625754679	60.4058793595441301
 1339.000000	18.0117885892793161	118.6556027758428513
 1340.000000	18.0469208935623691	116.5279280668613637
 1341.000000	16.0507689213774150	89.1013395492620077
 1342.000000	12.1145744545579905	51.1944650519108961
 1343.000000	9.7846517156903428	119.8381073330487823
 1344.000000	11.4855862107739988	123.8965763073176447
 1345.000000	12.1822129635158980	89.2226547652500415
 1346.000000	15.4878106892067198	82.4198758230841406
 1347.000000	16.7946927038197771	147.8501132829826474
 1348.000000	19.8696990819357602	73.6060953442895567
 1349.000000	5.1443909333075446	48.5913139249647372
 1350.000000	17.7286202106924797	96.0438748371995672
 1351.000000	18.2735353325118055	87.4799362286360491
 1352.000000	14.9709797163025637	115.7938956463701459
 1353.000000	17.9886186807255122	142.2612650501586415
 1354.000000	15.2581659720961991	97.3424489971743725
 1355.000000	12.9090739471010298	99.4119130089608518
 1356.000000	17.2079577314647985	93.2267786902506543
 1357.000000	16.8486446656747262	55.2619308543771552
 1358.000000	17.9897649146890508	78.7253069921052031
 1359.000000	18.4935895485986279	92.1505221500647451
 1360.000000	15.8635030003455082	130.6404642755486805
 1361.000000	17.3631641624098947	72.0098684096272166
 1362.000000	19.3548117121169909	101.8450062336630282
 1363.000000	18.2855550129076612	132.3347096963420313
 1364.000000	17.2127645317237210	119.3685821868106700
 1365.000000	19.4667712156462329	129.1095729609415059
 1366.000000	18.7632721325180505	143.2636217851061531
 1367.000000	17.0706279488748685	143.0322307308693155
 1368.000000	17.3244706785727409	111.9573912861231406
 1369.000000	18.1703497970058017	148.5193119185807973
 1370.000000	15.4644097215645751	159.0343287834994612
 1371.000000	15.2479891512738490	63.9062887516528093
 1372.000000	13.9647345242043155	59.6365446751034227
 1373.000000	16.2512544428215264	101.2070189400259608
 1374.000000	7.2227230645341178	106.9360968131836813
 1375.000000	16.2504028168703840	87.7396967063877042
 1376.000000	11.4810551419589419	123.0557141458190245
 1377.000000	17.7020376337863006	134.2655640139989544
 1378.000000	17.7817488624036955	145.7501384123870594
 1379.000000	19.2536302758134035	107.1000351299245779
 1380.000000	18.7357770045535084	90.1449704927381674
 1381.000000	17.5106393125179842	112.1795026057433518
 1382.000000	18.7752022852747373	129.8275895862063578
 1383.000000	18.7899279195531577	78.1312737519406397
 1384.000000	19.1078236703290010	79.4953399976760551
 1385.000000	17.9084851763177610	60.2043576117659001
 1386.000000	17.1520158004232037	42.7221303484766111
 1387.000000	18.0739093139078122	139.2510417833925089
 1388.000000	19.0093564021558166	94.0193107394829894
 1389.000000	19.0907919501572287	107.3907152942488636
 1390.000000	17.5533046848916356	83.0671549334032591
 1391.000000	17.3411387773854209	120.1088581109048903
 1392.000000	16.7694886128986624	117.6982486551643206
 1393.000000	15.2632761781010018	88.8456022809594543
 1394.000000	17.4577693658483035	124.0069915932585616
 1395.000000	20.7612912778415719	115.2854858854439044
 1396.000000	16.7726471963014916	36.2770065224534335
 1397.000000	16.9663320909433750	75.9849625928961814
 1398.000000	18.0991691814507618	174.8868603770343100
 1399.000000	17.3661760721089067	83.5252291432794891
 1400.000000	17.6729029637824517	98.2908041500841563
 1401.000000	20.6866920249011166	140.9646361378784150
 1402.000000	19.5845273904129122	95.9777177704089155
 1403.000000	17.2207606600041352	108.4265607285677362
 1404.000000	15.7805523524718545	41.4842476750250171
 1405.000000	19.7120567517415921	101.0070861878767516
 1406.000000	17.2423965109012585	154.6026829626624135
 1407.000000	17.8162037202691437	60.4427696876345664
 1408.000000	18.9152058143563835	96.8292378399053462
 1409.000000	17.0867269552340915	98.7110372709474291
 1410.000000	16.9362842905310984	146.2114213568806917
 1411.000000	17.8253976498071012	89.4832238061086684
 1412.000000	19.8412506040739558	118.2347132599597614
 1413.000000	16.9256082287614227	153.1576383492275397
 1414.000000	18.7978475105385208	104.8466532029652427
 1415.000000	16.6536583443568844	148.0796115754643267
 1416.000000	12.1064000198831625	170.4636962516803749
 1417.000000	7.2911594434074471	123.6340089805564730
 1418.000000	10.9533647917199932	119.5047586846421837
 1419.000000	13.5192831622469392	153.6878044952487699
 1420.000000	11.1449115749924985	29.4389834643363315
 1421.000000	15.0132754816084599	138.4149941998284135
 1422.000000	15.0798534879171875	86.1710581742030683
 1423.000000	9.2176818247615699	133.7749641482035372
 1424.000000	17.3126241981199129	159.7501936018907145
 1425.000000	16.8027397724902094	139.8980706031070724
 1426.000000	16.6090628952640316	59.9038598063179251
 1427.000000	14.2203780807055491	76.2445072646496982
 1428.000000	8.5085416720119760	143.8856029731872752
 1429.000000	7.1316792390995598	119.2406988346140793
 1430.000000	7.0052377367503311	140.6144667044542871
 1431.000000	13.9153062901651854	172.8312341397196974
 1432.000000	15.9504490095724538	175.5679289520412567
 1433.000000	18.1267349884854987	102.2649533295345918
 1434.000000	16.8300097951091416	87.7985014077034833
 1435.000000	16.3590306920255344	37.4447177102549063
 1436.000000	18.1271515410774526	110.4681817221512858
 1437.000000	19.0237858237394803	110.1371565453487165
 1438.000000	20.3062036659393925	84.6372938762276874
 1439.000000	17.3251562239513497	114.1670698592820798
 1440.000000	14.9757964575893396	171.6212081672149168
 1441.000000	16.8043177196667557	127.1594980429001964
 1442.000000	13.1592295204779468	43.8166669902475121
 1443.000000	10.0121325933850969	55.8495495985307286
 1444.000000	11.9108366174889166	129.6934516745218104
 1445.000000	17.5005144660780623	144.8258068937366829
 1446.000000	13.3003340381406652	79.1252323435471965
 1447.000000	15.3769673463864933	136.4331421367948565
 1448.000000	9.2299983681010023	14.1465833107562560
 1449.000000	17.4623007076250474	82.2380335170548449
 1450.000000	19.2989557173787212	123.7988387349677453
 1451.000000	17.5183217210877444	53.4212638705548244
 1452.000000	18.7295386716431160	88.4658833634480004
 1453.000000	18.7079413279806595	77.4448093075608170
 1454.000000	10.6945206608920600	38.9988993332118241
 1455.000000	8.6264062247428708	119.8047373913504288
 1456.000000	8.0006261879485123	107.5472635494483171
 1457.000000	8.8402785840468763	30.0676597370660375
 1458.000000	9.7658472057962395	94.5648351889982877
 1459.000000	10.4961267522810502	56.5964585974445100
 1460.000000	20.1007788113526900	84.2702649145814746
 1461.000000	16.6614547303543432	111.0627435126158105
 1462.000000	18.7887796792624933	133.5349521183805450
 1463.000000	15.2660918584308050	115.4276035546497354
 1464.000000	14.6639191018486290	170.1891565609007841
 1465.000000	18.9522158287527773	133.6877811827544065
 1466.000000	19.9908920461283444	136.9559961137153437
 1467.000000	18.5185829108585018	85.8130191731655856
 1468.000000	17.6715610966643695	24.0599114148590445
 1469.000000	18.4317924337549819	95.6769954985697524
 1470.000000	18.0792959747605373	114.3782150912962976
 1471.000000	19.6764919915439798	88.6822368039870526
 1472.000000	19.0850839434466160	95.0732578450898842
 1473.000000	20.0949871242277069	51.0818205215580008
 1474.000000	18.4940219503475092	65.0701041988309754
 1475.000000	17.5143967271629286	50.3054705084936131
 1476.000000	14.9774049955470492	131.5298118991690899
 1477.000000	17.3704351469565381	72.0294455195436569
 1478.000000	17.3113346557108621	81.1371497945344942
 1479.000000	12.3233547393387077	101.7958160784280324
 1480.000000	10.5746447033725044	50.8292818990005912
 1481.000000	8.2852273073676841	27.1536642846067764
 1482.000000	17.1709475108024954	147.8637098370342358
 1483.000000	17.2812880276419527	124.7245760163425814
 1484.000000	14.3023976317599040	145.7618166272164331
 1485.000000	19.2427870227181934	141.8038313309459113
 1486.000000	21.4134741032801159	110.5534089820700245
 1487.000000	18.8374313153546957	140.6565913434963591
 1488.000000	16.2263227890450459	54.2177580677153799
 1489.000000	18.8221473275044602	116.7413832608015980
 1490.000000	15.9794320332045370	50.1660052577111060
 1491.000000	20.0839371543954108	152.3499009479502035
 1492.000000	16.8709767458026221	123.1163786945166407
 1493.000000	18.4071491141155263	97.4963291127569818
 1494.000000	12.5147566849722836	101.3957991887912016
 1495.000000	14.9901691890653535	38.0553497746064409
 1496.000000	18.3198597594060217	154.4984601649538831
 1497.000000	11.5920967185598389	51.6282612427245908
 1498.000000	14.1516685863133453	111.0032022794638067
 1499.000000	11.7556415334087561	127.7165466778717047
