 0.000000	5.5489680219701016	81.4365121326587342
 1.000000	9.2516483713913384	37.6485486656934256
 2.000000	8.0104907254446722	12.1142586329287667
 3.000000	12.2118259960978595	69.0032871936350176
 4.000000	8.5686287362954943	52.3346965704695748
 5.000000	8.8820572954881900	116.6737351636601545
 6.000000	11.3346161717115628	96.4438733461847875
 7.000000	11.3149373356096241	61.4399996353312901
 8.000000	8.6829434379264399	63.4368396258187062
 9.000000	10.0695374027601598	29.5875816360942565
 10.000000	5.5591873057070798	76.6904407755845483
 11.000000	12.7048293190401722	39.2160362326031020
 12.000000	8.0348218418562087	49.7528224629546401
 13.000000	8.6186871007563788	59.9246198453137566
 14.000000	6.7953959486329598	63.2313884929428696
 15.000000	7.6904949233407063	89.4710643016146463
 16.000000	8.8606941251822455	84.9869821590459367
 17.000000	8.9328376240299416	109.3533380081800601
 18.000000	5.3823971118362852	25.9116636012569757
 19.000000	7.4655497278892762	31.9172063766303893
 20.000000	8.7089783640429825	54.7825580315579117
 21.000000	7.3654021917765418	27.2103468547762759
 22.000000	10.0895255176797605	47.6484554536713460
 23.000000	11.3495189765739628	58.2716460287028042
 24.000000	6.6128589823239476	93.1005723277807959
 25.000000	10.0441118873496276	23.4302162254308257
 26.000000	7.2503914970517904	25.9857469464799919
 27.000000	11.7536573678911296	53.5797445765041402
 28.000000	9.9980900284027907	136.5145036128452034
 29.000000	9.1215492911443299	8.8118628789132174
 30.000000	10.1284668792420831	129.2962722743598079
 31.000000	7.9986131241892267	19.9708125165146271
 32.000000	8.8576629154233117	33.5714317498590162
 33.000000	7.3541141780888948	23.1596168732441186
 34.000000	8.4458211434300541	53.5844854264268378
 35.000000	8.3543612533418372	31.3830876530294915
 36.000000	10.1235244932392163	24.0126072372198394
 37.000000	3.9626183974759948	103.0586907044145448
 38.000000	8.8820283845590602	20.8896468925288730
 39.000000	6.2973522685901653	115.6065056114697853
 40.000000	9.5983902935208771	68.6124881365142443
 41.000000	4.9835090916652351	137.8265358257578157
 42.000000	9.8658917465947269	31.8062136279877734
 43.000000	9.2260765648156884	60.2092247866345360
 44.000000	9.2857609152994698	38.2224010018684908
 45.000000	9.0267857531803131	69.6019753146150464
 46.000000	8.1124385380406210	50.5727148338101244
 47.000000	11.0072425578958004	112.0820486984538888
 48.000000	11.4016855313787016	27.4395179247928525
 49.000000	9.6754391836642970	17.3103737763570962
 50.000000	10.9267478425871580	35.3178627096336299
 51.000000	9.1839179216659126	59.4614286590965122
 52.000000	7.7739733423270483	42.2508034763090166
 53.000000	11.3267206856328357	91.6128329195294242
 54.000000	16.5486520117758822	175.6880450311519155
 55.000000	7.8167404442772481	77.8076032755980549
 56.000000	8.0238991258307610	44.2034958192442105
 57.000000	13.6365668374462317	121.4943842626195476
 58.000000	10.6641657627651494	132.4848260116298206
 59.000000	10.4630336459218753	146.8122923318940991
 60.000000	11.2036497450744008	143.5307682649197716
 61.000000	10.8561079713323601	141.3645306424353407
 62.000000	13.8375872634378165	143.5473719365092222
 63.000000	12.2042233593664928	115.1096423037491689
 64.000000	8.7298140170522789	82.0372274958706384
 65.000000	12.5974010873274427	146.8591747761448119
 66.000000	10.9231813998987466	88.4854856494533948
 67.000000	7.6119344906610635	101.9022359216511546
 68.000000	9.8573735343197253	90.2552077527806489
 69.000000	10.4158137327389184	132.6780605770729835
 70.000000	11.4891213473217579	123.0327660230469178
 71.000000	11.8753012608923019	132.0181595842107072
 72.000000	10.2971509779028043	148.9277775015539476
 73.000000	11.4914091536668614	18.2880170448148363
 74.000000	12.6659140704818771	140.1061082468806944
 75.000000	15.0609819157134925	22.8921806075910013
 76.000000	13.0569853503324929	99.4856884900602978
 77.000000	10.8750884550011531	95.1139366181536872
 78.000000	10.1829644940616877	11.7549793681824895
 79.000000	11.2242364509172941	31.3225899229190929
 80.000000	13.8313096952292192	96.2364332845809258
 81.000000	13.8569664132355168	16.7097216819103949
 82.000000	13.2190331713339742	92.2792142295598836
 83.000000	11.1209053436681629	87.3059575379399320
 84.000000	9.0149484033936798	105.8168673798906099
 85.000000	10.1806161844453253	126.9979551883120052
 86.000000	11.2216194077438889	107.6893734348878269
 87.000000	14.1730058125007528	106.8114535107431635
 88.000000	12.1925156525122311	27.7893529853911900
 89.000000	11.8637871258702727	23.8268625858306677
 90.000000	12.0612857596006542	113.3169899146340498
 91.000000	11.0125574244879036	77.9780488333013722
 92.000000	11.6531025675875615	25.4005651292105483
 93.000000	10.1943594971578779	34.4190113196468701
 94.000000	11.6121339512843829	31.4212956909443335
 95.000000	11.6410731809231471	13.1999033656233848
 96.000000	11.0413122162675563	9.7481493247669562
 97.000000	11.6993256302634343	150.0858589394729279
 98.000000	10.4225886976595952	42.1972192548060150
 99.000000	8.7077183732016312	45.7406783758311235
 100.000000	10.1418579919173357	37.3940092130284256
 101.000000	13.2580668634564347	33.9522387190124277
 102.000000	13.3057543469842958	19.5915147458684658
 103.000000	13.7594550115334062	37.6098193778570646
 104.000000	13.3635066592541580	85.3296855550739650
 105.000000	14.4635910604900175	106.3864037529056077
 106.000000	12.0590078456334950	110.0403569850359702
 107.000000	9.9276409031010129	19.6793101456255215
 108.000000	11.6420204595464565	38.4950527257896056
 109.000000	7.7040135901038536	65.5261772805838092
 110.000000	9.8889028409551436	43.1542695591151073
 111.000000	10.3084438627121937	63.5997200608670141
 112.000000	8.4029723355005626	119.9681934764298603
 113.000000	9.4124189516884513	65.8858193280953088
 114.000000	6.8581670619555082	22.4018661006789159
 115.000000	8.0070438835277038	35.0299985798127977
 116.000000	8.2477859288840367	35.9655397121475744
 117.000000	6.9012044223254998	6.8188356857140207
 118.000000	8.3508840200554122	35.5047753235386949
 119.000000	9.1248347571970463	31.1648775792623098
 120.000000	7.1878246644734372	33.9426797134500191
 121.000000	10.3205991718364523	85.6645529049883692
 122.000000	7.8202209172070924	20.7381918300135624
 123.000000	11.1720103356958589	51.7070270497986257
 124.000000	10.5106636442534906	63.6053166559989052
 125.000000	14.7144484689520176	103.8160161051150538
 126.000000	11.2981083245140201	46.5344624887929683
 127.000000	12.0174900625866012	19.2218736579597476
 128.000000	9.6450764539274143	56.6018083540662360
 129.000000	11.2618303262832722	7.9251649745109773
 130.000000	9.4028449807535068	92.8941658821124605
 131.000000	13.4712870921422159	25.2298096055959320
 132.000000	12.6274855669696819	37.1159120044710562
 133.000000	10.8915504546475130	22.5530828374569978
 134.000000	11.5391819616385902	36.8276444674791890
 135.000000	13.2874281818472113	39.1101715447896083
 136.000000	11.8260426778295180	37.8664469331822033
 137.000000	15.2496730134904492	96.8611898919714918
 138.000000	11.8716897378164106	79.9534754095098208
 139.000000	15.5059559829105549	101.9222937448992923
 140.000000	11.2364469384783714	16.5456661083067047
 141.000000	11.7998518385258038	26.1355318901206601
 142.000000	11.5987475372192730	101.8578963983431152
 143.000000	14.0534377943686515	42.8383661793738213
 144.000000	14.3124029041336254	30.6300742970935289
 145.000000	10.2676263760078452	69.1187839681040543
 146.000000	10.4873410404008673	39.2034905652857901
 147.000000	12.1736750763678696	122.3826358078026146
 148.000000	9.5968238532596644	36.6657872489330430
 149.000000	5.3680334017521805	29.8070642566560196
 150.000000	8.3537266166887090	31.9245853737580489
 151.000000	6.7076484392598337	78.9358269804499457
 152.000000	10.5461672649530325	39.7811713449486888
 153.000000	9.3070783203058589	66.3396112670337175
 154.000000	7.8093449667451820	50.0508447051934695
 155.000000	7.4922683417671729	68.3331457462227405
 156.000000	11.3950021795363128	65.2929195485681078
 157.000000	9.0654637992013551	6.5146560789315231
 158.000000	10.4721279974731090	123.6821866962720833
 159.000000	7.9393737972110818	20.2731616193803461
 160.000000	9.3162400911433210	16.7472079057179144
 161.000000	10.8063859651373058	70.4846831544297885
 162.000000	9.5026989996623623	30.5825092179666740
 163.000000	12.3013017360638877	29.5351914356549514
 164.000000	8.9632848000371723	47.8942821263198937
 165.000000	15.3913811981432200	12.1339676166612946
 166.000000	11.1676431109782381	25.7770830473634760
 167.000000	9.7353338797803186	159.2675321976209659
 168.000000	9.6392580894138007	92.4329528123691517
 169.000000	10.2536196020962400	81.7776166063967622
 170.000000	11.8565871338325568	74.2134737852518924
 171.000000	12.1194675333792006	50.2615734589644489
 172.000000	11.7376464200067723	79.0626380687833006
 173.000000	10.7472289681498747	74.4505056433797421
 174.000000	9.2058602954395337	81.4025171105496810
 175.000000	11.6695641635489764	48.0075435811510260
 176.000000	7.7443879994520515	43.6770128079368760
 177.000000	8.1809801097504309	55.1936303799446932
 178.000000	8.9955392294161687	87.4536426116071652
 179.000000	7.1063894809633537	40.7779591505365602
 180.000000	8.0462104369610010	46.6889050089887974
 181.000000	10.8507878384813790	14.7456147134655282
 182.000000	12.3353297414604679	40.9701600697968047
 183.000000	13.0428025582374278	137.2622896594151598
 184.000000	9.4629200350778149	51.2553095102339284
 185.000000	10.6981298735139259	10.4779210096599513
 186.000000	17.4384643101467063	75.2084263863005873
 187.000000	10.8805925208719199	55.1399246056968764
 188.000000	8.7915480285007490	102.2215536553531052
 189.000000	14.6638977665479224	100.1047062331513615
 190.000000	11.8871693544351160	28.0187552773085429
 191.000000	7.2109847361723585	111.3616294537741140
 192.000000	9.2362941161966461	47.2405651753961138
 193.000000	13.8930241817888760	17.5493490213911798
 194.000000	7.9836572778151229	117.4511217956026314
 195.000000	9.5391941228147061	43.6794553325914023
 196.000000	13.4865722116473030	38.5572708654784151
 197.000000	11.2243278871420085	27.0678681469279923
 198.000000	8.7170703554361655	45.4426452718871303
 199.000000	11.1206015278637356	38.0612133809384545
 200.000000	10.1630953745293677	81.9772808640180415
 201.000000	11.1283204964921438	60.6502952972700768
 202.000000	8.6252118436068574	69.0031573329047347
 203.000000	10.2330101333371353	49.0224425084004736
 204.000000	15.5025797784771928	101.3143452733081205
 205.000000	12.3301580062622289	29.0967620878022046
 206.000000	10.5021383304966083	52.5324625060454622
 207.000000	9.2245145772920338	73.0684106777155336
 208.000000	10.4068303372232549	87.0455684582824318
 209.000000	10.1733947010237120	62.1259583862382954
 210.000000	7.0659750129658985	47.7812500670532359
 211.000000	7.6162825802513154	49.5491941499622612
 212.000000	6.5117115020660217	67.0556006272846901
 213.000000	10.4684925314857953	41.0831083715553689
 214.000000	11.2798187367524285	21.6450751658059346
 215.000000	11.6074798478096888	42.5123392197091050
 216.000000	11.2751065156151000	31.8703091502022744
 217.000000	10.2269022071220093	26.8573941378458869
 218.000000	11.7484182148679732	46.8179522789490932
 219.000000	12.2177863687772064	43.4453643084081875
 220.000000	9.4628955773534926	37.9661472076836048
 221.000000	10.1664323855326799	106.2806428350084502
 222.000000	10.8205310524410052	96.6966181689937230
 223.000000	12.3764942433501517	98.3727432473291827
 224.000000	11.8420095173176474	112.2426080034519629
 225.000000	10.1592596564785946	149.1295746796634774
 226.000000	11.8348845713540136	103.0300000187834542
 227.000000	9.9358964666880869	40.7237859209522526
 228.000000	9.9228156690577460	18.7179267641372462
 229.000000	11.2031417537072482	35.6220120118099146
 230.000000	9.0570896718056524	69.0649353737425713
 231.000000	10.0508332954001229	54.2856584117546817
 232.000000	11.8888787910342995	89.0480179167130927
 233.000000	10.6385644069996985	24.9910464359146829
 234.000000	10.7297569297322628	155.0785697265680483
 235.000000	8.5086017856733136	17.8500862587108600
 236.000000	9.4781156607061625	117.6732501754873113
 237.000000	8.9406336717577037	37.8884646710850745
 238.000000	11.5934660419436710	126.4361517289480616
 239.000000	10.0617687159182427	67.7469308605763416
 240.000000	9.4710018467592825	137.5724512081335718
 241.000000	5.9467293249918010	94.6872672670025679
 242.000000	8.9421446384581227	44.5167388324518924
 243.000000	12.4857569952142100	121.2812594562338973
 244.000000	12.7402916406494136	98.4570183883719494
 245.000000	11.5334384038402185	123.9931576115394876
 246.000000	10.2855507736010399	49.6465524454875720
 247.000000	11.3464432395512489	89.3130099355933424
 248.000000	13.6645859202975526	128.5834537988261275
 249.000000	14.3682010504818667	93.0666843655111080
 250.000000	11.3111896359006625	98.1728676038584780
 251.000000	8.9333467618313023	6.7602423328807504
 252.000000	10.2158042803706834	18.8620861297617353
 253.000000	10.7210326447236373	23.1195438883314353
 254.000000	7.2528582127711276	90.5528428293137466
 255.000000	6.7549678391800700	19.5126012083654530
 256.000000	8.3133438521533911	14.1468881840452809
 257.000000	10.3947671418555334	116.5830738499339816
 258.000000	5.5074688162102516	46.7338893090193608
 259.000000	10.6854211542925537	117.7285098811830579
 260.000000	12.0488077113936960	95.8580101791592227
 261.000000	8.6723439333909553	168.5531267036236045
 262.000000	11.5962632072614742	22.5974560508776108
 263.000000	9.3238267897804086	110.5644042944988144
 264.000000	9.6326647350834609	70.9706632160883117
 265.000000	13.1617731010380119	96.8445271073348408
 266.000000	10.8776541660125101	88.7827934685061564
 267.000000	8.3627115415505138	26.5881036170561345
 268.000000	8.8659084386051283	154.1620830424709254
 269.000000	12.9885775003741255	26.6924325219353875
 270.000000	10.5582769301972164	25.1615074651484179
 271.000000	9.3017536874524804	35.8102455189483351
 272.000000	10.7961229536578056	130.2242700472934871
 273.000000	11.9011355621376484	102.9872835117667762
 274.000000	8.9186691569005276	31.3468701090428397
 275.000000	9.9854300418700195	29.9310689525360942
 276.000000	8.1635183372775568	135.4056856672447111
 277.000000	7.8664723823609313	93.9415682309934965
 278.000000	4.4623241626726005	48.0584113274468336
 279.000000	8.5402136673650997	107.7301740916045532
 280.000000	5.8003927167962743	16.4937812597855498
 281.000000	7.4635416358360764	21.5145012304302554
 282.000000	5.8134422426740233	42.2595540390068152
 283.000000	5.8159010051515940	139.6820825141649607
 284.000000	5.6007304261890418	13.4458569438862128
 285.000000	8.1352712996048790	105.9656773766595705
 286.000000	7.0999427885340589	109.2818403694727323
 287.000000	5.4151983792767098	106.8104577104727468
 288.000000	6.0639562818689772	93.6442196482593516
 289.000000	10.1463777813312479	124.5858870728125396
 290.000000	9.5119702006063296	46.2281212752458259
 291.000000	11.0884813798659732	109.6510459898416343
 292.000000	9.1187386349093345	115.0136219066738192
 293.000000	8.6617287784638251	40.5114615780964300
 294.000000	10.9430340916329865	46.7457452533689661
 295.000000	12.2623218319975642	30.0943649628315200
 296.000000	10.6006116480679040	100.1289962597937944
 297.000000	8.5276285036011021	64.4592983016316339
 298.000000	10.3951542818677680	42.5108357861927004
 299.000000	5.7952655413859171	19.6432286994049434
 300.000000	10.0577710179932946	121.1243260858041708
 301.000000	10.4625597102132240	30.7691998382569807
 302.000000	7.3229844415852838	167.8327813351123723
 303.000000	5.0631393047269189	82.7589159866483470
 304.000000	10.0116348576860315	112.3892341701582893
 305.000000	10.5264344506547989	99.3666289722197149
 306.000000	10.0515649148577690	18.8493234275012753
 307.000000	11.3311825518685740	102.0589325959952305
 308.000000	6.1865919255230803	90.3642152503030331
 309.000000	8.6943140340646821	18.5841937928820187
 310.000000	7.5875172449794963	61.6108635758322123
 311.000000	8.6849500233301029	25.7561467623227145
 312.000000	7.0893801374324159	124.4347003692532496
 313.000000	9.4816202655946036	92.3435240951904177
 314.000000	3.1537015288001800	127.7792579185302770
 315.000000	3.0827653774662531	100.7044565856927392
 316.000000	9.7725604302390909	132.0924288556480235
 317.000000	6.2187220923515749	92.5508001452234481
 318.000000	10.3921324271186855	24.0111816392573019
 319.000000	9.3571610251552357	93.5741452232146287
 320.000000	8.9191871126624491	24.4832669611192273
 321.000000	7.8368982245255596	31.6031751523119908
 322.000000	5.8124505900496004	57.2263736190389807
 323.000000	7.3933081561485592	87.0741767816053311
 324.000000	6.3867543632365020	55.2951884564129301
 325.000000	11.1974234875394068	104.5685115669264178
 326.000000	8.8131514514555853	29.0233687181628852
 327.000000	10.2226125524987381	134.5986341891297684
 328.000000	10.4980388428810141	28.3257280007693453
 329.000000	8.4369122430219008	11.7859194868855184
 330.000000	13.0917247311827687	34.2644195227763078
 331.000000	9.0056484743806280	96.5468495774333348
 332.000000	8.1817305353637835	93.0044736673824559
 333.000000	8.0993541768589399	86.1144604626187231
 334.000000	7.8220370236854624	34.5175558179668087
 335.000000	6.8523405261053778	129.7410661445999835
 336.000000	12.4747105790462012	158.9678293827816447
 337.000000	9.9584269229880356	123.6309384730168688
 338.000000	10.9834084509619814	132.7673590194128224
 339.000000	11.4708874897979332	75.1734607708391991
 340.000000	9.8846454614664019	51.0065887011158452
 341.000000	7.5225601023630926	54.4951064628696713
 342.000000	6.7616363921793887	78.5284520941803805
 343.000000	8.5602679549044502	68.3203833745418194
 344.000000	7.4192978645823118	137.9549720070197338
 345.000000	10.9472415263870673	140.4506088303875515
 346.000000	10.0342706555891894	76.9163869195313765
 347.000000	5.7677918625010118	61.5164390862886279
 348.000000	13.7084985451436570	133.8884742115161544
 349.000000	11.1352563826118249	127.6903753813729452
 350.000000	10.5291949014521382	169.3502987941327262
 351.000000	7.6657234736032498	59.2162558939369035
 352.000000	4.3249920097868992	73.7577282640314422
 353.000000	5.6802059495323878	132.8246233077771308
 354.000000	5.4194509686627166	125.9270280150366972
 355.000000	8.2067625077495094	151.5547046365602739
 356.000000	6.3835233072823696	77.3365128621913840
 357.000000	6.4364043734883678	58.2426527558563407
 358.000000	11.7237922555139065	145.6631147623047582
 359.000000	9.4368774015538168	148.8308375471965519
 360.000000	8.8808623184444073	125.1020859743831721
 361.000000	8.9345579885336939	77.3963913209619250
 362.000000	9.1449382439693920	144.5087766870571215
 363.000000	10.5632391258318332	128.3949868802432661
 364.000000	11.5772074053225342	132.8549583119993827
 365.000000	12.0068666511325794	163.1860779556903367
 366.000000	10.8114863896073885	128.4500638014644665
 367.000000	9.0608739907380862	154.2326550708637569
 368.000000	12.6360576689801292	154.2043849899347663
 369.000000	13.1938804624284849	130.0318334938151565
 370.000000	8.4796727011667894	175.5147303689845728
 371.000000	8.7620424111796691	135.5933521901654046
 372.000000	3.2119863906246153	69.0379170284268469
 373.000000	6.3610264457720671	65.7937480240855450
 374.000000	14.9985978521952301	129.1938392593343679
 375.000000	9.4110197134743370	121.4809641104272799
 376.000000	7.7148267203508780	88.0312587487988196
 377.000000	10.2168675146114918	137.5745985629274628
 378.000000	6.9275500020855025	78.0264031769228126
 379.000000	3.0318619344491387	40.2821888429622561
 380.000000	5.1780728284146402	97.4349072627500021
 381.000000	6.0819133613273015	83.1933648133916961
 382.000000	6.7701202078807112	126.0008099224593963
 383.000000	6.5094204825598778	154.7814906611933452
 384.000000	5.0214188255438934	113.6264373147847806
 385.000000	5.8617453086007307	125.5163727254660841
 386.000000	11.3979754545699432	137.2085126551801011
 387.000000	5.1899363650921222	117.8430327425667912
 388.000000	8.9274870089671996	126.8870986541497956
 389.000000	9.1722988030684522	56.6744094698414500
 390.000000	7.8020479947011738	142.8824099914750434
 391.000000	13.7671922438134295	121.8715036182906744
 392.000000	7.5565396017632738	47.0128499584813824
 393.000000	8.0914475900745071	137.3390414465883680
 394.000000	9.2854261085073286	157.9278066858962859
 395.000000	8.6270886153211901	126.1981120029276724
 396.000000	11.4049854003626372	134.8128387147575324
 397.000000	9.7090659378051463	136.2490956403405562
 398.000000	9.6835686566239225	115.0086053796011214
 399.000000	8.7178283924288973	110.8286398661169301
 400.000000	7.8522625215929640	154.5699459509544624
 401.000000	6.1987628057374771	90.9633645384315770
 402.000000	8.7525360558616345	135.8349296656498382
 403.000000	9.1631250209948991	142.1186963835697270
 404.000000	8.2588244500057755	145.7988554132328716
 405.000000	9.7857799938199541	139.7221624798517041
 406.000000	7.9022682231537438	98.6359917082236421
 407.000000	7.4005858512231768	122.3143664090745801
 408.000000	6.8133932335151730	152.2899193888320042
 409.000000	7.8438743278161818	122.3075845721604367
 410.000000	7.0305780713148627	144.1418438386472474
 411.000000	6.5643060557142334	132.0063857152912306
 412.000000	8.9481525551087930	106.2216210178943641
 413.000000	8.3137384380674817	24.6623738292954329
 414.000000	12.6542454828959716	83.0586677703386300
 415.000000	13.7901160356692518	121.7862155032007223
 416.000000	10.3804627606096567	159.0420309788264319
 417.000000	11.8102863578012869	158.6751760411380303
 418.000000	13.2091770163599236	144.7203079046602454
 419.000000	11.8113975020010020	123.7599519815661182
 420.000000	14.1624157418102445	134.4039024528989614
 421.000000	9.7351655716052488	134.3331723131156537
 422.000000	7.7391270767664295	140.7615757498794551
 423.000000	9.2939555670559706	144.5186352578775768
 424.000000	11.0635764612561491	146.2750134853150143
 425.000000	10.6642181711083346	135.2036349652967715
 426.000000	11.2912351008607459	139.7421501361463925
 427.000000	9.3854859601089160	136.7429114287331515
 428.000000	10.1407192221030282	105.5464233289567488
 429.000000	7.8319474871429211	120.9395122299777938
 430.000000	9.1661769233332553	138.5694663349676716
 431.000000	7.2818131539644781	111.9938859417043773
 432.000000	4.9858382947871140	120.6365499724376491
 433.000000	7.2189459887264436	127.5029724353441907
 434.000000	8.7155427887422317	135.7254722302416212
 435.000000	9.4927405702455143	107.9390052810549889
 436.000000	12.3967531799774111	158.2688908089351685
 437.000000	11.1253553750775431	156.6515838584893459
 438.000000	10.3433870039170515	152.0866052398624788
 439.000000	7.8658013627270291	158.9567639937388321
 440.000000	8.3917017479807718	70.4836328104434955
 441.000000	11.8547506235984770	145.7639322180085060
 442.000000	9.4824057497737364	123.7398033034634324
 443.000000	10.8370490296127198	150.6408887238783905
 444.000000	11.0131699299376091	92.1203833568936119
 445.000000	6.9724916996027826	119.7017207482363830
 446.000000	12.3302527184351831	145.9906509865834892
 447.000000	10.8741409253718384	157.4950443927861556
 448.000000	8.7969311442641658	134.6837862365055400
 449.000000	8.0103708560880644	110.8771361705424283
 450.000000	5.2744325792957181	129.1994139282222136
 451.000000	7.5295719635618434	130.7057641389260993
 452.000000	8.2080845219128058	149.3094913043875920
 453.000000	7.8111744933641418	133.8486291106120802
 454.000000	11.6313415367160022	120.2402499653559005
 455.000000	15.2684841356807919	161.6901823982829853
 456.000000	6.2497926513163966	127.2466084242598754
 457.000000	11.1166563281054387	159.8759190416240017
 458.000000	12.1502887207603543	156.4163784292820196
 459.000000	12.6715479002404869	141.1785932119087477
 460.000000	10.9189331270064969	123.0588910043067301
 461.000000	4.7899919473594847	137.8878940362551475
 462.000000	8.9768752696469409	137.1064224764040205
 463.000000	8.1766332737510350	122.0454883016769543
 464.000000	8.8864118865148853	127.7250142695506696
 465.000000	9.1479654143734965	112.7725791913104985
 466.000000	8.4823995174536009	124.0019935779925078
 467.000000	10.1370090217009121	125.3909321242668966
 468.000000	5.7090151670615974	51.2768456249548876
 469.000000	8.6204926237864239	158.0216517838085792
 470.000000	11.3654763190016368	127.8398233247966544
 471.000000	11.7064261469909461	105.2157091226495282
 472.000000	7.3756156008854967	116.2111768852028888
 473.000000	8.0593881505165896	153.2218184598069115
 474.000000	9.6441507766583960	74.9482553859086806
 475.000000	8.4282839907118685	60.4953563164343109
 476.000000	9.4851619593984218	141.6940648230534521
 477.000000	9.4090073722551786	118.9455785254019702
 478.000000	10.5315971936457942	150.6975407694197031
 479.000000	9.5212957362006456	143.5025682388859138
 480.000000	9.0801802015530360	122.5899460734036666
 481.000000	7.6697456020485140	117.3784889644085183
 482.000000	6.2955382606067500	72.3933936986795601
 483.000000	8.9577276236230929	142.5898527072538968
 484.000000	8.2114569508564781	145.6052579437782128
 485.000000	9.0413516476450191	167.7267288282718312
 486.000000	11.2697814360026207	129.4280637608681843
 487.000000	8.7853132531369589	137.0619002177731431
 488.000000	6.9721003269632877	69.0267806638244821
 489.000000	8.0483640729763177	105.1321376178580635
 490.000000	7.3942913575788722	119.0167335860196118
 491.000000	6.7636029090510190	140.6714393219633621
 492.000000	5.4616903685405607	138.9770345007967194
 493.000000	6.2833483514899182	90.1786524269155478
 494.000000	5.9210605132166538	99.7009039653638638
 495.000000	5.3767059274262516	144.1886371426476501
 496.000000	5.6242840698088044	130.9358509676168012
 497.000000	7.5112361795202620	125.8647730757249974
 498.000000	8.4469463826833593	138.7342684337473031
 499.000000	5.6900155995241244	114.7705320053393905
 500.000000	7.7816173239735393	137.3988496793376726
 501.000000	10.7348024973696923	139.2447536218093660
 502.000000	6.8872455149767253	117.0748105839407458
 503.000000	5.4695570265382871	113.2829406152485632
 504.000000	6.3724679497531129	80.3310471829197326
 505.000000	7.7255927896751970	127.3566081792641853
 506.000000	9.4081732039344494	153.7355737404499791
 507.000000	10.6758152450446673	121.3633164703420277
 508.000000	7.3696429021373051	112.4244911209191713
 509.000000	7.6159922324848655	117.9789779947036266
 510.000000	6.1480649094476671	103.5932930024911371
 511.000000	5.8890213194728762	71.9878352862804434
 512.000000	4.2632385327621591	136.9861092325467098
 513.000000	7.9289871359582786	122.3820154615340527
 514.000000	5.2868436167486843	141.2023457785206233
 515.000000	6.1957530709387667	102.0254697581126493
 516.000000	6.3509951106953615	110.2569417263739098
 517.000000	5.8290701871075994	114.6798604711536171
 518.000000	6.8276982112440718	109.8786464479464087
 519.000000	9.2192742550957956	144.3140025751381756
 520.000000	8.8891259946604766	160.6962590455639202
 521.000000	6.8970629165672594	125.9014234500081955
 522.000000	9.2655596374867120	152.5544596298926763
 523.000000	7.0034174331769696	111.5257273612646713
 524.000000	13.9025939037215025	142.4468196666026074
 525.000000	8.2959903926511753	134.1074782372889729
 526.000000	11.7594069913344796	137.9397050251391192
 527.000000	13.7523553472444409	142.5196990377449424
 528.000000	12.3465340102364394	155.6699874983183918
 529.000000	12.6529916188853839	157.1861786164169530
 530.000000	13.5482680606879970	142.4452046280836726
 531.000000	10.3983252353708071	135.2523560414250881
 532.000000	11.8737479526972685	59.2235339628468580
 533.000000	6.6793574831932530	58.3820812537542650
 534.000000	12.1122150282382517	138.1105064981513237
 535.000000	12.2280569153600442	117.8469487934189743
 536.000000	13.6353759766501454	141.5040733050927315
 537.000000	8.0438789400321209	139.3183338912812985
 538.000000	5.9235229670480631	32.3048284096281293
 539.000000	9.7015451496896308	94.1669388565993017
 540.000000	6.8934079275488660	126.0008943841442601
 541.000000	7.4565609476923580	104.2749145621569369
 542.000000	9.6819352075578191	53.5638738490002169
 543.000000	9.7429674513785400	117.9687410226098763
 544.000000	6.2768605504151349	138.8917325971389687
 545.000000	6.5658306354712028	122.8394286911381101
 546.000000	6.2267539465790085	82.2267814184205292
 547.000000	6.1397652779005751	86.1540208677362784
 548.000000	6.9293835455295270	120.5449457810593117
 549.000000	6.3477967979309478	133.9646154372136664
 550.000000	5.6041884111333147	82.9348140092179733
 551.000000	7.3189824233145675	115.1281080442943079
 552.000000	5.9999479324320406	122.2167419312963261
 553.000000	9.5635587322004358	108.1451736462468887
 554.000000	10.7296493919375351	66.9440883539850660
 555.000000	9.2373423812550843	143.2074440092767986
 556.000000	8.6459647941135245	131.3559607778020393
 557.000000	9.0241292350049935	127.2072434144735666
 558.000000	9.3455983695000064	147.7173722784169172
 559.000000	13.4839998953080986	146.7954803170315188
 560.000000	12.6571594413964874	143.9651676403723854
 561.000000	10.5020269482746844	134.5236055253653547
 562.000000	12.8052698574557144	136.1614841647731851
 563.000000	7.9606152841361899	102.2721464343379978
 564.000000	9.0940827695004050	141.1569625471656195
 565.000000	5.6340962790666520	106.0267101203906321
 566.000000	6.5306490602457821	120.6826245668619038
 567.000000	10.2639323290875719	26.4770028023723114
 568.000000	9.4181634796242406	27.7698417246547535
 569.000000	11.7362768879522932	115.4059422311580647
 570.000000	9.3822554009896919	35.0227415431662905
 571.000000	11.1500075832705310	99.7116166830155777
 572.000000	7.7089754453751169	64.9832598557853061
 573.000000	5.9843884386316635	11.4562523622260812
 574.000000	6.2828446034069971	19.2017338445413372
 575.000000	7.7494601852439349	75.6904425400940539
 576.000000	9.7566830412807537	118.2916382333953038
 577.000000	9.7233338945276007	9.4559989328576535
 578.000000	8.6931514672178452	83.2087051213215574
 579.000000	10.2365413409526038	16.9705174765716436
 580.000000	9.8144993361107904	40.7596717107817028
 581.000000	8.6618563341736294	98.5113353731691745
 582.000000	4.5920575974624969	97.7108689578542595
 583.000000	8.5194071842219152	137.3900037498345341
 584.000000	10.6361704132446437	19.6369002572539557
 585.000000	8.7177727393174731	46.8554429737768316
 586.000000	7.4800258964079207	45.7879204388267453
 587.000000	11.8874281228034810	38.1054756463919659
 588.000000	8.6287945442240286	21.8087994611593103
 589.000000	9.0318420730797087	8.1217279562332294
 590.000000	7.6045896756328153	27.7421215801700498
 591.000000	8.1555125431031570	47.9170703259220261
 592.000000	7.3570986145789377	21.3304118560228915
 593.000000	5.8133243837753108	9.5919576244517373
 594.000000	10.1172429286104393	15.5332812219175764
 595.000000	5.5730981490005025	80.6349253795215759
 596.000000	10.1385445667084753	15.5531180467423269
 597.000000	6.3258609610117844	22.0062630943434954
 598.000000	8.2715202080860077	21.5595064780777648
 599.000000	8.2851247755958806	72.3888706650545828
 600.000000	9.2303524605132843	28.9477199046845044
 601.000000	11.7125723808650601	90.8081552714880615
 602.000000	7.4351582590012759	60.9231400070406295
 603.000000	10.6552924419012829	77.7301530674090912
 604.000000	7.4888243758560158	83.3934551547173015
 605.000000	7.2290778834149307	110.4394663675760455
 606.000000	9.1559852978722134	34.4975310897274312
 607.000000	9.8942417761446553	19.7951298161734996
 608.000000	12.1369915092472969	60.1078345914071832
 609.000000	12.9733491837228776	29.3737568854723179
 610.000000	12.4105287155633093	43.0660638448757140
 611.000000	12.4348468863049657	48.8422248946029640
 612.000000	11.4019601086015268	28.9058696925348784
 613.000000	12.5058510571058719	99.2684460336872263
 614.000000	11.1183644778814088	56.0967931347362452
 615.000000	8.7564981785173437	64.2340457406053815
 616.000000	6.1867477336785921	56.4849952091411183
 617.000000	8.0591484605742387	26.2214034768871613
 618.000000	7.7049166282326942	118.9348999333166432
 619.000000	6.7508964593745597	52.4648571983094882
 620.000000	7.6983552512105931	78.4394475143537164
 621.000000	7.5650698048923148	93.0544559162668605
 622.000000	8.1936069372383233	20.8186384635372121
 623.000000	5.6724897466100144	30.3889707890503473
 624.000000	9.8205217293929099	30.2711771793327102
 625.000000	8.6421974780611244	28.5578472099245460
 626.000000	8.1490917783148475	12.0711816905156581
 627.000000	7.7249182040518001	35.4907429161889922
 628.000000	9.4296584130545753	108.1542708813538667
 629.000000	4.7429263566863149	62.4374262200878292
 630.000000	11.8437804096058024	34.1584069982055212
 631.000000	10.1481367521244454	23.7180835356026307
 632.000000	7.5934485136318681	5.1973171071807087
 633.000000	10.1897905600219811	101.3947087145132997
 634.000000	9.4416486404728008	38.1129471415370347
 635.000000	9.7905015171262448	72.4694094885400801
 636.000000	9.0169952993488938	141.8556990804860050
 637.000000	9.7546007278341627	43.4339094278898870
 638.000000	10.4707028286674326	104.9093112271027763
 639.000000	8.5497561635043766	117.7754702319581952
 640.000000	10.0553637732694892	102.2900482280660839
 641.000000	10.0847460819530479	114.0260195775282455
 642.000000	6.9021105937331724	43.4882706699201549
 643.000000	6.3259926327532634	154.8143957336988024
 644.000000	8.3120031278720514	161.6934704425006544
 645.000000	6.6411879513147811	15.8027291976106028
 646.000000	5.4268568729990925	45.8998323667393322
 647.000000	7.1566291012441727	81.3863788453438559
 648.000000	6.7854108584620398	172.2391257030809584
 649.000000	5.7448338556212919	80.1283868922080558
 650.000000	5.2885580588197900	53.4216973473010341
 651.000000	7.3578828311833036	93.4648467954684889
 652.000000	6.7702670871691284	30.7765516432884567
 653.000000	10.2211565611983115	23.9527499870028748
 654.000000	8.2830601826869596	15.3106402921467861
 655.000000	8.9952706482629399	35.0827397274578914
 656.000000	11.6332454743482874	42.5282675418980318
 657.000000	11.9757436797777288	35.7113980729528464
 658.000000	12.5920192131009934	31.1171826385492807
 659.000000	9.1328446445126161	147.2365277493894098
 660.000000	6.7502810686744663	53.0299350494411925
 661.000000	9.8352394097885885	78.3851646024926367
 662.000000	9.0368279119434156	146.1893625797856373
 663.000000	8.4640926867831947	155.2244794269572310
 664.000000	7.7856002528333912	64.1208502970871308
 665.000000	6.4423909145309137	65.0192970897485765
 666.000000	13.9389923520614065	19.8138861075477735
 667.000000	13.4442451418291942	24.5825888220334150
 668.000000	13.0061535467920102	16.1580577093985198
 669.000000	13.9201844306516538	24.2084318810488242
 670.000000	11.6507718542330654	29.9673219388668599
 671.000000	8.4967256873085901	72.1177381298371643
 672.000000	11.9531600707263728	88.7740595347169403
 673.000000	10.4234949255293987	51.0676562948828803
 674.000000	9.8391806843530976	39.0109543837127148
 675.000000	11.6424326856731408	122.9503394764120685
 676.000000	9.7316803607174975	40.2014145291070122
 677.000000	7.2284882222018130	12.2810269590612791
 678.000000	7.6322133248183439	58.8774784948952572
 679.000000	11.1109460787721606	29.0004155729811259
 680.000000	11.9189113179583206	44.3495247964573878
 681.000000	9.6491203149362033	17.2323187260600434
 682.000000	10.1633884705286430	36.2955739557118591
 683.000000	10.8557323487367103	39.9999783058145510
 684.000000	7.6944416458499081	37.6339393089315024
 685.000000	7.1749729588642426	117.0259861204534957
 686.000000	8.7037106324711218	158.4589763919263135
 687.000000	9.4502138644184299	148.5373562499843842
 688.000000	8.9242373702462192	85.0639171579064595
 689.000000	8.2570475451999759	119.1492609734670793
 690.000000	8.3453017660697597	79.3286777104574981
 691.000000	7.7288411970764850	156.1615926860640684
 692.000000	9.2095837368625588	31.9858733703740370
 693.000000	11.5070223585010218	112.3986726925129744
 694.000000	12.8123487964220821	25.2607876082605856
 695.000000	13.3296147170898713	33.8420381197030053
 696.000000	9.4338482942792528	136.6177798633704583
 697.000000	11.4952715668094712	40.9947511355762515
 698.000000	13.5794134191474640	33.3856696832072259
 699.000000	9.0128952974941239	97.8212982267220070
 700.000000	12.8934039543479315	85.6692584721179031
 701.000000	5.6179460206209031	50.2141832674207933
 702.000000	9.5903208309299099	90.5902846220836437
 703.000000	5.4665431025772877	53.3705283067167358
 704.000000	8.8954509194836184	129.9211202910856002
 705.000000	10.1535264783964969	113.5654369267247432
 706.000000	3.8456270931375505	18.5641993816966533
 707.000000	7.6880023652309637	21.3520849554654717
 708.000000	5.6944474668396969	20.6853106604181676
 709.000000	6.9558222302095079	35.3976763105433747
 710.000000	7.5760735164142012	63.2740702676922950
 711.000000	5.7674132154968296	12.4127707366228321
 712.000000	9.8595744734673723	110.5042861056158330
 713.000000	8.0727667595291415	40.1181487556241620
 714.000000	7.9547349162498806	25.1025471704564325
 715.000000	5.1075190504828765	23.2911222005699869
 716.000000	13.6502750969647781	64.7467024915360270
 717.000000	12.3285037108253004	131.3088541211773475
 718.000000	10.4443268897821717	99.2569125568450374
 719.000000	10.4264592485794338	152.5853994349737945
 720.000000	11.8230578370573944	6.7239722142043945
 721.000000	11.1710965406364977	39.4691057255152771
 722.000000	8.8838382876911375	33.0308552157454471
 723.000000	10.3113016080971995	105.5892253648499945
 724.000000	8.3873461692027433	106.6722481452582798
 725.000000	8.7028392681823625	71.2097774543755548
 726.000000	9.5152741848850955	100.5503319636253110
 727.000000	5.8182460213419187	154.0845766691970198
 728.000000	3.0097719398227687	119.3719254357260127
 729.000000	8.0061097856656556	164.1168832483698168
 730.000000	5.5252677090374016	106.8463587955138649
 731.000000	5.8535440318917207	78.9088631644502385
 732.000000	5.1805807483736288	176.0165858317821801
 733.000000	5.5987085996405188	159.8249920669232722
 734.000000	8.3675035285196984	73.4100243382877267
 735.000000	9.6640464082422426	119.9680464492136593
 736.000000	11.3184803535211884	94.4254506111148260
 737.000000	7.0759573992196403	71.3349397195979691
 738.000000	4.8854127831520886	88.6562849458200333
 739.000000	6.5423011335423888	5.7492913786579436
 740.000000	8.4693511467684601	18.9367297708173510
 741.000000	8.4340638845952114	34.5189943322866668
 742.000000	7.2586210124409680	27.8647761785245507
 743.000000	10.3236158854691435	120.9431659685408249
 744.000000	10.5386867181802106	15.0287785385809514
 745.000000	8.2766019010143506	25.9398342379300288
 746.000000	11.1978240630973733	17.7280043567800192
 747.000000	11.7703569922766871	19.6358249495796144
 748.000000	14.3986352807879499	76.4932420350480839
 749.000000	8.5091796736276102	151.1413960117857584
 750.000000	7.1154476349051095	11.9083192378376452
 751.000000	7.5573095584193535	54.8044789430656323
 752.000000	7.7670220590220609	25.0996422522824503
 753.000000	7.9550188195782647	27.2854495038738492
 754.000000	9.8208295722404664	44.1382245890035279
 755.000000	8.9844278144687131	32.1521695322028336
 756.000000	13.4172270343409963	17.0614948107901228
 757.000000	10.5403116852779561	147.8349163761566842
 758.000000	9.1369317795645717	122.1848909740540705
 759.000000	10.8707465694591416	78.2004668677902117
 760.000000	11.6536610876540649	17.2830066197151950
 761.000000	12.7685462077646132	54.8328653251057716
 762.000000	9.5595655567724442	37.7585211878985945
 763.000000	9.4874241647338202	36.8545012059687451
 764.000000	12.5193357947510471	43.1957827117528552
 765.000000	11.4092379862578230	20.2597774711264833
 766.000000	10.6485748990919760	28.6141507635596781
 767.000000	9.1149524352212818	2.9872961795574611
 768.000000	8.2344707484848296	40.2266513845731595
 769.000000	9.6293187404944884	129.0555769357746101
 770.000000	7.1591884388832536	18.3603691253057946
 771.000000	5.8724864991392716	14.7977218738897136
 772.000000	9.4252102255318810	51.0039136958232575
 773.000000	10.3997362730901770	47.7131744134364624
 774.000000	12.1091507105676612	36.9819533316057232
 775.000000	13.6891267934178718	52.0439055405509094
 776.000000	11.9470446141673552	44.7060776817790781
 777.000000	12.8040791180416687	46.1071005708560335
 778.000000	9.4256083014146501	150.2514032888584268
 779.000000	12.4656071878563228	6.7191926647614650
 780.000000	9.9676667771090148	97.3586824766389469
 781.000000	11.4043006163681184	21.4734737356563414
 782.000000	11.9724871672613222	42.1868921230588683
 783.000000	12.7922914620297341	67.7025767271039030
 784.000000	13.4437466317556069	90.7155587812010680
 785.000000	8.6541839050708216	10.6566068532945337
 786.000000	11.7310885466109003	58.8655476644278792
 787.000000	9.4430246337068358	7.1598501748981107
 788.000000	10.5681441616267193	47.3587428531846513
 789.000000	10.0534318680707333	32.5121298673074079
 790.000000	14.0590191104211950	115.5961719366124640
 791.000000	12.6454679207848812	117.4090037672534521
 792.000000	11.0358152334081776	21.3859849752741127
 793.000000	10.8942815835259328	18.2950520395537524
 794.000000	9.9175111656176451	40.2786925012751169
 795.000000	8.5077956687638778	28.6728649365095407
 796.000000	10.3498579974769989	58.9168975967696014
 797.000000	9.4316333979743607	158.8035388244338719
 798.000000	8.2485089008861525	94.1095379344838250
 799.000000	8.9654493305541241	101.7749477849783943
 800.000000	14.6891860531450948	51.6075632628794949
 801.000000	7.6877732453275751	104.1210351805972891
 802.000000	10.1648551051687797	159.8422562006274461
 803.000000	7.4774720918721300	141.9450683734727647
 804.000000	10.9077598922761378	28.6675825356501264
 805.000000	9.0109334405621002	38.5699349563554961
 806.000000	9.2752545071519936	82.6395911383182238
 807.000000	9.4729547035381856	88.0626450514684791
 808.000000	8.9562196812657771	127.1794654106155349
 809.000000	10.4814235621704501	36.5568157383491439
 810.000000	10.2610171144616000	25.6009987802009960
 811.000000	11.6329522098760005	12.9242197071181124
 812.000000	7.6536006905349403	153.5204068647606164
 813.000000	11.0715689898181537	32.6188375221213391
 814.000000	12.1094874320589732	91.9715635396506741
 815.000000	12.5919040319134776	77.0693647141273459
 816.000000	8.1418924906313652	34.4273688456938203
 817.000000	7.5989382473829492	54.7392663360916885
 818.000000	9.4176060947903597	14.6691062850459844
 819.000000	6.4487841807950570	19.4951360913754286
 820.000000	8.8054950789477591	133.8098355711085787
 821.000000	5.4796683401212647	27.9095908863609168
 822.000000	9.4909006955638873	39.8365388465446415
 823.000000	6.9686926175522004	33.8148646799559458
 824.000000	9.2592281391261171	79.2167955633299528
 825.000000	7.0826440668519792	106.7533678668292652
 826.000000	9.3450678019404947	78.2448505813645170
 827.000000	10.4893325958246155	16.4967343673474431
 828.000000	14.5585270341920445	66.7349680840690382
 829.000000	8.6691435109505157	10.0716337096265249
 830.000000	6.9429663860344579	24.0435106808238857
 831.000000	6.9808480828365909	16.2247185493176005
 832.000000	12.8682530622968780	112.6734651391088562
 833.000000	10.6115075248682604	90.6986438005560416
 834.000000	12.4230207759372409	117.4950249060429996
 835.000000	6.1942807077983089	97.2830338751187895
 836.000000	9.9589146163277267	125.5031376868418249
 837.000000	11.2034884231896523	114.3667037954630672
 838.000000	14.1330897830811999	105.9048508435873970
 839.000000	11.8874362325742666	39.9949456355320478
 840.000000	14.3736563188239845	113.7969758560975890
 841.000000	9.9398666804961895	40.4607322090716650
 842.000000	11.5481547527289354	31.8897462484473238
 843.000000	7.9798653476290982	30.8181699507931057
 844.000000	7.3333584787504256	141.0019072997833973
 845.000000	11.6364303595656668	99.4075424439900530
 846.000000	10.3218705118385508	23.4812270205997891
 847.000000	8.0998850740630086	14.4470739363265750
 848.000000	6.1830916318601963	120.1084268018188226
 849.000000	6.4572400227665581	125.9913307608238426
 850.000000	6.9397707831511850	132.7567613835501845
 851.000000	8.9166282792225573	136.2584424646648529
 852.000000	8.2322933720636762	147.9251893821103181
 853.000000	5.3253712135561804	85.8643942246666683
 854.000000	7.2950918086409802	74.2567906809510134
 855.000000	8.5748206833698237	143.3031900172246083
 856.000000	8.6053017159072489	128.2625177098673817
 857.000000	9.6280389619490538	139.0271698434816017
 858.000000	13.6959864630582562	120.9552093500860934
 859.000000	9.2780686881591112	149.4031703015668313
 860.000000	9.0206242817278817	76.5762183954646360
 861.000000	8.5270866394229330	81.3090464935322359
 862.000000	9.5591381398179411	69.5355298615997697
 863.000000	12.4493193744769410	139.2339321995825685
 864.000000	12.1453229651584760	144.1163807373723671
 865.000000	11.7454161683447627	143.4984306554414957
 866.000000	12.4063398800462501	144.7875248986365477
 867.000000	6.2279863908901492	118.1742633800324995
 868.000000	13.4314462060705413	143.4947477124171087
 869.000000	7.6892632696707119	67.6476159854793906
 870.000000	8.1754279021281828	91.7223223927362739
 871.000000	5.6499577154827945	73.6731710873702923
 872.000000	6.9983875632898807	71.0578780860541173
 873.000000	14.0772626427784076	122.8586015653827133
 874.000000	11.6406026887070126	80.3522618735671585
 875.000000	8.8564885670010742	57.2239457946523089
 876.000000	11.7073464779262757	85.0108896023490530
 877.000000	8.2137957799544115	51.1427266938493972
 878.000000	6.0101641205507645	78.3615387639281238
 879.000000	7.0574945660200346	145.0385355829740774
 880.000000	11.3597753282651013	136.8358437505312679
 881.000000	7.8198951427321033	152.0589568792229329
 882.000000	8.0793793692312779	140.3870578060700041
 883.000000	9.5728074536684868	147.8344825250940175
 884.000000	10.8456121261962330	148.1830352053331978
 885.000000	7.0303584420306544	156.8727308197325954
 886.000000	12.1652071924086371	145.2280198881828426
 887.000000	8.3794384500097436	122.2130019172459328
 888.000000	8.3752077436324335	133.7548522364740506
 889.000000	7.7504142838934387	133.5693428833530731
 890.000000	8.0312411422660581	52.5462839186317154
 891.000000	6.9445016364921806	60.1940642088130886
 892.000000	10.7424808709184934	142.5893772271854800
 893.000000	10.7504290413280739	128.9660647756634830
 894.000000	8.0688805840936464	134.7177121496002599
 895.000000	7.9917232394644975	150.6400056290710268
 896.000000	5.9522540473025973	105.2458356586734425
 897.000000	9.8556714306179387	140.4427306357478074
 898.000000	7.1451502126288755	135.1104255976370894
 899.000000	4.1331346367147592	65.2753827015729797
 900.000000	6.3819593327448016	129.5740111046088430
 901.000000	8.8445609192554837	132.7052187683852935
 902.000000	3.3631304922472571	43.9092455272592872
 903.000000	6.2797061269820347	51.8799815798914210
 904.000000	3.4137892958194329	17.3070709466401240
 905.000000	7.1813999548003986	109.1266165115366675
 906.000000	12.3777081817538672	127.6941487398705419
 907.000000	12.9580780707971748	150.1917420891482209
 908.000000	10.3776278206143715	49.6493740781302222
 909.000000	9.1531576911056565	92.9359069017485808
 910.000000	10.7145486216735009	118.0091263395320453
 911.000000	8.1160764943396373	50.4817292989082489
 912.000000	14.4110453885155820	128.1523277299077108
 913.000000	12.5482897403130931	139.6099425964458760
 914.000000	12.8459285077496776	127.8078943675634775
 915.000000	10.9511987205838111	117.9951708588023109
 916.000000	9.2087817951277167	143.9571020806161243
 917.000000	9.9584667602065782	162.1217238272075747
 918.000000	7.7897930925093783	121.0033248712284433
 919.000000	12.1894886158709319	65.2531265147466968
 920.000000	8.3518847266351983	54.3633332798770539
 921.000000	7.9787207802850526	128.6517445391983188
 922.000000	9.8732831796074549	87.3063350715894586
 923.000000	5.5710778678201951	137.4638248708187689
 924.000000	6.8838193859223384	124.7205187700088089
 925.000000	10.5093540948598587	117.5282541795907889
 926.000000	7.8105119089131190	108.7721165102968683
 927.000000	8.8133314038982444	117.9096532065626945
 928.000000	8.1901724503318096	43.8436755880883027
 929.000000	12.2667292693696446	121.9718211747409953
 930.000000	10.8414328955450934	130.0848253216883847
 931.000000	12.6638440485957720	114.3235761446145631
 932.000000	7.0490395389340117	28.3184671862804578
 933.000000	10.9720706558235825	76.9535943488586156
 934.000000	8.6934605885541654	52.1623370298366211
 935.000000	7.9584590967313646	87.0258133548671253
 936.000000	10.8901115846662293	114.4622543856785200
 937.000000	7.6228244911572514	135.7657129370426219
 938.000000	7.3184905002290321	157.7766842977867441
 939.000000	11.4538601592940541	106.3409772331575027
 940.000000	9.6993758723727073	131.9235436802821368
 941.000000	8.5671492583260491	100.1277637781973340
 942.000000	9.5761253394800665	99.8281706007177547
 943.000000	7.8901654606872409	99.9534352319306549
 944.000000	6.6281925747387227	124.2835614002487148
 945.000000	7.6883965136159969	148.6184165465893727
 946.000000	7.8286423805792849	141.1695816255755744
 947.000000	7.9478933338760775	80.7933118881362731
 948.000000	8.6392111516202856	126.1366566741575923
 949.000000	10.6236472352183551	102.1712936324757095
 950.000000	6.0606943705688687	118.0916084010930120
 951.000000	8.6300133701855284	114.0162970694828317
 952.000000	7.1134309103996340	132.6395013416813526
 953.000000	8.2658060075678144	149.7870783208073533
 954.000000	6.1779319833560944	135.9977476499057900
 955.000000	10.7337322006458784	136.5517088215921717
 956.000000	8.0886375016336309	137.6544527677842211
 957.000000	7.6182988960084606	140.3362926743143930
 958.000000	9.2402365187027389	147.5412344598460095
 959.000000	8.5197481836879341	162.0576614568798846
 960.000000	8.9140733660134153	114.9169311400045643
 961.000000	9.3584663723909642	139.8339191757382309
 962.000000	6.6144932265728880	148.0611500622231915
 963.000000	7.8904109055733276	132.5708668718155536
 964.000000	9.2879115631861549	136.0694209753821156
 965.000000	8.2179018764648628	134.1428957005163625
 966.000000	8.8757892688324560	145.1861307647468777
 967.000000	10.7670095307572300	134.2139917444358446
 968.000000	9.1845465162839961	63.5924531928837951
 969.000000	7.8179126786445714	43.6143424130170274
 970.000000	15.9035922304203812	124.0981628964449754
 971.000000	11.5527004168613754	149.2805353672843012
 972.000000	11.3347845324320584	129.3156386707640877
 973.000000	8.8456899052758011	169.8283952023700181
 974.000000	8.3246596549496257	146.9225060838850538
 975.000000	10.4864137207898196	134.4819739721626775
 976.000000	7.1958702583003591	76.4553708265283234
 977.000000	6.0739722247865489	135.7666008831058377
 978.000000	8.1966712844351761	133.5204653285105110
 979.000000	11.9323620413032199	149.9213263362290718
 980.000000	10.0254285741253302	156.7766152183857855
 981.000000	7.5207019274158773	135.4571774318841619
 982.000000	6.7092473110854325	127.7311520511677685
 983.000000	6.5798081732333111	104.0407843521955868
 984.000000	8.2606353470416618	129.5692374734501868
 985.000000	7.0719841047506540	116.2221014295889177
 986.000000	7.5499455042968702	127.6488440284537234
 987.000000	10.5869723818646584	114.9527892756935188
 988.000000	11.2700616815744006	127.7986011434528280
 989.000000	9.8409305449563558	132.3915425455452350
 990.000000	6.3583370072297400	134.4925126483765325
 991.000000	3.0888218289792202	42.1115929746854647
 992.000000	7.7144880464923151	146.4494708733712685
 993.000000	8.4182445739105525	153.9327342849564388
 994.000000	5.9007442253279976	124.1499626828776286
 995.000000	4.9321057015852707	43.8825429760391614
 996.000000	9.6858536587108066	153.2708118478133770
 997.000000	8.5584084143116836	136.7203705537208407
 998.000000	5.1894467070264367	135.1918896024400567
 999.000000	6.6437932492712068	135.6959648634853863
 1000.000000	6.0314412548559613	126.3620718684067015
 1001.000000	5.9618868431557992	133.8592422592143123
 1002.000000	6.7318120218572348	44.5261379450535628
 1003.000000	9.2763944422038129	46.8527770475543264
 1004.000000	10.0082146738911408	131.7236901770731663
 1005.000000	7.2157373894192238	126.2890265959544820
 1006.000000	5.8911483187102007	94.3398731301512044
 1007.000000	10.7852380314130407	66.3120949871860148
 1008.000000	7.9316539476910251	126.8455660134591199
 1009.000000	10.0772480782610838	135.1482026623903607
 1010.000000	10.5068847727945727	124.6782554266697360
 1011.000000	13.5731716402360352	126.5928775638041941
 1012.000000	13.3527768306188594	140.3056573728148919
 1013.000000	12.4579897731513611	136.2431233750152728
 1014.000000	6.1622910597479583	58.9428989705458406
 1015.000000	7.3037539948551524	59.0786290541101522
 1016.000000	8.3790688553006785	157.5212585636790550
 1017.000000	9.3521580360790768	161.8766284750857096
 1018.000000	9.4555427938606886	162.9193627840609508
 1019.000000	10.0038899881196688	168.7470548594379807
 1020.000000	10.0223298181169262	157.4011868977357835
 1021.000000	7.3329145846818022	129.7700442706768342
 1022.000000	6.4632350158908585	143.4579555013402796
 1023.000000	5.1453758221499406	144.7231634494146419
 1024.000000	7.7382201075008066	123.1789647081281203
 1025.000000	7.3480613605417195	74.7252704174440936
 1026.000000	4.8397412656406313	144.1753004728464305
 1027.000000	9.2918778189056255	143.8129441558394319
 1028.000000	8.6472425920640088	132.1319948302482885
 1029.000000	4.7944662207246767	99.9622004248127354
 1030.000000	6.8157737839407089	129.5432686018471315
 1031.000000	8.8581265226485701	138.0452123278600425
 1032.000000	7.4509005146018028	122.6182371289600752
 1033.000000	9.2751700013484868	145.2670396187045299
 1034.000000	6.6867925658030920	72.6657969113961002
 1035.000000	7.3378951722825727	82.5063579301646399
 1036.000000	9.7869290476940964	126.4884634785313153
 1037.000000	9.8753610633765430	118.5899229933214087
 1038.000000	9.1490427173051216	126.9657714722825972
 1039.000000	8.2528517114862012	122.4859264860498200
 1040.000000	9.1365777762639357	104.8419440220459649
 1041.000000	11.0534275392327128	47.8870542613203440
 1042.000000	13.6751912305477230	156.2454852727395576
 1043.000000	19.2274662590689260	163.4389171362170430
 1044.000000	15.3390755135405872	133.0442620461831211
 1045.000000	16.0971925812694714	150.9868908523482105
 1046.000000	13.9859148066033399	97.8161126944220030
 1047.000000	9.4318345123149250	143.5825393206589240
 1048.000000	5.4920125307950540	61.1266622572551910
 1049.000000	8.5600849943926267	110.9248151670865639
 1050.000000	6.8551431440046855	79.4564114319640282
 1051.000000	9.5261793117131131	55.8948963723796766
 1052.000000	9.5793124042852629	112.4795858192946127
 1053.000000	8.6513567150043773	91.5870269854917893
 1054.000000	12.7215062700580948	141.7306763701913610
 1055.000000	7.1941559829966373	102.0216151606591382
 1056.000000	8.0607126637286637	82.8887345754265681
 1057.000000	8.1934014145260914	113.5092821701027503
 1058.000000	9.6874126130230387	115.2318043725687744
 1059.000000	10.8856302719828157	140.0896926654143897
 1060.000000	8.6074333519965815	98.4567361332730258
 1061.000000	9.4218486393973677	67.6868049131137752
 1062.000000	8.0422831735980935	102.6924614289649895
 1063.000000	9.4487573169645120	149.1556339371359741
 1064.000000	6.7769527763791375	139.9483851564892802
 1065.000000	6.6793039587725005	118.1723990995092635
 1066.000000	7.8625501294210203	115.2373560445874858
 1067.000000	8.7829785845336854	138.1131315481198953
 1068.000000	5.1750509492226469	102.2450221611732530
 1069.000000	8.6778042393095980	115.3827717390595637
 1070.000000	11.6312247323089135	121.8741317606472307
 1071.000000	10.4031735810166026	134.3350243204965579
 1072.000000	7.1026271499379190	146.8424993481563661
 1073.000000	12.5011934989986120	121.9932647809576167
 1074.000000	9.2264420559037585	132.0061249224384312
 1075.000000	9.9838976450840509	122.9161812444041004
 1076.000000	6.2686299842455009	117.7933139467618133
 1077.000000	5.0841895297302822	93.8903404661485723
 1078.000000	6.3238229157815073	106.3708022514160803
 1079.000000	10.2857996800154190	106.0261351515666064
 1080.000000	10.5024533081486187	125.6622084436323803
 1081.000000	9.6037891240786415	121.8288599741969023
 1082.000000	10.7278920871679890	138.0994545711147623
 1083.000000	8.4344900068283639	105.4596624650449854
 1084.000000	9.9511340832548711	146.3639919260226350
 1085.000000	6.3366409903321275	121.9506973500950693
 1086.000000	9.6322466179717772	149.5616045074629028
 1087.000000	8.6270326933573482	105.4655789652968281
 1088.000000	13.5820401338673307	156.1028992867385909
 1089.000000	8.9779379120896987	108.4894726262688636
 1090.000000	7.3952569577762421	139.5473957948508996
 1091.000000	8.7929793096908231	148.9416951257668416
 1092.000000	10.5035068726397309	132.2544741269404085
 1093.000000	8.2345061525951699	47.8967205299949228
 1094.000000	7.8808097493305214	57.0634496027793432
 1095.000000	14.5144354556876962	132.9826682312990158
 1096.000000	12.6446094546093697	116.7214098995785321
 1097.000000	7.2240746987336664	118.1856977481429283
 1098.000000	9.3227435822824827	64.1323485934580759
 1099.000000	9.8568511705315398	141.7173362843405755
 1100.000000	7.9127429401390037	126.1263424624156357
 1101.000000	8.3564886941238719	139.8796039530580515
 1102.000000	10.6771230920435869	160.4109326671884617
 1103.000000	10.2678734532026645	141.5023558308504050
 1104.000000	10.8845493354438876	156.3294902891200593
 1105.000000	10.6120147651504411	169.1541913697134873
 1106.000000	6.4273031673807024	106.2449681685125569
 1107.000000	4.3771637962593575	43.5791068718230576
 1108.000000	2.8369000459368769	39.7062561184558547
 1109.000000	7.4030304979391248	75.2439939560443918
 1110.000000	3.2012209005131833	34.0112620118968607
 1111.000000	2.7437539461013118	37.0052845778722030
 1112.000000	4.0513311645579471	68.1831261778707187
 1113.000000	7.8651705674428065	26.5742417015031549
 1114.000000	10.1330999816709930	67.8057888685247718
 1115.000000	4.0742667533909955	58.0968925201123625
 1116.000000	2.8057445830327516	5.2141752823577860
 1117.000000	2.8209642459694781	50.7826125955380974
 1118.000000	8.2130115372296775	70.4640866693121524
 1119.000000	9.5010614492716137	137.2942468499424251
 1120.000000	8.6269527956500056	134.4144450519680447
 1121.000000	3.2518390306379401	70.1287725713604431
 1122.000000	5.0384856434931287	98.0712248980745187
 1123.000000	7.1577824202999389	160.0542080421218714
 1124.000000	10.2146404260342774	107.8403046081787551
 1125.000000	7.7701634052317781	28.1353527045754674
 1126.000000	8.5923938109262465	47.6649925768986122
 1127.000000	10.6713022372045376	9.3936863987702282
 1128.000000	8.0293321343190609	32.9999609924452102
 1129.000000	6.1265627187366247	55.0902742762216633
 1130.000000	8.8945407593546619	8.6018773153325867
 1131.000000	8.2289561399780577	116.4499350972879768
 1132.000000	6.0912588824975940	17.9606359524659638
 1133.000000	7.8958826441483660	23.4106588860952058
 1134.000000	10.5542816567677278	75.8587352133863959
 1135.000000	8.9798361682527403	46.4971127945270837
 1136.000000	10.5709441475798691	22.5466380842009073
 1137.000000	5.6763888300041625	84.1046951657569082
 1138.000000	8.9895749187782457	171.9792032323946955
 1139.000000	6.2862844411923842	170.2574841718318908
 1140.000000	7.2892484614066753	57.3231749361022622
 1141.000000	10.2259916726956810	148.7851058885336215
 1142.000000	10.3843876080125117	30.0626954170149361
 1143.000000	9.5207356506801410	27.4105328332685758
 1144.000000	7.5142221820738415	40.3773771522699860
 1145.000000	7.1288071976268004	160.2777075804331730
 1146.000000	8.8569360050221171	21.0255750402949388
 1147.000000	9.7153518946874495	62.4404000415144225
 1148.000000	8.7327955897228016	45.9225948392015084
 1149.000000	7.6378338642932517	31.4010928278774770
 1150.000000	7.4134384951564245	44.9039481215967271
 1151.000000	6.1952737016063182	159.9963238542212594
 1152.000000	5.0178553225977893	35.8537003872060041
 1153.000000	8.3045507542957964	45.3753952412466504
 1154.000000	8.3240305908596959	27.4079831592878804
 1155.000000	6.1201874032165398	55.8240213444015154
 1156.000000	6.5728824364392162	67.6705841914130559
 1157.000000	8.2120346599772365	124.4898378520923075
 1158.000000	8.9342283340742945	106.7697759487610227
 1159.000000	8.7257143268416844	38.2459317412578059
 1160.000000	7.0650035875639858	31.1059398975915542
 1161.000000	3.2284626003250834	83.0938066432669302
 1162.000000	7.9109963525953040	105.2922181783483921
 1163.000000	9.8546588077366248	20.2314983494290459
 1164.000000	9.3048984920981521	90.2993678600760461
 1165.000000	8.8993256328724364	112.4431284313909742
 1166.000000	8.6365203452339898	21.7096681596880785
 1167.000000	4.8718248848588122	116.0018010710485896
 1168.000000	8.1931078359906397	16.4273685626178008
 1169.000000	7.8038400372025931	62.2421078321921897
 1170.000000	8.4591127162726032	87.0904623922523768
 1171.000000	3.0345670906554036	24.9729212452500633
 1172.000000	4.2917788544477053	143.5107892396490570
 1173.000000	5.3634333156186731	148.9714038894773580
 1174.000000	5.8519458005205829	168.6863272646659198
 1175.000000	4.3387369550043200	100.7617693780279922
 1176.000000	5.6202455115079992	75.9244567308036693
 1177.000000	8.2879889442201300	29.5799842515134230
 1178.000000	8.2164238888316401	40.6582692599469340
 1179.000000	6.7568573164611241	99.1041773660790142
 1180.000000	5.4627260719357507	87.3525662609129654
 1181.000000	5.8082532809663912	85.0166779004860302
 1182.000000	5.4300202457440605	21.2022025969261563
 1183.000000	5.5580236769114642	40.2310095888669537
 1184.000000	6.7708305915558045	67.8591887232143876
 1185.000000	6.6466055914815740	26.4912189675097522
 1186.000000	6.4691843854815927	28.7241364392061485
 1187.000000	6.6761072364178302	64.9667635190902928
 1188.000000	6.9295555300712701	66.2069242934758506
 1189.000000	14.9530318548782386	28.9473373581130602
 1190.000000	10.8426889262356294	111.4424288215585364
 1191.000000	10.3896725416717626	12.6088387770143413
 1192.000000	8.2039408313705930	47.5828921150779252
 1193.000000	9.4303170965307483	48.6207197072135955
 1194.000000	6.5890423092410115	87.9395283054320487
 1195.000000	7.2218851062592009	68.2617501850664610
 1196.000000	8.9482956521140835	100.8331508644631214
 1197.000000	11.0306409213590175	162.1891267652300996
 1198.000000	8.3759132556538116	74.7642996720190212
 1199.000000	9.0993711473466270	25.7219849905192746
 1200.000000	6.5194407042436238	15.7180810102665021
 1201.000000	9.5738783036462447	44.9065131333064755
 1202.000000	5.4191915751876918	131.8540844819791857
 1203.000000	7.2380111924293340	91.3934722827855239
 1204.000000	7.7526255105630453	7.2423715735094447
 1205.000000	5.7180257490669746	17.0066917816658645
 1206.000000	10.4924811844824983	121.4875889000816471
 1207.000000	12.1033204977134918	34.0485493975375562
 1208.000000	13.5673115207787909	18.3743951095553371
 1209.000000	7.4039706570123078	86.6218671162072837
 1210.000000	5.2052783965152383	143.1479205659694571
 1211.000000	7.3339248204095533	58.6459384291432428
 1212.000000	10.4949533456952846	91.1108990636582519
 1213.000000	8.8598461442794640	14.1472724617423751
 1214.000000	8.3590081937291334	63.1587573585491384
 1215.000000	8.5790133010955802	71.8864893987919373
 1216.000000	8.4725009945478167	65.5717464430631622
 1217.000000	12.3919286481225797	114.1292597199675356
 1218.000000	11.8775306978385906	67.8921235074095790
 1219.000000	9.2643683916717663	76.9167747114604765
 1220.000000	8.2383169888484549	62.7774028091181435
 1221.000000	8.3747832079903812	69.1793049228996182
 1222.000000	8.7875288071161304	126.3205592577661065
 1223.000000	10.0288373373827380	55.5981632298674526
 1224.000000	15.2910935142909370	109.6509275509097421
 1225.000000	14.8207357581485546	99.5600728417932714
 1226.000000	15.3617047766152552	45.2168029379728296
 1227.000000	13.8364711402673368	48.7925723234436930
 1228.000000	12.1508082655286476	36.0499674251298075
 1229.000000	9.4124948515341451	49.1958783372336939
 1230.000000	10.5072729091514905	46.5011300822212092
 1231.000000	12.5280769767418203	33.7811102247341353
 1232.000000	12.9130207718406851	44.6086080571551520
 1233.000000	14.2413348208741475	21.8302914129753276
 1234.000000	12.3729769969383714	11.6832606572002078
 1235.000000	12.6922908582633056	52.3287888679606681
 1236.000000	12.0449000733462732	39.2639627031944940
 1237.000000	12.6420950200480835	99.1128454618396262
 1238.000000	12.0582855922414147	5.9960575014341089
 1239.000000	14.6607829782702073	123.9151931952442709
 1240.000000	14.3589238881404864	127.1021689939180419
 1241.000000	14.5875657557599219	126.8011865820799642
 1242.000000	13.6525688771694824	26.5571814819348901
 1243.000000	13.5408974748642486	120.4120739629225341
 1244.000000	13.3988771549157324	26.2905009488701751
 1245.000000	15.0899190753414310	49.0816794699113927
 1246.000000	13.1406729711370058	115.4589588106052958
 1247.000000	10.3765981722883485	92.5289311114710671
 1248.000000	12.8028989810732625	114.4505100828203723
 1249.000000	11.5658076424124481	25.4930322441651640
 1250.000000	13.0895592938615266	110.7597733037216159
 1251.000000	11.9068060172332277	111.7368683465541608
 1252.000000	8.6601465843040142	5.6073077728907492
 1253.000000	7.3181086200187302	25.2525734019796460
 1254.000000	10.3184594914254042	38.6643635194926389
 1255.000000	12.0767726713739521	29.5789787305792800
 1256.000000	10.1200279698065625	52.4575770527553544
 1257.000000	11.2022934606329905	24.8641262799832816
 1258.000000	13.3438493038177270	132.6523255835339228
 1259.000000	12.4402919796020601	130.7583674114705445
 1260.000000	8.9191208139563134	13.1092862356098010
 1261.000000	12.2142874737076994	96.5259020942496733
 1262.000000	8.3964603812539185	37.6559875329192835
 1263.000000	12.1259509362780626	33.7005407701001332
 1264.000000	13.8501721617364506	20.7201780750551166
 1265.000000	15.6192424395016900	128.8785621513708861
 1266.000000	12.6485373094990123	7.8651119693556950
 1267.000000	10.9065267769566194	138.6114389195991521
 1268.000000	12.5173094669488734	54.7876474231596120
 1269.000000	13.1251951113349925	98.1480149518746288
 1270.000000	7.7498208935062607	57.2870111376234519
 1271.000000	8.4265164707959297	36.9350655484863069
 1272.000000	8.7743101547332127	64.0548982493039745
 1273.000000	6.6915343174896398	46.9217599286350264
 1274.000000	5.7247867055828152	64.3688308097813007
 1275.000000	8.1636338393422694	24.2526272300566177
 1276.000000	10.2757574697405349	35.2535539545627614
 1277.000000	7.6389847511869933	120.0386034619390614
 1278.000000	5.9630810065933826	93.1860614097682998
 1279.000000	4.5875069962979973	109.1647508296031646
 1280.000000	6.1280971023481312	113.8747623135880076
 1281.000000	10.5860910668349906	20.3322814757242440
 1282.000000	13.5461458241324948	31.1759429524983886
 1283.000000	12.5291577148187852	133.1142197129746592
 1284.000000	12.1405577294972407	29.8796615000888721
 1285.000000	9.0955960080635609	14.1665801236895845
 1286.000000	10.1102415440483480	96.7949449255251011
 1287.000000	10.4934904446220489	139.4324867287527354
 1288.000000	9.6584554625304744	121.5572680764417726
 1289.000000	11.1688244910969168	101.6250856961707569
 1290.000000	10.6827291912576747	156.3962205297171977
 1291.000000	9.3508939628578673	73.9033283513296908
 1292.000000	8.8961899349642781	82.4142252696961179
 1293.000000	7.9827365719612073	31.0881298612028445
 1294.000000	7.4730656273545382	26.1847110325937535
 1295.000000	8.8481648130976733	87.0761690337293999
 1296.000000	8.8277636563412401	17.7829729807032493
 1297.000000	7.1959278063562691	23.5295743609829913
 1298.000000	8.0914161580944786	38.1059162437037742
 1299.000000	9.4221127354505967	93.2557806381880425
 1300.000000	10.9889563960924637	39.8857015591927677
 1301.000000	5.5825719496777344	169.0503742036632673
 1302.000000	7.7218665716464825	73.0739777991737043
 1303.000000	8.3619327383245938	63.0274256250656038
 1304.000000	11.5546148577255572	23.1078222931052721
 1305.000000	9.7580547766149728	41.0528934088792710
 1306.000000	7.0002195917594925	3.6480272009519865
 1307.000000	9.1956874273906646	34.4426710087186336
 1308.000000	10.5430539582180831	29.9902697592839615
 1309.000000	8.5869243155676198	46.7812048989374034
 1310.000000	7.5731075645257597	42.0990242515440798
 1311.000000	7.6906291105908595	61.8290378283147675
 1312.000000	10.4340844016193994	93.7294917212298344
 1313.000000	6.5534897570472213	11.3823409651957377
 1314.000000	12.7095742371515108	125.0677567442798761
 1315.000000	10.9020892755394492	16.1332878159887798
 1316.000000	10.5988361703097880	20.7555591442668401
 1317.000000	12.7626803462223943	76.3720917733582070
 1318.000000	11.6483626578991828	26.6250117035641551
 1319.000000	10.8945719305649451	78.7520605123361008
 1320.000000	10.0117452556562956	30.2363292916353430
 1321.000000	13.7185571362649128	108.9758505762597736
 1322.000000	11.6514215070086635	107.1159550109901488
 1323.000000	6.9020924065723248	131.3360930992516273
 1324.000000	9.0449976748189904	10.7275313371862353
 1325.000000	11.8845228883606779	48.2279236899954071
 1326.000000	7.1167923137854139	31.3208647547585883
 1327.000000	6.4143802848718980	63.1645625734006728
 1328.000000	6.0477404410111282	12.1703400515175701
 1329.000000	5.9849749200005151	18.2682362569094039
 1330.000000	5.3037022494385511	68.7944826005022634
 1331.000000	9.8191443709239969	37.6635943063065497
 1332.000000	10.7112231922359111	98.9960976248554942
 1333.000000	9.7599647965759662	104.6493531283953473
 1334.000000	6.1275053692883192	19.0152796987649992
 1335.000000	6.8987531547931216	33.2792820356887660
 1336.000000	9.8802532664630291	8.5004821992003201
 1337.000000	9.1083355432786401	48.1452104304197803
 1338.000000	8.9779163723188535	90.2786539863879511
 1339.000000	9.9268150665080253	123.2135888149311285
 1340.000000	9.1698681787305922	15.6710692919719463
 1341.000000	8.5072705306653909	16.4108416393511618
 1342.000000	12.3660170558698113	60.9102554761139601
 1343.000000	15.6744238404614187	73.4708736510294642
 1344.000000	12.0033628360243600	77.5919455375831433
 1345.000000	7.5189181126255260	62.2014922981429237
 1346.000000	6.4528023158668919	133.6886522777388961
 1347.000000	3.0714817352040789	84.1707744130806930
 1348.000000	5.3609521513734606	103.1764880697650568
 1349.000000	5.3340315740968292	70.2781830745230707
 1350.000000	7.1626995943117038	17.8543734870768560
 1351.000000	7.5942176378875521	76.3593816871705542
 1352.000000	7.8081143023112602	38.9128789021073942
 1353.000000	7.9158309422172195	109.0434959202293044
 1354.000000	7.1275092071394006	19.2056548912680114
 1355.000000	6.4212229892427519	22.3393125277474383
 1356.000000	7.4343628379656606	41.1146751526780463
 1357.000000	5.7303979165077656	130.0743313299101942
 1358.000000	3.6596983285182874	88.2733808992332740
 1359.000000	7.5684476114850101	52.6415738265167477
 1360.000000	5.6474169807496288	112.8716669426202088
 1361.000000	6.2087594234713883	103.1563690925105305
 1362.000000	6.8659775499872984	141.9531683197782286
 1363.000000	11.4162523113449605	65.4971593157136169
 1364.000000	6.3755801702125936	85.1994235449417374
 1365.000000	8.6065974042820859	61.4251054314784568
 1366.000000	6.5090352375881393	27.9233064489886260
 1367.000000	10.7586607638388010	57.3902759555969340
 1368.000000	11.6294848400360369	87.7465639917842282
 1369.000000	5.6319075580269731	68.2961475322523199
 1370.000000	5.9124931046752911	127.6594116689838927
 1371.000000	6.6168760634131427	134.2571853940694666
 1372.000000	7.9202765677145983	99.7088476527282523
 1373.000000	9.4393443361881317	153.2098248533350215
 1374.000000	6.7038428105270693	167.3671205061443459
 1375.000000	7.3134615311220008	127.2308615188109684
 1376.000000	9.5943893089474148	108.7866632369472910
 1377.000000	6.2120488955140880	156.9510786306955765
 1378.000000	4.5646986089245951	126.6431669483575746
 1379.000000	9.2120713809262078	157.4319899510052210
 1380.000000	10.8540290072270071	95.1371382428137196
 1381.000000	8.5479391492375250	58.3525956120115552
 1382.000000	9.7650890586240120	40.0593876587739430
 1383.000000	11.9396747832676322	66.9611698863782863
 1384.000000	8.3056032355708282	31.2597972152699128
 1385.000000	5.6300472586586476	135.3179807578819691
 1386.000000	5.8651901704767138	65.7934031844957161
 1387.000000	5.1495613033654131	53.5491112051677618
 1388.000000	7.4636404919268768	113.6909624733350910
 1389.000000	6.7275634626345830	106.6289229735137098
 1390.000000	7.4595295996765030	144.6859119989796625
 1391.000000	8.7534087361262962	61.1096358917869793
 1392.000000	10.9734686792507912	130.5357504379982743
 1393.000000	10.2092881768005377	79.4430927243932388
 1394.000000	6.2357471287755537	80.9341666709543546
 1395.000000	4.9263938591981198	41.2219612136739499
 1396.000000	8.0409121015332179	53.4905050575558931
 1397.000000	10.2427241868157903	59.5898154512207014
 1398.000000	5.2444599165128523	124.1197525818128895
 1399.000000	6.6792367870049887	52.5359818972209354
 1400.000000	5.8498847307467985	46.2675211041027694
 1401.000000	3.2709063761325745	129.1533115337531399
 1402.000000	7.8721720680338567	24.0077690290494843
 1403.000000	11.5944092134303105	12.2872809321573300
 1404.000000	7.5721691050066378	42.9895479173128763
 1405.000000	10.0680582787391444	114.3537985311112664
 1406.000000	6.7512751424094892	86.5470477787368111
 1407.000000	7.4928004003114834	150.6961223256125493
 1408.000000	9.2272057735693309	156.6013632860190512
 1409.000000	4.9270369944816377	87.1668511850946857
 1410.000000	5.6587646083554635	80.4100663791033270
 1411.000000	5.4635995436351932	97.1645416388240335
 1412.000000	6.9362925956889052	122.8861126699802213
 1413.000000	5.7748085103403595	109.6450346135016929
 1414.000000	11.0964229033448127	38.0368123879773066
 1415.000000	13.4399437233757642	45.5272952412433085
 1416.000000	7.4115684072439318	20.7302716761515740
 1417.000000	13.6066561237553554	90.6076413203710302
 1418.000000	11.5254642385518249	24.1863103443807859
 1419.000000	10.5574903625855896	48.3029144145877183
 1420.000000	12.5259562249820746	40.1738371932884490
 1421.000000	13.3914099537565221	108.5640602051384320
 1422.000000	13.3841454975308185	59.9343993129408545
 1423.000000	11.5202282634519033	42.3221386765316936
 1424.000000	15.7917437677018810	49.0269594376635496
 1425.000000	14.6882122854683015	65.7273030349955718
 1426.000000	14.3954774864991428	102.6221427342335062
 1427.000000	15.6321488947215776	90.5673737194057082
 1428.000000	16.7170965473143340	64.7252158064018062
 1429.000000	11.7994677385745632	36.9191293314163715
 1430.000000	13.7631154864674592	87.8683157095287157
 1431.000000	12.6438276373636249	70.6733981289102786
 1432.000000	11.5962385338410279	52.0412438934270654
 1433.000000	9.0463883817259116	168.8884459087348375
 1434.000000	12.1723005628024090	71.0395844332892068
 1435.000000	13.3462569739120536	82.6985272776681342
 1436.000000	13.3116355717996662	43.7654540224020820
 1437.000000	7.1853499277463140	78.5085748450803322
 1438.000000	11.2255035119675650	70.8073384328345128
 1439.000000	9.8728840344170106	37.7519804319067305
 1440.000000	8.0285883531486402	28.7507077965037183
 1441.000000	13.4226207397007808	156.7281933643702700
 1442.000000	11.1529090090601972	42.7207424863571248
 1443.000000	17.3069427563715443	90.4819551438473439
 1444.000000	12.6252328532100648	54.6808487786619253
 1445.000000	9.1625306739382211	146.9711926281875378
 1446.000000	11.1530487937932392	115.9304872612493682
 1447.000000	11.7267429574888844	79.3139881463806660
 1448.000000	12.1949251226854543	54.2484961948089364
 1449.000000	10.5850942697363237	75.6761610485146718
 1450.000000	8.5796804367899444	28.9280809635224898
 1451.000000	7.6430695216623050	33.0854749803210382
 1452.000000	8.1795863781603799	101.2790533349323425
 1453.000000	4.0582395215098011	142.4465271514144433
 1454.000000	8.2966063813884574	168.7114223934627546
 1455.000000	7.5353737462948311	51.3857862218918910
 1456.000000	11.5861457267562837	77.9830548415598912
 1457.000000	11.5526044296462036	52.8027328780004837
 1458.000000	12.1179274480161219	66.1289380796077921
 1459.000000	9.0387335987553943	59.5082570204345416
 1460.000000	8.4686515409754755	54.3935333524689923
 1461.000000	10.7210451249394261	57.2528426876551322
 1462.000000	9.0485432160127939	72.7045177792622184
 1463.000000	12.7392641763114494	87.9923452758647926
 1464.000000	10.8289772734151040	23.0228834303839847
 1465.000000	9.1347841011726612	160.7286121523451357
 1466.000000	10.4184544372687782	101.2940258381212857
 1467.000000	7.6607981712867508	39.5911607120243616
 1468.000000	11.9184925022078811	45.1735977926294083
 1469.000000	12.5204243345987187	12.5863122960322471
 1470.000000	13.2722699593014024	45.9880191463440440
 1471.000000	11.0141775118812575	42.5235982424523513
 1472.000000	12.2335875145151380	83.8351576878024360
 1473.000000	8.1324374591971704	51.4133396011686159
 1474.000000	8.4303043561959470	56.5838189218540322
 1475.000000	8.9941272180336522	95.8699216799121388
 1476.000000	7.6675870856771153	14.8701510918312749
 1477.000000	5.6857739836333501	53.5249683730973373
 1478.000000	8.3629208033394544	102.9421283074525633
 1479.000000	8.3184710068136969	54.8778872910490634
 1480.000000	7.1136601548429894	101.2232307290186242
 1481.000000	7.3266399134401983	47.1728221347480599
 1482.000000	10.3291194751133517	45.3178541074827024
 1483.000000	10.5434553533817379	91.0204103089234309
 1484.000000	9.8422119807075727	49.9039218985731168
 1485.000000	8.7684423820846966	22.2019884657560738
 1486.000000	8.9613713656461904	23.1822836658004121
 1487.000000	11.9111523147212832	96.0922775829813816
 1488.000000	9.6046066245076922	33.4251123847967904
 1489.000000	12.4571725287356880	31.4467658295391175
 1490.000000	13.1476224138676514	119.2664946483481856
 1491.000000	11.4091060070350370	26.0210406768698590
 1492.000000	10.8907372423222508	92.0268725331266495
 1493.000000	10.4494998133674422	91.3203731849457938
 1494.000000	5.2764464818835028	85.2981500093842584
 1495.000000	12.1550964862920949	49.4586944737989995
 1496.000000	10.5431238488695893	44.7049173618765110
 1497.000000	11.9925803957908812	74.1193279413881640
 1498.000000	7.8928894983611606	160.7195893398783824
 1499.000000	9.3648889474412478	94.7900635894829264
