 0.000000	5.9549039046897123	97.3121370436757331
 1.000000	6.5585987123100038	122.5017488323210841
 2.000000	6.9735950929685178	155.3662570674399035
 3.000000	7.1094897894841296	110.1173475009683926
 4.000000	6.0199958526388739	50.5878767804818210
 5.000000	6.2935056009234867	145.3660603687454227
 6.000000	7.0541821683717201	124.6299554271263048
 7.000000	7.7463241690909088	114.5730871158774562
 8.000000	4.0708731179484641	109.2616549582178891
 9.000000	4.5600072795651467	42.1246069200231830
 10.000000	5.9533279241481978	116.6094435733028263
 11.000000	6.4907321736776193	37.4124026335854865
 12.000000	5.9504176389111887	133.2950206076060908
 13.000000	5.9269288162748071	145.1556896488716575
 14.000000	6.4847955749327229	143.5003580830115197
 15.000000	6.2955406414179560	135.0063050133298930
 16.000000	6.1764384322976973	105.3800087693109901
 17.000000	6.6076044019957889	119.7947557216204189
 18.000000	6.2966427069780675	115.0278687658929044
 19.000000	6.5695211481924494	140.2073539500950403
 20.000000	7.2336110641531164	109.6231691338948195
 21.000000	7.1821040598220121	77.5131661231595928
 22.000000	6.2727898230400179	148.8232083636513323
 23.000000	6.5886615939304898	125.9878918283401390
 24.000000	6.4846701996982619	107.2578985355971355
 25.000000	6.3831747168357404	121.9228254509736615
 26.000000	6.1721936032894194	111.2904742250061787
 27.000000	7.2514330089360719	135.1713309750182361
 28.000000	7.2783525542240630	128.4258221752722307
 29.000000	6.5692903822231568	170.2486761609679036
 30.000000	6.1259895662993795	123.8384865800934733
 31.000000	5.7681744406871829	137.0658760800251343
 32.000000	5.9435993591415697	118.1949084517740829
 33.000000	6.1912997539920518	143.0856160541681561
 34.000000	6.1065825204995834	126.9212575085825421
 35.000000	6.8353082850811466	121.4481184574454744
 36.000000	7.4901922494574267	109.2772099901457779
 37.000000	7.7225853919612346	105.8176715278111715
 38.000000	7.8367081281400530	106.9392015130570144
 39.000000	7.4957596297533193	104.5539667421657839
 40.000000	7.5635053385800379	105.7459128466643676
 41.000000	7.3518768493763549	123.3553661063950955
 42.000000	7.5227329918727817	114.7535997219320194
 43.000000	7.8856350280357255	123.2885029917841564
 44.000000	6.4662249835923333	32.0983221398714136
 45.000000	6.9616824744119175	109.1844148101706651
 46.000000	6.2467778399525216	131.5218473956311414
 47.000000	7.4654306648669646	104.8205951232459086
 48.000000	6.1589064655331107	102.2919892594820510
 49.000000	7.7872452853561374	96.7414762870816247
 50.000000	7.0270287733646919	132.5195628307487823
 51.000000	7.7758073199804389	108.4727997692088195
 52.000000	6.4504673559875521	126.7226102814427264
 53.000000	6.2081784314192117	92.2972795673097437
 54.000000	6.6256965242893671	57.9223828879347593
 55.000000	7.0844397984121663	117.0829061824011461
 56.000000	7.3185869019306020	117.0282191359442550
 57.000000	6.0757801687086959	40.9129245911057069
 58.000000	7.9008644310964851	114.6168841011335502
 59.000000	7.4904884581077367	113.5789960049584693
 60.000000	6.7947434605131551	119.3163466797693957
 61.000000	6.5031092367421017	134.6825310277187668
 62.000000	7.3176662179159750	155.5737537091614797
 63.000000	7.6554606952475259	93.8574412119777719
 64.000000	7.5849608438255194	105.9623564523003552
 65.000000	7.1376784694024202	133.0015853573126492
 66.000000	7.5344015162964002	108.6637739321988079
 67.000000	8.0261933593330834	101.9439728567317616
 68.000000	7.7638736113676625	107.6560151113544350
 69.000000	7.6382798540389123	115.5690011861623390
 70.000000	7.5783162906762662	97.3370277687697723
 71.000000	5.9389881058964011	142.4473453311540538
 72.000000	5.8675654009154874	123.4324247837065229
 73.000000	5.7320123085865422	115.0502114464976415
 74.000000	6.5899472366160561	136.6752396648190313
 75.000000	6.2540240232923168	47.9348836760625261
 76.000000	5.7981978984373592	126.3377140233935876
 77.000000	7.6024708940927264	104.3863576156235808
 78.000000	7.7173230140331297	117.8916910899273489
 79.000000	7.8016433252320532	120.2234370939573012
 80.000000	7.8442994011685245	116.5403517903839514
 81.000000	7.0639476472864056	154.1838635508629238
 82.000000	6.0615465561000565	35.1052387383418250
 83.000000	7.6189688071754720	100.6178998160581273
 84.000000	7.9212003836173750	109.7558748575612810
 85.000000	7.3428062398241396	119.5078834442811910
 86.000000	7.6238176486005234	131.5072258325500627
 87.000000	7.4692147411074057	106.0641253052459803
 88.000000	7.5517760822459739	101.8850184595689399
 89.000000	7.6436887524335013	107.3071536445698797
 90.000000	5.9190078336289851	131.2836577785819259
 91.000000	6.3402784032901245	117.4575419154142537
 92.000000	6.5812145751602609	65.5626433746058979
 93.000000	6.7999934751808828	33.2327208731077519
 94.000000	7.8721416422675645	108.1647488973252109
 95.000000	7.8424733838127301	108.7059515563584853
 96.000000	7.3368146787060988	98.7445235294375152
 97.000000	7.7298694982549216	109.0019473808004875
 98.000000	6.3788710484531510	142.1937951838729361
 99.000000	7.4521069240637061	101.7370400774636892
 100.000000	7.7980246909879360	123.5449526822644941
 101.000000	7.8015755240057514	105.1878561726779253
 102.000000	7.7919314585223782	121.6263782735574637
 103.000000	7.3649426805024456	115.9486738277991975
 104.000000	7.5928079080153763	102.8503138677224626
 105.000000	7.8577447451995353	113.9219990955719766
 106.000000	7.6472342928326880	106.2745593038024907
 107.000000	6.6056256025908011	122.2152394814045522
 108.000000	7.8163235321055495	102.0351354455141433
 109.000000	7.6624600958370657	107.4115425853174770
 110.000000	6.8752021869792976	151.4330564865782947
 111.000000	7.6701503526708290	101.3104194114534522
 112.000000	7.7737270252992969	109.5447727423109967
 113.000000	6.4665736736596138	119.7982037662037555
 114.000000	5.9883690174432038	55.0076283894932629
 115.000000	4.9368555441408075	133.4086251388346227
 116.000000	5.9309159860669869	142.8923581659091724
 117.000000	4.0515222817891150	127.4211964556047576
 118.000000	4.9208138757757487	152.0996030820307681
 119.000000	6.0477081358854541	49.2219269699398296
 120.000000	6.2134253881037669	135.7870536524928582
 121.000000	6.5319520241182527	34.6070895290832539
 122.000000	7.3730257116289932	121.0024858313742726
 123.000000	7.6833557692630867	106.0563819063854538
 124.000000	7.1404014167271921	115.1581607599505617
 125.000000	6.6016721862786891	115.3123575854500729
 126.000000	7.7808708251113607	111.9460040678594908
 127.000000	6.4293933429700569	164.0071498945060569
 128.000000	5.5407820518577484	41.6064096916896915
 129.000000	5.8570379623733464	121.9251714082965918
 130.000000	4.8909851570468383	152.0297615617315046
 131.000000	6.7912851024500736	100.2165364982681410
 132.000000	6.4845019937144874	137.9625205423407124
 133.000000	6.5442656818795344	106.2872227160355152
 134.000000	7.2370524387810873	109.0615617863047220
 135.000000	6.5004048214292061	130.3008821114217710
 136.000000	6.1108880776105288	120.6532794590711433
 137.000000	7.5975620985977645	114.7337216636321955
 138.000000	6.3500315993326959	126.1424077954982153
 139.000000	7.3790323457927158	109.8125443626955473
 140.000000	6.2027185721300242	122.3429805609686127
 141.000000	7.8919985781988906	122.5231058782270281
 142.000000	7.8892800047420808	100.0242026963020550
 143.000000	7.4036355167418142	123.5015476655829616
 144.000000	6.2703568570553152	121.8573654758807834
 145.000000	7.8798420138370524	107.8112087889584672
 146.000000	6.0263737420734813	133.2837396275928654
 147.000000	6.6637520938912393	138.5789220744290731
 148.000000	7.3224354502272613	101.1959616712230599
 149.000000	4.4972245333019707	147.0373568099367390
 150.000000	6.4866298608135482	122.5618048023977735
 151.000000	6.6484983998248843	36.5315671043427699
 152.000000	7.6045823876883833	114.7507358868706291
 153.000000	5.7472877160376479	102.8071049650441040
 154.000000	7.5667885995478343	110.0340127006198401
 155.000000	6.7883622681721496	154.8915671139175174
 156.000000	7.4031547737304031	111.1051490498744840
 157.000000	7.9579117491991678	99.9411410818237016
 158.000000	7.5662268342987522	113.3062666023971161
 159.000000	7.6723802795141074	115.6379953778868810
 160.000000	8.0446516319157695	109.0352563811132001
 161.000000	7.7441136372017967	110.8160443182742227
 162.000000	4.6676989356086800	136.4525942681518984
 163.000000	5.9109671892754321	115.9390451609856996
 164.000000	7.7225434964725705	114.7879025306429099
 165.000000	6.5844429676012384	41.7126868006328948
 166.000000	7.7279495577398478	106.6005373600656441
 167.000000	7.2301711763517291	112.7792639343423673
 168.000000	7.6906386527057338	104.0607930729172068
 169.000000	7.7063854296197576	106.0605420065931668
 170.000000	6.0922035422190390	95.4547480341085191
 171.000000	6.0921913916018413	97.7603559819080488
 172.000000	4.6910005173750928	107.3291345307204665
 173.000000	4.9199298362557755	126.0286045753533415
 174.000000	4.5883958433242240	107.6738742893646616
 175.000000	5.2002039593708096	113.5712214201188033
 176.000000	5.3857165753759277	88.8909645999495979
 177.000000	5.1263283697274078	123.2748677290972523
 178.000000	4.8135178799583755	31.2403413169880935
 179.000000	6.2002673722156603	131.6693062097871803
 180.000000	6.3412760427963732	114.5803296418246333
 181.000000	6.4640372162895394	127.2589056104012002
 182.000000	6.5295372806137530	155.3873928746406250
 183.000000	6.8129921674758425	111.0191082125625144
 184.000000	6.3761907843510812	103.2622477858547256
 185.000000	4.7011859431674781	52.9576915431186137
 186.000000	5.4338244448662207	47.1259582245835134
 187.000000	5.1394631173304939	103.3617713192899856
 188.000000	4.7437013257574829	24.3142311695335138
 189.000000	6.2349383192456624	84.5728837589041120
 190.000000	7.8808731553272393	104.6040348981411654
 191.000000	5.7050385261901360	112.0334931587755705
 192.000000	6.9185372503572378	135.8179766720710404
 193.000000	4.5531819356099872	118.0575368658145692
 194.000000	4.4710531728090963	121.9622756695114418
 195.000000	4.7287037087156865	148.7995923412987338
 196.000000	4.7087611908163423	122.2946691974959066
 197.000000	5.6018822924243743	145.0574500672864247
 198.000000	6.3814789454790173	124.0525198975385024
 199.000000	4.8217664431934635	99.1518180480829869
 200.000000	5.7125119180589854	123.4991628398103529
 201.000000	5.9413695293179716	33.1349608511852409
 202.000000	6.2059525562292910	46.0845725909096018
 203.000000	5.8470242874191580	85.3769205251140590
 204.000000	6.3730729399934685	143.5072517886042931
 205.000000	6.5069055242597162	156.7725787518238576
 206.000000	7.1231285209345518	142.9745703520695770
 207.000000	7.4085870670022214	121.3813037493905256
 208.000000	5.6692926168984465	120.4645825144661302
 209.000000	6.8561212383755077	165.3096046620924540
 210.000000	7.1058466657747461	108.6373254378267319
 211.000000	7.6274702363766771	89.8228813001101969
 212.000000	7.0121386835291615	115.4853303464276308
 213.000000	5.9143697593175508	120.5892886598280995
 214.000000	7.3508675810131372	127.7941064345262561
 215.000000	7.9578942044781780	116.8781420886313214
 216.000000	7.0070927472740872	53.6109937341712168
 217.000000	7.7758476971036661	116.7131957902795136
 218.000000	7.7352785356806280	102.0290514917441556
 219.000000	7.9006415128049161	119.1889831146425820
 220.000000	7.6765435617825064	85.5584302218519639
 221.000000	4.8286039991790863	160.8909977582480906
 222.000000	6.0896476825805017	108.3374937012310824
 223.000000	7.8716056256031388	99.7571613005222133
 224.000000	7.5296371086244331	110.9934038434892045
 225.000000	7.6043471058227547	108.6274342884562714
 226.000000	7.6931529108211372	112.1282491685486491
 227.000000	7.6182703210187261	104.5270616258547562
 228.000000	7.1391114803250382	114.0117755514865934
 229.000000	7.6169191761752897	111.3227222539660914
 230.000000	7.1863769177308718	130.2464850252970336
 231.000000	7.7938224577558124	105.2082454806397749
 232.000000	7.7106524683969830	119.9957250765470747
 233.000000	7.8390962969455931	109.2159244518117731
 234.000000	7.7520980067949363	110.4594947680816261
 235.000000	5.8363474600894216	123.8468322844884142
 236.000000	7.8822378859107687	109.0904279214994546
 237.000000	7.7990015287027683	97.8662422158384118
 238.000000	8.1101131445800760	98.2668575617519338
 239.000000	7.6965410700381298	113.8792279395506455
 240.000000	7.6572942326776952	99.9906005280297450
 241.000000	6.0635655536167468	52.6678121932316827
 242.000000	6.4751999781356808	158.2769900495312356
 243.000000	7.4865491951578305	104.3531169321662304
 244.000000	5.1921719708859255	169.0170437426240824
 245.000000	7.4638701479907326	117.6165913753080474
 246.000000	6.3031656529962525	103.9036371684479434
 247.000000	5.9418327824972090	98.6176163152412499
 248.000000	7.2285481200906903	102.9781905146293184
 249.000000	7.8644936914689767	117.2793718698955843
 250.000000	7.9011752795633887	115.7886297002074798
 251.000000	7.6923674074429895	111.0219105247316094
 252.000000	7.7466624884061348	118.4980578153350734
 253.000000	6.9861949506921937	163.6956954761640759
 254.000000	6.4840161497368083	121.7910700134175386
 255.000000	7.8141835604907657	105.1903567765096028
 256.000000	6.7025958401649230	124.0052200424090074
 257.000000	6.1963379139384518	134.2745818297492804
 258.000000	7.5671748102848300	124.0529356305280260
 259.000000	7.9521166725428998	122.7830223358234889
 260.000000	7.1879048841263780	128.4089149564808281
 261.000000	7.7575727063506079	120.1364205472506654
 262.000000	6.8173072214342394	96.2888252293252833
 263.000000	8.0373961948501087	112.2016264944771251
 264.000000	6.8546478513699274	102.5299398376977393
 265.000000	7.8439325642697808	100.1564812901503956
 266.000000	7.2571806356938682	119.7708670895404452
 267.000000	6.0446958399060229	118.6725104939391429
 268.000000	7.7720196954685470	118.7116862414855234
 269.000000	7.6758557797298552	106.4650887699163206
 270.000000	7.9069837125978619	101.8056094505923426
 271.000000	6.9564958250585258	127.2380642056579632
 272.000000	7.6306561817724186	99.5451564085790324
 273.000000	7.7023318643459167	116.6997129201269843
 274.000000	7.7489987895848094	101.2875204657846524
 275.000000	7.4673335535144849	89.6540854671554825
 276.000000	6.0031206617317832	132.2355919916623748
 277.000000	5.9748992527409310	126.7068533529389924
 278.000000	6.3777434323089155	117.7547345939838266
 279.000000	7.1528800883170573	35.0988610843748745
 280.000000	4.9980573581182233	115.0722377395860860
 281.000000	4.7973221070590499	118.4500014321161814
 282.000000	4.9385582153429359	105.5937706432010401
 283.000000	4.9543956060691015	125.3424720136928556
 284.000000	4.7221366420632611	117.9918431236924619
 285.000000	5.7788485920679884	153.1443927263973990
 286.000000	5.9805237046776476	133.9963512157929131
 287.000000	6.0155739852135435	126.9059060282036171
 288.000000	5.8557056062749524	131.0705534702965451
 289.000000	7.4138700958205428	108.6947535363799489
 290.000000	7.0978456533608609	110.4544430104951829
 291.000000	5.3461620525248836	118.2926611698043473
 292.000000	6.4679862813127631	130.0191940644652391
 293.000000	6.7567047983841384	149.4649877325594503
 294.000000	6.0776993581683714	43.9010461640588971
 295.000000	7.6132727196607819	118.3490471331277405
 296.000000	4.9802937894426496	122.9847076129457832
 297.000000	5.2648760619329131	151.4172331581917206
 298.000000	5.2426778939381373	65.4551264592902982
 299.000000	4.9372081636750611	129.8365393754394290
 300.000000	4.3988241103387917	108.3386433880954058
 301.000000	5.5224604712099064	97.2363494631790957
 302.000000	4.5884839290878690	107.8816534241757807
 303.000000	5.2641599146002500	96.5621990492919906
 304.000000	5.8452702780103376	116.6455221888178357
 305.000000	5.2955677300512702	100.3764423491911089
 306.000000	4.5797449283333798	133.1507249668128168
 307.000000	4.9147690603609409	97.3051558327637025
 308.000000	5.4389960328481077	117.1886606967442219
 309.000000	4.9036357179131951	122.7574847557700082
 310.000000	4.9680991764556008	97.4875089408131572
 311.000000	5.9842934578882394	149.4477809331426101
 312.000000	4.1171951413779970	132.0749313313004052
 313.000000	4.9787187276363865	109.4779704926353503
 314.000000	4.8815389651238821	113.0958515016815937
 315.000000	4.5334803276438196	110.6528948623960531
 316.000000	6.0079974544471151	122.5441457272901289
 317.000000	5.9713932481424425	123.2037404111444800
 318.000000	5.1394124424636223	36.2168649961978417
 319.000000	7.6860534350960439	110.1662873173976607
 320.000000	5.9508073510700097	118.8960014760275499
 321.000000	7.2137884309968587	155.7649610086929783
 322.000000	7.5740333420846904	106.1867367323546887
 323.000000	7.5759865804356465	91.8350269716577685
 324.000000	6.2735968725185218	134.1567953252904317
 325.000000	5.9749000442989564	129.2559394701748374
 326.000000	5.3929926440994755	139.3212288837990798
 327.000000	5.5421177125505139	126.7286794797373091
 328.000000	6.5624407341926929	65.4090192735061180
 329.000000	6.1583083580052245	120.9079873492156878
 330.000000	7.2493585545066477	102.7808630672847698
 331.000000	6.0663688282799759	158.1809328339440412
 332.000000	7.3671061482565490	92.7761581502512342
 333.000000	7.6207926475381917	103.7575214118061950
 334.000000	6.7570592095899134	120.3666740759262268
 335.000000	6.5996429275691959	58.9817380159253872
 336.000000	7.2655242772202957	109.8187974527202044
 337.000000	5.4623049063497646	137.2245824460345602
 338.000000	4.5477532225453698	121.5989357034509339
 339.000000	6.4572262881532376	131.0809126663456823
 340.000000	6.2394872275640507	37.7046004854448427
 341.000000	6.3186201146576018	128.7371694316903188
 342.000000	6.0392134278552732	109.1533602241962484
 343.000000	5.2944532881753226	101.1279595358139005
 344.000000	5.0082345996598763	139.8701778516041827
 345.000000	4.3729142212546321	123.6573132936328534
 346.000000	5.0247095550504772	102.1908221929053440
 347.000000	5.3443486700689364	115.9214450596573300
 348.000000	4.6392506811024186	112.2457689161712153
 349.000000	5.0958414464615727	100.8413152388114042
 350.000000	4.4783673049334567	122.2869828630011284
 351.000000	4.6964114151579883	113.6428523346561974
 352.000000	5.2781746289549201	100.2810217948198499
 353.000000	5.7931902700787168	115.2755148262473739
 354.000000	6.4187442588134669	132.8634826262642719
 355.000000	6.2121157660439019	119.4273233180484510
 356.000000	5.8416682732870857	132.3967700959829585
 357.000000	7.9221702913010388	98.5570182982221326
 358.000000	7.3659844176810125	94.1835647834601986
 359.000000	6.6443619219074055	89.3848786029899571
 360.000000	5.8769420501923939	114.0019638048936770
 361.000000	4.2309168003345174	110.9892265109370442
 362.000000	5.5631893364817238	130.6411787479731856
 363.000000	6.2574814447348999	101.6552337284989846
 364.000000	6.2687083024339953	141.4815926377087862
 365.000000	4.8480804530213328	107.8825833414367281
 366.000000	4.5832285607524801	116.6788217880816489
 367.000000	4.7761770203753944	113.9327518833276969
 368.000000	6.2889200982475604	91.7127571337996130
 369.000000	5.3463778014998047	98.7032496794446672
 370.000000	4.7907954125988255	121.7013253099615611
 371.000000	5.0564822922246746	120.7744143414078195
 372.000000	4.9414752715011367	115.8626164926940305
 373.000000	4.3306057886894864	127.5475220949923454
 374.000000	4.8167549074188205	140.5862900174114998
 375.000000	5.0679321890155382	15.5438400322731809
 376.000000	4.9280378273720826	112.6002364965002727
 377.000000	4.9466947178453324	110.2899385342594485
 378.000000	4.7470756228060038	135.0102163409424065
 379.000000	5.9541209180663301	135.9236023747932620
 380.000000	5.5570045068177265	136.1775990933205946
 381.000000	6.1128322944697633	145.4536259743342157
 382.000000	6.0459139055020010	118.7638019479070550
 383.000000	5.0348037955182550	105.7464706477924352
 384.000000	6.0158668120706267	130.2508247229337144
 385.000000	6.1019694868759862	106.9313330704226388
 386.000000	5.5415893228185755	119.0687963847602759
 387.000000	6.0669436857544587	130.3979633438367784
 388.000000	5.0060075944082474	99.2595234456039748
 389.000000	4.8454776797883508	145.3035737853523983
 390.000000	4.9074908076013646	126.1033634934717043
 391.000000	5.1594647089825312	145.0735372224825142
 392.000000	4.8234752801801060	89.7557518766540170
 393.000000	5.3005919969786097	119.6008356863791704
 394.000000	5.9592082482888475	26.0893283303748831
 395.000000	3.3509768863126306	136.4531021785765574
 396.000000	4.9538905417948529	109.9885417309426430
 397.000000	4.9170246817159597	125.8469757247824106
 398.000000	4.9275239638171993	91.3246109540662871
 399.000000	5.1108105187760744	99.3416547196764981
 400.000000	4.9968424087780203	116.1289627229793098
 401.000000	3.7740767354228848	141.2801640667261154
 402.000000	5.0028970892392230	121.9355559116224725
 403.000000	4.2020772207911312	120.8282192647831152
 404.000000	4.7063516873649549	134.7024819903018056
 405.000000	4.9948701740841219	121.7967667125917615
 406.000000	7.6709199584718650	109.6577423185358526
 407.000000	7.2277611145078398	97.1301892312170594
 408.000000	7.3028779469244061	109.0174828609336970
 409.000000	7.5008612173115541	102.2711361504470631
 410.000000	7.6719371159910494	116.9534108461826918
 411.000000	7.6847898943145063	114.0753175296632520
 412.000000	7.3610310564860653	102.9524187863325011
 413.000000	7.7805248679011232	101.1748084960583753
 414.000000	7.4395952665065135	103.0473019837966575
 415.000000	7.7273998952509197	101.0286142816337076
 416.000000	7.7229564318967556	103.4304905037877944
 417.000000	7.4395835684368912	103.0607289019873889
 418.000000	7.4557744526691367	103.8317320622431765
 419.000000	7.8375287221574848	118.1695972037969824
 420.000000	6.8176151676492864	139.2359790005184550
 421.000000	5.6249021440837632	116.3312780181740607
 422.000000	7.4307392758925239	105.5337969428363323
 423.000000	6.2292667886498725	132.0497783146665824
 424.000000	7.5763416118668232	101.1727232754769545
 425.000000	7.9512394582220169	94.8113884609842614
 426.000000	5.9268816321320852	136.4107508257652626
 427.000000	7.3504736671462210	119.6033148532615087
 428.000000	7.6361302655969023	116.0103275033661276
 429.000000	7.6227886296893708	107.6494129996861346
 430.000000	7.6994295517067615	96.0355990750897064
 431.000000	7.4339545095881991	108.0762717388504512
 432.000000	7.9162967486446414	101.3563304903202180
 433.000000	6.5349219440783175	165.9163916537120542
 434.000000	7.9045501019612265	116.5524764858708977
 435.000000	7.7959770744697998	113.6747754047270718
 436.000000	7.7372529686719647	105.5047768161048225
 437.000000	7.8342920034778443	114.4140248063362435
 438.000000	7.3744808751357160	105.6048882350450953
 439.000000	6.9842260696962581	116.5892723988554565
 440.000000	6.8345323890294409	115.1060100086853026
 441.000000	6.1698083560774570	143.1975915870411313
 442.000000	6.0595542926934032	135.2562121023399868
 443.000000	6.2093873715861081	121.1039445732532442
 444.000000	5.8518625592209901	113.0886891069204694
 445.000000	6.1876190217556477	120.6193748825556327
 446.000000	6.0012718504226648	118.9906152224435800
 447.000000	7.4667090637709892	115.9680837515030305
 448.000000	5.2840267852549090	132.9130341425363895
 449.000000	6.2637178466803922	37.4388240529122527
 450.000000	6.2213751375645652	129.7434121642730247
 451.000000	4.9629113589680767	118.6620176963330806
 452.000000	4.7970255609917611	105.8810317076759304
 453.000000	5.4380591947561312	119.6766097716714228
 454.000000	4.8076140262220024	131.7411811959724446
 455.000000	6.3275377467826166	124.5396752834918743
 456.000000	4.8425843856865551	113.6400676618722656
 457.000000	4.7327612393788243	151.5304422695383550
 458.000000	6.2016121314464785	120.8259042883540673
 459.000000	4.6135068841582765	138.4431436345284396
 460.000000	3.0472796884720514	18.0188618645526049
 461.000000	6.0171255066346339	117.2592677024876338
 462.000000	5.9546417447560964	129.0552651408697216
 463.000000	5.8991072223844165	113.1961435235151470
 464.000000	6.2154893371167788	120.5398413774734649
 465.000000	5.9160891036542997	150.7202904434213622
 466.000000	5.5384010982871272	109.7876700655113353
 467.000000	5.9438228662731403	134.7374936494732935
 468.000000	6.3526522373688152	132.4729778637046991
 469.000000	6.7371862635995559	128.9737768661736368
 470.000000	5.8139255691585339	133.1461548954566183
 471.000000	6.2472175246761790	132.6662369043053786
 472.000000	4.4547361229802371	96.0722576541152335
 473.000000	4.9096763226350673	106.6991693742017162
 474.000000	4.6444069349815500	120.0552446217991189
 475.000000	7.3684765865290176	102.3939774078990723
 476.000000	7.5222938179207484	107.4179220452856640
 477.000000	7.7057587321650258	102.4024039995251059
 478.000000	5.6480547010693005	126.2832589191103523
 479.000000	6.8872671852511873	145.4061906961386796
 480.000000	7.5723010485968958	121.4648818213768777
 481.000000	7.9072888976491207	94.2875977361956359
 482.000000	7.5926517980004000	118.2987186402943394
 483.000000	6.0690131021573617	137.6698243639448833
 484.000000	6.0488035384144698	120.9816438604520670
 485.000000	5.8419634604182473	115.7343090484612418
 486.000000	6.4557691314100127	128.9593852034095391
 487.000000	6.8740358708512641	112.0559512297565590
 488.000000	5.9522411015455354	127.2820741048302295
 489.000000	6.1395498332347289	123.1734793229766751
 490.000000	5.9502764340620669	98.9558901018337451
 491.000000	5.9139050413362577	143.4228288185663018
 492.000000	6.2224890123389480	121.5800361588011071
 493.000000	5.6250203366609046	130.4220387865088355
 494.000000	6.6804650318754284	115.9755800683697089
 495.000000	6.3469637850012646	122.0799620335957627
 496.000000	3.9609136804520610	126.7007010459626031
 497.000000	5.7633956578092560	127.9463010899457203
 498.000000	6.5126631410774598	136.5461415324961649
 499.000000	5.5445346174116681	133.2517545767474587
 500.000000	7.4925336246172369	90.7845498204192296
 501.000000	5.7546471731120432	115.4025959386913911
 502.000000	6.0937571591745128	122.8335980274183754
 503.000000	4.5747365171676515	112.9786738774449901
 504.000000	4.8047025969336605	126.2143085448045809
 505.000000	4.9880679307249682	93.4792369140942867
 506.000000	4.8818847312977658	96.0544920239555040
 507.000000	4.8521993388671110	126.1071091311578130
 508.000000	5.3096409864423704	110.1924155933233607
 509.000000	5.5405565882506007	118.0618262524711781
 510.000000	4.8823909459963657	108.0592279706083332
 511.000000	4.2405896880783542	103.0877956567007203
 512.000000	5.2259324021510292	128.0348565908102216
 513.000000	6.5122112652288902	116.6638576553434063
 514.000000	6.4062174794509161	127.9722515340639433
 515.000000	5.9444428461185348	116.9151920950165220
 516.000000	6.0235209116027120	97.1725883269662774
 517.000000	6.4519184122564219	146.0325787267318844
 518.000000	5.6074579770438158	119.0834492115109526
 519.000000	4.9944542301368031	116.7305287673619318
 520.000000	4.0729353067389225	149.8786943907303169
 521.000000	5.9562719497312848	125.8476547393179032
 522.000000	5.6923134902338637	151.3986276826142046
 523.000000	5.6920697405231007	103.4579660442963700
 524.000000	6.7124935092700131	123.0810947662734804
 525.000000	7.3577186101173657	115.8526475270264768
 526.000000	7.7039376499487524	114.9742976732434698
 527.000000	6.1382250369374756	117.3301982425839043
 528.000000	7.2658909019668796	110.4781400246971259
 529.000000	6.5626353525848069	124.8152710159089622
 530.000000	7.6407992170734662	100.0175163566296987
 531.000000	6.6320670659136214	91.7460909718132740
 532.000000	6.0423318388449161	65.6860063461229515
 533.000000	6.1078028558940325	95.0833936625309519
 534.000000	6.6817437139366644	121.2895631351599377
 535.000000	6.0093897925488502	56.5545789348637697
 536.000000	5.9895473488388387	67.7764434781856835
 537.000000	6.0404616123109038	163.6959505718152457
 538.000000	4.4773545466060671	125.3314647283151260
 539.000000	4.3833404598386982	133.0602989522904522
 540.000000	5.3010329675127954	85.3620647496715890
 541.000000	5.0863807564708621	103.8827066785503064
 542.000000	6.9895146479513492	129.0538839554527897
 543.000000	7.3733901305399696	101.5010250024940746
 544.000000	6.4205127915990436	125.1126762704883504
 545.000000	6.7598992211497162	125.0927437182924109
 546.000000	6.2039228802417199	144.9413418931394517
 547.000000	6.1393521339235928	129.1570257554640193
 548.000000	5.3189776033163572	114.0411872874200725
 549.000000	5.7716563498920852	119.7978426785346642
 550.000000	6.0579706035075640	131.6209440225270555
 551.000000	3.9720170029869379	106.9077828601884619
 552.000000	6.7601764595960852	43.5059300365831234
 553.000000	4.8922144399739409	102.5538069394977754
 554.000000	4.5747570386835772	98.6231723145287873
 555.000000	4.7679505472245438	112.7591426129157952
 556.000000	4.4312464148333675	130.5677135803987312
 557.000000	4.8049654516095144	99.4774429303015353
 558.000000	4.7935699231521891	110.4260341579407338
 559.000000	6.0306841004789078	115.3069450882167502
 560.000000	5.9465722200198696	121.9695797731085207
 561.000000	5.9974774220812543	95.6874367983515128
 562.000000	4.9946189135466552	88.3793514912957647
 563.000000	8.0074908788137815	122.4173317103875718
 564.000000	6.3994304071192509	141.2562511389673716
 565.000000	6.4104346772025869	115.8714566509547126
 566.000000	5.6797710380921549	61.8251948716152384
 567.000000	7.4212039687389320	111.8321209598095152
 568.000000	6.0678489534912812	118.8217663656843257
 569.000000	5.9025225820970126	142.1526977527586837
 570.000000	4.7371688902057860	142.7840132488192069
 571.000000	4.3542308761399422	135.7488659417871304
 572.000000	5.0953966927670624	121.1812593978024921
 573.000000	4.6460424905654731	125.3695556377719811
 574.000000	4.9310751425940342	102.4347339794146592
 575.000000	5.1267881547539531	110.2603325452089962
 576.000000	4.9187323858345202	97.6999890050597486
 577.000000	6.6216894619697957	31.3012457678300393
 578.000000	7.2926290768616147	93.3449243780697628
 579.000000	7.1313621769071709	125.3775691114348945
 580.000000	7.5264694102076746	119.5680848107859191
 581.000000	7.4373117997675484	96.4491428185696265
 582.000000	7.3969319036873600	102.5392893209354241
 583.000000	6.2955367033712610	17.3661016192264128
 584.000000	6.4467088569338262	135.0776366088847169
 585.000000	6.0020807139870902	114.5462387567217206
 586.000000	7.4649653200481447	87.6105522844784730
 587.000000	5.1526112538417834	137.3980452899868681
 588.000000	4.4474662359639510	130.8865306064657830
 589.000000	5.2536071347324382	107.1090999975072293
 590.000000	5.7421777774706584	95.4040354961664150
 591.000000	2.9734662227513344	133.6933861104919288
 592.000000	7.0581389109393911	122.1562108765236019
 593.000000	6.1498002383171047	111.4389398707125167
 594.000000	4.9986180663354336	119.5655170834506009
 595.000000	5.9170036017852281	90.0384526114256545
 596.000000	4.7036751027980719	144.1809129051267178
 597.000000	6.0947780283043871	119.5420291798907044
 598.000000	6.2752595143980665	108.5280850054316488
 599.000000	5.6174319211300103	120.6255134047833053
 600.000000	3.8435065749865647	126.0325113839367788
 601.000000	4.6342510960566061	122.8303717675386508
 602.000000	5.4642461611484823	46.9077389308493480
 603.000000	4.8899244710088832	124.1546783982146707
 604.000000	6.2627311207851726	124.6157651693397668
 605.000000	4.6150201868056744	110.0409915522112385
 606.000000	4.8829567018971360	109.1547851410690129
 607.000000	4.7667149404530402	102.3150840056567148
 608.000000	6.0687920492856211	77.8866336986134087
 609.000000	4.8826954927760111	112.1975423919374890
 610.000000	5.0853733343373611	106.3929668742070334
 611.000000	4.7308063881547309	111.9526824208160320
 612.000000	5.8884494551485655	88.6775793001187509
 613.000000	4.9635672346526158	120.8622971853971819
 614.000000	7.3627756669606761	99.3756466209675295
 615.000000	7.5547709877796922	113.0230323095027813
 616.000000	6.1732826789507804	120.5751465034308580
 617.000000	6.1480914872806816	103.9131082734582492
 618.000000	5.9967479228907106	125.1832144187896745
 619.000000	5.6514982757294776	112.4159543826514067
 620.000000	6.1624415371942627	142.1917356432892916
 621.000000	5.8067351485700751	133.1136842389405786
 622.000000	6.4029015417322679	120.3386074103724468
 623.000000	5.7701215890624589	124.0158144193563601
 624.000000	6.0961611787443841	139.8165102215579054
 625.000000	5.8748232144940467	130.2011878528548721
 626.000000	5.8153079084769015	101.6633629911807191
 627.000000	5.0171614144158685	119.2360391072024015
 628.000000	4.7047123728675331	114.1571104227398195
 629.000000	6.0469397196315890	104.8463554535228326
 630.000000	6.5948788683519020	140.4400872322698035
 631.000000	6.6840724431130507	126.9372099867253212
 632.000000	7.3048927615191896	107.7086317955922112
 633.000000	5.9855880617597466	120.9783038777713955
 634.000000	4.9431521551581712	148.5836616312076899
 635.000000	4.9904267951388679	105.6720866663970781
 636.000000	4.9490491843269178	122.4617825558498510
 637.000000	4.9747886114532394	111.2974483117850326
 638.000000	4.8288910419843907	110.6604158493160668
 639.000000	4.1046623102130937	121.5120266193616771
 640.000000	5.9484569302703507	95.4540337030577746
 641.000000	5.7522863870110541	113.8419288730341208
 642.000000	4.7176636237523990	109.7505330068976974
 643.000000	5.3668232861830978	112.1352050456976031
 644.000000	4.7764714124971226	136.0784474455683153
 645.000000	4.2728806741698815	123.1058095001123576
 646.000000	6.0302081430142627	80.1990728360693197
 647.000000	6.2476560380477020	151.0969042938958751
 648.000000	6.1858251543872083	138.6756999587123573
 649.000000	6.2204958596147026	65.3160329883477999
 650.000000	5.9897799812224317	146.1338409231315154
 651.000000	4.7006865278108636	103.2135585625146632
 652.000000	4.6072304162917934	120.9228492379666591
 653.000000	4.9369983876073178	89.0630856468410315
 654.000000	4.7579722265133944	89.5908209744747381
 655.000000	5.1589441953399398	123.7415230236335901
 656.000000	5.3694181291379204	127.7779722536559746
 657.000000	4.0833732370631770	126.8133425025374095
 658.000000	4.7640564693130534	128.5661353477628381
 659.000000	4.1544657401121157	126.9428188629708814
 660.000000	6.0228090984900486	125.0615118273700546
 661.000000	6.3643404054181492	145.0277180504974410
 662.000000	6.0169453141937810	100.6620683508230201
 663.000000	6.3780963837302993	121.2550015549615523
 664.000000	5.8887911997655742	72.0321493632809364
 665.000000	5.7869313547224852	125.7677046199899422
 666.000000	6.8577947009297526	125.0233759445322050
 667.000000	6.9608766871331094	140.5306230895435249
 668.000000	6.1424718072101703	121.3166927273072133
 669.000000	7.7650847019634019	116.6093092217745948
 670.000000	7.1917715111177198	106.7251142568979532
 671.000000	7.1871604825590820	107.7628497364372890
 672.000000	7.6781369589724697	110.0843643177714029
 673.000000	7.2328795725131760	104.8096448981252422
 674.000000	7.4827353202602982	109.0753701800365718
 675.000000	7.3051312648103712	112.5374543966381680
 676.000000	6.9250543468302332	69.7723019811870415
 677.000000	5.9896423516202839	68.6407091920429480
 678.000000	7.6551852992980081	110.7405675709174062
 679.000000	6.8004400109354108	134.3302170878001789
 680.000000	7.8223172372739036	106.2148499243264013
 681.000000	7.7153202714647788	98.6777556051117557
 682.000000	6.1435751744579390	60.7117407169393175
 683.000000	6.5934747730950729	140.2484282324283242
 684.000000	6.0268005436625289	32.4251021624000089
 685.000000	6.0202883068878927	117.5581280147142564
 686.000000	7.6738004176025232	112.9908176746917974
 687.000000	7.6134474677173216	105.9081152721904573
 688.000000	7.3964549444656447	119.6779694313609212
 689.000000	7.4546828577358673	89.2681472480879847
 690.000000	7.7251088325681998	114.2421265211344519
 691.000000	5.9009655334296616	152.7502252560268516
 692.000000	6.5733514985444899	131.5467096402582570
 693.000000	6.4065909877692668	121.3106623015640224
 694.000000	6.3511167557613613	124.0486545799337961
 695.000000	5.8957484438390981	119.1091722891421796
 696.000000	6.0132371561643030	120.7211904111999843
 697.000000	5.1791765688539781	123.7297764262598321
 698.000000	5.3741793091597518	105.1887345554095674
 699.000000	5.5102266250665686	107.5049638150935465
 700.000000	7.6432148065086629	115.7707149688971100
 701.000000	5.6040645099514261	113.8753363188022973
 702.000000	6.2544879312077963	125.7250169172177579
 703.000000	6.1407601497677042	105.8889111251306758
 704.000000	5.9804304778010682	130.3889990683948668
 705.000000	7.6537814995048086	104.5031592412344281
 706.000000	6.6859978786885002	126.1377994500475381
 707.000000	6.1760715575408396	119.1556734528517580
 708.000000	6.7138035538510712	107.2034201110870981
 709.000000	6.6204786132372924	94.5480150600563860
 710.000000	4.9316463955395315	114.7932381466398226
 711.000000	5.1988166000259790	104.3673152826036983
 712.000000	5.4213346230711803	99.0757051785634815
 713.000000	4.5564568223074353	126.6387461003627948
 714.000000	7.4323478060511814	122.3334931347559262
 715.000000	7.5152010651096024	104.5410642041645843
 716.000000	5.9882078478058114	40.9225067956326427
 717.000000	4.9234031411308790	125.8520381764164284
 718.000000	5.5942654874676006	135.9853587616842105
 719.000000	5.8851180915337125	125.4182320293812438
 720.000000	5.7252674181410708	100.6041894510357508
 721.000000	5.8290520179243694	125.6485550818786123
 722.000000	4.6807958750540868	101.6809749039348958
 723.000000	6.1294768671955255	128.4310911888002806
 724.000000	5.8370603862248291	119.4886840710567668
 725.000000	6.3882844884645369	119.3276413964584606
 726.000000	7.8838457920179081	121.0080454178176410
 727.000000	7.6363988033243082	110.1818039433118770
 728.000000	6.2812640203150769	119.6556910037905084
 729.000000	5.1320363061058867	107.1122629109975861
 730.000000	5.2697448223522576	110.2412090546372809
 731.000000	5.0451126196372922	114.0461358757642643
 732.000000	5.1067003285802679	111.2619199835981334
 733.000000	4.9036884026430503	122.7262560784448340
 734.000000	5.3163529556600677	106.3266197400923971
 735.000000	4.6116004412535085	118.4649209651177131
 736.000000	4.9322218600744803	91.4355378441502182
 737.000000	4.5981505028540326	114.4963342944876530
 738.000000	6.0420311938995290	69.6337694453457061
 739.000000	6.5734629894753676	136.2440291631975811
 740.000000	6.9586681145028537	144.4743210419372588
 741.000000	6.8793667400557359	115.4001558891159078
 742.000000	7.5751083447371341	108.9008414141437839
 743.000000	6.5040500528732101	141.0357861382388478
 744.000000	6.7192600313670079	129.6796294587538796
 745.000000	7.0657842209817536	109.4223680228109430
 746.000000	5.7714402847277722	136.0182696381487517
 747.000000	6.4421526894914134	137.9060152024111972
 748.000000	5.1083868464276856	41.4503643034565812
 749.000000	4.9595602660931029	142.4791680501789415
 750.000000	5.1857539427423003	76.2066587448373269
 751.000000	5.2351987947186789	97.9163181533521509
 752.000000	6.5649775868845364	72.5789370277076387
 753.000000	6.4605617431046749	129.1424572843989722
 754.000000	7.4219262774041717	122.5576136586697373
 755.000000	6.0171680122084306	145.4972042585348788
 756.000000	6.1458411503035588	137.4721826599852079
 757.000000	6.0958843640466629	64.1409172398181937
 758.000000	5.8736192163756291	133.4344919724875922
 759.000000	6.2560064508959199	86.2182437822477539
 760.000000	6.1546693131251500	70.6325605169835171
 761.000000	5.5116217744623750	119.1774692676693093
 762.000000	7.5760467711170296	105.5259204866784586
 763.000000	7.7887063825133254	96.4742956090347690
 764.000000	6.2884487412695096	155.9280086289367375
 765.000000	6.8857056938881360	118.5234485882465805
 766.000000	5.5551173476327058	110.2387568689936046
 767.000000	6.6122799724595982	164.3124655245327119
 768.000000	7.4067667123889809	106.5701632279533300
 769.000000	6.9004947126041696	131.7687057214740491
 770.000000	6.8474669436466806	133.2674901179535709
 771.000000	7.5859876571430025	107.7115752297851969
 772.000000	5.1769536706095494	91.2403542118844371
 773.000000	5.6117061339265231	100.0818577613203360
 774.000000	5.0326746050428994	45.6329855167659559
 775.000000	6.3526130184077543	131.0313311258453552
 776.000000	7.3272482137122932	107.6911854610291783
 777.000000	7.0245020194890468	133.7619393675792594
 778.000000	6.4285525599463496	131.2545703926588203
 779.000000	6.2084298885494951	125.2949915256102145
 780.000000	6.1212144926627250	115.3956458549874924
 781.000000	5.9370832910998557	123.5071235868054487
 782.000000	5.8687035179268090	130.2901308519285521
 783.000000	6.1275567623782514	129.2543879710986232
 784.000000	5.3159531674075504	103.2581558176928809
 785.000000	5.1999313928130100	106.8991677218211294
 786.000000	5.3844305826111274	118.4589205939789309
 787.000000	5.0568136357349998	105.3668841815053980
 788.000000	5.2274203982783867	138.9412050192698871
 789.000000	4.6693730202552812	126.4960985676314067
 790.000000	4.0075088540005019	143.0172528612953045
 791.000000	4.8865488768993277	124.5073766842622263
 792.000000	5.0685973801828252	112.4235019431503844
 793.000000	5.2167192769927722	113.5139536052962086
 794.000000	5.2735658532455245	143.0527288590298554
 795.000000	4.8486451873167145	122.8252737618136621
 796.000000	5.3921880749436895	114.9517357673415461
 797.000000	5.1566697889901016	74.1830714317385684
 798.000000	5.3986620244980683	101.5838121321253311
 799.000000	4.7738704100542426	109.4908114389322407
 800.000000	4.6334518622447147	47.2672223406789840
 801.000000	4.7407658557695518	129.0683179876898521
 802.000000	5.4837035462818342	90.3755634236423191
 803.000000	4.4457088297978196	95.4288847622260334
 804.000000	5.7263067677312334	126.5615996464021720
 805.000000	6.0274822879837142	131.2977822634597374
 806.000000	6.0461474246160760	119.1630408533501964
 807.000000	4.3415423512308662	103.3668903103143180
 808.000000	4.7892792433599318	111.3139688425628719
 809.000000	4.5776087220325259	105.6720256832407046
 810.000000	4.6821204402930672	115.5436099054087435
 811.000000	5.4395551885993525	104.0486447825837928
 812.000000	5.5653395827937118	46.1481135647235590
 813.000000	4.8627061977885226	109.6354012529341730
 814.000000	5.0452845840328910	104.8389161420098077
 815.000000	4.8510041575542298	102.9285948606956964
 816.000000	4.1587445131827039	122.0460725872137431
 817.000000	5.2484455031907009	114.9243930977155799
 818.000000	4.8092323352105533	124.9735899448828604
 819.000000	4.5837433195885522	111.9868443284282336
 820.000000	5.8585936676032375	126.2298481955777305
 821.000000	4.1096464349297079	125.7343551669602846
 822.000000	5.8605879634105191	82.2031172457049450
 823.000000	4.5959755054056046	126.4939851362329364
 824.000000	4.9892732271936957	112.9225472630492391
 825.000000	4.4804981990765311	109.3226412862246519
 826.000000	5.5914137422675072	124.9954435368369445
 827.000000	7.6670881626408036	98.1266087345462381
 828.000000	6.9144903472384529	127.9616903204258733
 829.000000	6.5212801354636856	151.5428664308404905
 830.000000	6.6225853787824764	132.6576873613164480
 831.000000	7.3311168390330543	103.4549771107703009
 832.000000	7.7889371150858286	113.1183673288503257
 833.000000	5.3989612809541461	107.6229402619813413
 834.000000	7.3048843569803932	113.2225394038572546
 835.000000	7.9186158650379461	102.6122467337012125
 836.000000	7.4420937896643213	106.2848138187637517
 837.000000	7.7318793183992511	111.5849169555364995
 838.000000	7.9203912398552756	112.6000275103775010
 839.000000	6.8168630697298278	136.2603208106723969
 840.000000	7.1690995560589696	99.2065128809882282
 841.000000	7.8035565531794822	105.7510943055293495
 842.000000	7.2797852787378137	117.4406742428846826
 843.000000	6.1105632484791119	108.2862253218212203
 844.000000	6.1514726994763640	120.7067762460563642
 845.000000	6.4193818840998933	125.8254829890717588
 846.000000	5.6996951963778679	134.1191430472727291
 847.000000	6.5654054363453751	145.8401256366931875
 848.000000	6.3166434428143878	135.9755472803300904
 849.000000	6.7457411618032381	124.1060912028317205
 850.000000	5.5146886400322739	18.1617205842436817
 851.000000	5.1323836163064911	142.9808097799659663
 852.000000	5.1287860772871632	140.6364811930847054
 853.000000	6.5068206052664124	132.3835309077734905
 854.000000	6.4433363378576187	139.7238869287311900
 855.000000	6.0903086909542843	62.0979161191391853
 856.000000	6.3590617858556557	102.9585210107264146
 857.000000	6.3012660596367249	117.0373092761085161
 858.000000	5.2362016109582097	105.6602619528761267
 859.000000	5.8042747320198096	87.5928375999413049
 860.000000	6.3715856993435178	103.3940448546405975
 861.000000	6.0520689837612451	102.0132662217777266
 862.000000	5.7098635783532377	69.5326144478622012
 863.000000	7.8712364390206906	100.1889189173341919
 864.000000	6.2650107721673312	117.4736972104310269
 865.000000	7.0519832326434058	90.9903417071921581
 866.000000	6.2252325739209402	146.9226013786053215
 867.000000	6.7281557689406837	39.1494092778246738
 868.000000	5.8879264920613270	114.2137532647322047
 869.000000	6.3343954930555437	145.8665368899543182
 870.000000	4.0349063245542531	124.7248440415831965
 871.000000	4.2091316796621063	123.4835047589011907
 872.000000	4.4231423996533303	110.1724810859583101
 873.000000	4.8449870657996694	105.1200333591840490
 874.000000	5.0642489893643745	117.9795740886669648
 875.000000	4.6423328052423996	142.3919566159830481
 876.000000	6.6745325751697031	130.6424383524377788
 877.000000	6.6827916317391001	165.0337671082303643
 878.000000	7.5193063578761068	114.5540120719244470
 879.000000	7.3716139114699848	113.1678078651044217
 880.000000	4.6852490290298183	123.8423893124154347
 881.000000	5.1605115747805756	107.2622631747516948
 882.000000	4.5832050959606603	127.5368008445818759
 883.000000	5.2004078796732234	29.4055703552743921
 884.000000	5.8983405097823161	87.2493873093633852
 885.000000	4.7334075625548202	114.1489288459795688
 886.000000	4.5266915229104523	115.7608683957873836
 887.000000	4.6210968635874501	112.5063786308047753
 888.000000	5.7073546912164348	91.1432929376965859
 889.000000	6.0343994855375884	116.2405009187853437
 890.000000	6.0426543337277412	126.8620443368028674
 891.000000	6.3413284701313062	151.5825250880801036
 892.000000	6.0879921240315547	121.8452780254563663
 893.000000	5.9557576832455128	111.2260223801650767
 894.000000	6.3348623856955131	34.3679118069017591
 895.000000	6.1719846783333780	111.1881195728774259
 896.000000	6.5935045060250497	129.6266704283026456
 897.000000	5.8553622464464414	122.8883990766507281
 898.000000	5.9834813409882006	119.7144234315803715
 899.000000	6.0118517107695020	130.0739904658944965
 900.000000	4.8179576154023405	118.6408991014598087
 901.000000	4.9837934818571936	113.0532598161368725
 902.000000	4.2373195499158056	120.1263180906800585
 903.000000	6.3367188227770548	134.1027118548295221
 904.000000	5.8839938302577455	131.8083421116118927
 905.000000	4.7750818415014118	140.0544055227523472
 906.000000	6.7332789008080205	127.4381604303769961
 907.000000	6.6741425476490033	118.9943538427042711
 908.000000	6.0015723257825018	140.0559975160651334
 909.000000	4.4079610157428348	114.9176496181758012
 910.000000	5.9625733882557057	129.9506169665914115
 911.000000	6.3004979736813986	126.3936410066343399
 912.000000	7.7935273844273008	113.7591941102083837
 913.000000	7.2609323140623783	119.3784388992181675
 914.000000	7.2080745930005170	99.6857547649789666
 915.000000	7.6404170521114168	117.7983723415683670
 916.000000	7.4165403823764349	99.6404025537537024
 917.000000	6.5860142920595566	133.1771792895280555
 918.000000	7.3234844318279277	116.8757088372755106
 919.000000	7.6353858834478547	106.9655891841152027
 920.000000	6.9305000774693148	95.0131344720802673
 921.000000	7.4686292955385802	63.5856012174286462
 922.000000	5.7674782736590195	147.4259983038725750
 923.000000	6.9200122331152993	150.1984677430365593
 924.000000	7.6842950266001626	97.3537544422224954
 925.000000	5.0412562776165721	144.5473695641019845
 926.000000	6.5928925777594616	132.1549164615981908
 927.000000	4.5084549707511536	116.8587796354134127
 928.000000	4.1576128861671870	119.5002242355591591
 929.000000	5.1806335077853225	119.5631476766953369
 930.000000	5.5199372296373053	116.4895518876268170
 931.000000	5.0043376328136659	100.2870183489879139
 932.000000	7.2767810272052893	111.3101117057659764
 933.000000	6.6887697050526711	48.0290566526702776
 934.000000	7.5795599883983193	114.9155863703053484
 935.000000	7.8339440882067732	105.5297238203042696
 936.000000	7.3789328624292541	116.3426411472930226
 937.000000	6.9572999159690765	105.1219731679173748
 938.000000	7.5596396331561930	101.8273522368534145
 939.000000	7.2066659512701010	102.0932947130657595
 940.000000	6.6811737876433641	138.6885678633106522
 941.000000	6.1828195770591901	113.3027484636966591
 942.000000	6.1844486206298646	131.9115894597297256
 943.000000	4.4408875393248497	145.3246955139280203
 944.000000	6.3625124033343656	115.7980619601629115
 945.000000	5.8545446833350141	114.7912335428657400
 946.000000	6.1359234610673203	141.9547006043241026
 947.000000	5.9279892426277554	120.8473371781317383
 948.000000	5.0639371349944069	122.8576525065969491
 949.000000	6.0250293945769542	116.0088511944404672
 950.000000	5.6148045592951492	112.7732682091647263
 951.000000	7.2306742120216514	103.2891703458201960
 952.000000	7.5194602700557809	82.5776970801874626
 953.000000	5.7158125700583815	102.6599386590505532
 954.000000	4.5406108161036727	127.4648409717214008
 955.000000	6.4066024199424056	136.3756634821811531
 956.000000	5.8202401465358200	128.9475719553894635
 957.000000	4.5564622075591430	110.4561399828078692
 958.000000	4.7676680986442497	117.5934317839573708
 959.000000	5.6624109281096482	120.1366132710782892
 960.000000	6.4792112958447241	121.7626253152789815
 961.000000	6.1002062336166372	121.2777509400228411
 962.000000	4.6190721348005122	145.8427759001437494
 963.000000	6.1736635132475097	110.1849949390572050
 964.000000	6.2815022634307098	140.2405614012702415
 965.000000	6.2467349906544811	130.7358866866256903
 966.000000	7.2658277981782060	103.8405063434579176
 967.000000	7.5994952131431193	112.3454969201754636
 968.000000	7.7345433588498764	107.0591941326848513
 969.000000	7.7739934830162429	116.8155839189424512
 970.000000	6.3433280403024996	105.5026909378808426
 971.000000	6.5389430521625478	131.1499015112938196
 972.000000	6.2604392843517847	144.4431200722513609
 973.000000	5.8202443884528723	148.8339282106763619
 974.000000	6.5939929190049726	123.9041808205456334
 975.000000	6.1908890917333643	109.9005791781190879
 976.000000	6.9319453510816587	127.9323701227428245
 977.000000	7.7755599961365292	104.0741249487493150
 978.000000	6.0876785332399139	124.0655745040371016
 979.000000	6.2951702471962143	143.3770324468130752
 980.000000	7.5725748266266919	110.9163748575006139
 981.000000	6.9904800758965679	124.7744096277459960
 982.000000	7.5477402001399749	93.8264947824474120
 983.000000	5.9067397614578994	132.5630850876670763
 984.000000	6.3390229393922297	139.7518518994280896
 985.000000	4.6160938369059092	120.2920631171393779
 986.000000	4.5310512861633718	133.8752405912443919
 987.000000	5.2327512313660991	89.6098384393035730
 988.000000	5.8967556627315503	116.3190352153654885
 989.000000	4.9526726013892848	25.5164489084737625
 990.000000	5.5111205645470509	129.9759604284753607
 991.000000	5.8005521429698410	126.4838039054868801
 992.000000	6.0163288854169767	129.8761843591358627
 993.000000	5.8941616592960928	114.4099106014708269
 994.000000	5.7020362625656666	111.3227792841322241
 995.000000	6.3937229924437826	120.3832678186176111
 996.000000	6.4271731385177855	116.5017484336383120
 997.000000	7.2739040051666271	96.9520018038871711
 998.000000	6.8851199816621662	133.5339644474707370
 999.000000	5.8592051339737896	115.7081984243171888
 1000.000000	5.8300755556723312	143.9347288425730085
 1001.000000	6.0100495418444781	129.5067033929006186
 1002.000000	6.0828421320268617	135.6847929634788841
 1003.000000	4.3708088606043223	116.8945161256962422
 1004.000000	3.9289160061990214	119.5497285863486923
 1005.000000	6.5156880914929989	124.3941335425110140
 1006.000000	5.7359123672563594	138.1775872736216684
 1007.000000	6.2280474518205198	116.1720420525923743
 1008.000000	6.1877898611865900	129.0521014286704258
 1009.000000	6.0057443343194299	129.2934081048137784
 1010.000000	5.1893951571391694	121.9448292811862018
 1011.000000	5.3081149740336908	113.9363673220312450
 1012.000000	5.0888481804918726	119.2807959457309437
 1013.000000	5.0640639459744126	84.3535886564932014
 1014.000000	6.4634119482215207	107.7537403734481387
 1015.000000	6.2909946993879391	129.7093992773139917
 1016.000000	6.4071023722916376	139.8735367128532516
 1017.000000	7.7848660067804154	107.5478265424045787
 1018.000000	7.6561474695004277	112.5749185249358106
 1019.000000	6.3559490461895445	105.6208847237650161
 1020.000000	5.8950791574352204	130.9670476178826561
 1021.000000	5.5594027025410897	127.7309256475596158
 1022.000000	6.1460576097545401	127.7881713297984732
 1023.000000	6.2099526673561813	123.9726098692698315
 1024.000000	6.1756955562019380	32.3985699524752135
 1025.000000	6.4417219648967068	135.5410815106654923
 1026.000000	6.2147373059824043	80.1294020256505064
 1027.000000	5.5651716140963234	108.5613040218378416
 1028.000000	7.0199418016376667	117.0302057769958424
 1029.000000	6.2210400671360739	128.0653468785230871
 1030.000000	5.7121374893795362	126.9454497995738222
 1031.000000	5.6470557361398992	136.4143034337006100
 1032.000000	5.8760617250131792	109.6429143615728634
 1033.000000	6.1230172191564582	132.9911252901343346
 1034.000000	7.5222915387946667	111.4808189925345516
 1035.000000	7.7876905027923460	99.6647161325882962
 1036.000000	6.9965380603363556	128.6083078135839628
 1037.000000	6.2489530184343964	136.9439741819436733
 1038.000000	6.0500811106995576	124.0219046845828643
 1039.000000	5.9594428671103712	101.0716078237823439
 1040.000000	6.4977704498011954	105.3803141980613844
 1041.000000	5.1311819955363438	140.6527245221651867
 1042.000000	6.2527422729103854	154.6570481719246288
 1043.000000	7.4615636756598507	107.0962499179082812
 1044.000000	7.4857991076074866	107.8667868099251876
 1045.000000	7.0831143772481155	144.8313051260904558
 1046.000000	8.0330643215249289	105.4650947683348789
 1047.000000	6.8655487912473170	119.7146098745573966
 1048.000000	7.5278443827968671	102.4612487157016432
 1049.000000	7.7254475738617767	97.1085730374673659
 1050.000000	7.4299143710801161	112.2138601683853665
 1051.000000	7.5290271997223650	116.7642776487763854
 1052.000000	7.1893575456442447	119.7189249915632843
 1053.000000	6.9156196747982479	134.9540643390618868
 1054.000000	7.7044222000599669	108.8694788493572787
 1055.000000	6.1020244432035451	107.0197480620320221
 1056.000000	5.7787186413939935	142.4215871520003134
 1057.000000	6.3376886065730291	83.8446998763005666
 1058.000000	5.6646933498501451	106.3539122111999404
 1059.000000	7.4081909860665496	103.5982893666701585
 1060.000000	6.4367542935079243	128.6735980368937362
 1061.000000	6.5257124542067135	157.5862061370512492
 1062.000000	7.6748824884108382	113.9367503148587701
 1063.000000	6.5200182759857910	156.6952271480481045
 1064.000000	7.5895489450057045	115.6490241522899538
 1065.000000	6.7789240056540718	149.0338870043131578
 1066.000000	7.5688938660231573	126.0908784878955657
 1067.000000	6.3194583272385945	122.6987705673879532
 1068.000000	3.8806274249287958	115.7105647048825148
 1069.000000	5.8770237443148945	133.0141591152386695
 1070.000000	6.4096701643619980	125.8400993688789669
 1071.000000	4.6476589481078916	126.5482442685871547
 1072.000000	6.3387711841655952	112.7094485944245008
 1073.000000	5.9192644303948434	124.2425802359113050
 1074.000000	6.4274620698974854	138.1361594548210405
 1075.000000	6.5265997346924571	128.5568256729780501
 1076.000000	5.2654865394521302	114.3816632746270727
 1077.000000	4.9360815552865160	113.5308772892011433
 1078.000000	4.7488297617418933	126.4333584236464958
 1079.000000	5.8973957410978262	123.7714943546633179
 1080.000000	6.7836280651500926	25.5517618906172572
 1081.000000	5.9289415542626811	129.9709851760426602
 1082.000000	6.5207046015935699	133.4606010409427768
 1083.000000	6.3190388809219034	21.3011991795222571
 1084.000000	6.5013213522254709	122.1332938403760409
 1085.000000	5.5924488204650267	145.6596828000752168
 1086.000000	5.9509745857784777	137.5059229529138918
 1087.000000	4.1768800361206537	121.8254718260614169
 1088.000000	5.0957894560668997	115.0833226757475387
 1089.000000	5.0917404386340648	110.6041617634444094
 1090.000000	5.0176854708222010	120.0312947343813050
 1091.000000	6.3676406780201358	45.0201660966608301
 1092.000000	5.0664994950211071	114.2493523050469975
 1093.000000	4.6250181138204809	128.2942844911335953
 1094.000000	6.0712867676050948	67.5141556189960852
 1095.000000	6.3040175232507929	98.6191879936367144
 1096.000000	5.2263009875136595	98.9925053446793157
 1097.000000	5.2811040022542999	108.1403141245998825
 1098.000000	4.8140123894542297	131.6789151320006113
 1099.000000	4.8166050413396002	134.7957289633117171
 1100.000000	4.7294357102745943	117.2046296171195081
 1101.000000	4.8554801044415328	113.9493096573212370
 1102.000000	4.2298303173879068	119.8918037776619769
 1103.000000	4.8540935307747262	109.2358728153013203
 1104.000000	4.7773400199583476	62.6119069084748361
 1105.000000	5.2605374617229765	156.4797556865913180
 1106.000000	4.8126982497843134	120.5493277538770371
 1107.000000	4.9984622036164570	43.2625890403961648
 1108.000000	5.8670384880397322	41.7155369369479843
 1109.000000	4.5879327510605279	104.9035252502046092
 1110.000000	5.2216118060026586	102.4863577005821469
 1111.000000	4.9144926137737217	102.0271079738225524
 1112.000000	4.6562757675480073	125.0833868197717891
 1113.000000	4.8440404186550907	128.6158383638389751
 1114.000000	4.7185619041054601	62.2508883852348873
 1115.000000	4.7058437941742914	129.8291160673522597
 1116.000000	4.6414408400204250	120.2810164072899113
 1117.000000	4.8584176490716251	104.1373953567475752
 1118.000000	5.2945569942162578	101.7342140980161389
 1119.000000	5.1820687648888502	118.6495869366846279
 1120.000000	5.2973565419970914	115.5525839832217940
 1121.000000	4.7191594989132675	89.9228385959747953
 1122.000000	6.4005393290758814	106.6752122632516659
 1123.000000	4.5274775676099486	120.6441219199007833
 1124.000000	5.2683416579493905	119.5409274739106138
 1125.000000	5.4427830306271856	120.8093220752051309
 1126.000000	4.7525210132234781	118.8036272035680838
 1127.000000	4.4533302626865146	50.4445684019231066
 1128.000000	5.7666553334708341	74.4591865770608052
 1129.000000	6.1468992639854685	151.0815123653779608
 1130.000000	6.0101818271602649	71.3434764484129289
 1131.000000	6.2777373615989447	72.9794623116188745
 1132.000000	6.5648873725211123	70.6311400263892466
 1133.000000	6.0193496346955353	70.7296425474171429
 1134.000000	7.0497036961993809	128.6616979499758600
 1135.000000	6.8094044043557220	111.7103375837140788
 1136.000000	6.8658243116019344	37.1206811889999244
 1137.000000	7.4576192319625001	91.6452892080059343
 1138.000000	6.5232373887786377	119.3526607640343684
 1139.000000	6.4407231888027550	134.7217261528541030
 1140.000000	6.1135705144429906	108.8648065774500537
 1141.000000	5.4822317163786538	97.8951177699248518
 1142.000000	7.4405970123324945	113.5525367507174366
 1143.000000	7.4044331030298602	119.6340723263762698
 1144.000000	7.8084977464621215	104.7016164252081154
 1145.000000	6.7605784245247129	146.7487572333777734
 1146.000000	4.6007100294819985	122.2228680203170086
 1147.000000	7.3103406556750912	123.2351732516065681
 1148.000000	7.8984180747722679	108.9487744260348592
 1149.000000	7.4965172833974787	120.7235451435564357
 1150.000000	7.4977460927401047	109.1180370855094282
 1151.000000	7.5459121119951265	113.6099376449175367
 1152.000000	6.2183294890645282	149.7214019851217586
 1153.000000	7.9080432641632887	114.1044459829355588
 1154.000000	7.4579881745934102	111.6053094840353026
 1155.000000	6.6338224710180675	134.0050395199085358
 1156.000000	7.3520645111034693	107.6332049539416715
 1157.000000	6.1652036485651971	112.4640887077630111
 1158.000000	5.8521147970716427	121.5777273724549730
 1159.000000	5.0204777380714170	109.4142446517266478
 1160.000000	4.9487995017612327	100.9356767699986648
 1161.000000	4.7519192232463938	115.5615466462084129
 1162.000000	5.2971951501745762	109.7726811028297362
 1163.000000	4.9379008585357766	104.0852637896432356
 1164.000000	4.8320045210242712	109.4886417505261988
 1165.000000	4.4619922155070713	43.7377159623735849
 1166.000000	4.8818235773474719	102.2068186444479494
 1167.000000	4.6058075127153781	123.0595548290251031
 1168.000000	5.9038584389380544	130.3291590909045112
 1169.000000	5.7737041736703745	123.7064539849650089
 1170.000000	7.7285998632145327	114.2590580504527509
 1171.000000	5.9611579737375031	130.9843132253241720
 1172.000000	6.3912358037891179	118.9730771891925087
 1173.000000	4.9395102962515480	111.2581461717807940
 1174.000000	4.6436583130189693	109.8562314370225010
 1175.000000	4.4199631068038574	108.2027273266610905
 1176.000000	6.4355523177898437	127.6058931644599852
 1177.000000	6.1594116637149234	149.9308030626958441
 1178.000000	6.4985312274223004	156.8351641902737867
 1179.000000	6.5750104393329218	154.9713745949497081
 1180.000000	7.9987516530037404	102.7823097947672721
 1181.000000	5.4197243102834625	67.7336726820598756
 1182.000000	5.6285843399020710	138.0519931548173247
 1183.000000	5.9499404899691406	120.9429436820530555
 1184.000000	5.9295244841320258	125.2518174597756513
 1185.000000	6.0795656170674972	132.3734099555520061
 1186.000000	6.4625938362634123	127.2154808457715944
 1187.000000	8.0648258302006965	103.4452703290481566
 1188.000000	6.7305609247004510	163.1157955261655559
 1189.000000	7.7208313298040077	119.7756064535174545
 1190.000000	7.4002133836457125	113.9801898204827069
 1191.000000	7.1336192545363009	74.4958962229906518
 1192.000000	6.2095014788607754	109.0575766333911218
 1193.000000	7.4851468887848354	99.8153603554089841
 1194.000000	5.8168840692560853	126.6813276574433758
 1195.000000	4.9831391032892114	107.3278627802901326
 1196.000000	4.9317295243482686	105.3960909880751160
 1197.000000	4.9956006794003818	97.7315999951411953
 1198.000000	4.4032879198176058	135.5419124169923464
 1199.000000	6.3828690242565358	120.3770465946717820
 1200.000000	7.0458094188040654	135.5818051554852843
 1201.000000	5.8494434204501742	131.3094216699393542
 1202.000000	6.1963944997163427	119.2810687261989813
 1203.000000	6.3385409130596093	134.2909026858912114
 1204.000000	6.1416514770780308	136.6822571404876498
 1205.000000	5.8665853952333187	138.2834498562512522
 1206.000000	6.1836816984147722	142.6592822915870613
 1207.000000	6.7017735740200646	136.1140238788780152
 1208.000000	5.7205249279857915	117.3673600972849158
 1209.000000	6.1844782535392175	65.6935730771700861
 1210.000000	7.5986668734947100	112.5704286335327566
 1211.000000	7.4500210304374264	116.8539816759516157
 1212.000000	7.6596322135864998	103.1490695644066165
 1213.000000	7.5305904942308270	98.9360910419473072
 1214.000000	7.9710662662370018	99.6296210358244423
 1215.000000	7.5996768004236674	121.0095098179891977
 1216.000000	6.7386005669525941	141.1646120700081610
 1217.000000	7.9228559853371596	111.8445034753653147
 1218.000000	7.3387713741301832	106.9964360279991809
 1219.000000	7.8226844143151917	115.9868417479384846
 1220.000000	6.9359620564294753	153.0125459294995096
 1221.000000	7.4528550396310917	106.5661901776541782
 1222.000000	7.6212045967438007	107.8795985115126399
 1223.000000	6.8410738579664008	147.5221890375352700
 1224.000000	6.3236231017729496	169.8194357079094345
 1225.000000	5.2340277154776782	141.1259321678267042
 1226.000000	7.3495700848373398	109.3177332023923753
 1227.000000	6.2923279061753119	120.5029048940737226
 1228.000000	6.3826003373190510	120.8742610170918965
 1229.000000	4.3113391731288653	114.6634635835775100
 1230.000000	4.8548920876946910	128.3412499941041744
 1231.000000	4.8419079156339837	165.8592525031430114
 1232.000000	6.3886407735700619	25.4078411265615216
 1233.000000	6.9001401547365306	117.1676978228308599
 1234.000000	6.5502869153717915	153.5333400552083845
 1235.000000	5.9505264449876210	129.6202492295404909
 1236.000000	4.7369974314554426	109.6716573229925729
 1237.000000	6.7210354518172331	139.1926921613581953
 1238.000000	5.3648129182537128	105.8579635299313395
 1239.000000	5.6311303928847947	123.8876678770561455
 1240.000000	7.1148201968688776	133.6676567172129637
 1241.000000	7.8838853961458959	110.2511660201938355
 1242.000000	6.8871366264336125	114.8779743439817622
 1243.000000	7.2826013517828478	102.7181748270725592
 1244.000000	7.7577079072585580	109.7888452333304627
 1245.000000	6.9357407493871097	49.2341939279119174
 1246.000000	6.2205318612154663	76.7823044247565605
 1247.000000	6.3633965601423972	116.1753364693850017
 1248.000000	6.7258871258831077	124.2971344297755820
 1249.000000	4.8236025404463891	107.8662741948204626
 1250.000000	5.0070071349183589	116.0314110051388070
 1251.000000	4.4602992992233927	111.2389732053958369
 1252.000000	6.1112489273640955	87.2512770255933106
 1253.000000	7.1278623564905681	161.3978393930774757
 1254.000000	6.2243550703159203	118.9129171270859047
 1255.000000	5.3508212241263804	139.1220085731473262
 1256.000000	5.6507922560881578	115.9929562899724118
 1257.000000	6.1765326313839051	123.3956880258834587
 1258.000000	6.4800398286567162	147.4479865736821012
 1259.000000	6.5131419128166748	103.0468071811136497
 1260.000000	6.3806999530463289	127.9943073362717030
 1261.000000	7.8061194911729483	106.1677323184625266
 1262.000000	7.7672265665020017	109.8588372095234433
 1263.000000	6.4942385644057685	151.0937084801441870
 1264.000000	5.4712908769322270	122.3303675605092735
 1265.000000	6.3180169186303861	156.6625810629381306
 1266.000000	5.9628531557599285	148.0165286951135784
 1267.000000	6.4312326776393007	57.4151565852047838
 1268.000000	8.0099091126808162	113.8432380227133933
 1269.000000	7.5629746900167598	101.6680504746566100
 1270.000000	6.3236593966864332	108.9131048294553779
 1271.000000	5.7955589052153131	108.1100038087225244
 1272.000000	5.8926439998134192	138.6850160003342296
 1273.000000	6.1125420320754849	127.4550590420093670
 1274.000000	6.5210251603513374	138.9906352901494699
 1275.000000	6.1214185276735975	115.5279656530177306
 1276.000000	6.0649525747536064	119.5454938764036825
 1277.000000	5.9614486714989878	127.6446966195579620
 1278.000000	6.5578974919738116	141.0795905819055633
 1279.000000	6.1768511563230204	136.7724537633979480
 1280.000000	7.5242626467002767	120.1454150135714372
 1281.000000	7.5995452084725859	103.4937316189617178
 1282.000000	7.3671791182945219	110.8280496751036850
 1283.000000	7.5626296722128012	111.4943415696607474
 1284.000000	7.6232783815670633	115.6165421452475641
 1285.000000	7.3179657005626506	108.1930927634982567
 1286.000000	7.6556489615554133	118.9979509480424014
 1287.000000	7.7148026842276050	92.3921677476671022
 1288.000000	7.5590826676472753	103.5862100516771704
 1289.000000	7.6408987984977825	91.9557691406378552
 1290.000000	7.8021261081757673	112.1716159353208297
 1291.000000	7.4594938990086810	117.1270408803702878
 1292.000000	7.5298753335545117	108.0156657841030068
 1293.000000	6.7574586298111230	46.1643948967838469
 1294.000000	6.0602276660143257	106.1229130170032846
 1295.000000	3.9197559907821868	111.5312542294450111
 1296.000000	5.6791662666783385	110.9778142886541588
 1297.000000	7.6503358386544322	109.5761147559835820
 1298.000000	7.3247980465303471	102.5110283560379969
 1299.000000	6.4617042917988892	125.5051454069161991
 1300.000000	8.1411965411712295	105.2963914157714953
 1301.000000	6.0244285548959615	133.4455599291546832
 1302.000000	5.5865700905666777	132.9274292192390590
 1303.000000	6.6816494997158333	138.2214194994295440
 1304.000000	4.8412652395914915	122.4607875622537705
 1305.000000	4.5233336572630662	120.3201539579698363
 1306.000000	6.0082233815290191	102.7324444183314114
 1307.000000	7.8103883857016436	117.8402920109151921
 1308.000000	7.2739707086316479	135.0040550749720296
 1309.000000	4.6526289561896830	157.8019782658874703
 1310.000000	7.1112417063756297	64.7487623280547382
 1311.000000	5.9304779011969719	133.7607988845141449
 1312.000000	4.1802424075947657	125.3610047636620237
 1313.000000	5.8555703674742468	95.8822546086755096
 1314.000000	6.8779533261979902	121.0582230348500445
 1315.000000	6.1888753513414398	118.7952106146570941
 1316.000000	6.4873070760631144	127.9890302935931459
 1317.000000	5.0957720491899430	115.8698772370937036
 1318.000000	4.2513957815267016	107.7573439465314351
 1319.000000	4.6771196617214930	108.2954616027001151
 1320.000000	4.7124700873818952	101.1433948430567256
 1321.000000	4.6480738070496814	112.2789136775607659
 1322.000000	5.8862783028606414	74.4075724231868776
 1323.000000	5.6419378452133069	116.4048204449062212
 1324.000000	3.9454738993047851	115.9821122928812969
 1325.000000	5.8223631070659048	129.8616514274496012
 1326.000000	6.0944224427949374	125.6520711790629434
 1327.000000	6.3147965614964008	108.4005442229432106
 1328.000000	6.4677124623365074	30.2547933656395003
 1329.000000	4.2906078244792427	76.0001809501993222
 1330.000000	5.1922816049206810	124.8634027177588166
 1331.000000	5.2251777886778843	118.6507288357041716
 1332.000000	4.7645178015906398	98.8942060133673237
 1333.000000	6.2382178784551900	131.7804808415341427
 1334.000000	7.0295212779103196	150.9123685151544692
 1335.000000	7.9319825309324523	95.0442897289505879
 1336.000000	6.1598431470640245	110.4251517529808666
 1337.000000	4.3804009725542477	124.3812576327461841
 1338.000000	4.6093727301571734	110.9034279110119456
 1339.000000	5.4277248572439190	104.5516497561061868
 1340.000000	4.5660183272688828	126.8796343141578404
 1341.000000	5.1257013040522068	114.0993444753240453
 1342.000000	4.8495375677098744	36.3387559751402591
 1343.000000	4.5430084402021826	154.4430649569025604
 1344.000000	6.2370713470659460	47.5565461991466520
 1345.000000	6.2110362589157280	120.7147378717244521
 1346.000000	6.0243471652980896	57.2578851057156157
 1347.000000	5.7857686828604447	98.3937481203275581
 1348.000000	6.0113766481267881	119.2966989000889839
 1349.000000	6.1292636442434070	29.7162935291747488
 1350.000000	5.9420295250999065	48.5165800112210377
 1351.000000	6.3370556794136315	126.2925866342953753
 1352.000000	5.7521583023942000	120.9401814874729553
 1353.000000	6.1603089686268850	100.3225151695921795
 1354.000000	4.8732438611063635	106.7661439169525721
 1355.000000	4.0478311226172563	124.9445980351318610
 1356.000000	4.7256165286169125	123.9372097242993505
 1357.000000	4.8649084008810330	110.8297874908731728
 1358.000000	4.1704868261217207	113.1993661189608389
 1359.000000	5.0921622514784772	120.5426166389389095
 1360.000000	4.4124801965795291	119.0285641014849887
 1361.000000	6.2812670921478517	130.6857219209796881
 1362.000000	6.0643225707629247	86.4803721136556049
 1363.000000	4.0014871485391534	110.3990262849800388
 1364.000000	7.6025378612753824	85.7583916955075267
 1365.000000	6.5749214365619011	145.4399964029842636
 1366.000000	6.8209449278201593	126.3749695903121335
 1367.000000	7.8065916898743462	109.8831018402373445
 1368.000000	6.1796231912708652	117.9428102002425760
 1369.000000	4.7156526996204882	123.7844299209482415
 1370.000000	4.7854477672279812	136.1365247215126431
 1371.000000	4.6372647221205918	120.0662748130164061
 1372.000000	5.9904293746030692	136.5837081896136169
 1373.000000	6.3421013940319213	98.4101108780099878
 1374.000000	5.5427036361363582	128.9067194441261677
 1375.000000	6.2346115097926917	141.5919766191224198
 1376.000000	4.6825337496114487	138.3325924531739872
 1377.000000	7.1766423279388469	112.5085115494317591
 1378.000000	6.3766214681565243	43.2328162392134914
 1379.000000	7.6750779251855477	91.4804839872847140
 1380.000000	7.3785630104569071	108.4208723253658206
 1381.000000	7.6127342567569078	120.2134680937075046
 1382.000000	6.0523639426874780	142.3163880050303192
 1383.000000	6.2550054889722588	128.9638859783168812
 1384.000000	7.5537478128676225	115.0578973663566131
 1385.000000	6.9822691589797730	157.7979554019636623
 1386.000000	6.6058664933252329	32.3048020216501754
 1387.000000	5.9351187893919226	143.5822191835523540
 1388.000000	5.0627005883226293	146.4672364212175353
 1389.000000	7.8614724459982002	109.2055849182851119
 1390.000000	7.4395188600440143	110.9686897852820238
 1391.000000	6.5445959816262924	113.4349372006783483
 1392.000000	6.2381631426460222	112.2124155158048211
 1393.000000	7.5551094417696589	95.2953315286223983
 1394.000000	6.9505844179985363	146.7943722339608712
 1395.000000	6.7142511952787531	99.8720620227857125
 1396.000000	6.7193265748681270	44.9968873656896164
 1397.000000	7.3766392479191190	124.5867130260285762
 1398.000000	6.3357253537188996	131.0532717456922001
 1399.000000	7.5674190651749766	99.7080872113859016
 1400.000000	7.2140772760698226	108.9216528713667174
 1401.000000	5.3982776316722818	154.5524601445225130
 1402.000000	5.2670351166784499	92.8707652641035821
 1403.000000	4.7430110158803576	105.3863175195718185
 1404.000000	5.1181681514885220	99.5144136520021760
 1405.000000	6.6907115180024377	121.2867522728449785
 1406.000000	4.3943919848956190	126.0471069677789444
 1407.000000	4.8953444820541439	112.5730915577829876
 1408.000000	5.9666314292074016	96.5018018535079278
 1409.000000	4.8252672603645621	110.5529185602063791
 1410.000000	4.6579514940561166	102.3100693687669889
 1411.000000	4.8519639295776322	122.6173262857819282
 1412.000000	6.1857820147198561	123.0694125775843162
 1413.000000	6.0610434512086497	117.0844966385176491
 1414.000000	6.1813080455307476	134.3726101778640043
 1415.000000	6.4936199889379864	116.8373197666601868
 1416.000000	7.1761391811812238	61.7850293642583068
 1417.000000	6.4645953664366429	119.1822693625542797
 1418.000000	6.3269297483009526	135.9357776802137323
 1419.000000	6.1838700720832689	135.7569261234015130
 1420.000000	6.5072994276052860	139.1826441959316867
 1421.000000	5.3785352064521987	34.9589369497290932
 1422.000000	5.1895137993373037	108.8430596426200196
 1423.000000	3.7344798134469523	65.9861443287019256
 1424.000000	5.3452384949018503	54.9766076498111715
 1425.000000	5.3448781154114995	124.2126400380014388
 1426.000000	4.9527316332225144	106.9195541547022685
 1427.000000	5.6490437863370531	60.4021067571994053
 1428.000000	5.3831336865208286	133.1512839076411865
 1429.000000	4.8443039025665398	106.9008562952858625
 1430.000000	4.9449218886320638	110.1168067285352379
 1431.000000	4.7045975739189787	62.2990096515293743
 1432.000000	4.8092765803812609	89.2731239729562276
 1433.000000	4.7461937151995421	37.2453221922000353
 1434.000000	4.9431910849106915	107.3038174650180849
 1435.000000	4.8846634570511966	34.7207479909555161
 1436.000000	5.4033528646029465	103.8239436054926443
 1437.000000	5.5391790143104389	54.9575064529890511
 1438.000000	4.8729744702439355	80.9667341554857813
 1439.000000	4.6157091701596196	52.8099193805703919
 1440.000000	4.6314976929236655	53.4565040430443617
 1441.000000	5.1155934510419900	103.8383393180842660
 1442.000000	4.8779730601278750	132.7306064732653681
 1443.000000	5.9205275350003497	54.5206431243556864
 1444.000000	4.7281364181500019	129.2884596253435632
 1445.000000	5.0941520285328865	124.9605468304805242
 1446.000000	4.8927633620416318	144.2554553997717051
 1447.000000	4.3050483414209024	135.8215971531672892
 1448.000000	4.4128003356171819	126.1459874612444310
 1449.000000	5.5591665515532531	140.1394528971761986
 1450.000000	6.0673459090519861	132.7827912814663307
 1451.000000	5.5045880904043525	57.7614745019304792
 1452.000000	5.1351925928923308	108.2212571866089945
 1453.000000	5.5459204628146725	155.9390440980668586
 1454.000000	6.2113184264148966	92.5221648346384313
 1455.000000	6.2877828840514125	110.7752087188264341
 1456.000000	4.8678001483552809	120.8645122894512269
 1457.000000	4.5688557957699425	44.5447168504487081
 1458.000000	5.2742835376632318	116.7892354448945582
 1459.000000	6.6868894942471080	34.2953384538080286
 1460.000000	5.8344211197836842	130.7910457377360558
 1461.000000	6.4226785530361772	131.2950392363815695
 1462.000000	6.2446636568604479	43.6029179930206681
 1463.000000	7.2890172088262064	106.5676979692501902
 1464.000000	6.5245076546739087	169.1628815641347217
 1465.000000	6.6160288944333558	131.1853502037294561
 1466.000000	5.9690687999980812	96.8547533945617118
 1467.000000	6.4726281634930869	132.6368393971687567
 1468.000000	5.8927706428141882	50.8608040237581918
 1469.000000	6.2990036705604977	150.8881311530022629
 1470.000000	6.3150849609296040	66.1428072025117899
 1471.000000	6.9001231863519514	97.5383183741783739
 1472.000000	4.8213472375552744	138.0058310281167735
 1473.000000	5.1063518086420707	107.9228041265674420
 1474.000000	4.5823565087060363	127.2148286731793405
 1475.000000	4.9608354464621263	109.2894650278332875
 1476.000000	5.3370451040098450	93.8337105798102300
 1477.000000	5.6493491543938017	90.6004945008300098
 1478.000000	6.1110648658463171	104.9692913618238208
 1479.000000	7.1401134252615099	115.4710933874835632
 1480.000000	5.8406066527933955	97.6394811758078305
 1481.000000	5.8482631218182535	115.8707355077251719
 1482.000000	7.7205139879834759	104.0858904429101557
 1483.000000	7.8984764775326211	68.1093557286497742
 1484.000000	5.7821333045095464	127.1147500952440907
 1485.000000	6.2373326485392138	142.3826177832787323
 1486.000000	5.6934542609711540	146.1441438847383552
 1487.000000	6.0036312585502225	124.3492625318877032
 1488.000000	4.7168481664137625	112.8620809607448479
 1489.000000	5.9763307717466283	130.3414104344386431
 1490.000000	6.4271660258226380	143.3971760715193966
 1491.000000	6.2374667304440345	139.3070660927782285
 1492.000000	6.2501350731745822	137.8620084062307001
 1493.000000	4.5847300454224129	97.4732505770296456
 1494.000000	4.8686281847113486	137.8781346998497384
 1495.000000	6.8188452288402726	159.1269188460057364
 1496.000000	7.3963896814406676	110.0380482854496904
 1497.000000	7.4743016402691653	114.8531685287748729
 1498.000000	7.7516438594190848	111.8938550902439601
 1499.000000	7.7189694004405585	109.0438563540669463
