 0.000000	11.0909426542169331	129.3966312373790402
 1.000000	11.4438764715411327	148.3324245609002219
 2.000000	11.0973449538631144	167.4989443410706258
 3.000000	11.2136216627688565	150.0839775698271410
 4.000000	10.5801210526538672	124.2063015062494173
 5.000000	11.0800330799886684	120.7396067520742946
 6.000000	10.8159786999275696	124.7915554549573898
 7.000000	10.4792745696339349	121.3970961096874532
 8.000000	11.3287425434161619	131.9547944674656037
 9.000000	10.8338174950014032	140.9211059615109320
 10.000000	11.0467106228344321	163.7573869438139980
 11.000000	11.0212796743823471	147.7972060389669196
 12.000000	11.2169928504507510	122.0215210336052820
 13.000000	10.4586679410758716	124.5113766790900627
 14.000000	9.9544718444157425	122.5691750077351116
 15.000000	7.6745785308447125	112.3216616344039522
 16.000000	9.0991554832998887	124.7587926738683848
 17.000000	11.0154459384328760	163.5746613766407620
 18.000000	11.1667268822848751	145.5534373336124929
 19.000000	11.3329350951440286	111.7896463694446823
 20.000000	10.8111945702515513	104.8579756273022667
 21.000000	11.0667323608003034	139.0180693870914865
 22.000000	10.8817322828768628	150.2975408269415425
 23.000000	10.6276959409029246	141.0680036260034456
 24.000000	11.5444186922030827	161.3934325435991752
 25.000000	10.8636866281636415	127.6146994298451887
 26.000000	11.0029491234160695	156.0826859483607905
 27.000000	10.5879532670363350	102.9030538742356100
 28.000000	10.9063721778557028	97.5614642325855357
 29.000000	10.0333549615770714	104.4302376772247527
 30.000000	9.9802848020234958	121.8732504849133420
 31.000000	9.4022828777616407	102.7008733706342696
 32.000000	10.9814770027259581	139.2230340666517350
 33.000000	10.0371442361832379	122.2141591218367438
 34.000000	9.7455553450097980	116.1229753432636471
 35.000000	10.2797238882860515	117.2060052487962594
 36.000000	10.4937869989362476	115.1026853344124845
 37.000000	10.3714702675285331	133.1633648533443193
 38.000000	9.5757538237107021	109.7784893000131206
 39.000000	9.8565569644445503	127.0704329210873311
 40.000000	10.5107616072070034	128.5315046071286531
 41.000000	10.0201354644809406	119.3349129882664670
 42.000000	10.1310823082654888	112.1023436700586871
 43.000000	10.3469147452780277	119.2746020106425249
 44.000000	10.1367865332707439	141.6078534648509617
 45.000000	9.5291089684046320	115.1620754650709699
 46.000000	10.3953789879044631	134.3241173233404311
 47.000000	9.9461946753400294	128.9624778596210319
 48.000000	10.0679040656550605	119.5038300913753773
 49.000000	9.9303029877620439	109.8218038847915636
 50.000000	10.2237034319848750	119.4489991829228046
 51.000000	11.7183846337798165	97.4588184664407322
 52.000000	8.1583674342032797	103.5522020397248326
 53.000000	10.8365418546071250	75.9346957290509579
 54.000000	10.5814259188063762	76.6668278678502020
 55.000000	9.5767808807958836	84.8859292306554210
 56.000000	10.2552532575494944	119.1154201929267344
 57.000000	10.3583295019043646	100.7565216671463020
 58.000000	11.2554960998100135	60.5848157089204591
 59.000000	11.6676559591366331	63.4101611941704419
 60.000000	11.6107044116100333	111.7076342965307276
 61.000000	10.4788077952330649	91.7530006131383686
 62.000000	9.3360340016089722	124.5146452204753587
 63.000000	10.0915089354935077	144.7531057544440785
 64.000000	8.8882473762624610	69.5589936770420110
 65.000000	10.6797390238746210	68.7182895954077821
 66.000000	8.7680840030392790	72.9165458287459387
 67.000000	9.4016197421298706	87.4130454287176661
 68.000000	10.8008284138917343	93.0957486064419584
 69.000000	11.5547233280682562	80.7658588940260245
 70.000000	6.8182978138103696	62.5325338329059406
 71.000000	6.2665391392373913	106.7736810985968958
 72.000000	9.5404108337604701	135.0227785816240669
 73.000000	9.6748799651386541	120.1311114247961314
 74.000000	8.0540213355221901	105.7101263631765988
 75.000000	9.7654534163287519	95.2404542934945937
 76.000000	10.2215333401487705	73.6742585355463291
 77.000000	8.3483780418343443	114.2312136027674967
 78.000000	11.1410002902808518	79.5854768091455469
 79.000000	8.6619230349344498	63.5532727271064601
 80.000000	11.2362188864907058	77.9992939321382579
 81.000000	10.3851985706564243	121.7224795306734677
 82.000000	8.2556310999625264	104.4807156125681900
 83.000000	10.3837094849269853	87.0370435824292343
 84.000000	8.0727862942426114	83.6703399851810445
 85.000000	7.9166847248732033	103.4953205942097725
 86.000000	6.7171336305317331	91.5642812542651967
 87.000000	9.4566284497377353	103.1081337465424639
 88.000000	7.6427610614402495	87.8159528310628588
 89.000000	9.4855988320105045	125.3317278729447395
 90.000000	9.6965180156764319	141.0833122646034781
 91.000000	8.9739828900100616	125.6181872980778849
 92.000000	9.2610127892561991	106.3718945061989416
 93.000000	8.3237674303922926	88.3957962830595960
 94.000000	8.2128179765631444	116.3670371328512090
 95.000000	8.3580137415888114	110.8971728089990876
 96.000000	10.1427683121124197	117.7115178423034081
 97.000000	10.0835266571017392	92.5481520546026672
 98.000000	8.3750159812562064	93.3122962735644563
 99.000000	7.1415236797007156	105.5842001596188453
 100.000000	9.2305273542833213	90.5481490702225074
 101.000000	9.0808453638899884	97.2960277475902586
 102.000000	8.6265081285518583	92.7725989665861732
 103.000000	11.6447913633910733	110.5505200204267027
 104.000000	8.5048041116626454	104.9068044265410293
 105.000000	8.0437464883711769	97.2606744723146193
 106.000000	8.0260849337210018	85.1559191760354537
 107.000000	7.9877250065455296	92.1143978741602467
 108.000000	5.5605653602725660	101.8697895942857912
 109.000000	5.7044070079842735	110.1163789593403806
 110.000000	8.1228948511590424	92.8198784462796738
 111.000000	7.2786511252100459	96.1429256263652121
 112.000000	6.4514899620715314	107.9728255626888966
 113.000000	10.2732341981678577	120.2307201109642278
 114.000000	10.7113656618067683	142.9728933790262886
 115.000000	8.5948152724873719	132.4966056483712009
 116.000000	10.2427030650730515	107.7351712950949150
 117.000000	8.0557015048609433	137.7084161276614793
 118.000000	9.7398440052814674	109.4084719731225732
 119.000000	9.9986635110772770	122.8885927910392297
 120.000000	9.5581473020902763	126.0464097636736653
 121.000000	11.0801133127935358	84.2586469180887292
 122.000000	11.8693517690775856	114.6365598970706401
 123.000000	8.8505900185601298	115.9781612009653742
 124.000000	9.4607319698689452	124.7545693286257347
 125.000000	10.2205424663478652	130.6803575009309384
 126.000000	8.1579253084707357	106.4363703821888976
 127.000000	6.5985601488679029	58.5798569516196324
 128.000000	8.6499135113032288	118.6278528117713620
 129.000000	9.3015361645287502	136.3751469640522771
 130.000000	9.0895204594126753	98.3398420953112122
 131.000000	8.7021768094335563	120.9032728439471214
 132.000000	9.1337303001927985	106.8144758813833306
 133.000000	10.1620081707738930	87.2151422763002842
 134.000000	8.3197281320964311	127.4669419191156692
 135.000000	8.2786357968783051	110.6490013256439511
 136.000000	6.9444097067232313	115.7984425975667619
 137.000000	10.2194361219915901	120.0294998864200409
 138.000000	6.5854635776433117	109.9216595941718140
 139.000000	10.1554116928554343	100.7859992908993405
 140.000000	6.9369453683533502	87.6232663031569956
 141.000000	9.8242469532460373	72.9662278646414109
 142.000000	9.2762804555301557	99.5465588894054747
 143.000000	7.9284627516448412	105.7830136195880755
 144.000000	6.6480670993510387	114.3843060574613304
 145.000000	7.3402363259871528	130.1267995416644681
 146.000000	10.6135972633497300	97.1165166164983589
 147.000000	9.0927847964575577	136.4304051268219951
 148.000000	7.6647088439951068	120.4460052580251386
 149.000000	9.9008387620310305	110.5471488415387995
 150.000000	8.9828641131290379	121.1862101442160338
 151.000000	8.9952203967793363	128.6923037870606663
 152.000000	10.4803340844289572	96.0555353056958268
 153.000000	9.9689254804192799	122.0973898624244214
 154.000000	7.4171299844434859	91.9277340912835257
 155.000000	8.7666829994783111	103.1739704612353421
 156.000000	4.3534595535715370	135.2882115987684415
 157.000000	8.2447149937220345	88.4166270886631764
 158.000000	5.7343802324101842	113.1777174555491712
 159.000000	7.4723990208338851	98.2484166696855823
 160.000000	8.6457875036385055	95.1356026066760165
 161.000000	9.8710567790895283	83.7220870748490000
 162.000000	9.6881542912854446	120.0628980996456221
 163.000000	8.1649279581909884	128.8579424095522938
 164.000000	8.2039339080600424	107.8610790462939946
 165.000000	8.5265626784116826	125.3777493613549154
 166.000000	9.2538176584253353	104.2765174351771691
 167.000000	8.3592726165891431	93.2263812789460076
 168.000000	9.5697007751097392	110.6640111443464605
 169.000000	8.0110170169893049	116.4556472135779046
 170.000000	8.1795152041490944	95.1851508001271611
 171.000000	8.1756501287280834	96.6212473799857889
 172.000000	9.3767016996611261	122.2998708132359411
 173.000000	8.9470658673902026	118.7670066348967737
 174.000000	5.3352852571902414	135.9691564395998284
 175.000000	8.0011992047878380	104.6701476504149753
 176.000000	6.8495045545047608	112.3995390970545287
 177.000000	7.0424164586826983	109.8814618106320609
 178.000000	12.9306011252629069	126.2050159191469731
 179.000000	9.5662273957004977	129.6198900010359694
 180.000000	12.6784642830269636	149.6842143747360865
 181.000000	11.5599930875620913	115.1830848986421501
 182.000000	10.1283756534060867	137.9767812756241483
 183.000000	8.3607138530618403	102.5445423430216749
 184.000000	10.4722440512170181	104.8597156101428993
 185.000000	4.6000568835064328	144.1246497599826455
 186.000000	4.5661316481894980	156.3626196562920256
 187.000000	8.1710329046745205	136.4284665848460349
 188.000000	7.8551624340838728	118.3504145084586980
 189.000000	8.4233005047057432	132.2480350218909564
 190.000000	6.5416835665308355	68.8457631106754917
 191.000000	2.7690388058771815	6.7063862725584329
 192.000000	8.5878526034160707	89.3882442050301194
 193.000000	5.9556088218300589	142.2959344740091581
 194.000000	7.2247516797163485	127.8152860802371151
 195.000000	9.4235676780310840	86.9472551323848819
 196.000000	10.1059067833360636	83.5421023695424338
 197.000000	4.8946298000735560	92.9999158010405154
 198.000000	6.4044940929981555	115.4458468717487989
 199.000000	8.2262751333070323	102.7746388492276282
 200.000000	6.1384839232719148	136.8849843068191490
 201.000000	4.3089163366586183	146.4857288434249654
 202.000000	4.4935194620493357	145.3981756532216139
 203.000000	5.8480644988825174	132.9402775575040039
 204.000000	5.2331760129463136	149.8019517774978908
 205.000000	8.4996483647679870	131.4654967726883683
 206.000000	7.6013403565672650	101.1691364383309235
 207.000000	9.5831298853104201	49.1138534492744157
 208.000000	6.4123835966315177	91.8631083722273587
 209.000000	6.0627821920746303	119.1181786947078933
 210.000000	6.6965534654558221	99.1398997973758327
 211.000000	6.0235359848835355	99.2701025366214367
 212.000000	12.0956755768837354	127.6612723432998564
 213.000000	7.9190713830668358	98.3175534804640137
 214.000000	8.1241152114218309	87.5944496489377968
 215.000000	6.7938619477230953	58.1064830576439562
 216.000000	10.4477745657457550	132.2306470131455285
 217.000000	9.9854114282675628	61.4816789503600347
 218.000000	13.8742253178362542	76.2114643660077746
 219.000000	11.7220139790872526	73.0240793796869667
 220.000000	13.2685823314820723	111.1010369045607149
 221.000000	11.9567644474004400	98.7623355206347782
 222.000000	12.1478021385672434	78.8114484401207136
 223.000000	10.0783217727554746	48.9496011508027777
 224.000000	10.3298968408376552	44.2027982514007931
 225.000000	9.2744533309996289	49.5041147212181443
 226.000000	12.4526655063305380	95.7135817375548186
 227.000000	12.1261931295597449	66.3262938867786858
 228.000000	12.0965710855646602	64.3484475840845818
 229.000000	12.6104423312751575	87.7159116864215491
 230.000000	9.2362220765170147	66.5412759029936609
 231.000000	9.1199890598334452	71.7198061645966902
 232.000000	12.8585822407195032	94.5079122252392807
 233.000000	8.9949856542032105	108.9215811943290078
 234.000000	10.8455222885428100	80.6607921455739927
 235.000000	11.8566542086806272	78.9540929570833470
 236.000000	11.3563302272130588	67.0824411200700865
 237.000000	9.9539365646233442	72.9042817181096865
 238.000000	8.0568255906808997	54.3097572118120553
 239.000000	11.5308504508218324	62.4315225565162280
 240.000000	12.8163584459871416	71.3265079104993305
 241.000000	10.9900274098945836	152.3963777928008767
 242.000000	11.0019781665330960	104.4050742461967189
 243.000000	11.1141550438466155	100.5408986412105747
 244.000000	12.3568713208298053	71.3824138183666292
 245.000000	12.2183746580710615	82.0771491398886610
 246.000000	13.1149729190191184	79.7105288737899400
 247.000000	9.4209535371940181	80.3131643334284462
 248.000000	9.0389884071667677	105.0646349773980575
 249.000000	10.0260733842527241	44.6617759123083147
 250.000000	12.9191704240796330	92.7925607795930318
 251.000000	12.1438565611300060	87.7429166868159740
 252.000000	12.6309161422205936	87.2143625603628863
 253.000000	12.2909793345921816	89.8879475538222579
 254.000000	11.8058570461455723	109.8214598032768805
 255.000000	11.8494255323882260	88.7209142943747935
 256.000000	12.0718173907180724	101.4893310186893842
 257.000000	10.8186015837474372	84.9006685149190048
 258.000000	10.3312413631626505	56.3889117544511862
 259.000000	10.6455542768664770	86.1433673839431293
 260.000000	11.8909675710979155	101.2857694923802683
 261.000000	15.4381112864286809	91.1892558568871294
 262.000000	6.1041453906625822	149.1171237196726906
 263.000000	12.0686876602643718	99.8558544240247983
 264.000000	11.9138283953993298	109.3724595991069748
 265.000000	11.7449420227058905	107.0546074351638737
 266.000000	10.1720139583082894	146.5547740558889132
 267.000000	12.6880474411346764	103.5670293644409554
 268.000000	12.2128206219097546	95.5053553692029880
 269.000000	15.4408769811023294	123.7349814583558612
 270.000000	17.9726107796503776	111.1698108072868223
 271.000000	10.7901412471351392	105.7397702434998763
 272.000000	13.4597165364191547	112.6178651346762081
 273.000000	14.6279993823700813	119.7965528699226354
 274.000000	12.2491059586866928	85.3464979681274940
 275.000000	13.0147982176551427	80.0659579481961288
 276.000000	10.9583511304082926	134.0482791578434103
 277.000000	9.4466819421472810	89.3724723649813910
 278.000000	10.3668489940378112	118.0510091315382510
 279.000000	10.1440231076656779	140.8308901821486643
 280.000000	11.3182750734193647	126.5070528229204143
 281.000000	11.5073232135505457	139.8611616448556845
 282.000000	11.5905020983749871	140.5300138873359117
 283.000000	9.4584922171249257	105.3378007583812632
 284.000000	8.2080296112707316	96.9130274296691994
 285.000000	9.2290987058468978	127.4509068864449688
 286.000000	10.5555397233418748	136.1803641766981059
 287.000000	11.4593572174750236	123.9575225926386111
 288.000000	10.7808914329937391	138.8076076974662953
 289.000000	10.7839434571991113	105.5030650969670205
 290.000000	10.5740914597913651	120.6678111172274299
 291.000000	10.8265287354844677	138.4259152454562809
 292.000000	10.7388756201703242	147.4527557930454407
 293.000000	11.1307305350164807	144.9647755027571634
 294.000000	10.8582104810210112	145.3833216652828071
 295.000000	10.4307441063821074	121.4870228938222851
 296.000000	11.0197993520223605	126.8386997936478906
 297.000000	10.7882668190900723	120.3551016581418907
 298.000000	11.3284845071111437	150.4025771879685465
 299.000000	11.2389436472428059	138.4120313953527557
 300.000000	11.3666268243808304	133.0301287242305932
 301.000000	10.1364062108404021	138.4952529593870167
 302.000000	11.4236782198774485	130.4690440963609035
 303.000000	10.7460375604144129	153.7797433705885339
 304.000000	11.1367383933151043	138.3135398954739514
 305.000000	10.6919351389872155	134.0936332674432663
 306.000000	10.9418806406312719	133.3145973738130010
 307.000000	11.3733246004017126	149.2073335515433428
 308.000000	9.7294603390661578	130.8877776631173049
 309.000000	10.6876594070810107	145.4193351875866256
 310.000000	10.9162936662624599	131.5866473341379788
 311.000000	11.3870180298813271	136.3687013042832064
 312.000000	11.2385866032794866	144.1950110243962797
 313.000000	10.6859480055483100	130.1099861135177207
 314.000000	11.4528679164333589	139.1510334985057966
 315.000000	10.3884932458301780	131.1066131681271258
 316.000000	10.7474057696912997	121.8566274872185318
 317.000000	11.4511349437029040	157.8465269358078160
 318.000000	11.0583137424248221	118.1031566477353465
 319.000000	10.5253074784626239	127.9947674550587635
 320.000000	11.3137228291120646	104.9846760405460486
 321.000000	11.5375965485008454	95.7358922570864337
 322.000000	10.8831860052425764	104.9043043894944844
 323.000000	11.1609411286593918	136.6779272228162654
 324.000000	11.2719186112794798	122.4460540228559182
 325.000000	11.2790606599521208	151.6457278792065040
 326.000000	11.3794922314095430	112.4816922424162726
 327.000000	11.2583612339755952	137.9354061426487306
 328.000000	11.0977489399471629	135.8583177562175592
 329.000000	11.5030226407706841	139.2051162726044140
 330.000000	10.6497282431060718	95.1992680659722339
 331.000000	9.8018197037238544	129.8644440952216428
 332.000000	9.4835732276263318	116.5235921251246509
 333.000000	10.5036213177641180	84.0234865798912409
 334.000000	10.6559018751025096	148.3210002899793380
 335.000000	11.5921862688869517	153.6863844056734081
 336.000000	10.9105016500653633	159.0983245575284002
 337.000000	11.3532346418049173	145.1785363008761465
 338.000000	11.2529862227949842	134.6229775270655011
 339.000000	10.8261271342386092	125.4739736045034135
 340.000000	11.2427838375901494	149.2036748708363234
 341.000000	10.9890970199505098	136.5850002303575650
 342.000000	11.2917689417659464	135.0704341733374179
 343.000000	11.2349173484812948	126.7972513348156411
 344.000000	10.9025741056550718	142.7714408204691381
 345.000000	10.1339579942584503	123.3731326790053231
 346.000000	11.1520665399092280	124.5880542612283364
 347.000000	11.2099744489463085	139.2153731526398701
 348.000000	11.6118706024590157	143.1858709026490715
 349.000000	11.0925540092421411	136.8174504700707814
 350.000000	10.7781613983519549	127.2642118534866427
 351.000000	11.2612358299701398	145.6946006276402841
 352.000000	10.5151806759844799	119.5629675049167133
 353.000000	9.9648462823427906	128.0555035016290617
 354.000000	10.6516635201409162	112.3236919650051533
 355.000000	10.6629315726042897	139.7053996256710491
 356.000000	11.1423429971283880	145.6310376578305750
 357.000000	10.5569816322646677	140.4253911844060099
 358.000000	11.1072792842282215	138.6237894270371385
 359.000000	11.5603694075097962	144.7794801013000097
 360.000000	11.1617608396626000	110.9929163431046675
 361.000000	11.4483011845378275	153.5612013735262735
 362.000000	10.6802227104005674	152.6862571303018683
 363.000000	10.4692895504213368	133.1364780668258732
 364.000000	10.3732615522894545	119.6139193833635375
 365.000000	7.9746132227688955	129.8982969487722414
 366.000000	9.5828915590867112	162.5370284193106158
 367.000000	8.8516472265278381	115.7497863637988189
 368.000000	9.9235572910948520	101.7268266124977316
 369.000000	9.4674245883251071	124.8260290215858106
 370.000000	11.0152287593876519	117.0662754141752373
 371.000000	11.0946835517646711	140.3448311625455176
 372.000000	10.7606563048695278	150.4270827476619274
 373.000000	10.1707489881971362	125.1186738453311307
 374.000000	11.0996531395625286	123.3571827553919036
 375.000000	11.0728430680400614	152.2202220525519465
 376.000000	11.1282003404006815	138.5697804256333825
 377.000000	10.7224281756728868	147.1176623915221455
 378.000000	11.4029475135269358	139.1066321464258522
 379.000000	11.6469285490955841	132.7640124285017009
 380.000000	11.1471539874079291	145.3504343176130362
 381.000000	11.0252784777443988	122.8102781056102515
 382.000000	11.3121124564998841	138.8027143584636462
 383.000000	10.8718280463447794	149.4161344163468073
 384.000000	10.7521018412293490	136.7961672598896996
 385.000000	11.1592896344089780	148.0355864360986118
 386.000000	10.7936980337995703	159.9772879798761096
 387.000000	10.7839268853321428	138.0739045743650308
 388.000000	10.6820794415047544	137.1625342819676519
 389.000000	11.0430243730451725	140.0505758263855682
 390.000000	7.8767157314470548	114.2203892130609546
 391.000000	7.5962899535511985	124.6394329579076725
 392.000000	8.4301235932511229	134.3646457633004161
 393.000000	8.1313263503679067	119.6733732900058413
 394.000000	10.1544203702044786	106.0202284602774938
 395.000000	11.2933291646399230	154.1949019895010338
 396.000000	10.5197767240227602	130.7102979040587911
 397.000000	11.0396192976487075	130.2806312315200330
 398.000000	10.3814194610916743	114.2707129123238019
 399.000000	9.9953315927337165	133.3068316121972146
 400.000000	10.9888993938104651	119.9936177384920768
 401.000000	11.5920024127421808	108.7608682216912399
 402.000000	10.9454540494136552	154.9197224874100414
 403.000000	11.3240135521006238	134.0657118904576350
 404.000000	11.4091119506265031	132.1002496864226714
 405.000000	11.2364309939573843	123.7715603780858373
 406.000000	10.5147888217436876	100.4290432863983682
 407.000000	9.5613902081418392	108.3986232136781211
 408.000000	10.2495734761331523	49.4915790528999082
 409.000000	10.2791284471536635	58.5133631839160415
 410.000000	10.8150913429890601	62.2628527313481754
 411.000000	11.7882273013307355	77.3952586432843788
 412.000000	10.0708933265403857	72.8366132146434069
 413.000000	9.7893084882796231	49.0928900100732051
 414.000000	10.6710993878634302	60.7569786195475530
 415.000000	10.9963133115303009	50.4331145513297656
 416.000000	10.5591108232145938	31.2424391735893892
 417.000000	9.2950780311164092	59.2709150177216486
 418.000000	10.6830262251069037	62.2586370588260394
 419.000000	10.3145451335080534	57.9789278507494856
 420.000000	9.1889793656568912	107.2857278610118641
 421.000000	6.2328169165008580	79.3633324596580962
 422.000000	10.2847235483182491	104.0127647165238187
 423.000000	11.6893569477597072	72.7462093792439930
 424.000000	9.2206235614215881	43.1357793006719419
 425.000000	10.6088130782988355	49.2897496027580360
 426.000000	10.0323621694248803	51.4720026904695658
 427.000000	12.0442991985342314	70.3378494728153782
 428.000000	9.9836923342556236	54.5799590520046678
 429.000000	14.0559950447701585	90.5370496367364979
 430.000000	10.8847343294785492	56.2259010658161458
 431.000000	5.4588099879480012	68.5911562368271603
 432.000000	7.8395723827613741	60.3227352987714767
 433.000000	5.7433107277298898	53.6878480606948614
 434.000000	8.6125876149230436	39.1031885574598732
 435.000000	6.1002595324526165	67.5966441553369322
 436.000000	5.9052539334670913	25.1023049459603840
 437.000000	8.6415177891097024	44.6900530668218892
 438.000000	8.3095094419621596	80.1488766451284107
 439.000000	9.9150645105401374	79.3542061263220972
 440.000000	9.2535990836016513	85.5011633869367529
 441.000000	9.7951823397491768	117.4258561581694096
 442.000000	9.8143952457516264	83.7436538368241798
 443.000000	8.0995101265438105	64.5273464318344168
 444.000000	9.6884416443932988	96.8543274739197102
 445.000000	9.5566295443684481	67.6519067036771844
 446.000000	10.5937707304406921	69.6959439585716325
 447.000000	5.6261981167006772	28.5975510672788857
 448.000000	11.5848724227802737	122.6301505375795529
 449.000000	7.6236394771448781	88.3946964316374988
 450.000000	8.9489483493310900	100.1320254171605768
 451.000000	11.2655649751082834	142.9441074350802126
 452.000000	11.1235800541217333	157.2211308777163765
 453.000000	10.7745088134602867	132.1572265412566196
 454.000000	9.8624040383412854	84.7459237277933966
 455.000000	10.3033991587503060	126.8598467087883819
 456.000000	11.7419280161870692	127.5968772201176762
 457.000000	10.6154086535164449	125.1449364444892183
 458.000000	10.7570432056759913	148.4479568950080477
 459.000000	10.9742811669206546	122.7840362072929850
 460.000000	11.3489660460453656	148.9299421087724795
 461.000000	11.2043506723496122	138.7126807600484710
 462.000000	11.5501577336989012	137.9093808733334185
 463.000000	11.3816349576557609	136.7930148115614770
 464.000000	10.8985297051822592	144.7892131210948605
 465.000000	11.2173757190613372	142.7351504777435309
 466.000000	11.0385244134928318	158.0717707837533794
 467.000000	10.6249404418093825	112.1492826301736869
 468.000000	10.5896540365258147	145.5764290163873511
 469.000000	11.1586816847087711	140.8625389127812753
 470.000000	10.9129179048896301	157.8866165984319423
 471.000000	10.1302896555037787	126.8298713140563905
 472.000000	10.9834667954169518	123.5505728765850932
 473.000000	10.6872466494473510	143.3537559881469292
 474.000000	10.0374907035951448	132.3354424929658535
 475.000000	11.5790044867052160	125.7531311143745540
 476.000000	11.1637953151616518	135.7350856093485731
 477.000000	10.8302740888799711	139.3651448459965252
 478.000000	10.8078009080307709	112.1010519748261061
 479.000000	11.0874911001995766	129.8459675333724874
 480.000000	11.4163970547694582	120.6261661686479840
 481.000000	10.9984901654952836	159.0704604775938833
 482.000000	11.3250223984568983	115.5968256339305213
 483.000000	11.7111085400368538	140.0392504590728606
 484.000000	10.8573594347368765	125.4406916480747896
 485.000000	11.4861059353246713	144.5151208529285896
 486.000000	10.9433342530003195	142.0185668501629834
 487.000000	10.8851681586162830	140.1367326055012370
 488.000000	10.8748079799493311	121.3375866430551753
 489.000000	10.7509438621240907	139.4964727578891939
 490.000000	11.3961592793316111	151.2539069146164366
 491.000000	10.9598953425627474	141.9287409996163092
 492.000000	11.0554966223587758	139.0041262682220236
 493.000000	11.3710149864245675	146.8399735729753388
 494.000000	9.2136852361518109	125.2932708656695269
 495.000000	11.9667698246705907	137.8722438852888104
 496.000000	10.9434655687790130	144.9864431881825908
 497.000000	10.3594183629699543	143.6022947168103485
 498.000000	10.8719147290870239	157.4909925703795466
 499.000000	10.8689503403671974	141.2819182610013229
 500.000000	11.3411094181484895	132.0755355858692610
 501.000000	11.2456969534938107	143.0038828585703072
 502.000000	11.1040424560835387	144.0497139216614642
 503.000000	11.3087242406645654	136.1313681486771827
 504.000000	11.0334495190223976	121.5703479089075643
 505.000000	11.1289512728895996	149.3892416560817367
 506.000000	11.5039374202706366	145.1536839926584150
 507.000000	11.1192521536992519	124.8560687132363682
 508.000000	10.6941297920062386	127.9171357024779354
 509.000000	10.5583781042530287	141.0266802122135346
 510.000000	11.1883601109320097	122.7601946491718934
 511.000000	11.6222638529242381	123.7487700700581286
 512.000000	9.7799445738634851	125.0329764917979958
 513.000000	9.3009834536958031	136.3616360344547331
 514.000000	11.3032355715006236	135.8289650784294054
 515.000000	11.0213837050850589	157.6318873275021417
 516.000000	11.4364072237512744	130.4947744310248652
 517.000000	11.4099142342904312	138.8363811304751891
 518.000000	10.6996622221256459	126.3395462368659281
 519.000000	11.0647680957681303	138.5283874878362553
 520.000000	9.7970001053752025	101.5588825273446645
 521.000000	10.9118158870372373	125.7830468107953266
 522.000000	10.2951711711774188	112.3206604354989793
 523.000000	10.0176857397250885	130.1773593119823431
 524.000000	11.0110841699480613	128.3009405720454197
 525.000000	10.1017578652103328	123.3306152783363245
 526.000000	10.3901945130122080	118.9582276663887228
 527.000000	10.2802480556351270	129.4549679063969734
 528.000000	10.0745540896278296	118.0723994110151409
 529.000000	11.5879034135073500	150.6822368696310548
 530.000000	11.2817306566063653	149.2373351915287003
 531.000000	9.7486567338354337	141.9253192289082790
 532.000000	10.3266188660166431	157.1746407167025836
 533.000000	11.3124057389449533	126.3092906815019631
 534.000000	10.0204441826945025	138.8868410288285418
 535.000000	10.7589441978326086	135.8998382882140277
 536.000000	11.1726398711232431	132.0304408296277359
 537.000000	10.4241533965785500	118.9907092597734817
 538.000000	11.0865904019171868	151.3557521552106095
 539.000000	11.2695712293780108	127.8200263326044279
 540.000000	11.1297078680288593	129.5944781159833497
 541.000000	11.4415490585659203	157.7700998696886927
 542.000000	10.9961231865223397	149.7304620282085352
 543.000000	10.6824047531316886	129.8464600958352548
 544.000000	10.7276360860011213	140.8384976037831677
 545.000000	11.1814114334549775	139.5946510821523248
 546.000000	10.9928635475106162	145.2746058900231958
 547.000000	10.8719784479657662	138.5022549847960249
 548.000000	11.0963805426589843	126.1651924890167891
 549.000000	11.1513362483016287	150.3567005278134161
 550.000000	11.6721852778214092	143.4853452756860293
 551.000000	10.9499735176675461	142.5167874864547741
 552.000000	10.8496914425223832	157.0429559351674698
 553.000000	10.1372694210300818	130.2399595557199063
 554.000000	10.6644958364042619	135.1860951679519758
 555.000000	11.1919849023811739	142.5339716658987754
 556.000000	10.2229913547856661	112.0758691742107942
 557.000000	7.6526838689326722	115.8859030512707875
 558.000000	9.2676956327915612	110.8547685512757539
 559.000000	10.6737448291048427	134.7679179841745452
 560.000000	10.3511287520813955	124.1700197435970097
 561.000000	10.5565643258557849	95.6246259209198115
 562.000000	11.0845391290202873	125.5013586436591027
 563.000000	11.1037048075133722	152.5210369842604905
 564.000000	10.9154507195126875	113.2064857502794695
 565.000000	10.9134139802491621	140.7485430272195970
 566.000000	10.6574799852108786	127.6968582632105154
 567.000000	10.9009665178812245	117.3543667244319693
 568.000000	10.5972666530922162	154.6495735124244959
 569.000000	10.7497477959861580	125.6170527538925086
 570.000000	10.7631081526292398	126.2179140362094927
 571.000000	10.6316335596374287	135.3411650825860022
 572.000000	10.4006740095442645	141.8631051163950474
 573.000000	10.6504242731701613	144.1550197364557278
 574.000000	11.0477739293599697	147.8508765233914914
 575.000000	11.1873254919661917	148.9227195818349117
 576.000000	11.0087666279675158	139.2430077045009682
 577.000000	10.6832974098578379	130.2972561389927080
 578.000000	10.9758803171041226	137.5514078639088211
 579.000000	11.6222797640853894	151.3737420536631930
 580.000000	12.0558349094920825	98.7361771732833091
 581.000000	11.1241894399875356	130.9871482911758278
 582.000000	10.3982769782425351	102.2793389048510306
 583.000000	9.5520059525562182	114.3632930639909944
 584.000000	7.1804112323531717	87.7377716962217562
 585.000000	10.6420190676364896	103.4613077221534212
 586.000000	9.4201518285867838	119.7023280474936371
 587.000000	9.4726381811974392	105.1931911792593866
 588.000000	7.3356833763073199	103.7097840194978460
 589.000000	7.1774444069355674	92.4279409108503813
 590.000000	7.7441217752432694	113.2273092470792051
 591.000000	8.6326720519528344	118.1914017485937336
 592.000000	9.0143567345558768	112.5907215331351807
 593.000000	10.9886613371736352	151.4219222078105247
 594.000000	10.6866949661073622	147.5044302568004468
 595.000000	8.9918036807461874	138.0715530726916995
 596.000000	11.2630803105551180	130.4094102902390091
 597.000000	10.6295395871860308	150.2749945246085588
 598.000000	11.1262055949299796	140.1960591479652010
 599.000000	11.1217377634536927	135.7493097851165658
 600.000000	10.1127766653858213	143.0809526538709235
 601.000000	10.7951414452643686	145.7035431862042003
 602.000000	10.6667814304396025	137.4093921394183155
 603.000000	10.7245847794500406	135.0504028004897066
 604.000000	11.5026275850989066	115.1935795564153580
 605.000000	8.3343429972943799	148.1782973873629317
 606.000000	9.3760600784361738	149.3562469845833789
 607.000000	11.1317023699627011	130.3581813924216988
 608.000000	10.2007003420494087	128.7423545779728329
 609.000000	9.3979345883144916	137.2467863227149110
 610.000000	8.9340052447560918	140.3659239844298554
 611.000000	8.6706136113371226	135.2963346345463833
 612.000000	9.7416514616731806	116.9238413992277401
 613.000000	7.4937193754786149	136.0839737770604927
 614.000000	8.6645029844642263	118.0934359494460182
 615.000000	9.2466560884805080	99.9331820743291530
 616.000000	8.2772481911540901	136.8011516657235802
 617.000000	8.8813467067865286	115.1023922657699643
 618.000000	9.0852947406569395	112.2346687396381810
 619.000000	10.1573738603374757	124.5609203653031329
 620.000000	9.3046933500348370	76.7998717588520208
 621.000000	8.3943570507579199	72.6295251719712951
 622.000000	9.5037860781630012	106.0404248666965827
 623.000000	9.7578818072760676	146.0873998953021271
 624.000000	8.3319381044656549	149.9507529907692458
 625.000000	10.1197463922525905	123.3598349821194660
 626.000000	9.4577483086935938	114.6852968194105529
 627.000000	9.9209799409132380	112.7570308833088859
 628.000000	8.5753574793467955	100.5498735011778422
 629.000000	8.5038298011628441	119.7232771658157446
 630.000000	10.3576943203014462	115.0257769754665986
 631.000000	11.2028564474846242	112.5456947198138948
 632.000000	10.1649466501359260	114.6139781690403083
 633.000000	9.2357733457808866	94.7893916369381202
 634.000000	9.4698646141800111	82.4894629550224039
 635.000000	10.7502089585656151	112.3247865813113862
 636.000000	10.5109016672982669	103.4000327690347092
 637.000000	9.3421969932450306	97.4991121625658934
 638.000000	10.3605211776572226	159.0168694026754395
 639.000000	7.4088944887696231	110.8896906530656992
 640.000000	9.1437829341754959	75.0537573057544734
 641.000000	9.0007720580626724	88.1863941589504066
 642.000000	9.8440326066531476	92.0342064938309505
 643.000000	8.6823452858944066	124.1899435335404007
 644.000000	9.3135718507629033	97.2427009459294709
 645.000000	8.5368216986833669	105.0863561404943312
 646.000000	10.2907650589789235	94.2090476028973143
 647.000000	10.6155076249200331	135.8220563148636870
 648.000000	11.5985896454175990	136.0426590965504943
 649.000000	10.2892091410638233	115.2351537658108640
 650.000000	11.0462638404961844	161.5205618447457709
 651.000000	10.8632498542746134	158.9393112500715972
 652.000000	11.4478475487066031	130.0983626070004675
 653.000000	11.0445266489059843	138.9746219248625607
 654.000000	10.3108393791155866	114.0190490180539484
 655.000000	10.5423741708123071	138.5388676746203771
 656.000000	10.8942266582215979	133.6843050489798088
 657.000000	11.0663277776680626	144.0575388778243564
 658.000000	11.5628480522494073	132.6414624470713761
 659.000000	10.6477875663103845	120.5759073854185317
 660.000000	11.5218803910614724	101.0208813921201170
 661.000000	11.0240258453948368	165.6550485621846462
 662.000000	10.6337289201590117	144.6170487930706088
 663.000000	11.3287380304984175	150.0605664362167886
 664.000000	11.3554419745599073	140.9140376322573616
 665.000000	10.8479923582187077	134.5415094605202171
 666.000000	11.3511682204554898	139.6858555717369086
 667.000000	11.5773069788161500	147.4345475786001316
 668.000000	10.3838937294913318	123.0210881682743036
 669.000000	9.3740709506886990	114.1781317308162471
 670.000000	11.3141704946908739	108.5038951839984520
 671.000000	10.3661252102754311	117.6476699077797150
 672.000000	10.0128943920518552	134.4747075619630436
 673.000000	9.7788471276485360	125.3054665695707257
 674.000000	10.5022242123547009	123.1347449676287340
 675.000000	10.4008214655385931	107.4887521274747115
 676.000000	10.5186843101056091	154.9279465248095562
 677.000000	10.3494194693584234	149.3930738388734198
 678.000000	10.4754721625978799	90.8260410225291395
 679.000000	9.6514584737876117	88.4284217311608387
 680.000000	10.1305432282667045	104.3209573863843787
 681.000000	10.2656839084108267	128.5079742743593556
 682.000000	10.4357710883362724	148.5764160192105408
 683.000000	10.0192443729147662	137.5516041922523698
 684.000000	10.4307125582149745	136.8862612452445546
 685.000000	10.4987092938902951	138.0167976042726821
 686.000000	9.9221683721047125	97.9092906075375851
 687.000000	9.8950152172855024	109.9683784391647663
 688.000000	9.9794309469650386	117.8518857644654645
 689.000000	10.2812682034684357	123.0697179450700389
 690.000000	10.0771806248046119	135.8726306067663359
 691.000000	10.1301582337339457	121.7673945969906129
 692.000000	10.3507606019872878	116.8447231868671849
 693.000000	10.2287420578883719	122.2469429540547878
 694.000000	10.2060361354084161	127.7687720842060060
 695.000000	11.1480452943981003	152.0961046277637365
 696.000000	10.4010903204374134	152.9589318211706654
 697.000000	10.6338366259473673	144.0757842808087617
 698.000000	10.7536462001168491	148.8161635030979255
 699.000000	10.4279950595670456	144.7712134268998625
 700.000000	10.6886709071481221	157.4793749436036023
 701.000000	10.5609248591569447	150.0287320284580517
 702.000000	10.3696199204642028	142.9144965762935158
 703.000000	9.9605782862868217	137.9893389517557694
 704.000000	10.0279637066925122	139.2548351419971766
 705.000000	9.8110320977693171	110.4832800594329427
 706.000000	10.2591464760826963	142.4819977983523813
 707.000000	10.1944319757830701	149.9300804531734457
 708.000000	10.4645792044053696	116.8475745369906349
 709.000000	9.7369242518283485	150.0687743706767208
 710.000000	10.6402799887467303	125.3141962197395287
 711.000000	8.8703587824823238	115.4715026403742257
 712.000000	9.2149199833826057	130.0078586457350411
 713.000000	11.2091531639025526	154.6638280337814990
 714.000000	10.7698104903418361	143.6653798021884541
 715.000000	10.7367714401430607	154.1484774057886398
 716.000000	10.8468047717323781	153.6884829089341622
 717.000000	10.9535482047666992	136.0082818173897010
 718.000000	11.0372115080719819	151.7118683326372377
 719.000000	11.1837455359537543	134.5883929943322244
 720.000000	11.4833617677849524	150.6645819597195555
 721.000000	10.7111319129148761	141.8922375416028103
 722.000000	11.3764608129455294	135.3783685892200310
 723.000000	10.6393426167507563	111.5580252665524199
 724.000000	10.3192999160078749	121.8333742247483400
 725.000000	10.4800367020830407	131.4932434838208621
 726.000000	10.7174820185987301	116.3742491214557901
 727.000000	9.1848489702717711	133.7812738432580772
 728.000000	10.9003948528045065	99.8815059368014602
 729.000000	11.3851080204556840	127.3607973762421466
 730.000000	10.5015350223333126	128.4072066498469837
 731.000000	10.5852698545232897	143.5592785540741829
 732.000000	10.4294386274721500	138.5757191440800966
 733.000000	10.7538272837223179	144.7235277932542488
 734.000000	10.8441496594767361	125.8586638815610002
 735.000000	9.5540348759475240	138.6297121687974823
 736.000000	11.7551929674334552	137.3065153702178236
 737.000000	11.4432895453986383	149.7429215222558980
 738.000000	11.2826532486587947	136.7734584102940971
 739.000000	10.8104639063683994	149.8220999823654154
 740.000000	11.2593699350371885	152.7468850097227175
 741.000000	11.2008085931066415	156.8251759357740980
 742.000000	11.4309744112985676	114.0035248762506228
 743.000000	10.8269590719260300	151.8911744401201247
 744.000000	11.4237878921654072	150.3738650629048266
 745.000000	10.7461164337500890	107.6345545852822596
 746.000000	10.9149825758037053	158.6531320157305345
 747.000000	10.5762739186861783	149.5968233264717071
 748.000000	8.7999597146884163	144.9021058374374036
 749.000000	11.0971649529047429	142.1732045392118948
 750.000000	10.9710907907211510	140.7299704083779943
 751.000000	10.7337189523058765	147.7951526041297257
 752.000000	10.7676652674144506	145.2135479192047853
 753.000000	10.7516560546808186	122.1362190008077562
 754.000000	10.6010286732459367	122.7390405383792142
 755.000000	10.4383214996085592	136.0081577563601911
 756.000000	10.9888429823310254	127.0079217775386979
 757.000000	11.5181851307686340	147.0623098757382081
 758.000000	11.5240166007357363	140.2278942895009664
 759.000000	10.7816329192828118	136.5234304164669084
 760.000000	10.6698232980868664	137.4983075083224833
 761.000000	11.4275555531654547	118.8177200987634166
 762.000000	10.9796601909141671	116.2265780033773410
 763.000000	11.2541249260591396	143.3077482799646418
 764.000000	11.3205864113596473	135.2508305042386780
 765.000000	10.6652592148949168	161.3992181715736933
 766.000000	10.7761085688566816	127.3797882588074231
 767.000000	11.0784330299984024	132.2459093832145527
 768.000000	10.9447031495829528	133.5010551974496309
 769.000000	10.8636938590097394	112.3429275698287029
 770.000000	10.6083209399622120	90.3676074598144794
 771.000000	10.8683110517733841	105.1408774519950526
 772.000000	10.9859318621278632	163.5446460734737286
 773.000000	11.1685898548952096	130.2954248165739841
 774.000000	10.8886181612391191	151.1563259710164289
 775.000000	11.4176562008063378	163.5893390618992953
 776.000000	11.2834166648386383	153.3497427160675102
 777.000000	11.4310366565075530	126.8366100576614315
 778.000000	11.1526101635625832	139.7469804924397749
 779.000000	10.9435391634682198	124.0528176194173398
 780.000000	10.7682334539093212	135.4223174862780752
 781.000000	11.5434763622812397	126.4082184178767818
 782.000000	10.6616256221242303	138.8241052845086188
 783.000000	11.2806444521391178	138.1060375036938126
 784.000000	10.8972552703493619	137.3379703330796815
 785.000000	10.5803281219349739	149.9563375631578879
 786.000000	10.7598930135455060	144.9085858228056054
 787.000000	11.3293692417372469	148.7908403547239971
 788.000000	10.2454329730930294	154.8115814557611714
 789.000000	7.7831774793526041	113.7834240907112502
 790.000000	9.5535671820985506	134.8779186512038279
 791.000000	9.1084476393350364	129.6694218659581281
 792.000000	8.1615514470318722	113.1762585001415289
 793.000000	8.4783830589342468	134.6722078288036357
 794.000000	10.4398358449776119	136.0493661715330234
 795.000000	8.0815196769635520	121.2012987888112434
 796.000000	6.8498281026807044	118.3353168659987205
 797.000000	9.3448658910254707	134.4162511674501559
 798.000000	8.8100389740937857	133.6587279666324832
 799.000000	10.1328730245692515	108.6524228653267841
 800.000000	10.0874097379048582	95.0459599830289221
 801.000000	12.6642974127811865	118.1587011708175652
 802.000000	11.8629162274495581	136.2869896180001490
 803.000000	10.2563030826398940	113.7703129826131629
 804.000000	11.0012853052692083	123.1401145969165327
 805.000000	8.9470272077057960	89.4668463145814741
 806.000000	8.5277562783289511	126.0373356244688949
 807.000000	8.7219371487047450	114.1383950413167980
 808.000000	7.7547714787260187	100.3993233878712488
 809.000000	9.4658781713160529	118.0113894661199652
 810.000000	11.0217500690999675	137.0624815319033303
 811.000000	11.4438953914039221	143.3211792027495903
 812.000000	11.5855521843761426	137.5717286378333597
 813.000000	10.6185897465550347	108.0485188101477121
 814.000000	11.4861195434057297	135.0944957268361861
 815.000000	11.6732376338562869	130.9398172641110136
 816.000000	11.5346077253723074	131.3826780454749326
 817.000000	11.0555965750771250	138.9047734194953989
 818.000000	11.3299991726062874	145.6678385540543559
 819.000000	10.3152463610445722	122.7630233465128242
 820.000000	10.3099764619317735	146.1828169629930585
 821.000000	10.9231413307283240	137.9785678805017710
 822.000000	9.1730608555474031	98.9012893296858380
 823.000000	10.7080205934522414	142.2530604271799461
 824.000000	10.6638847723252539	145.4602353478200598
 825.000000	11.1160007775626450	142.9066150315075561
 826.000000	11.3954836229907084	148.2044631994775159
 827.000000	11.9809158628394989	133.0101379812898870
 828.000000	11.0743212834017317	142.3154880033401639
 829.000000	8.8585141112469650	141.0765882054299141
 830.000000	9.5450397150542177	126.0333490047681266
 831.000000	11.2938806487754881	152.1522238261385382
 832.000000	11.8394564627186831	98.1404542571380460
 833.000000	12.1894437870923458	93.4781750365892492
 834.000000	11.3362678614381789	108.4971199304117846
 835.000000	12.3843334158972844	119.5169113848670719
 836.000000	13.6369933340137450	140.9943985198545136
 837.000000	10.4903105320900938	94.6794378966704500
 838.000000	9.8751410234773918	58.1118193341444282
 839.000000	10.5627412593424150	50.3158458867725642
 840.000000	10.3924094208427569	83.7708336849830459
 841.000000	12.9301964816902490	75.3245169914784469
 842.000000	11.1837148576493348	73.2085362961913688
 843.000000	6.4445623445547771	67.9710812878151245
 844.000000	8.7537903110596726	110.3889427486270591
 845.000000	7.2886818657167058	79.4536746532383802
 846.000000	5.2321427607106132	66.4527152255160019
 847.000000	5.4716683798503194	84.0993432368550344
 848.000000	5.3992962208413502	74.5744502305047092
 849.000000	5.7361579845853496	70.5308055255137418
 850.000000	6.3725502327901431	75.9120879581664525
 851.000000	4.4800248695000882	52.7275001048994909
 852.000000	4.2841818267824481	64.1163166229026444
 853.000000	4.9747273642526988	62.7594892696038187
 854.000000	6.2857452114473178	96.0880075095762010
 855.000000	4.7020106773469177	51.0363869443034446
 856.000000	2.8912465305669164	16.6580825733761344
 857.000000	3.1634508642664954	34.9760223004976467
 858.000000	3.1740854080253951	38.2741084702327328
 859.000000	4.8828214567050150	28.7794787946796191
 860.000000	3.2177467924356731	29.0525881904422647
 861.000000	3.1322240464236821	14.6621253927179396
 862.000000	5.3665630794251644	42.4938505199723693
 863.000000	6.0673299449380167	65.5602535476906070
 864.000000	5.7735142563925113	43.3359105116577155
 865.000000	3.1002777381805817	16.7799919301236002
 866.000000	6.3919476226732801	80.9260704434671254
 867.000000	6.3994431121753310	108.9962880108282661
 868.000000	10.8688641278206060	136.7616756619038370
 869.000000	8.9748676803623137	48.2659034706618115
 870.000000	8.8521873158900597	74.5370787163441406
 871.000000	5.9858140678013401	53.2508250887787540
 872.000000	6.5790906402914615	93.6796912708623921
 873.000000	7.1466179498752478	105.0217267876565046
 874.000000	7.3104431466154498	102.6391851955865633
 875.000000	7.7713598844350118	84.2535873618966917
 876.000000	7.5698293970024269	113.9202988559731295
 877.000000	6.9375697519744053	116.0156189810162743
 878.000000	7.9217264298020327	103.7994134517569051
 879.000000	6.4629241057341105	65.5589569663443399
 880.000000	7.9456540927498116	118.8636031211907778
 881.000000	6.9723218039864543	89.4887369389921474
 882.000000	9.0637504039327546	118.2464182130601671
 883.000000	10.0025965247285900	117.4151226228738949
 884.000000	7.7556503429663604	120.1478569688050868
 885.000000	8.2863792797337048	113.5308464799663852
 886.000000	7.0166418946700988	110.0039906235025029
 887.000000	8.7044000966347479	101.2950844102618646
 888.000000	9.0396139190615177	117.1069336426163829
 889.000000	8.9549486558566347	112.8427270741462252
 890.000000	8.3252142629067318	129.4661683731847859
 891.000000	8.7572642902415083	114.2443412925005362
 892.000000	9.7576474499324828	120.5467815726049992
 893.000000	8.1784313332232621	117.5215204277117067
 894.000000	9.7280880443895033	115.6149972497775877
 895.000000	8.2256096662602616	113.1564216760660742
 896.000000	8.2138913190659828	110.2861241020325593
 897.000000	7.1156591379309821	88.0094430139120050
 898.000000	8.5827565737922011	119.1536858737276248
 899.000000	10.3209969469866731	106.1564566554467035
 900.000000	7.0379150281878822	119.8217843378853331
 901.000000	8.5518091948765420	117.2307985551832701
 902.000000	8.8764832659711370	106.6847182773579021
 903.000000	8.6997677835479426	117.1577715612982900
 904.000000	8.3673043298277943	107.1119203170138690
 905.000000	8.5614700133339490	98.5492740504372904
 906.000000	8.2837155339791959	110.8201383813289311
 907.000000	7.3976453100634210	99.5265705892715431
 908.000000	8.8812791322626818	104.4905754083054603
 909.000000	7.3019344110719873	100.4774736035227249
 910.000000	7.6536546714852429	81.4588566064493165
 911.000000	8.0201280560192707	116.8171448702799466
 912.000000	6.7533520836972158	47.3127104955598554
 913.000000	8.8280737356277843	93.2163026109713968
 914.000000	5.1013854544646575	74.2737716353884281
 915.000000	7.3348703935201494	78.5846428999705608
 916.000000	8.9942340965845702	103.9394635672092591
 917.000000	7.3393740254842976	118.8065617481317275
 918.000000	8.2533434148809217	136.5182495055559002
 919.000000	7.6420123494946024	89.1403877553237010
 920.000000	7.9096078771625731	105.8676061910284574
 921.000000	8.0261309780137875	113.8127669916784299
 922.000000	7.7103901141714246	76.1230351504619875
 923.000000	8.8733836423168793	131.9989807491676856
 924.000000	8.7154629171509139	130.2568112558337248
 925.000000	8.7376087081261531	101.2438409537828363
 926.000000	7.7426654845494607	94.6887938378564513
 927.000000	6.6562472500017202	113.2096888722107195
 928.000000	10.7431409602925854	120.4831329105566624
 929.000000	8.8803023838817055	125.3773230269554517
 930.000000	9.7963098441066201	90.7622452418826384
 931.000000	8.2116464218192462	118.4326885136886176
 932.000000	7.0740934000221838	73.6124866389437074
 933.000000	9.6113783467578973	111.1588432251083418
 934.000000	8.8515106959072654	96.6377423809336591
 935.000000	9.2519194003785508	98.4326924313399871
 936.000000	12.2055361180032076	117.3640733628092079
 937.000000	11.4356379570384785	136.4804881870484508
 938.000000	9.7368514338988543	134.4070437737998702
 939.000000	8.5838108462123248	118.2267966585497163
 940.000000	10.5124091778742841	125.1781330463250015
 941.000000	10.7493504196245322	126.0815838022855928
 942.000000	10.3654698927981190	97.9512047850936938
 943.000000	10.2882131451009755	108.1137059532969289
 944.000000	8.9947499468417469	115.0796943018314096
 945.000000	10.1922090215133547	120.8867511389431542
 946.000000	9.3475013945409646	91.5217446513451591
 947.000000	7.6366904618737887	114.9595904772789936
 948.000000	10.4186058130485755	110.0385738076803364
 949.000000	9.7362529890881166	136.5023563285772070
 950.000000	9.5358145543650412	106.2336998568340505
 951.000000	10.2761271428021477	73.1241330889937444
 952.000000	9.6963151346698044	136.6564487858356074
 953.000000	8.4036382301444075	108.0716070282556132
 954.000000	10.0506345595027451	126.6872001739077689
 955.000000	9.5647990924842539	98.6712720261573111
 956.000000	10.2040541203403805	120.0079263934223235
 957.000000	10.6992862542208531	130.0625207984553811
 958.000000	9.6788938361500758	114.5979480772473522
 959.000000	9.7120515530834020	120.4490377438273896
 960.000000	9.5741076337993452	101.7036016527553244
 961.000000	11.9555756070093668	133.5208363816792598
 962.000000	10.7246739844372065	101.8168895790397812
 963.000000	9.2977780089374455	123.4918775924514591
 964.000000	10.2427997949781915	113.3851674535859928
 965.000000	10.4209420465110707	88.5448121721572221
 966.000000	8.8026665936565163	91.3996987568984025
 967.000000	11.4816082193219877	60.4173151064358080
 968.000000	13.4520663745323894	81.5990281710092091
 969.000000	11.3644281487206662	114.0450668857854595
 970.000000	12.5569738272456171	133.2806203819747850
 971.000000	11.5012067187173859	119.7847309877001720
 972.000000	10.8676418477509742	113.6561958688673428
 973.000000	10.8355534264499678	105.3635817816644220
 974.000000	8.7851161218146387	99.1399273338018503
 975.000000	9.6754543724578852	131.3723774994021767
 976.000000	10.0559451177779611	116.7147491986924592
 977.000000	11.8958476393763899	88.8575433477738557
 978.000000	8.5085876569804331	91.8708722821764070
 979.000000	10.4492509473157060	139.0854946876466443
 980.000000	10.3513157661473727	79.1025584998422175
 981.000000	8.6944484377189415	140.9261539502608969
 982.000000	9.8664373767382934	94.8064377715963360
 983.000000	10.7910251754643571	122.5544759353222162
 984.000000	8.9509649746822877	98.5411413722328433
 985.000000	11.5487124578093674	120.1693654996156653
 986.000000	9.9395175039951464	121.3696080036407920
 987.000000	10.4562458469610320	130.3917250278342408
 988.000000	10.0975325884900098	109.0002198556573063
 989.000000	17.9317643946882264	166.7077212380769708
 990.000000	9.7703956539274266	116.4910734341553109
 991.000000	10.9240318076444360	117.9769029269944980
 992.000000	9.9707302630826184	125.5689266935767989
 993.000000	10.3268683997511310	138.2903700657277568
 994.000000	10.5808768489473373	138.0227846374467902
 995.000000	10.5531440851903664	151.3795384167302132
 996.000000	10.1398398831946892	126.9467287897916208
 997.000000	11.1252601711795922	141.7257914121472027
 998.000000	11.2083845531356818	142.4806220803131112
 999.000000	11.6991549750634523	130.1614809515091906
 1000.000000	11.1702320276714140	121.2063443663020621
 1001.000000	10.4796156341967173	136.6263835449921658
 1002.000000	10.9086931444305293	156.8769227539653457
 1003.000000	11.6527971399881842	147.1855340839326232
 1004.000000	10.2374150939458737	153.2877880144475000
 1005.000000	10.9792379218132794	144.9957006179265591
 1006.000000	11.9252320081397478	140.9773829483635836
 1007.000000	11.4341914706123031	147.4827438960054451
 1008.000000	10.6399659312356576	142.0476646009097124
 1009.000000	10.0841121929076643	117.9830052365481379
 1010.000000	11.0539838477116259	136.8670522650802752
 1011.000000	11.5375618105281372	139.6299957049427292
 1012.000000	10.8616223648757000	139.4393588564569200
 1013.000000	10.7019300741159107	118.6774627075795792
 1014.000000	11.0508233552334580	148.2343507262814626
 1015.000000	10.5577799350419497	128.5262359199677462
 1016.000000	10.7140264962625054	114.6654656274230604
 1017.000000	9.5371496821759241	85.0578028398248591
 1018.000000	11.0348568669745557	68.0496997471136496
 1019.000000	9.1958370787290384	112.3540547127752234
 1020.000000	9.1165394574642615	81.4357303466756122
 1021.000000	8.4749053297707455	100.4653846166447551
 1022.000000	10.3543635722101133	134.7358354810558865
 1023.000000	10.6963163963304559	107.8094220678166266
 1024.000000	11.0170613467302978	160.3291398653101680
 1025.000000	11.1236437947778555	114.8960103558408008
 1026.000000	8.4493348388656155	120.8581031064641707
 1027.000000	11.8317209286632838	146.2889948872373793
 1028.000000	9.6246140243198415	105.1679736106536041
 1029.000000	11.0186357568233060	112.2209440738337776
 1030.000000	12.0981803368038943	138.1476683967624979
 1031.000000	9.5857032215738371	112.5838053987400968
 1032.000000	10.4321595377695395	128.4980293566408420
 1033.000000	10.7530555585946441	98.5911511119272035
 1034.000000	8.7582040523931095	80.1938621994315781
 1035.000000	6.7034434712907096	92.1141908840871650
 1036.000000	10.0380678925747855	113.7188130550816680
 1037.000000	9.4373847873716628	103.5442186314802200
 1038.000000	10.1777031848766146	122.3624879845675366
 1039.000000	10.1685429212843097	121.5274712060320468
 1040.000000	10.3232132556730285	133.9405462256854662
 1041.000000	9.8937058471073485	141.1835509418166339
 1042.000000	10.7614937349091502	120.1709213909467593
 1043.000000	10.6087405374882149	119.8924766299764002
 1044.000000	10.5191829424840328	112.6186682471165312
 1045.000000	10.1325866658624246	127.4769274876676803
 1046.000000	9.9628745288461911	109.8944530886785458
 1047.000000	10.2932260642659053	143.0276603800913335
 1048.000000	10.0221501767393271	119.8813917883600624
 1049.000000	10.1941962445525736	143.3370471818643921
 1050.000000	9.7741939822776676	119.0920371054044722
 1051.000000	9.6930971971909212	120.9297779387358389
 1052.000000	9.6659367761800024	108.9047060319006590
 1053.000000	10.1800662150310277	123.7404185602084112
 1054.000000	10.2760286927856637	121.2407191366264101
 1055.000000	10.3480684606328524	110.9728734982010963
 1056.000000	10.0547926642714156	123.7784122285631838
 1057.000000	10.2011646285578159	140.2207934519436208
 1058.000000	10.0176863568606436	128.9057118118395806
 1059.000000	9.9592430897605553	103.6745221995847146
 1060.000000	9.8530843812314437	119.5360858315746384
 1061.000000	9.8502405430889297	117.9893445378766472
 1062.000000	9.6891088406061137	112.4986545761037888
 1063.000000	9.8243547157822189	136.6312018294399309
 1064.000000	10.6394569660421308	99.4670932277168447
 1065.000000	10.4353716967993986	119.0870783654151239
 1066.000000	9.7622782743154080	123.6127004648063377
 1067.000000	10.5189494412947173	144.1629377207712537
 1068.000000	10.6602922352911271	136.9803940877746413
 1069.000000	10.1909888724117810	137.7874931590704932
 1070.000000	11.1480665346288745	143.6355138027665816
 1071.000000	10.5548402059292279	141.5952562475679883
 1072.000000	10.0795458546734586	140.1934090939782891
 1073.000000	11.0210958728602417	131.2677385042601372
 1074.000000	10.8865470481932523	110.4679459872539411
 1075.000000	11.0275165212585975	131.9444306597355023
 1076.000000	10.1736971900205155	129.2173479893907313
 1077.000000	11.1077064526756786	141.0719732366457038
 1078.000000	10.5076181787494445	147.1507552178742344
 1079.000000	10.4596680546212752	105.7267408592544200
 1080.000000	11.6601956034337064	132.1651474308860941
 1081.000000	10.7755251548644768	141.3581085673289977
 1082.000000	11.0213334045625189	118.1573603147240590
 1083.000000	11.0655111417979555	118.2321566298384141
 1084.000000	10.7537501486238991	126.0901862200776975
 1085.000000	11.0096834220702853	134.6097670324812157
 1086.000000	11.3463078859225970	130.9026513161871321
 1087.000000	11.7769936696800777	151.4809799623820084
 1088.000000	10.6513304832797608	137.7919691575814909
 1089.000000	11.7603252041288666	129.6064589192067444
 1090.000000	11.6527331152128877	141.3385363313966252
 1091.000000	10.7884489116559088	131.1098009065618726
 1092.000000	10.9324049605815219	150.8316452266386136
 1093.000000	10.7068779732463355	133.8483500799020476
 1094.000000	7.0921486762040100	116.6743053215665498
 1095.000000	7.7860532294740334	93.4039408535160902
 1096.000000	7.4564319546944908	109.4568286552790113
 1097.000000	9.0946606769795366	112.8926598839366449
 1098.000000	7.2779627162878118	105.5073911809050173
 1099.000000	10.0899875036892954	134.0222712047491029
 1100.000000	7.2211452988341653	105.6113966054670215
 1101.000000	8.8723822351720489	111.8266125939226896
 1102.000000	11.0924083804791138	134.9599526243859486
 1103.000000	11.3442392225342754	150.5913928786470137
 1104.000000	11.1557188626502448	153.8024547134925513
 1105.000000	10.8396652295629661	151.4380220420554792
 1106.000000	11.2930677760966969	117.6164471786080981
 1107.000000	10.7280137501677704	125.6864731067702365
 1108.000000	11.8305565662594390	157.3672790570965390
 1109.000000	11.0601935752064975	138.0777755301328966
 1110.000000	11.1945986498364558	132.7341027294570779
 1111.000000	10.8429474725051467	135.3628823316902015
 1112.000000	11.5224173627654984	150.3557799405807600
 1113.000000	10.5572122322913735	150.7466494395146981
 1114.000000	8.6400714970084493	117.7321376217405771
 1115.000000	8.3237987960438282	132.1568284339807064
 1116.000000	9.0981742587485108	92.1246917014102564
 1117.000000	9.6793125547844472	102.5929734890254537
 1118.000000	11.2141138318724352	149.2315490704072261
 1119.000000	9.0527648093298207	103.4199281091426741
 1120.000000	10.1546110796925735	121.0171430880274386
 1121.000000	7.6593174678729774	120.4742814016535846
 1122.000000	7.1478056076653429	94.3075640024093644
 1123.000000	7.5334885050815386	102.5072635041764073
 1124.000000	7.9261010663928575	120.0139637917728521
 1125.000000	10.0720931571574219	121.7326596184459362
 1126.000000	9.1729773325714827	94.7752581025364691
 1127.000000	8.5744170907849959	116.9867946388032749
 1128.000000	9.7024903567380125	124.0005533414324930
 1129.000000	7.9688502605670930	95.2655182448142170
 1130.000000	8.2863830123440589	109.3855363106059713
 1131.000000	6.5309436485210224	105.9471789986822756
 1132.000000	9.7941461916508139	139.3434157074275390
 1133.000000	9.5550339051461783	103.3426521095403814
 1134.000000	9.2430866609873519	128.9204346898223150
 1135.000000	11.2268544338038598	138.7287409055914225
 1136.000000	10.2970254045132865	125.4806689690470023
 1137.000000	10.1261391103771423	112.7628613261138923
 1138.000000	10.0720455798658808	114.3187011528119115
 1139.000000	9.1487524201624364	91.1906183174268676
 1140.000000	11.0438784101801328	122.1735055917440178
 1141.000000	9.7866825933241675	72.8203839958150354
 1142.000000	7.9406777312169190	87.8812903011025242
 1143.000000	10.4446397061071856	110.2242910714819857
 1144.000000	9.0687673009229464	44.4227938271624225
 1145.000000	8.6465134767513803	87.3487747659343654
 1146.000000	9.1953517090391159	95.8664261536370361
 1147.000000	9.1469559349694265	91.5010857762953975
 1148.000000	7.6015249368804891	74.6968676141396486
 1149.000000	7.6371460541716827	62.6895310597290774
 1150.000000	9.3156344803961826	80.7560480173181645
 1151.000000	9.1903414078414247	91.1566488697871193
 1152.000000	8.7243744148144149	61.8128420980653175
 1153.000000	7.9339761005722469	70.6336588092410551
 1154.000000	7.0152742580487715	39.8723842999625901
 1155.000000	6.5255699014820268	115.9666393559347313
 1156.000000	6.7922354137042902	58.0738698358641017
 1157.000000	9.7349463854691205	136.6554888016336804
 1158.000000	11.0588872262674478	134.0093772639907570
 1159.000000	10.7780347696616801	151.7971228567325284
 1160.000000	9.5137367670262147	130.6500175058328637
 1161.000000	8.9047017517486733	139.5116851983999595
 1162.000000	8.3514255546577747	134.0865116967627273
 1163.000000	10.4761418871839105	140.4811807062408491
 1164.000000	10.4120019904239225	143.7450118249441573
 1165.000000	11.0445878953401131	131.8795425611137375
 1166.000000	10.5213175479376613	143.6280106093955737
 1167.000000	10.0489780815330594	133.3175693282606460
 1168.000000	8.9783105870908546	145.4514392875504427
 1169.000000	10.6800344858925449	136.0561670018616951
 1170.000000	11.6463639032656960	125.0125189155541108
 1171.000000	9.2655271772855166	145.0195777528709868
 1172.000000	10.9461473679953496	147.9759138915814276
 1173.000000	10.8954601117199577	131.3348301760882748
 1174.000000	11.1554803689708670	124.3310304484313349
 1175.000000	9.8173067125495823	91.5298525459956807
 1176.000000	9.4647799618460589	109.9272701464417565
 1177.000000	8.5484832486526070	116.3168420828128831
 1178.000000	10.0679250007321421	95.2631581110767911
 1179.000000	10.4220099544717293	112.5130583901578660
 1180.000000	9.4665751777431844	97.1721096484366171
 1181.000000	9.8956865008515074	108.9239734123472232
 1182.000000	10.9784699951746525	135.8083595708944245
 1183.000000	9.5036082562658546	124.9457729418530221
 1184.000000	10.4646479841922275	96.7551539311214270
 1185.000000	10.0849354160202616	85.9655100025172487
 1186.000000	10.7536954887395755	64.3014707598879482
 1187.000000	9.7158443871197857	51.6635207115136268
 1188.000000	11.4564934716289049	67.0671050769565653
 1189.000000	11.2875602794593970	46.3209863835034241
 1190.000000	9.9946215009336044	65.1358456453573922
 1191.000000	10.9582970128127144	66.0909835847628528
 1192.000000	10.1127575644053564	97.7368095837038453
 1193.000000	8.8612336947177841	56.2085715281474307
 1194.000000	11.8620832571267361	114.4144814176391094
 1195.000000	8.4207169730238824	111.5727120335190392
 1196.000000	10.4740083768848944	119.6033902059454164
 1197.000000	7.9759447159586054	108.9559374753054612
 1198.000000	7.9106447865327514	94.4135396729677723
 1199.000000	9.0509451399440337	138.8965990605903471
 1200.000000	9.6042482878755884	117.8051978648705074
 1201.000000	9.7025650887636505	135.9091348524478917
 1202.000000	9.3509634472828829	122.5284085354604713
 1203.000000	9.4764171240918635	107.4404080678035456
 1204.000000	8.3116914514849984	141.6117909081059452
 1205.000000	10.6555405238340537	138.8287991348018409
 1206.000000	9.2375398802549551	92.2459558015094103
 1207.000000	10.6643460793420797	91.1223139525056212
 1208.000000	9.9014761789264725	95.0117039562239256
 1209.000000	11.8299728471642496	48.3709472688649385
 1210.000000	13.2801629325344095	83.2879678876212779
 1211.000000	11.4760632234021376	53.0345389680853714
 1212.000000	9.6401289426217840	58.8960729257563003
 1213.000000	13.6381986878615677	103.2927618289439522
 1214.000000	12.7992852776582744	85.5533234118746009
 1215.000000	14.5152641701416290	94.0700861235618788
 1216.000000	10.1036109998290407	65.3563432625647067
 1217.000000	12.7069595418175556	77.2896318871598140
 1218.000000	11.4067934718615476	82.9095410937932087
 1219.000000	11.5124192296977590	45.2243271180662418
 1220.000000	12.0171008422883503	127.5051859871224167
 1221.000000	8.6394067265151602	90.3481067216550287
 1222.000000	8.8589499346514220	71.0678715337602114
 1223.000000	9.7535430809361845	107.8416789974784962
 1224.000000	10.0961643556055094	139.2617880142614695
 1225.000000	11.5548854585955478	79.4948535616095882
 1226.000000	10.8940480989806243	52.7343525066055037
 1227.000000	13.1311603089394886	67.1678253124508871
 1228.000000	12.2760133140025314	74.4790278426692112
 1229.000000	12.4147777427371953	118.6194975764625497
 1230.000000	12.1582531557965172	87.1036204368012221
 1231.000000	8.2437058603725326	89.5985406351998819
 1232.000000	11.9352787745444378	106.9276437720755553
 1233.000000	11.9643261910000227	101.7555959890886328
 1234.000000	11.2946253515038908	85.1339949975164245
 1235.000000	11.7656753505504579	123.7669901291471319
 1236.000000	10.1297842025964258	114.7729121284836964
 1237.000000	8.7998879921757123	88.3400755214803155
 1238.000000	6.8615290218608580	121.5471603110560608
 1239.000000	10.2019209730613873	111.3841111937966986
 1240.000000	9.8484074407626601	79.3489528577815832
 1241.000000	5.6565297571002997	117.5097954939291469
 1242.000000	8.8590285474590900	83.7094338640940236
 1243.000000	9.4287761831392469	139.1615323728674127
 1244.000000	9.7498233942666968	97.7163010046735678
 1245.000000	9.7235313689025613	108.1562346962672905
 1246.000000	12.6136855419278220	123.7926558133424066
 1247.000000	11.6325629274776503	124.8316127407635321
 1248.000000	8.8346470635517100	116.7985441958673789
 1249.000000	10.7721531663939540	124.6889018312416937
 1250.000000	8.5744432353647717	130.2134063381142255
 1251.000000	11.3254323001959634	122.4892140090684336
 1252.000000	11.1216629291291209	130.8802262877631790
 1253.000000	10.9753072987689375	144.1810670812360513
 1254.000000	12.2322038463019105	88.9507823917491578
 1255.000000	10.0307483161053028	107.1234728434425989
 1256.000000	12.7395301857950454	111.9018899194199577
 1257.000000	11.9856151598497718	99.2651318536227905
 1258.000000	6.3723907293819249	73.5203736866296538
 1259.000000	5.9227495051732939	117.6827598525223380
 1260.000000	9.6846595568991525	45.6006730158064784
 1261.000000	11.0493636694426218	67.2627675281356687
 1262.000000	14.5104164737191610	89.1901433504674657
 1263.000000	13.7172045914573868	65.1582115287692716
 1264.000000	9.6548587166115816	70.7948730216691189
 1265.000000	10.8379628164962991	69.7001465583916371
 1266.000000	13.5630674707854268	112.3176276705861625
 1267.000000	17.0138345495094647	116.8053159536935652
 1268.000000	12.4766518856162545	61.9059698760129322
 1269.000000	10.3159657965217608	62.4333217527230318
 1270.000000	8.9980927509537079	103.4676396294676124
 1271.000000	9.9917118250610635	96.4183669781700274
 1272.000000	9.3784269228761410	105.6257243816847478
 1273.000000	11.3486502362184787	105.6796041686260992
 1274.000000	9.0908956556202156	117.2722443811553887
 1275.000000	9.5117152722848211	132.5170806271395634
 1276.000000	9.3807287381621709	148.0875934864944270
 1277.000000	10.7354832313461639	122.1774030298411446
 1278.000000	12.2165374893066723	117.2715311869241930
 1279.000000	9.9125924101946570	108.9004441240494572
 1280.000000	9.9986505408473629	98.7841149475589759
 1281.000000	9.7563468869440566	72.1233171028808471
 1282.000000	7.0404240238272164	60.9611700687461848
 1283.000000	9.8271570848408309	82.9197662335018748
 1284.000000	9.5270236577203775	82.9437150437638024
 1285.000000	10.3095333990676572	65.2062758653948009
 1286.000000	9.4203835659155892	89.6109588539725479
 1287.000000	7.1615166037699325	66.3705756367332071
 1288.000000	11.8295449605266985	96.1379444807344186
 1289.000000	8.6856117044881334	92.4647964300497023
 1290.000000	9.8174989494416085	84.6817366776753317
 1291.000000	10.0870015120386203	60.3785300245223340
 1292.000000	9.9457142297694894	77.7808566506596151
 1293.000000	8.9415001556620783	71.2984837027870952
 1294.000000	9.7138176021603968	84.4179512443562743
 1295.000000	10.2265519666083691	106.6854208849855041
 1296.000000	10.4249608711433872	83.2181034175179946
 1297.000000	9.6069142593235579	84.8268690519623476
 1298.000000	11.2219689780922476	75.1121682495476790
 1299.000000	6.9870514898291729	33.5796828601431514
 1300.000000	10.1967298810064868	51.0764785153881746
 1301.000000	10.1676819486954138	111.4326482353778545
 1302.000000	7.5370658993998179	99.9143775484798482
 1303.000000	9.1145017269856172	161.3288136957868346
 1304.000000	7.0124698145058098	101.7561057632583186
 1305.000000	8.0631821923899469	126.8620465526451540
 1306.000000	8.5950053526374539	135.5313108932110424
 1307.000000	10.3222157231701210	118.5850175675389266
 1308.000000	8.7806974610353468	115.7517549986554286
 1309.000000	12.0338559209558866	126.6239699210371015
 1310.000000	11.6145429973124408	136.2281370287257971
 1311.000000	11.3676972905148261	126.8336468360187297
 1312.000000	10.9626101183918436	123.5465013505785805
 1313.000000	11.3750164774211928	107.9917477431910697
 1314.000000	10.9034774192110184	131.0930576018476188
 1315.000000	10.9931425277518215	124.5178881704045324
 1316.000000	11.4668275807293707	118.7704586440554380
 1317.000000	11.4683672044173495	142.4954715940226038
 1318.000000	10.5735389350871216	121.0980265958383768
 1319.000000	11.3475702006361274	148.0915743284422490
 1320.000000	10.3039406580933388	127.5706819409344632
 1321.000000	10.8025432824493208	111.9294719342133675
 1322.000000	10.6966505433322219	134.6526380390311317
 1323.000000	10.6083074314027535	141.4620822106616345
 1324.000000	11.4362104532594930	137.8369551041536170
 1325.000000	11.1146066449462673	156.8635915076842196
 1326.000000	10.6237313418742971	153.2798520580448667
 1327.000000	10.5562326432052913	136.2155356416521386
 1328.000000	11.3842938465615529	131.9675300391955659
 1329.000000	11.4869740267861005	131.5297907340708434
 1330.000000	10.3089821461993321	135.8535128404535897
 1331.000000	11.1261661347165504	141.8714856837130469
 1332.000000	10.7301871737616228	152.5603272694744419
 1333.000000	10.6665748538396770	120.8955151702040212
 1334.000000	11.6772958396639019	147.4232469931308458
 1335.000000	10.7865542949624871	128.8402154220256079
 1336.000000	10.5709259056894105	130.6321953378683247
 1337.000000	10.4928947428703800	125.5826848988967299
 1338.000000	10.2886327887090605	124.7968989257913108
 1339.000000	10.9297453445797910	144.9283306884541958
 1340.000000	10.8909865454261716	125.5721111056978430
 1341.000000	11.1594251755896980	143.3957468321610520
 1342.000000	11.4884601082436486	115.6595492155429383
 1343.000000	11.5109378611427058	146.1897019137115876
 1344.000000	11.1083336970655306	134.4771144868168733
 1345.000000	10.9410906447519150	153.8725264258329162
 1346.000000	10.9707096282694128	128.9394023568426064
 1347.000000	10.8115582145136013	138.9740114963750841
 1348.000000	10.2250001289144841	142.7833033001980425
 1349.000000	10.6845130686179708	131.2337682245681663
 1350.000000	11.0662608010103387	138.1755904882427330
 1351.000000	11.3000348031313074	119.9428192801527757
 1352.000000	11.5512026634616607	146.9508149652301938
 1353.000000	9.8960387562155887	122.9455322542156921
 1354.000000	10.1776752923792149	124.6036104274278671
 1355.000000	10.0753038744715901	101.2758603402473483
 1356.000000	7.1991415446728118	109.9180857206234805
 1357.000000	9.1999665657545702	112.7933195015445165
 1358.000000	10.4934836133067240	117.5418394551973620
 1359.000000	7.6090638641066963	110.7538050460685213
 1360.000000	9.2673167304418271	80.3307793357191997
 1361.000000	8.0174799922490525	107.6815462015827478
 1362.000000	10.4973248983588352	123.0968086038109277
 1363.000000	9.1015305178517423	104.0518051630132277
 1364.000000	8.6926809870528903	140.2265453642971522
 1365.000000	11.2907316682011878	141.3412043712130526
 1366.000000	10.9588646957248255	139.9999729916283968
 1367.000000	9.6657531641630037	87.0244095816337904
 1368.000000	9.7913073671230748	123.2636190723528387
 1369.000000	8.9898406064786442	101.7773205782509507
 1370.000000	11.1613755289994838	109.5050806128533907
 1371.000000	9.5276917576384186	114.2986879978380301
 1372.000000	9.5506333312651410	95.6250852133503031
 1373.000000	10.3721907676030689	120.0241021972246216
 1374.000000	8.7880691822145138	84.1179998565457083
 1375.000000	8.1187117824953159	138.2620952606476408
 1376.000000	9.7005901136898913	115.1562605337716576
 1377.000000	8.7663428083143291	96.2279783614558397
 1378.000000	8.8671521394066968	71.2993346838190263
 1379.000000	9.2997615533493470	106.9472567925236035
 1380.000000	8.5638775055541121	73.1045223231355834
 1381.000000	10.2130287580075123	120.3283581971665797
 1382.000000	10.0032407163341492	125.3920355871138099
 1383.000000	10.1974748833666791	133.0372039595361855
 1384.000000	6.9307736232691708	90.4232647034421859
 1385.000000	10.9270984139802145	92.4441877411269815
 1386.000000	10.9000350719796213	118.8866487055562970
 1387.000000	8.3048628161599609	90.4951582596643931
 1388.000000	7.0169455298370300	60.6031599137644719
 1389.000000	9.8691892306655635	77.1359806890019684
 1390.000000	7.9283733444069311	67.4442390128377411
 1391.000000	9.4473459549746970	78.4994371714866759
 1392.000000	8.1933225649686605	135.4036506214500264
 1393.000000	8.7465003118531524	95.7459885755002489
 1394.000000	7.4799469284167026	124.7680478503787782
 1395.000000	7.2342576140573387	110.1612723873022759
 1396.000000	8.8976529383819489	100.1652882308218722
 1397.000000	11.1353938590040169	119.4634421453392719
 1398.000000	10.6580614733031211	137.0193894280232598
 1399.000000	10.5568793049975955	129.6383186462630874
 1400.000000	11.1230616352814611	117.2382632251359809
 1401.000000	10.2526046967243119	123.4369473856673380
 1402.000000	11.0803138522068725	119.9619101783433166
 1403.000000	11.3360112303887384	135.6570350292258240
 1404.000000	10.4499285997002467	158.5759819234534120
 1405.000000	10.6089777934245415	139.7727809294273413
 1406.000000	11.1729741528341808	136.6979849981543964
 1407.000000	10.4615098102827400	138.7441036715841562
 1408.000000	10.4908598794978314	111.6182852077789249
 1409.000000	10.3141920885317369	123.0793928622959754
 1410.000000	11.1295673552564853	144.2311333893482299
 1411.000000	10.4310839092903755	147.3406822004571382
 1412.000000	9.5450152612563581	142.6477314564982066
 1413.000000	10.5143874174115162	142.9341194715030099
 1414.000000	10.8460245714222641	137.3493728870575410
 1415.000000	11.1920722772803316	131.4796176582127885
 1416.000000	11.3129395182557868	143.2567807137301656
 1417.000000	10.7345149820591139	146.2161845840031731
 1418.000000	11.5852001229701820	131.5369519161113487
 1419.000000	11.3340897468410873	143.0125443054082552
 1420.000000	11.2375666752201617	139.6530844599369914
 1421.000000	10.5806488881729130	156.5173819664106247
 1422.000000	10.4536051586565204	146.1231913191548699
 1423.000000	10.6318709222388517	129.2023288058492767
 1424.000000	10.5413331235133150	147.0988361092094010
 1425.000000	10.9840046171615118	139.7370429739484052
 1426.000000	11.4525667766950221	147.6300505930333316
 1427.000000	10.4412732807620667	145.2956330021911526
 1428.000000	11.2427035751870310	153.6942989769700034
 1429.000000	10.8558160709919225	139.9984487107501536
 1430.000000	10.4268903749643371	147.1198839948344244
 1431.000000	10.2044014981353968	153.9026441079441554
 1432.000000	10.3031150438300703	144.4261163447037006
 1433.000000	10.7106494136274293	129.9166233026110149
 1434.000000	10.7297574056849179	132.4506052728397378
 1435.000000	10.7990117122570339	126.5671968666281941
 1436.000000	10.8894729285549356	137.4629656949244634
 1437.000000	10.6461470005931247	135.6212654273034843
 1438.000000	11.6181088694607695	150.4977539761069636
 1439.000000	10.4341143579572879	125.0742617304972697
 1440.000000	9.7990335154761290	107.6036481570123726
 1441.000000	9.7243800691877560	126.6965227697666307
 1442.000000	9.1673828376006004	109.8532455721520904
 1443.000000	13.0434259035238593	139.4183124361583168
 1444.000000	10.7719547222657539	94.7041458205436442
 1445.000000	11.0072521220506143	130.1607477152718957
 1446.000000	9.0134605814082427	77.2530382382849581
 1447.000000	5.3360213230762952	89.0813277004707658
 1448.000000	7.5877887766383161	170.4171737371187589
 1449.000000	7.1572041456614093	107.5867589450638064
 1450.000000	8.1101933450114654	78.0497434307339546
 1451.000000	7.4295727710217685	69.8469647661618893
 1452.000000	9.4480580713003057	43.0406745131730588
 1453.000000	6.5841081778509478	82.8577488466084873
 1454.000000	8.5551775941781401	138.8160896519132734
 1455.000000	9.6975552536935332	50.9478577841030074
 1456.000000	8.9955329162259954	168.8796136035438167
 1457.000000	9.3134252081453539	96.8905526930872156
 1458.000000	10.4899762695420566	116.6891624022058096
 1459.000000	7.4723652237512317	137.8903582016969835
 1460.000000	9.4999324268767271	103.8730117238772976
 1461.000000	12.2842760858444500	142.1479853874619721
 1462.000000	11.7108352828449007	133.0893706319570242
 1463.000000	9.4320465576312635	143.2332974396437635
 1464.000000	11.8477226209748974	146.7953633007637677
 1465.000000	10.4116738195344851	152.4116509432278406
 1466.000000	10.5332430402376929	135.8687295479547856
 1467.000000	11.0478581775937688	135.1728924936371072
 1468.000000	10.8154756171207769	149.3555556776285016
 1469.000000	10.8546066503098100	161.1638781884400657
 1470.000000	9.8094798986003990	143.8289335783542526
 1471.000000	10.4369440962369051	131.3825534927607066
 1472.000000	10.9383371430968417	133.9240518985529036
 1473.000000	10.7970052533244640	159.8652998879317977
 1474.000000	10.5764859368313395	133.1268903431542583
 1475.000000	10.8657524803125121	132.7425731201304870
 1476.000000	9.9884648968555272	139.3142747156292387
 1477.000000	11.1431519903010496	146.1948731755212521
 1478.000000	10.3764805443272259	134.8885976250504939
 1479.000000	11.5147361727165443	156.7266774492223078
 1480.000000	10.9680423458132630	160.9314375148616136
 1481.000000	11.0671761306320651	137.7301416210746083
 1482.000000	10.8108661899326126	134.7992958154621022
 1483.000000	11.4871048176572597	156.4701295966308976
 1484.000000	11.2359641730009265	124.6298637332343731
 1485.000000	11.2982399544451582	150.1340012760396121
 1486.000000	11.7026072054114962	116.8688513552903885
 1487.000000	10.9184920450342737	134.7506120883022049
 1488.000000	11.0390355614488076	120.8648332948648090
 1489.000000	11.5613150593260254	156.1391511134766290
 1490.000000	10.6056740562151468	117.1497365827979991
 1491.000000	10.9783233034138892	120.2615013549133778
 1492.000000	11.0391938392576403	138.6864222205180113
 1493.000000	9.5251925745897221	108.0270510541760558
 1494.000000	9.6668168469408968	99.2781496747340242
 1495.000000	11.4083511456600686	91.1447029937443602
 1496.000000	9.3129094900446354	59.4418911899085458
 1497.000000	5.0587731183194986	38.4095383709887130
 1498.000000	7.2330719620120654	43.7756098488565897
 1499.000000	8.2916793869626897	68.3493226411554957
