 0.000000	6.0398532080784655	124.1189181667973287
 1.000000	5.8813613261635131	120.4078868903952753
 2.000000	6.4678061654553511	139.1876845651528640
 3.000000	5.5441897291990410	116.1678440778298267
 4.000000	6.5166862670163574	61.0494590581245831
 5.000000	6.7436256100600502	54.5227009342720379
 6.000000	5.1426773548567644	109.6252327035073080
 7.000000	6.4584694460006791	66.8579329030535803
 8.000000	6.3412790871599789	62.4332034447727722
 9.000000	6.2287991754417407	57.1139165501059836
 10.000000	6.4022862100192190	61.2803326854547947
 11.000000	7.0399145010082904	81.2200327526872172
 12.000000	6.0340266499095065	70.4447318324794196
 13.000000	6.6841482651519009	82.8634529162525126
 14.000000	6.2919555039018285	71.0593610313298001
 15.000000	6.5688607981405731	80.2679785920384887
 16.000000	6.7354798358413790	83.2624987791898405
 17.000000	6.2561144241865936	94.4473067662797661
 18.000000	6.5925266150056450	73.8376426771286560
 19.000000	6.4233917239964633	86.0283610218201886
 20.000000	6.3781085078237636	66.0738493768902231
 21.000000	7.1227184497319982	93.3200744394610098
 22.000000	6.6760608393645349	92.5962905447461111
 23.000000	6.7061574324546793	79.0560666853759670
 24.000000	5.4045810895669817	118.4073857407985884
 25.000000	6.0227217741208738	105.2960000515617196
 26.000000	6.2148186773794638	120.2624346805993412
 27.000000	5.6242977667270155	124.0991420224984552
 28.000000	6.1576158403735075	114.4936381047450595
 29.000000	5.1568089692843921	130.2327585997657025
 30.000000	5.7628861050190938	103.7512060594073375
 31.000000	5.1350884425483425	85.2478471522399985
 32.000000	5.7710921641346875	113.8896474824771587
 33.000000	6.3196154884268205	105.6821963273161060
 34.000000	5.8266939382913980	120.6840987403508052
 35.000000	5.5560738254401505	111.7857522476706293
 36.000000	5.1254607950937023	144.9768694090483336
 37.000000	6.1480889785396826	55.1671925638175651
 38.000000	6.3498009163912812	75.8235274331100015
 39.000000	6.2768279216625480	121.2964732208273517
 40.000000	6.7583125153546515	88.4067525714374227
 41.000000	7.5204991896259257	89.6347152077411806
 42.000000	6.6236880959386015	85.9524983187859135
 43.000000	6.4433052672136633	97.6847578869868869
 44.000000	6.1339551840240158	112.4195767236303709
 45.000000	5.9488756359337058	62.5270982198681082
 46.000000	4.8309069380244125	120.3237993790283440
 47.000000	6.3207077269965222	71.5171187664989247
 48.000000	5.8844816722386355	109.0728953485764805
 49.000000	6.6547622542082463	105.8867316056592784
 50.000000	6.6549611893720177	84.1310403381056489
 51.000000	6.8562256336665612	63.0019010607852721
 52.000000	6.7670085933709574	65.5957518768290839
 53.000000	6.2584507079103959	103.8203963117104536
 54.000000	6.5976218837562470	117.1975303337235914
 55.000000	6.5287289383543916	64.3200983769352916
 56.000000	7.0218130018140847	91.0872105081535324
 57.000000	6.3390498994130287	96.1701691498145834
 58.000000	5.8570427745441949	97.5604216593648204
 59.000000	6.1595433189304609	64.8955505618214943
 60.000000	6.4593631395288647	73.6831850635514058
 61.000000	6.4131983610075727	63.5333880551929155
 62.000000	6.3695988899723934	75.9909280565092473
 63.000000	6.8032038312845149	123.6562407006545783
 64.000000	6.6789150083637558	102.7187235314827660
 65.000000	5.9419162475744427	84.8308747815236472
 66.000000	6.7181079254304006	94.4499275281833803
 67.000000	6.8487714601673400	97.0354446948733482
 68.000000	6.3809165885994146	67.8712017488082040
 69.000000	6.6491095456370433	84.5836875720014802
 70.000000	6.3012911025396035	84.0699962826611653
 71.000000	7.0775767698339473	89.2719414277037657
 72.000000	6.1962791622116731	74.6835038569920044
 73.000000	6.5610652098096933	84.7480294615585024
 74.000000	7.2783184576445850	97.4120488329297274
 75.000000	5.5850228228979928	63.6209151101429313
 76.000000	6.2764469949957897	88.0730170405386588
 77.000000	6.2741174356979128	49.7766574038652720
 78.000000	7.1863429565469383	102.0471680843907762
 79.000000	6.2608019840001718	81.5352143881141984
 80.000000	6.8147680265907118	93.4776972034740368
 81.000000	6.2641484497002873	90.7961637199849179
 82.000000	5.7465765669698143	139.9485736834457725
 83.000000	6.8096039148360985	88.5096035686745637
 84.000000	6.7203637154725753	97.7517466087135176
 85.000000	6.8168082728177639	112.9880866010336575
 86.000000	6.9734270561057281	72.9263029502750300
 87.000000	6.1115711232460885	70.8272440762140292
 88.000000	6.4359438099676405	96.6222520440019821
 89.000000	6.9168486957538082	84.2645907287539302
 90.000000	5.2648658508749353	127.0953347938639695
 91.000000	5.9011802043984414	136.6156227766196878
 92.000000	5.5800199423291339	106.7277910280016755
 93.000000	5.8364349688056496	106.5931800458775456
 94.000000	6.2046408675497196	118.7265623380038591
 95.000000	5.8810257149297973	128.3867374277094200
 96.000000	5.2859210295827985	116.8559950819187350
 97.000000	6.0079310271264443	118.2155110815175476
 98.000000	6.3055812930175854	123.5237980105979432
 99.000000	6.3822762672818145	78.6429455235392822
 100.000000	6.3591092432565635	73.2501370756385199
 101.000000	7.2513793718256903	82.5429909869876894
 102.000000	6.3535185036741950	103.2853920478419525
 103.000000	5.7436298712747220	86.8512462797273201
 104.000000	6.9579193243051467	94.8533178569923763
 105.000000	6.5969518592250944	92.5496449412179913
 106.000000	6.5925049297327512	73.6424800209555599
 107.000000	6.5206587887474354	76.8497939264795065
 108.000000	6.9648654461867059	77.0992432994908796
 109.000000	6.4884342277251692	81.2344959775099369
 110.000000	6.6655350897647310	84.8275666317719867
 111.000000	6.1230021045841925	75.9447241959144890
 112.000000	6.7345709394805677	88.6748927326609788
 113.000000	6.7519075519273315	91.4090694082323978
 114.000000	6.4147842555012415	65.2435633295429227
 115.000000	5.1856649901307934	113.5622875513989243
 116.000000	6.1259257889974599	70.4288155884882627
 117.000000	6.6591365130297309	69.8294904954848192
 118.000000	6.6119332010827518	71.3481167996215220
 119.000000	7.1153515662991014	98.1607386932102912
 120.000000	6.4966872342764512	68.3732801698857173
 121.000000	6.3002715333741026	72.5822904881446505
 122.000000	6.2033415793176188	72.7549341801075258
 123.000000	5.8540515056557512	123.8989114058274623
 124.000000	5.4706732315707116	119.1572531231447840
 125.000000	6.6039885597769032	82.0647728911645800
 126.000000	6.3980293158736918	75.1317095744355186
 127.000000	6.9766485482108891	91.5629249844643169
 128.000000	6.3066250073895551	64.8674580934864622
 129.000000	7.1742358126573249	90.7261122967102551
 130.000000	6.5958974369071033	82.7278222060481880
 131.000000	6.6070716279356771	83.1910362622753325
 132.000000	6.7085885195113626	89.5937006479190501
 133.000000	6.6012994334670250	87.3395368552844360
 134.000000	6.6561649660933542	76.7062469256338488
 135.000000	7.4385343824451127	96.4440500114292263
 136.000000	6.6424025177408339	80.6008809745299857
 137.000000	7.1020436294935045	88.8925541457685711
 138.000000	6.2096236093745620	63.2275865841740625
 139.000000	6.7020225317505133	88.3483782309831867
 140.000000	6.6029116900183045	59.4320640874712467
 141.000000	6.5920505907788440	91.6655572329547113
 142.000000	6.2464212035050277	65.4188087716727722
 143.000000	6.2111728015765433	80.3145869134144448
 144.000000	6.6846835048264133	96.1812786953086913
 145.000000	6.6870912434875631	60.8167337250974072
 146.000000	6.4750030343449767	138.6362134303114431
 147.000000	5.6704134153651378	110.2660053748973610
 148.000000	6.6341902151150238	83.3955995538275943
 149.000000	6.5097503981070641	73.4071538770094918
 150.000000	6.4093497848376693	96.2172675583333898
 151.000000	6.5493852668459782	75.7960695606362407
 152.000000	6.6851030886360450	65.6166988569172105
 153.000000	6.6433187173046360	72.5780039982154790
 154.000000	6.3874827547502600	78.3742106242497556
 155.000000	6.7060760853860497	80.3283397272150381
 156.000000	6.9020693478050745	87.5017168787171613
 157.000000	6.5506598977813688	130.2646678799912650
 158.000000	5.6767202514089314	103.6711308549364929
 159.000000	5.9135168812586771	126.6985363017677173
 160.000000	5.7004719332563880	122.2475583160399708
 161.000000	6.5797221528621437	120.0352795405774913
 162.000000	5.8919679713456761	117.9036484123034541
 163.000000	6.1627334641320912	122.4141537571926790
 164.000000	6.5278737221282457	95.0549157605783250
 165.000000	6.3981761886222932	93.0255641912116005
 166.000000	6.3942341849766775	63.9833758280621936
 167.000000	6.4407552865526307	68.3604239763841122
 168.000000	6.4165568384785452	85.0867892214757404
 169.000000	6.6323073293129768	84.8096678572812550
 170.000000	7.0071944236233072	100.7486071553912268
 171.000000	6.5632850281246231	71.6205315517463248
 172.000000	6.4454237243909960	90.3907994127380050
 173.000000	6.8661117033150925	86.3907241919346234
 174.000000	7.3405227755084113	95.1888807025493122
 175.000000	6.3229752952645883	61.7035663314883891
 176.000000	6.4459890175746164	73.7313536734795179
 177.000000	6.3446727083112000	60.0633936135170501
 178.000000	5.6023761025055281	97.4485900264787261
 179.000000	4.8870878884741726	109.6653134895744444
 180.000000	6.6744453081024631	126.9008213181612774
 181.000000	6.2424401403458178	125.9309947659727555
 182.000000	6.0396161991859385	112.8797773469678845
 183.000000	6.1767636890663775	117.0657329507192514
 184.000000	7.3043989011160253	85.5620808572046769
 185.000000	6.2726659801496023	68.7626208851857683
 186.000000	6.9383263557801156	79.4177012276722820
 187.000000	5.8387986207767781	78.9849625708012724
 188.000000	6.4529750244238882	71.7528566434594666
 189.000000	6.6086943243812861	69.6259225600365426
 190.000000	6.5070294623807623	90.9933883332111435
 191.000000	6.5168874574251561	77.6249357081003097
 192.000000	5.6113986659256287	91.3575357522641411
 193.000000	6.8337430840669677	65.1927983413662275
 194.000000	6.9080760959547067	96.0103084202845594
 195.000000	7.0793234377512402	90.5532274817537228
 196.000000	6.3603599062585880	77.9103245672252456
 197.000000	7.0240315464265723	92.9039622424357390
 198.000000	7.3239304434699237	94.1594515149878504
 199.000000	6.5938343294420640	82.5143426321624247
 200.000000	5.9110882433751950	81.6782946763428157
 201.000000	6.7269798440114146	95.8488668133294226
 202.000000	6.3483871568219046	86.2746746882276341
 203.000000	6.9669538753770111	92.6469955969545396
 204.000000	5.9032568802220462	107.4638765416909507
 205.000000	5.7682778176467364	102.0509274208051096
 206.000000	5.8197688113047370	80.5161833945531953
 207.000000	6.9044786898315094	85.4975472514116461
 208.000000	6.6865112084848288	93.6318698475862590
 209.000000	6.7996094482271001	98.6855618216742556
 210.000000	5.4636609855674418	76.3586767523735261
 211.000000	7.0352607056325329	90.0232072917311967
 212.000000	6.6661560238178978	88.4271144201687065
 213.000000	5.9707880668036015	81.9670853652791607
 214.000000	6.2428897818812326	73.0051502162058341
 215.000000	6.7906920227726575	91.5513443950151498
 216.000000	6.3996799890201741	87.7022303644107950
 217.000000	6.6143069319991872	81.8481994186371793
 218.000000	6.9754425620630895	98.8092239864341479
 219.000000	6.8614048621563324	97.2957805446412749
 220.000000	6.3031841451743924	63.8060960988397454
 221.000000	6.8817738926306529	87.0990737117860334
 222.000000	6.9436452953720220	98.5920034205287266
 223.000000	6.6317924452719987	95.8793116327241535
 224.000000	6.7048678347318820	92.1682499144901897
 225.000000	5.6761629538669807	133.2810146743010478
 226.000000	6.0284317545729165	120.3006527486229515
 227.000000	6.0151748012811970	111.2135726236064244
 228.000000	6.3959729886649432	81.0111439661933161
 229.000000	6.5440919783696128	65.9360066306102937
 230.000000	6.2273513736906523	116.4763328804003777
 231.000000	6.6800839725075267	66.3945568382856521
 232.000000	7.1283562401599108	105.6003525314806666
 233.000000	6.7375146816725744	74.7021809054046031
 234.000000	6.7105268374243066	85.3812101091004791
 235.000000	5.9976283226387874	92.2722994932686760
 236.000000	6.7993739686869450	99.6673603573383531
 237.000000	6.5338844882041274	78.7100907045375777
 238.000000	6.3637531690531066	61.2731684317364227
 239.000000	6.8392159582413656	68.8192602509858489
 240.000000	6.4638685009857841	97.3149450009601225
 241.000000	5.9212492253709046	93.7853242661783213
 242.000000	6.9423587590291893	71.8111242138568429
 243.000000	6.5602625106371573	87.1053677370192219
 244.000000	6.2540056318897737	88.0689986353730205
 245.000000	6.3498385351890771	71.8292772023708466
 246.000000	6.2740229006565595	102.4019142900002350
 247.000000	6.8160594190149206	70.7784431582597193
 248.000000	5.5427519234827214	110.6697351656042230
 249.000000	6.0876837011761404	80.1495624469763612
 250.000000	6.6975987215944883	146.5382862548153469
 251.000000	6.2500510517413472	160.8364766808129218
 252.000000	6.5218374026202861	158.1718035246760508
 253.000000	6.8374625178722086	145.6865358589470816
 254.000000	6.4432888609355325	158.6514474439456137
 255.000000	6.5591932526684582	156.4294837679489092
 256.000000	6.5162308038859660	159.8505374275896429
 257.000000	6.6295013029340240	141.2397932708172164
 258.000000	6.2650476464699185	130.8332312880336588
 259.000000	5.8010079590638517	117.5295507479502817
 260.000000	6.4442384208846661	151.0407788367751891
 261.000000	7.2119524240515185	145.0404112273402006
 262.000000	6.6564284952315980	163.4624126408308484
 263.000000	7.0142971528106193	156.1164499287403089
 264.000000	6.6734070975070710	166.8639789303896350
 265.000000	6.2481277444132743	124.0544853288720049
 266.000000	5.9953056188431884	157.8171797078068153
 267.000000	6.8881924275114619	149.7494586581720455
 268.000000	6.2536713828915689	154.0140325422661078
 269.000000	6.8442673846445086	138.9616472903397835
 270.000000	6.3917800715569904	160.8371675887993888
 271.000000	6.4713991158031199	157.8195289428562091
 272.000000	7.1961785888127894	131.6792612803695022
 273.000000	7.0854807616143534	151.0644713889531090
 274.000000	6.5050986260431367	166.1619453090827960
 275.000000	6.6084489104590105	169.9338828952955964
 276.000000	6.6921742259750818	162.1639305635265487
 277.000000	7.1322484286951671	142.0165185894902891
 278.000000	6.5803860104020497	150.0870134014986945
 279.000000	5.3642902773202863	128.7921239912365365
 280.000000	6.7886404851478837	116.4629668747668063
 281.000000	6.4571735875253360	166.1641196259714377
 282.000000	6.3153238750249923	164.3161397318263255
 283.000000	6.5395485243105904	144.9307622095251418
 284.000000	5.7482374980715720	126.0194852098503304
 285.000000	5.4928284346835792	112.2965690211737382
 286.000000	5.3282225393505929	146.3957756784550384
 287.000000	6.2745440957208753	122.3601694307739649
 288.000000	6.7987147984809981	149.6855467229735268
 289.000000	6.4876208008821994	145.1351496959708527
 290.000000	6.1708161830481263	140.6282307535802829
 291.000000	5.8666983998092839	131.5976488084428979
 292.000000	6.2329077453420441	166.5730397385851234
 293.000000	7.3159152063521171	160.3356878561136227
 294.000000	6.0794903133287335	142.0367966361163781
 295.000000	6.6024645861022044	152.4348706332006032
 296.000000	6.3511613902085298	148.9252508974674640
 297.000000	6.8312040710016193	149.3688356958749353
 298.000000	6.5306851391416272	148.5323283760310744
 299.000000	6.3889612498990473	162.5251062119267544
 300.000000	6.7614914333827327	169.0046636771701571
 301.000000	6.7381404839308336	144.1218106571183739
 302.000000	6.4827738449353891	171.8937932797358599
 303.000000	6.3043945553946612	158.0562912961171946
 304.000000	6.6283811066974740	159.1820402214634669
 305.000000	6.3879523412399317	160.9558968861499579
 306.000000	6.3750057966243965	148.4673123553252765
 307.000000	6.2969465394991415	160.9495777872868700
 308.000000	6.7272961852310731	152.1124135259879893
 309.000000	6.5475252522277714	161.6417016245679577
 310.000000	5.9246894003635093	119.9271549548095379
 311.000000	6.3318566986380258	149.8792971614272744
 312.000000	7.4419135137958232	158.1784040857600360
 313.000000	6.7144936257330059	176.1845966889757165
 314.000000	6.1753739434610546	160.4019243271391133
 315.000000	6.6880047671873539	164.0846859540989158
 316.000000	7.0013137753465022	154.7819172169842830
 317.000000	6.7053793569373479	162.1079666813056406
 318.000000	5.5394618843401711	124.4090224991349487
 319.000000	6.5238036047673882	161.9023318130703615
 320.000000	6.7296804931026415	145.7406747699261871
 321.000000	6.2853319197896909	150.4839235659275118
 322.000000	6.4721916651315023	152.1319915013797299
 323.000000	6.3495793801088931	164.4557996739914927
 324.000000	6.4426753748078562	150.1629576972187863
 325.000000	7.0910520755258313	149.8202198219056527
 326.000000	6.4839076728459411	157.6482145777634685
 327.000000	6.3362616734315420	168.7489182352563546
 328.000000	6.5259915499491701	141.2249296283294484
 329.000000	6.4046449844515090	166.8902453109381554
 330.000000	7.1010396399848661	153.3123118675582930
 331.000000	6.5100945130691326	141.1886994737834868
 332.000000	5.8545904238787774	116.7475154568437858
 333.000000	5.4771065179993110	133.6131844019138839
 334.000000	6.8456923726930761	147.9092068510616969
 335.000000	6.5632286656571903	173.8709494831136624
 336.000000	6.5582300908821827	149.2287555669652193
 337.000000	6.9946975262685909	153.0785726430732723
 338.000000	6.7905669624200700	149.7108407172343618
 339.000000	5.8840691518424384	137.5806946251746297
 340.000000	7.0524984477487198	163.6859790921556055
 341.000000	6.6703641778954799	148.5379948663007497
 342.000000	6.5382382158609946	146.8262678106474937
 343.000000	6.7750038451257222	160.6586451982927031
 344.000000	6.5416740960219650	127.3782001898092631
 345.000000	6.6529597907083602	162.3992905818284669
 346.000000	5.4008998851467132	129.1282771420133031
 347.000000	6.9774208794629402	143.3108456466320604
 348.000000	6.5560419903329601	147.9728364213503085
 349.000000	6.8174371702774508	156.9042383173288044
 350.000000	6.4267258152835449	165.5269682617997375
 351.000000	6.8181848070504945	148.3263730169257144
 352.000000	6.5903254584659088	155.3005212840320439
 353.000000	6.4971559887329127	159.7716791047754725
 354.000000	6.7298684968999156	175.1149843806373383
 355.000000	7.0341344754403643	162.7582435715606834
 356.000000	5.8450273254063108	144.9170499274006829
 357.000000	7.6147346056485912	143.4712053199105526
 358.000000	6.7191444924337649	160.9304280537055263
 359.000000	5.5508432983846534	139.0226729375171146
 360.000000	5.7343341292519812	120.3922299504834825
 361.000000	5.1901362317461066	134.9300083385317066
 362.000000	5.2345222872379331	124.5305990719917872
 363.000000	5.3253459004004755	130.2632604294701650
 364.000000	5.2209897797061471	128.9544828532671943
 365.000000	6.3501734278731856	159.7083622868593977
 366.000000	6.0584859623095202	162.4517718542676619
 367.000000	5.8601556266013786	146.4762533033393197
 368.000000	5.9727849000594482	154.2027224304451067
 369.000000	7.1494502472972483	149.6350004143702961
 370.000000	6.6119861034526641	160.3568714477609944
 371.000000	6.1722331652942408	169.0406218467858253
 372.000000	6.4363053007940456	64.9502163436023352
 373.000000	6.6599500889496710	64.8983025250309424
 374.000000	6.4427102020440117	89.9328972641670532
 375.000000	7.1993796383853805	96.4216491016322408
 376.000000	6.5770965528177365	77.1021993378092390
 377.000000	6.9757091000632272	93.3900333095832309
 378.000000	6.2447052732481518	70.9260726370961549
 379.000000	6.2254641150007100	79.1864458587342313
 380.000000	6.4488480676613387	73.9717739948109028
 381.000000	6.0573816271945899	124.4392361640301061
 382.000000	5.9631642370004529	111.6654638165917959
 383.000000	6.5917249131273179	100.4491576598632037
 384.000000	6.7951072116076539	107.5011227962650793
 385.000000	6.1760702381309933	104.3548006151959981
 386.000000	5.1991302581753382	149.7300806667630866
 387.000000	5.2839956539063717	95.0170433680033568
 388.000000	6.5864942736198167	73.7299237818209008
 389.000000	6.7114803545565493	83.5082613361403787
 390.000000	6.1279886001395933	86.5183325258206395
 391.000000	6.1897526260976754	87.9734066514551074
 392.000000	6.2731969517458541	89.1216705374973372
 393.000000	6.5382413586269497	84.2511007914875165
 394.000000	6.7735917312684961	93.3133434448744907
 395.000000	6.8375379831044674	95.5487383597361770
 396.000000	6.6122024504187147	83.2752792483041304
 397.000000	6.6525090078320810	84.0712899698680900
 398.000000	6.2142572709856339	55.7007316537816450
 399.000000	6.1933665904287514	78.6036058004515752
 400.000000	6.9195179099569009	73.4146097636588308
 401.000000	6.4443095034251501	60.1154674450400961
 402.000000	6.4122570951999496	89.0773618120832680
 403.000000	6.8722487551296076	77.4511764816509185
 404.000000	6.5222215597018787	65.3566459662605439
 405.000000	6.2564565674990185	78.9598844249233451
 406.000000	6.6023920052556146	75.1163491921447530
 407.000000	7.0684095204756607	83.2966769647402430
 408.000000	6.3995283331858177	67.1907530394580021
 409.000000	6.3169212284736940	69.6208210067761826
 410.000000	5.8766292669076154	100.4575397342289165
 411.000000	6.6429066433437356	120.9803607750571075
 412.000000	5.5175756314552764	107.5426389784530983
 413.000000	5.0865349173199013	139.3971445571171159
 414.000000	6.8567727881828233	94.4721420418981523
 415.000000	6.5388793791512008	79.4400813217634862
 416.000000	6.0479914005697957	133.0375959044465048
 417.000000	5.7623974630344321	141.8352503202404762
 418.000000	6.5477520329662511	77.6985002191694321
 419.000000	6.6868921928937333	82.3413146152096971
 420.000000	6.7396118338264355	88.1632903863586677
 421.000000	6.7387604064849418	87.0095319677421770
 422.000000	6.4505203988619062	71.2298089816445099
 423.000000	6.5537134575548759	82.0234102896826300
 424.000000	6.6019202493012328	82.8219531428998437
 425.000000	6.9375929592878025	61.8141551533444868
 426.000000	6.3088045563712036	82.4001359488819247
 427.000000	6.9729862527713857	94.2066478710706718
 428.000000	6.3923507065485632	79.2043894402295763
 429.000000	6.9804654114680940	90.4698504679550695
 430.000000	6.6677822355446263	79.9299200321129604
 431.000000	6.0184647706992669	112.0993273104142673
 432.000000	7.1405377681699145	117.0561563393765852
 433.000000	6.6944401519289229	80.9632337656127987
 434.000000	6.6326601663575060	93.2421448679986185
 435.000000	6.4572435256376970	68.4530669744822831
 436.000000	6.4202795450392500	91.4641475110036737
 437.000000	6.3580127935635771	73.7860112832351405
 438.000000	6.7977880755764195	93.6358763430390724
 439.000000	6.2711389205645656	63.4116873444747569
 440.000000	6.5124359366798235	87.4814851324984488
 441.000000	7.2164719406671010	86.9936715319795439
 442.000000	6.4425498080924051	113.2102278493845233
 443.000000	6.0902208099101278	125.1939457626408796
 444.000000	6.2897481650217770	113.2440455374979820
 445.000000	5.8699064368670184	112.0009227951936737
 446.000000	6.6365103422074299	110.1847169538351778
 447.000000	7.2482878517131377	88.7718738723747123
 448.000000	5.5317005156271657	30.6257076358413656
 449.000000	6.5615044471204875	105.2244177846584705
 450.000000	6.1251327784595579	127.5819085257308387
 451.000000	6.4030135526194547	81.2187257294806813
 452.000000	6.4836790630307375	95.4465895495589081
 453.000000	7.3387340650948225	92.1845729652550290
 454.000000	6.2855350546512074	86.9810863194908421
 455.000000	6.7364098012864506	111.0189906768649877
 456.000000	6.4492382501187908	77.3805283015121859
 457.000000	7.0170231718028804	91.8158769107096617
 458.000000	6.5762248426019170	84.8945246792455492
 459.000000	6.9783368178978771	96.9180581162029426
 460.000000	6.3008125623743219	74.4241237996747316
 461.000000	6.4749465430889330	91.5104797654129953
 462.000000	6.5145834707917700	85.3206068359150436
 463.000000	6.6870076774809624	67.7541198342922968
 464.000000	6.5983109056924407	79.5137450057482766
 465.000000	6.3313845003747868	73.0377462874612178
 466.000000	5.5180538835420787	144.0569028645238063
 467.000000	7.0893626048364533	99.3154304714724390
 468.000000	6.4198210959082260	77.4475728054361952
 469.000000	6.3319650442994329	126.0868973753281068
 470.000000	5.6799463927233997	119.2560960694492849
 471.000000	5.3163683603575116	114.9894114512732415
 472.000000	5.0096481689910268	120.1211921602813675
 473.000000	6.4301318265885046	122.8007237909120022
 474.000000	6.7878546343322110	95.0835307795177158
 475.000000	6.7150970398277217	88.1850413662267556
 476.000000	6.5059079358603036	78.6858274670815234
 477.000000	6.7761328250687090	89.1305075218627962
 478.000000	6.8533292325329667	92.4327233570192561
 479.000000	6.7837510275964776	80.2644982266738936
 480.000000	6.9023564834753373	80.9531391926207959
 481.000000	6.8152362462915717	92.6668136010653427
 482.000000	6.8696348499447897	85.2431082848686970
 483.000000	6.0705299824352359	70.5526878763674432
 484.000000	6.4000278381371967	73.1528103093015432
 485.000000	6.4293911625034639	74.4504722631662190
 486.000000	6.3402076801869720	82.5325125066925551
 487.000000	6.5388685820762893	68.6812299368669414
 488.000000	6.5625842618163812	84.5120975212915653
 489.000000	6.2337512215923701	109.1904031385437435
 490.000000	6.7532725192346810	116.7041499941340561
 491.000000	6.3676974810812901	55.3904597098353833
 492.000000	6.4029895617979138	123.6829000535937126
 493.000000	6.2669805056327723	137.4526251333194011
 494.000000	5.9017690112198089	106.1061195327995819
 495.000000	6.6300791915002977	111.0386693665317495
 496.000000	6.2127104217566105	84.2830092419752361
 497.000000	6.6696903106208296	78.0327270122730994
 498.000000	6.9185609198727267	100.2337492314476464
 499.000000	6.3584997029259043	72.4867194536307977
 500.000000	7.2584174004848316	79.3475129724766077
 501.000000	7.4138086142329351	84.1616158154137253
 502.000000	5.8773464632198831	137.1701191410720071
 503.000000	6.5140789971407411	118.2164460623992284
 504.000000	6.5080219506678576	129.7522916163503623
 505.000000	6.0833462236387836	118.6752608567106790
 506.000000	6.4939017963143897	120.8081546442390106
 507.000000	6.6009005496343072	105.2789282033985359
 508.000000	5.8506793390774217	114.9548428548608001
 509.000000	5.9783616070446906	117.6687666391659519
 510.000000	6.0318861326145488	127.6556764500897430
 511.000000	5.8952070019062166	111.9048321718929060
 512.000000	6.6322019289295771	112.5741539522377366
 513.000000	5.7078570978131795	120.9714399021786448
 514.000000	6.3050478283892932	60.4319877499299167
 515.000000	6.6381098283638504	53.7279961138776798
 516.000000	7.4992590458213408	89.9186557016600290
 517.000000	6.6061676851296154	78.5374889258240358
 518.000000	6.7602279684641422	61.7869206445888040
 519.000000	6.8237691225408179	65.4080605367747268
 520.000000	6.4697324642905718	82.3044840767337291
 521.000000	6.6687548920135082	70.2857576080669588
 522.000000	7.0213860763982874	99.8215045059908874
 523.000000	5.7528296795251981	95.5560367780728228
 524.000000	5.9458673049227810	67.7564425620592203
 525.000000	6.7431990819152752	87.6750459630659122
 526.000000	6.7875344483227513	98.7668199038912746
 527.000000	6.5158004695752361	71.1587015747690685
 528.000000	6.4056004892523175	76.3149567431688496
 529.000000	6.9535888337402767	89.7303259154440838
 530.000000	6.3957791570896347	87.2613480682652067
 531.000000	6.1569581441163166	88.0539057064335111
 532.000000	6.3490779403997690	97.7883185973849010
 533.000000	6.6544430242880113	82.0276180524138425
 534.000000	6.2748335374102355	82.7112012254012399
 535.000000	7.1009008848807200	96.6436450519770318
 536.000000	6.7264895778107983	94.8645957930773136
 537.000000	6.2339882394823354	66.4663877703903410
 538.000000	6.6949420480287500	67.5629564589981584
 539.000000	6.9736975454672931	100.2188601191918167
 540.000000	6.6471000185802831	75.2156011511955143
 541.000000	6.7414142404888997	89.3635964389389983
 542.000000	6.9498653988215997	66.2003920837499038
 543.000000	6.7154687286813877	81.6178229627548006
 544.000000	6.2098679581501033	113.5207201311210667
 545.000000	6.6079594668833703	104.3900363115858454
 546.000000	5.3688597587235778	95.2859580046974344
 547.000000	5.7660802711288355	117.6028772514786027
 548.000000	5.6983574499013425	114.0784108654298308
 549.000000	5.8246984095587289	110.1438629213070044
 550.000000	5.8247664803902239	117.7574592198516257
 551.000000	5.1651373656666690	97.2241494373926400
 552.000000	6.4637547881098616	113.0421992572533583
 553.000000	5.6917411937141180	114.9509623404673562
 554.000000	6.3978211025103242	70.7136055020883987
 555.000000	6.4150828682131538	78.0296010175170096
 556.000000	6.8495906222411262	70.9806711754151110
 557.000000	7.0244748908244166	104.0733116178195843
 558.000000	5.5690212137762201	118.4120253967201393
 559.000000	6.6456216805238730	77.1846364572746353
 560.000000	7.0888205976463032	68.1922763246726902
 561.000000	5.8259390324659250	133.3480293917141637
 562.000000	5.5410621296563614	109.7207987548285786
 563.000000	6.1152033446998928	100.2204625411248742
 564.000000	5.5518803845308824	129.8032197256068230
 565.000000	5.0627838426347234	113.8393934546169817
 566.000000	6.5520390832257034	114.0238231712721131
 567.000000	5.0524519758879638	99.7078218334018942
 568.000000	5.7836910187232435	118.2207632058311759
 569.000000	5.4454108009964779	111.2003077341717727
 570.000000	5.3042114938869442	130.2472516537508795
 571.000000	5.7222352496559017	124.6595901922458154
 572.000000	5.8079586606009714	116.5324345594762292
 573.000000	5.6391279502511855	129.7283581062431495
 574.000000	5.8661951460754960	92.2850216399697842
 575.000000	5.1929665046250486	105.7916122154859551
 576.000000	6.6584907602503067	80.4136028839752726
 577.000000	6.5767377179588093	85.1070766937444461
 578.000000	6.6669451231294152	71.2344115492673211
 579.000000	6.5033691584716324	86.0872074542316028
 580.000000	7.4204766684071215	98.2880742461441486
 581.000000	6.6365407862859813	83.1125912128586037
 582.000000	6.5033591133262547	73.4200230337788753
 583.000000	6.7265402176329587	85.1794152329199363
 584.000000	6.1752230389813514	96.1119565566424825
 585.000000	7.4064449499057501	94.2723624427601408
 586.000000	6.9038242286940008	97.6552593814844130
 587.000000	6.7425100114533638	78.9870464385792985
 588.000000	6.7750342588246646	72.7457064840999408
 589.000000	6.7096846360497286	80.8862637893603988
 590.000000	6.4954486831508600	79.2210430488188706
 591.000000	6.4050178961832316	69.6290912130889268
 592.000000	6.6090870404395083	74.7738223955456647
 593.000000	6.4644785561248472	80.5791914730517362
 594.000000	7.0412050424481230	75.1097874758075221
 595.000000	6.6530418438431624	109.1497225100305286
 596.000000	6.0587573204879348	117.9086118498087927
 597.000000	6.8439649109597580	69.8433691276856621
 598.000000	6.5930901514220386	107.6807194052661032
 599.000000	5.7203798929548118	69.9830545330623863
 600.000000	6.0699311313771327	78.2007695022897167
 601.000000	5.7073510910387739	137.6110989573617758
 602.000000	6.4221889969482273	86.8753493221055777
 603.000000	6.4258302477627396	78.4147447238844109
 604.000000	6.3069520480218859	91.0347203268280651
 605.000000	6.7537539490001013	82.3451495570010934
 606.000000	5.4074337382076614	109.2207135777846787
 607.000000	6.0915281147549463	107.2496303762919467
 608.000000	6.4739816883013335	54.6648088708423501
 609.000000	6.6752028209852963	65.5385315825297283
 610.000000	6.7021928710580729	83.0666233928072160
 611.000000	7.6389163561616975	102.5656432518612604
 612.000000	5.4847223780491614	125.9592365821061861
 613.000000	6.3191326768490699	104.5708454562950038
 614.000000	6.1743477843284555	75.9922257304352939
 615.000000	6.4721186661376393	85.9011234450631633
 616.000000	7.0805145163869945	92.0747756986333314
 617.000000	6.4019279874664692	79.5242839451963732
 618.000000	6.5262181593556239	81.0842437148978377
 619.000000	6.4508900479128526	69.9178963043292470
 620.000000	6.5265028485191259	83.8181317039968832
 621.000000	6.7004168301357394	81.3493758858570715
 622.000000	6.6181125945084309	75.7798370256636815
 623.000000	6.5965144871836152	106.3113099158393737
 624.000000	6.6721261281675330	80.8470958961762989
 625.000000	6.9991945785614496	95.1107306249035958
 626.000000	6.5796180117174243	68.0769085747919576
 627.000000	6.3137263200910416	67.5050672704023498
 628.000000	6.3563256579288048	95.9455734970067766
 629.000000	6.4351224449668845	81.1160722678267945
 630.000000	6.3581785745159145	90.5685656137144548
 631.000000	7.4865890063033138	83.7435324206828824
 632.000000	6.4823391902079832	60.4335659319116871
 633.000000	6.3441507387616509	79.9325462747131468
 634.000000	6.7903975965923591	81.4839970467586596
 635.000000	6.4125769706210720	73.4842004823146624
 636.000000	6.9826543848927374	93.3432387545015700
 637.000000	6.9421222468220298	77.5855630543064620
 638.000000	6.1493338878182922	72.2695626471934958
 639.000000	6.7187148673174848	74.7058774284661808
 640.000000	6.6627109361954222	96.0954759252626758
 641.000000	6.6007712802162315	76.4965194843550051
 642.000000	6.3631096145504173	76.0699435098614032
 643.000000	6.3567216444935397	67.5995832268198598
 644.000000	6.8236169035521854	96.9180767241544885
 645.000000	6.0669963173517738	67.0220563061919705
 646.000000	5.5028320641853767	120.0692156033197904
 647.000000	5.1109270486928482	129.9700088285522384
 648.000000	5.5206065288369199	125.3342360186947104
 649.000000	5.3218009841145770	117.5686509019364792
 650.000000	5.8911128109099273	113.0971116193133383
 651.000000	5.9080405687856290	123.0840557061698775
 652.000000	5.8217847115315688	115.5299250786797245
 653.000000	5.6642476559550587	109.0170722147035320
 654.000000	5.6516076859373214	132.5597895235659109
 655.000000	6.4775565024022743	123.9198486859973229
 656.000000	5.8758856651684068	78.4319331187460307
 657.000000	7.2999828878533854	105.3926343042545994
 658.000000	6.8279940165910755	83.3174683245544259
 659.000000	7.4582717189352588	93.1491507561120358
 660.000000	6.4278564942579344	123.0797070783840752
 661.000000	6.5895659125901291	73.0959659742599399
 662.000000	6.0778640278179425	59.6843412466394199
 663.000000	6.3354167654526066	65.1449770757223234
 664.000000	6.8860322973952970	79.6886213646112367
 665.000000	6.4254732623580475	72.3556597709668949
 666.000000	7.2063428490974175	84.9226786794384623
 667.000000	6.9157473764119883	91.4888719925058211
 668.000000	6.6422143620032736	94.4411621611934748
 669.000000	6.5364116282519085	100.4051211723172088
 670.000000	5.2419624977416257	53.6372374560508973
 671.000000	6.2475554671970679	106.8013519672265801
 672.000000	5.8087994352999868	125.3867251328270953
 673.000000	5.3871821853979291	121.0558407170901205
 674.000000	5.8825174609208482	108.9961103353859073
 675.000000	5.2244853428700004	122.6392867948016203
 676.000000	5.6456878370059540	111.7496534363287140
 677.000000	5.5081628669125378	116.9202483773897541
 678.000000	5.6947046373410082	118.9398489565126056
 679.000000	5.4635797427004560	120.5804064076094733
 680.000000	5.6460012002985032	123.9943014955639740
 681.000000	5.3683398332091539	108.3493349431479942
 682.000000	4.5548309067209889	138.3556671645630445
 683.000000	5.1976083693543158	127.2155731328236357
 684.000000	5.4488303009216787	136.4694473046385781
 685.000000	6.1726280371279438	128.1635550789939373
 686.000000	7.0223093455482708	158.3493202631976260
 687.000000	7.0253753810769179	144.5964798855339097
 688.000000	5.3649209476779918	165.5061655511834999
 689.000000	6.4091093994897852	154.7183661141836808
 690.000000	6.7739658726899767	146.0705843012296157
 691.000000	6.0522469712477012	115.7268614516952567
 692.000000	6.3692865575641511	127.7630049935653318
 693.000000	5.4564456024512964	135.5249281305474938
 694.000000	6.3042868311766611	133.2555518660769565
 695.000000	6.8102531330286977	155.2557315649801808
 696.000000	4.7249679673549609	124.9220881398108958
 697.000000	5.6077259552096645	115.3202965336911348
 698.000000	6.3024476406229031	158.0765755836634128
 699.000000	6.9267880764351828	137.7511595251475285
 700.000000	6.5700048606388197	143.4968204971379464
 701.000000	4.7652602877155275	135.9682041817472111
 702.000000	5.0315748831641516	149.3714571730670571
 703.000000	6.1052310294097341	124.1811824581128576
 704.000000	5.4441804716346178	126.8455578134530981
 705.000000	5.1120712425061976	134.7429530622547986
 706.000000	4.7388611106431968	148.7401324682487314
 707.000000	5.8629640245847057	119.2821608826748729
 708.000000	6.4700050019369160	129.1157468556422998
 709.000000	5.3658785036179850	135.4433374036813689
 710.000000	6.4357729333392353	168.1329901559690256
 711.000000	6.5627316855964200	165.8251203900686335
 712.000000	6.7373327600779760	156.4535925608420257
 713.000000	6.2154852054472114	146.5475514023721644
 714.000000	7.0195322940267806	153.2280487795602539
 715.000000	6.8959867561926282	175.9630320885893582
 716.000000	6.1124791301482162	163.1092752830432175
 717.000000	6.8541788097704659	154.8445388273972867
 718.000000	7.1948915718939368	148.6098068030209163
 719.000000	6.5422832205304866	141.9203497794642317
 720.000000	6.7920926488509590	159.1161841654258069
 721.000000	6.9983577441229983	151.4398024957247628
 722.000000	6.5284287840149586	135.7817912659382955
 723.000000	7.2434580430995155	152.8935013211007856
 724.000000	6.3036433688061324	159.7207075617534144
 725.000000	6.8073651990435087	164.8632639465958221
 726.000000	6.3403165678403015	161.1217474283833724
 727.000000	6.4541661779227111	173.4680883295834803
 728.000000	6.2284704694714579	178.2486113182579572
 729.000000	6.2203216176345855	162.0257531730263167
 730.000000	6.4801668724345936	135.4298931116094877
 731.000000	5.6936052102882337	137.3743581294016849
 732.000000	5.2894035482471260	132.5122987955019482
 733.000000	6.4044897422781704	139.6772500885717818
 734.000000	6.3400352184596835	117.5636106011608888
 735.000000	7.6346894155988458	119.8304344420527769
 736.000000	6.5191151475054188	116.4702671453035521
 737.000000	5.5153816122852888	127.9274630991927779
 738.000000	6.0273985165032320	129.0761140313435646
 739.000000	6.3588781693809437	128.4520210091772583
 740.000000	6.3465370257544516	123.6034020791704506
 741.000000	5.9269194107205738	135.8127953266562145
 742.000000	6.3393261908348526	131.7575154578610181
 743.000000	5.8293736454581309	131.5628801961789236
 744.000000	6.0183744040223335	131.9072545569106865
 745.000000	6.2503587070655344	116.7417355934437921
 746.000000	5.2329347690787520	97.3283793768316485
 747.000000	6.0235557674501070	149.2240843658601079
 748.000000	5.5705537312210076	147.9676106512200420
 749.000000	6.0626922990295409	139.3152607610629730
 750.000000	5.2561082022280994	131.4649705230787617
 751.000000	5.5961213559757912	118.9312918176511005
 752.000000	5.5054209447560893	143.9960318795074841
 753.000000	5.7262607176911287	132.9528067313072199
 754.000000	5.1091465464314094	121.7998496055770659
 755.000000	5.2941021427713437	126.1533151478964498
 756.000000	5.7748801697215484	140.9647717523435233
 757.000000	6.4092579173721305	156.7338487791053296
 758.000000	6.5092951906879062	157.1099464056322574
 759.000000	6.6523399898947835	148.2627376981060650
 760.000000	6.8811436320211463	146.3446646219771878
 761.000000	6.6113649397690750	164.1313786514272124
 762.000000	6.3192066637743372	149.9777446387355155
 763.000000	6.3396684329837809	151.5677172493763294
 764.000000	6.9694795915923313	164.0793728060883439
 765.000000	6.5945633722756103	137.7400595139578456
 766.000000	6.6972778758607046	158.2316269048160962
 767.000000	6.7748086269499996	145.8969746883534810
 768.000000	6.4228272460395583	127.7473844094297419
 769.000000	6.0189161147805574	118.4827149447522174
 770.000000	5.9194115309934476	129.5277293123178310
 771.000000	6.5064585638660946	145.2699900261098946
 772.000000	5.8928676321976807	136.4172097767665832
 773.000000	5.8279622630666621	114.2313664442320373
 774.000000	6.7424489123293592	170.3906647829422525
 775.000000	6.8010452675494486	143.6312505133751642
 776.000000	6.7369785512291571	148.3608746029903784
 777.000000	6.8234742198957958	146.7001755539621968
 778.000000	6.8368137244502840	157.8939943573010964
 779.000000	6.7324269289074588	144.5993983857109697
 780.000000	6.4652366151204639	158.4026683453903388
 781.000000	7.0322398968830715	169.5877531913985763
 782.000000	6.3572553342654716	154.3141916543181082
 783.000000	5.8602767972423901	163.0974692844609137
 784.000000	6.6475909097630348	147.0837474812094854
 785.000000	6.3158320442307403	152.4173797482502266
 786.000000	6.6298015483594384	169.6534067309659122
 787.000000	6.3051345526423059	147.5640864434278967
 788.000000	7.3800530141345382	148.7771457751461242
 789.000000	6.6577237360043542	153.4390574608324869
 790.000000	6.8393454328166898	149.8093473385285108
 791.000000	6.9778494698745002	152.4776436380682867
 792.000000	6.6272177883993155	133.2303106724767758
 793.000000	5.9839268029266082	156.3924474948821342
 794.000000	6.3992695415128491	152.3525514492505977
 795.000000	6.4377874624346232	176.0091038799999126
 796.000000	6.4191464127873177	155.4789503055936848
 797.000000	6.6930995150680586	154.0081235405296241
 798.000000	6.7571255542285753	157.4650097950699035
 799.000000	6.4832982154590288	170.5291432804655187
 800.000000	7.1418873127576212	167.1657992090968321
 801.000000	6.6065117211352318	162.5672691618808869
 802.000000	6.4688740811931424	147.9616532376893474
 803.000000	6.3445056582704060	163.7835009546712968
 804.000000	6.3178314344334732	156.5962663090993487
 805.000000	7.2130601557632961	148.0915766635288833
 806.000000	6.4919112653113107	156.7988267949014016
 807.000000	6.2459811908901823	158.1886320223593145
 808.000000	6.0474760507366581	128.1831162286787276
 809.000000	6.3943250532982834	154.3174647147429255
 810.000000	6.5066367700561338	145.8746068442747514
 811.000000	5.9393625633357470	148.7226500858264444
 812.000000	6.4282571715786387	155.2482111758918393
 813.000000	6.3233560019180084	160.1030537149601400
 814.000000	6.8685023803819423	147.6181280366131148
 815.000000	6.7303333691979805	158.8532031553061756
 816.000000	5.8635066593946368	129.9100223762940800
 817.000000	5.8705242581475074	125.1574290987272491
 818.000000	5.6241475072971285	126.5478384461805490
 819.000000	6.3442054883797638	122.0445766385480511
 820.000000	5.8738962744177936	139.3596965790881086
 821.000000	5.4188256307211606	115.3654337274634258
 822.000000	6.2967144136717614	120.9649205839295405
 823.000000	5.8615431101601461	119.7012954022166156
 824.000000	5.7277393375794503	121.5599340292165778
 825.000000	6.7081620469903935	107.5326401089235020
 826.000000	5.3778514320312789	114.8367774353199025
 827.000000	6.6691862187567281	139.8252284598077892
 828.000000	6.8078054434901976	150.6019343552232783
 829.000000	6.7283798812249200	123.0405329517268456
 830.000000	5.7361915865362922	116.1960006747099214
 831.000000	5.6157876834982918	141.9290885538294731
 832.000000	5.6452282055032610	128.5407981002199733
 833.000000	6.3008862113638715	142.4615459759221778
 834.000000	5.5502015211805311	127.7351308383699973
 835.000000	6.3482212387141717	123.6174420572462509
 836.000000	5.1330590773197073	138.5545442407790802
 837.000000	5.8674452768091436	127.8382059794301853
 838.000000	6.4722313948616987	144.3835987778106471
 839.000000	5.9481211933385794	154.4727953633236837
 840.000000	5.8691521508859328	130.4050122600840496
 841.000000	5.0948384304855834	135.3015242607245625
 842.000000	5.7405145875541876	128.8876234304032380
 843.000000	6.7675341268157077	129.2865583373285858
 844.000000	6.4155250575146381	173.7996556551024128
 845.000000	6.6072256738030379	150.9242259657971772
 846.000000	6.6407959049283338	139.7701076204075719
 847.000000	6.6904729669768530	145.3535559426938448
 848.000000	6.8364212615534212	151.3929348780100668
 849.000000	6.1270904457655666	166.6467999304225316
 850.000000	6.5767372177408179	152.1370191721594551
 851.000000	7.0149901903691276	148.2284528016435274
 852.000000	6.4287089146297003	169.6241202645712178
 853.000000	7.1759519075811706	149.7615261652412926
 854.000000	6.5269548782736662	156.4621894209395805
 855.000000	6.4419769262116002	147.8639229356764417
 856.000000	6.5137133574180250	163.8857217372562616
 857.000000	6.3938692254092420	157.6940692013348269
 858.000000	6.5116113520040964	142.7543753953906958
 859.000000	7.0843259686685620	160.4216800724189227
 860.000000	6.0871138121956614	155.5712000814736768
 861.000000	6.1377785403376155	161.0109375481565621
 862.000000	6.9509128481887865	154.1322170596099568
 863.000000	6.8502112308390295	153.6714255565977112
 864.000000	6.9858949207696330	146.4833202920395934
 865.000000	6.6610769381110781	137.7970950986475032
 866.000000	6.4839782963749322	156.6963204563904526
 867.000000	6.6339511259394532	145.8295477981645831
 868.000000	6.5097618144306777	166.3402499717479941
 869.000000	6.5314222001986053	162.8849293063922801
 870.000000	5.4652389225078366	133.8674660522720501
 871.000000	6.0788304760070098	121.6842372194401065
 872.000000	6.8177145363811889	142.9786198409713336
 873.000000	6.6891962451739477	155.2123771532079104
 874.000000	5.9616603612462473	134.1615177340777052
 875.000000	6.1413669410735627	145.2871994241305629
 876.000000	6.4751433312844444	147.0271030665721810
 877.000000	6.8520725766204738	156.0157664214724491
 878.000000	6.6702321072911186	162.1835864156007290
 879.000000	6.3582061020027361	164.4939900565577489
 880.000000	6.8675847978918991	147.0788740676193527
 881.000000	6.9954457571018125	164.5806414284962216
 882.000000	6.0139997738269768	128.1909381240719767
 883.000000	6.8182272662508243	158.0068733885384518
 884.000000	6.4609924619847483	165.4411400321089900
 885.000000	6.2837533435145785	143.7357115493213939
 886.000000	6.5530669451003378	166.1015829479709964
 887.000000	7.1445828831873213	155.3367129154190422
 888.000000	5.0355830264941170	135.5046631911226314
 889.000000	2.8505718402883411	124.9207108561330415
 890.000000	6.3264298314538623	152.6439715526371685
 891.000000	7.0852322312884235	149.1587898944082724
 892.000000	6.3989499590248595	148.8130563166897673
 893.000000	5.3787278808004748	101.7140527281238178
 894.000000	5.4801941155374969	119.2681019456722424
 895.000000	6.3354371466259218	125.4197375906979914
 896.000000	5.2007994284245207	118.9139093287919025
 897.000000	6.2924126119247470	162.0418948409334519
 898.000000	6.3657368192961874	155.4749103822081508
 899.000000	6.5265071291239822	166.2687608765806715
 900.000000	6.3852009431237997	165.7098468049311464
 901.000000	6.8105497898218950	148.0426258415501763
 902.000000	6.3623077355154960	141.9105919956476782
 903.000000	6.5779108318000539	172.5887744760086093
 904.000000	6.4236010085649431	159.3129662939220736
 905.000000	7.0322903906343583	161.6422348314323472
 906.000000	6.2561608921653127	155.3564825981734430
 907.000000	6.2862753284285198	143.3412146825390323
 908.000000	6.5337871153033884	172.8841065963728454
 909.000000	5.9210765674405046	121.8444170180196267
 910.000000	5.6075457927048777	133.4426100400042117
 911.000000	6.7534873583984609	152.2695201231123860
 912.000000	6.4814897082899314	158.4694137386452155
 913.000000	6.1841756391578802	163.1409293804485685
 914.000000	6.7202385811923557	151.7169510934870402
 915.000000	5.0501197048809017	141.0865388657874178
 916.000000	6.0794101830370826	117.2378899625341546
 917.000000	5.5225973212872859	132.4410526241412072
 918.000000	5.8701083194000825	104.5965815902222715
 919.000000	6.8498668019419533	156.3144032523080966
 920.000000	6.9463360802159144	157.4275262654891776
 921.000000	5.9871414246971204	127.8301452026672109
 922.000000	5.3628102396798463	123.3563219823109165
 923.000000	5.1638250958860930	124.7452670305519291
 924.000000	5.9800895162604846	130.7291377849286960
 925.000000	6.4302174697243144	156.3963695843068820
 926.000000	6.0410629270948668	163.9095835061840489
 927.000000	6.4896370490422779	164.6235214574796544
 928.000000	7.2769408574619669	147.5393679696853724
 929.000000	7.0132527577239099	146.1605624991979369
 930.000000	6.2296577852020008	168.6694795935678712
 931.000000	7.0781105863234419	147.7221697976058579
 932.000000	6.8291766946859536	147.2987515756711332
 933.000000	6.9210081800070258	143.2457866993423181
 934.000000	6.5795548819193508	162.8534482972764010
 935.000000	6.7125291542711674	146.4340548256811303
 936.000000	6.0248211252501163	156.0246285919166951
 937.000000	6.1215050083355553	155.2427889977850270
 938.000000	6.5526503453866995	170.7912038049938985
 939.000000	4.7816673724523806	132.3775861575660997
 940.000000	5.5253785911404281	115.9134919302687194
 941.000000	5.6162332932989374	114.4284208871951591
 942.000000	6.1989817789899417	125.0016991386510483
 943.000000	4.8514004816425151	120.4402045963790471
 944.000000	4.7781413976002609	131.9098452800335508
 945.000000	5.7809910288864108	118.0236784569682555
 946.000000	5.0903398122016181	136.7146992209569873
 947.000000	6.0038044587844936	126.7958694097311820
 948.000000	6.5073861241299804	159.4807163268790475
 949.000000	5.4535936848419952	120.2572343801896864
 950.000000	5.5087863209250516	116.0619307578468238
 951.000000	5.2035961831696014	127.4112748875968606
 952.000000	6.0425574585680044	135.6485719060206634
 953.000000	6.7539280244690270	171.9925437249366951
 954.000000	6.6447972880245985	158.6930644924099170
 955.000000	7.1043793299118079	149.9159849389721444
 956.000000	5.9266941928790864	109.6930312385827904
 957.000000	6.9327044416826338	122.9116289831591757
 958.000000	6.5889845114032166	160.9739529393681323
 959.000000	6.8467201222266656	155.7396945482774413
 960.000000	6.6285374623556530	137.2839597869746058
 961.000000	6.0447781292833698	125.6232275184859759
 962.000000	6.2231050295680248	127.3562297151085261
 963.000000	5.4688555284030382	129.0338783305790571
 964.000000	7.4253064873877310	160.3686161866956468
 965.000000	5.4093537544283139	118.0180401778065260
 966.000000	4.9661669089453078	121.8574598940370350
 967.000000	5.0864073148126412	117.5805262640889026
 968.000000	6.9720150441031290	154.2493354372527961
 969.000000	6.4627870764147870	141.5223023153802728
 970.000000	6.9719986644126433	159.0441658098534958
 971.000000	6.2879307303986112	151.5914584300293768
 972.000000	6.3670882054698490	133.3427394521116867
 973.000000	6.3144877406375954	151.2397377111014407
 974.000000	6.3808075626180578	145.4030636860382515
 975.000000	6.7037324304103123	146.4779093662319269
 976.000000	6.3636343759517437	161.2297533673649923
 977.000000	6.2523859425629826	128.2024385963742645
 978.000000	6.3252605348488071	119.1483481500584674
 979.000000	4.5230597675390012	108.5171469023107420
 980.000000	5.3114808878120590	116.2550794042897166
 981.000000	5.5206830556346622	141.6278269003194055
 982.000000	5.4736649997496549	139.2207014011250408
 983.000000	5.6820499648954712	140.4176528031423459
 984.000000	5.7878224919189476	132.3704358681749227
 985.000000	5.6475371863024639	130.4797714880908472
 986.000000	6.0138604466355234	120.0867804125036855
 987.000000	5.2430722590746690	122.9034823925970841
 988.000000	5.7069015345847509	126.9204685982232235
 989.000000	5.3580662228097333	126.5572113099833018
 990.000000	6.9327852326960127	139.4634882109936882
 991.000000	6.8096208329272638	153.3090958434854656
 992.000000	6.5409036431927241	171.6687462057987261
 993.000000	6.5572161776841513	149.1785279096206409
 994.000000	6.7683375761261679	166.4074831076687246
 995.000000	6.7319194518287535	159.5725036587130319
 996.000000	6.3027767033551703	145.9750928478456444
 997.000000	6.5336418219652312	172.9250546134576609
 998.000000	6.6017458305196355	159.7832094671111349
 999.000000	6.5079285871607819	131.7919653279674890
 1000.000000	6.4803451848162652	117.7453440568352221
 1001.000000	6.0338333783651930	127.3982244558872310
 1002.000000	6.5627621375579963	174.3302327857798844
 1003.000000	6.5794770264131852	156.0325257706639093
 1004.000000	7.1711474999840066	148.1300949594139524
 1005.000000	6.8119058205503054	171.9589857914659774
 1006.000000	6.6276399017470160	130.5505795618028060
 1007.000000	7.2304291815477448	144.8808522959270420
 1008.000000	6.5559095942031584	165.5449739957247743
 1009.000000	6.5577566261223694	156.0241073339344666
 1010.000000	5.8201395937385660	150.1945432473804658
 1011.000000	6.2235134879351879	112.4371376073209490
 1012.000000	6.6192786735584308	144.1581438564257667
 1013.000000	6.5829904359104825	147.1809377726499974
 1014.000000	6.4469057833635262	157.9133616433098553
 1015.000000	6.3640326805574485	147.5166479547337701
 1016.000000	5.9278030025892106	124.3325153893957804
 1017.000000	6.6061948466878206	158.7720245108523045
 1018.000000	6.5456063720696811	158.0789291563523307
 1019.000000	6.4681430911447677	140.5850923219905724
 1020.000000	6.3929142020020047	150.3989189974338103
 1021.000000	6.9522259157322992	158.3098574300275061
 1022.000000	6.6033175760736214	153.9259852449338268
 1023.000000	6.9490028665607655	128.5763774358966884
 1024.000000	6.4102043579482446	173.0747378888894445
 1025.000000	6.7772351330041749	148.9801889217791313
 1026.000000	6.8074589675496862	157.1605732478349182
 1027.000000	5.2706725500985243	124.4468903764697529
 1028.000000	6.4646223418895898	157.4691460947776136
 1029.000000	6.3631462855004370	159.0414323663014216
 1030.000000	6.5925645338493970	164.5693236926663872
 1031.000000	6.7239887623044403	145.3594009886157039
 1032.000000	6.4526721178269071	160.0726923620460980
 1033.000000	6.3435170985468048	157.0576849443227445
 1034.000000	6.9026195634798411	167.1036510319893011
 1035.000000	6.6267039069996017	154.5157990079472938
 1036.000000	6.1832769171620487	122.2013460839199581
 1037.000000	6.1049600585862782	124.7799005757857742
 1038.000000	5.4594607719992707	126.3578890351963366
 1039.000000	5.8274701866682417	130.6350061649623626
 1040.000000	5.8319835379724907	124.1998786532971764
 1041.000000	7.2249907316366375	150.8478593354922168
 1042.000000	8.8476885634832154	156.7698131974771911
 1043.000000	7.8137671942697358	140.7744339873504202
 1044.000000	5.9632338502519069	139.3554840346814672
 1045.000000	5.8851405263540641	172.7214477401994088
 1046.000000	5.0418690431597568	120.5517100140644686
 1047.000000	6.3365717021358297	161.3002254648534404
 1048.000000	5.6559228388519287	157.1071667915760202
 1049.000000	5.3779279032378557	104.3379211197690069
 1050.000000	6.7596032292767543	163.2226573533616829
 1051.000000	6.9830450244637934	142.9175260304708104
 1052.000000	6.7228404911956110	152.1460231902316025
 1053.000000	6.8700751932723776	146.2388197911673728
 1054.000000	7.1831608852894755	166.1297353109318351
 1055.000000	5.9070933836331356	172.9237745936374608
 1056.000000	6.7706083486493300	156.3197841707285249
 1057.000000	6.6039851139441561	155.1071147944380471
 1058.000000	6.0530614394044839	172.5305356113344715
 1059.000000	6.6572794954694867	153.6064253453178594
 1060.000000	6.6157864168261877	161.0984276195084988
 1061.000000	6.7090162096397137	145.4674882922342647
 1062.000000	6.6688687030464218	145.9623606447835016
 1063.000000	6.6721724753042935	155.0187400738801955
 1064.000000	6.5361801205714753	157.6167033776275730
 1065.000000	5.7941606255420357	122.6596305491838166
 1066.000000	6.1638415927767829	122.9668121511161445
 1067.000000	5.8270093176606688	105.0498684310489210
 1068.000000	6.3533992858890427	128.1961846729105616
 1069.000000	5.9255527640282688	128.7907664071786087
 1070.000000	5.6444548941051078	121.2138444166524778
 1071.000000	5.6613969009753475	108.7813998327300737
 1072.000000	6.5647663969999508	170.7955901613083256
 1073.000000	6.4724550342783083	150.7776320148734044
 1074.000000	6.7720193273033802	150.1686419673194450
 1075.000000	5.6630564287996252	101.2854523497996553
 1076.000000	6.5613111244741011	148.2257310675852295
 1077.000000	6.3063955010748067	139.5105281257255001
 1078.000000	5.8563624857171721	120.4083539515370092
 1079.000000	5.6358577701280437	128.9282319009847129
 1080.000000	5.1766287002752529	117.6394628694678630
 1081.000000	6.3432368353420436	135.8832437877076984
 1082.000000	6.4693419170818904	159.7759166332293717
 1083.000000	6.8043470100728705	145.7227755238177167
 1084.000000	6.2495889770373934	172.1169041148922361
 1085.000000	6.3998220205562060	151.6300159121978766
 1086.000000	6.4820938062974900	171.5844039853351717
 1087.000000	6.9837176436124651	160.3824469512349538
 1088.000000	6.6487529996957200	159.9614384904182884
 1089.000000	6.5531186505489849	161.3370089201344229
 1090.000000	6.2951472643008959	157.4702197616102239
 1091.000000	6.2730195298277973	159.3373895863508380
 1092.000000	6.8965849329559630	160.3878219223684027
 1093.000000	7.0799110622624823	154.5135496362643721
 1094.000000	6.3386238365555689	154.8591009652394632
 1095.000000	6.6558330742826968	149.8033143651028354
 1096.000000	4.9422170219805537	115.5536613644949568
 1097.000000	7.1936037520795955	157.6312617088207730
 1098.000000	6.6714936638950579	156.7346770297868943
 1099.000000	6.8633351320727760	153.3049646381469699
 1100.000000	6.6647863408366490	135.2862460152894641
 1101.000000	6.6342147095324639	176.5216633729984892
 1102.000000	6.5161395153262651	172.5902992083633478
 1103.000000	7.1152957667196040	157.3989244437714206
 1104.000000	7.1662334114885979	148.8782394957262341
 1105.000000	6.3715028156005618	147.4413756599226417
 1106.000000	6.8597272143859476	170.0655408740839505
 1107.000000	6.4849900283123434	176.8716187317099013
 1108.000000	6.4536618105420711	167.3843135350231819
 1109.000000	6.3378754981183878	152.3497136693536618
 1110.000000	6.4562801064254360	153.6825205857771550
 1111.000000	6.3688660944258420	169.8550477250903157
 1112.000000	6.2650709802857243	153.0185204282693974
 1113.000000	7.7066523753531371	150.8368569869297744
 1114.000000	6.6168785867118824	149.1287412976274709
 1115.000000	7.0422000924446770	163.8974493463886972
 1116.000000	6.7134321477298622	169.0269423007397620
 1117.000000	6.4640451255681004	159.3940402133735574
 1118.000000	6.6839084751761426	142.5676892366246591
 1119.000000	6.7432101458926788	151.9391411477596705
 1120.000000	7.6129124624946716	150.0444724550547733
 1121.000000	6.5220370573665267	175.2434639952073496
 1122.000000	6.5441342307410002	157.1294398237107259
 1123.000000	5.6727542530057615	127.0708868709380965
 1124.000000	5.3771092644355107	115.5940126785489781
 1125.000000	6.8868495607031361	118.7251908877303208
 1126.000000	6.4454587330522362	167.4778134187244802
 1127.000000	6.9506281117330904	142.8190286873018806
 1128.000000	5.3487996591341123	115.8991806444598041
 1129.000000	6.6139483802717720	120.3594704318716424
 1130.000000	6.3733094308289955	134.4786748581063875
 1131.000000	6.1981152601122664	124.6197408802894984
 1132.000000	6.3662774749520370	131.4512642314370225
 1133.000000	5.9584844728737103	127.6820798424742520
 1134.000000	5.9392614980210290	128.0166265583926020
 1135.000000	6.2582946393364276	148.1410058898254931
 1136.000000	6.9378033761624218	146.9317593120231322
 1137.000000	5.6582008798370458	157.8272387342925640
 1138.000000	6.2039032811804846	158.4057839540775205
 1139.000000	6.6675704612915645	154.7554778550798460
 1140.000000	6.5541255530255338	142.0236525003457473
 1141.000000	5.8326248750753606	116.0482994871509419
 1142.000000	5.7086464328530138	131.2656729326184859
 1143.000000	6.3026426265970148	130.0093924379592067
 1144.000000	6.3840799103786328	162.1235092115390160
 1145.000000	6.5114642915940832	134.8570949246398527
 1146.000000	6.7002789591885099	159.9884773632833515
 1147.000000	6.5105419639580946	173.7777189578833088
 1148.000000	6.4748829792558036	156.1616064086060192
 1149.000000	6.6146542070688445	150.6913961306468082
 1150.000000	6.4300647545908873	150.8452855849010632
 1151.000000	6.5438158730236307	157.2295366622309700
 1152.000000	6.8122928481021052	161.4183622505670428
 1153.000000	6.6845243188002250	160.0947706488604467
 1154.000000	6.2915731091500708	150.8233382013573305
 1155.000000	6.3425330833866091	133.3040257748983777
 1156.000000	6.9999462221078792	152.9366805428306009
 1157.000000	6.6649674701177926	149.8145454627526476
 1158.000000	6.8748849755939387	158.5813772992808879
 1159.000000	6.4644165027778966	151.6639107670023350
 1160.000000	6.8491582225172047	148.2142857343623064
 1161.000000	6.2227853328478568	162.3090474327751735
 1162.000000	6.8960791538579747	128.6850631336524771
 1163.000000	6.2447574751038655	177.7048344877721888
 1164.000000	6.5785181272291826	174.7215858538828286
 1165.000000	5.9920905912135725	123.8179026841275743
 1166.000000	5.5030450198147198	146.6888023445053477
 1167.000000	7.1005115331604856	131.8819333431208634
 1168.000000	5.9916702369575212	130.0524614975587951
 1169.000000	6.3870372027640165	176.4589856329578765
 1170.000000	6.6128296739747023	151.1024044955199770
 1171.000000	6.2264993464978788	153.6537625899171360
 1172.000000	6.9637824263637746	153.0765819957528038
 1173.000000	6.5286434333135652	162.6585458579772308
 1174.000000	6.7055194836985779	159.6090622315364840
 1175.000000	6.9592973630374386	170.2232794704532353
 1176.000000	6.6393528918520150	154.3202740379363149
 1177.000000	6.7805464635097348	159.8680707473059783
 1178.000000	6.6012586222229457	146.2602959049636411
 1179.000000	5.6340363930486763	142.1067106267196607
 1180.000000	6.5327178304832021	161.0537781015084420
 1181.000000	6.5705194773873750	118.3760344784086982
 1182.000000	5.9336113886926949	120.9550273273743528
 1183.000000	5.9884933477447726	118.2943231869098639
 1184.000000	5.1053620843416860	129.6563529872589982
 1185.000000	5.5929149142693770	131.3505040476776173
 1186.000000	5.9560827075727740	116.5292795128207501
 1187.000000	6.1436498998400433	124.2292512960263196
 1188.000000	6.4567137232179075	152.1373395007801150
 1189.000000	6.1198141966214985	122.5532733787897541
 1190.000000	6.8225310332129769	125.7061866976064692
 1191.000000	6.9076243162086453	155.1961552682187744
 1192.000000	6.3355774326014780	170.7943186795291126
 1193.000000	6.9785889970546346	163.0352063302502756
 1194.000000	6.6637156750967046	153.6667853390306959
 1195.000000	7.2528982716919632	63.0440895489136466
 1196.000000	6.6775702510083290	77.3471560662131878
 1197.000000	6.7188940186529074	93.8856832851545988
 1198.000000	6.8228671832934484	79.0353956129373501
 1199.000000	7.0514745202055318	71.6355550400009378
 1200.000000	6.3447973251238965	84.9548240038629672
 1201.000000	6.4705629403501845	80.7301707918804397
 1202.000000	6.8372413379886172	94.0360244750280430
 1203.000000	5.5828930834577877	112.1260636407028812
 1204.000000	5.6922284792583850	152.9338090874113050
 1205.000000	5.2711684570205195	120.4290019082072547
 1206.000000	6.1741330765041642	101.2064149075443709
 1207.000000	7.0922098167329821	100.6312734159757980
 1208.000000	6.6069001964380645	82.6146131092066724
 1209.000000	7.1029628155215203	86.5316028000543014
 1210.000000	6.4530908109283365	61.4152677396506448
 1211.000000	6.3278088484722490	76.0347328127206055
 1212.000000	6.6223039140249362	83.0534928878243335
 1213.000000	4.8017822152032483	128.4599017511595491
 1214.000000	6.3270975971775032	91.7945960837182326
 1215.000000	6.4447068101873928	64.5991664851703007
 1216.000000	7.1869562670860772	82.8441424617898718
 1217.000000	5.7879805367092700	125.1388414646998228
 1218.000000	6.8237537286488665	93.8372338992880941
 1219.000000	6.0136075237890250	82.8483273738610961
 1220.000000	6.3006934727336290	92.6690664769722758
 1221.000000	7.0227799040422525	83.1104702149137466
 1222.000000	6.2241405996784458	71.2069485221391574
 1223.000000	6.2223773482247724	70.4060198786385456
 1224.000000	7.5178465079546921	84.2229052398729294
 1225.000000	7.0110163072918370	84.3034542435973577
 1226.000000	6.7874702041519885	69.5739980345464488
 1227.000000	6.6006258392214479	75.3693598995749880
 1228.000000	5.6146384474507842	90.9093314912557418
 1229.000000	6.0884962325584748	124.1151408471882860
 1230.000000	5.6981538928582545	128.9607710869557877
 1231.000000	6.3461437711759965	80.2775720853273071
 1232.000000	6.8979036056028722	68.1012817936836541
 1233.000000	6.8192136874690323	101.9310703095967909
 1234.000000	6.7474247298804544	80.2690338886012853
 1235.000000	6.9279142885767193	100.1678358364235066
 1236.000000	5.9497741091766221	64.7628857638043058
 1237.000000	6.5684944732613859	63.4460723658013279
 1238.000000	6.6399173786091037	82.6370847788031853
 1239.000000	6.9825042774751083	90.9596529169730417
 1240.000000	7.0146512077431504	76.4182856646171018
 1241.000000	6.5149142041376464	76.2076536861455764
 1242.000000	6.6212612305912737	88.5604062139017003
 1243.000000	6.7057589664294879	101.1885327502178171
 1244.000000	6.7610245711962316	87.3162728239112198
 1245.000000	6.7539211191248896	84.5790767318112842
 1246.000000	6.2791356969830794	72.5865269882993545
 1247.000000	6.6345422318985392	99.4890832156070530
 1248.000000	6.5194593195054003	96.0034576472240531
 1249.000000	6.6790974741255917	53.0655415561796104
 1250.000000	6.4203634597626307	70.7399926343965859
 1251.000000	6.1232978108626481	72.6284122127869267
 1252.000000	6.4243605515573741	75.8373739761098165
 1253.000000	5.1671556936977012	58.6447193124855346
 1254.000000	6.2648123646892353	114.5018076925994990
 1255.000000	5.6504754275737756	117.5156223751724411
 1256.000000	5.2953772472121692	109.6987355935649617
 1257.000000	5.9331845487620880	108.6780235652462778
 1258.000000	4.9674961072079391	117.9042909962099088
 1259.000000	5.9856244369784726	113.4234121176578469
 1260.000000	7.1547455428084543	85.5343941613827212
 1261.000000	6.5413788540962008	82.4400441067182470
 1262.000000	6.3768695949798158	72.4403442216073046
 1263.000000	6.8748105854407093	96.9599634721431727
 1264.000000	6.6555823066738808	87.0010062301536919
 1265.000000	5.3994173061198669	134.5470925359728653
 1266.000000	6.9454832803078048	88.8095759794843076
 1267.000000	7.0393859421488321	75.3690719312811126
 1268.000000	6.0883636504990779	99.8101233499108531
 1269.000000	6.8410600868874143	89.7589449751068713
 1270.000000	5.4901077904392439	118.0277869499747396
 1271.000000	6.4899096776351186	87.2271692765367419
 1272.000000	6.6003635105206273	79.2263349537651038
 1273.000000	6.2930327893793567	61.2359641267364765
 1274.000000	6.7957045430605660	86.2873439361647456
 1275.000000	7.2480221851798969	98.0140543855489028
 1276.000000	6.5330086514816301	89.3006810051155213
 1277.000000	6.2688237717556801	126.4758849594104930
 1278.000000	5.2338531119680480	131.1100545628924010
 1279.000000	6.3787360531097210	54.2557436560834958
 1280.000000	5.4601176849105544	74.6328387550837249
 1281.000000	6.8347497076366395	103.3100713664686623
 1282.000000	6.4103495316926029	93.4520494991013067
 1283.000000	6.5294301426077421	72.9295348911429500
 1284.000000	7.0076783723817941	84.9510280421626334
 1285.000000	6.8223596959478323	72.6731974707076773
 1286.000000	6.9216439484714511	85.3086050147060746
 1287.000000	7.0766762782999830	83.3491772309975261
 1288.000000	6.7780546739840126	120.2021801989624095
 1289.000000	5.7282917327633340	76.6827433623259225
 1290.000000	5.9503181256542161	103.4719341911071950
 1291.000000	5.4446515388676540	124.7854001142013800
 1292.000000	6.1847939346187477	82.2236269229534145
 1293.000000	6.2747827285461693	63.7346377427147530
 1294.000000	6.2388838099760529	61.9359375474214602
 1295.000000	6.5936353770913767	65.5611072154901109
 1296.000000	6.7905059676210477	86.1304607247253813
 1297.000000	6.3112227115186741	75.5943538233820647
 1298.000000	6.7651943908068608	74.6209758525951514
 1299.000000	6.6113009888174163	84.1917542837607158
 1300.000000	6.5500370700207640	77.5189869296168297
 1301.000000	6.5776762022002044	63.1631898219347505
 1302.000000	6.9166379973475340	92.5272092237071604
 1303.000000	6.7305891418832431	78.9535271704346115
 1304.000000	6.5009320717012544	83.2427231198521156
 1305.000000	6.7531622040114510	98.1500285336843916
 1306.000000	6.6663075485232870	73.9873892138553231
 1307.000000	6.3672596083653268	71.7575233873938885
 1308.000000	6.6729975020933958	93.9262584137693182
 1309.000000	7.0709829321913382	90.4851930279821630
 1310.000000	7.3059014524905290	94.8111973411134272
 1311.000000	6.5873060997294228	82.8419688499903799
 1312.000000	6.6214132660199292	67.0092205037880717
 1313.000000	6.5849929318291158	86.4407595719734587
 1314.000000	6.4750797307682095	93.2564065635010024
 1315.000000	6.6732870781471822	90.2367755452633844
 1316.000000	7.4438158512589405	91.2902222301940043
 1317.000000	6.3134256045490975	79.0523626470923091
 1318.000000	6.6308811266296042	89.6897158623276312
 1319.000000	6.1872102709532779	73.6055156254424787
 1320.000000	7.0802945837544886	91.3095937976475227
 1321.000000	6.4370163439995967	85.5746885232560857
 1322.000000	6.4840936926476465	78.2927351233650626
 1323.000000	6.7744490022174659	87.4162390688390332
 1324.000000	6.4021980309785143	90.8829554508726289
 1325.000000	6.6501190232993581	85.4579148619478985
 1326.000000	6.4312681538580545	76.0042960447905642
 1327.000000	6.3506361073610620	76.7136165415763003
 1328.000000	7.0409695453451855	83.9640416076597802
 1329.000000	6.7328350687571206	82.7400647363689643
 1330.000000	6.4268196225799841	65.5014009269969932
 1331.000000	6.5540983375022730	67.8967046386999442
 1332.000000	6.5138740509581838	88.1580331940278370
 1333.000000	6.6321911361284993	86.4422605243706101
 1334.000000	6.4943063462687727	76.9240429304763467
 1335.000000	6.3785535448312736	64.7825496319407677
 1336.000000	5.4153964441857942	101.3877579103705813
 1337.000000	6.4408878546963386	125.8144227041482281
 1338.000000	5.4210373302404156	107.7658458001911015
 1339.000000	6.0010636777652451	111.5445412970027235
 1340.000000	5.4171628510437744	120.7335200495246852
 1341.000000	6.1537784622614096	115.3190946800619656
 1342.000000	6.2592355242552413	74.0866612990209887
 1343.000000	6.8014968716492046	88.7794219412248111
 1344.000000	6.8596685094077561	77.7353018267072002
 1345.000000	6.6866540643735854	113.2451691334584325
 1346.000000	6.3805408592660608	73.5957142057001050
 1347.000000	6.4547879104911257	77.6877228683648724
 1348.000000	6.8081421665093362	77.6095070836020113
 1349.000000	6.2997721713606181	72.0032191158243080
 1350.000000	6.5924276250449125	89.0614249771737860
 1351.000000	6.4039243913891930	81.4433161095848419
 1352.000000	6.0462148119866814	133.6840649765869671
 1353.000000	6.3504933590559736	111.9779956231602256
 1354.000000	5.4073229436302839	137.9131163906820632
 1355.000000	5.6983014082084331	113.6009614706916011
 1356.000000	6.0512884501115654	123.7443061595938332
 1357.000000	6.3333883827712780	120.2265126921353726
 1358.000000	4.9482856639439143	139.3721809776099008
 1359.000000	5.8970246466697684	115.9305388299134734
 1360.000000	5.3554073557448252	121.9033939539534543
 1361.000000	5.2597968350675561	123.3207847445719807
 1362.000000	5.3397668082349190	109.0983583632086606
 1363.000000	6.6455185851924163	79.8221155084888636
 1364.000000	6.2545452320722177	76.3838732662562165
 1365.000000	5.9444025963447560	112.8112596263924985
 1366.000000	5.5836493971803884	122.9980841720579150
 1367.000000	6.5888033358995877	79.9699390801320220
 1368.000000	5.2503303651324842	123.9002952434724136
 1369.000000	5.5075615199527714	132.9222883688661625
 1370.000000	5.9084555849637290	129.2857639881345904
 1371.000000	5.4417291011393498	135.2483413906048497
 1372.000000	5.2663294274271628	119.0073068500296927
 1373.000000	6.8380858540839817	86.3586994713344467
 1374.000000	6.1174816765574800	76.2397528240667839
 1375.000000	6.6621383421101603	87.0868680558429986
 1376.000000	6.8540048945452678	58.3309739170544930
 1377.000000	7.2056992708438550	104.7880003658359414
 1378.000000	6.4650807325842621	60.8921179201017537
 1379.000000	6.9405733242473842	91.3181801280301642
 1380.000000	6.1255385119212447	66.6998020418510436
 1381.000000	6.6052309306976333	82.0913539216336403
 1382.000000	6.0838497998165488	48.1601785237499769
 1383.000000	6.7627768916310291	97.5620231683986958
 1384.000000	5.2999412795279586	115.3744399865176717
 1385.000000	5.9059568623738787	118.9163215748330913
 1386.000000	5.2511903680686247	114.8613951609711989
 1387.000000	6.1276165968954128	126.3529620047180515
 1388.000000	7.4091605527180775	85.8249255596701062
 1389.000000	6.8505573125477168	81.5869788419582136
 1390.000000	7.8468175954370780	108.7294834099077150
 1391.000000	7.5865104605981424	88.4179534339856303
 1392.000000	6.6121348357962519	82.5157078373634363
 1393.000000	6.5025185860962083	84.2310375414723751
 1394.000000	6.6344983825716222	118.5222997339160145
 1395.000000	5.5022140847601744	55.7103768377643433
 1396.000000	6.6121080204861240	82.1743620418110510
 1397.000000	6.8890267115877943	97.7028338899786490
 1398.000000	6.6847880275297786	81.1947383139331151
 1399.000000	6.8251877660504370	106.7785166564093515
 1400.000000	6.4687774275862635	115.6275826025386664
 1401.000000	6.9367967336842167	116.3406869759278379
 1402.000000	6.4458208798297623	122.0876723916898925
 1403.000000	6.3960707218919275	81.3243233886327346
 1404.000000	5.8388699516909162	127.3538147747105853
 1405.000000	6.7071252617835766	120.4422592292168019
 1406.000000	5.1731611934823283	121.9438849633005191
 1407.000000	6.8920661501020808	127.4349331556886398
 1408.000000	6.7546557584532350	89.8205605569893493
 1409.000000	6.1117377061134297	138.4726056706834356
 1410.000000	5.2148093628362115	138.6384947328633928
 1411.000000	5.6805947153402379	126.0833276838627910
 1412.000000	5.7166493586410470	122.4431739588171695
 1413.000000	6.0524929435658041	118.9869870750670060
 1414.000000	6.7744812022996976	73.8907407104315013
 1415.000000	6.6780253732114847	95.0661070453951567
 1416.000000	7.6306921210439853	97.9289260702538940
 1417.000000	7.1683676084899908	78.0363110014292687
 1418.000000	6.4233308939766536	91.5931825995460969
 1419.000000	6.3041697530475513	82.7236548987479097
 1420.000000	5.9935928524150945	71.4156937928461133
 1421.000000	5.8173429796717846	117.3028155600254649
 1422.000000	6.0000356197828424	105.4196164108439859
 1423.000000	6.5035585879658138	114.8892104450139158
 1424.000000	6.4353573693947501	85.2166663511040383
 1425.000000	6.3064274298072140	86.6277688376295743
 1426.000000	6.7243504375678711	78.8856888532193068
 1427.000000	6.4974857689774845	85.8592784364530814
 1428.000000	6.9695854602269680	74.0856323048372616
 1429.000000	6.0470684231842879	98.3937450506979872
 1430.000000	6.6064050424046199	91.4182480774132245
 1431.000000	6.5609066398567411	89.4466362815570761
 1432.000000	6.8691339368396527	59.8117846664829500
 1433.000000	6.5274642833600778	91.6641173211653069
 1434.000000	7.3587460417057873	89.8648317785007720
 1435.000000	7.2607986085976082	93.0828568379174328
 1436.000000	7.2626394960325564	97.7628892435452457
 1437.000000	5.1630211385497944	124.3704157073851206
 1438.000000	5.4735030003672902	119.1306444410539882
 1439.000000	6.1320265153364097	124.1392317631796516
 1440.000000	5.5375139361808516	131.4648322381471814
 1441.000000	6.7784398599127957	99.8329588108649233
 1442.000000	6.7401531221992350	70.2508192263101847
 1443.000000	6.4843094546617355	84.1828187832162058
 1444.000000	7.3324387626356211	88.2288667112240574
 1445.000000	6.9148588644775844	95.5295690013385155
 1446.000000	5.7289007168016122	128.8698119948214753
 1447.000000	5.5664304001069524	125.9294031177698656
 1448.000000	7.8561756559383902	89.1476379056164348
 1449.000000	6.7325970718449373	73.5896524074168923
 1450.000000	5.1548821134267646	122.0527910609577589
 1451.000000	6.4294069199288684	79.9593064855817914
 1452.000000	6.5464765132295026	65.5574600534344398
 1453.000000	6.4645372205105449	76.6781809371743748
 1454.000000	7.3519710853219671	107.6901916509725368
 1455.000000	6.6861559073597645	127.0719104156760579
 1456.000000	6.2033163159320264	139.2871562246276937
 1457.000000	6.6274448231977461	126.2893555363389027
 1458.000000	6.7970424665237248	81.0461629266975621
 1459.000000	7.0093654755460024	72.0134494603706656
 1460.000000	6.2359451914223119	80.4497061318178481
 1461.000000	5.4902308759911476	122.5004017694983247
 1462.000000	5.8836410838841076	101.9095140476901236
 1463.000000	6.5756178369761074	91.9607828135270466
 1464.000000	6.0359030106592959	99.9440562133990795
 1465.000000	6.7615760332835002	89.7002812266031242
 1466.000000	6.6922532221024316	96.3435111972569018
 1467.000000	6.2118110419430836	87.5179202454582139
 1468.000000	6.6941918497254855	90.7530304541241009
 1469.000000	6.8158138308569303	93.2142567047785633
 1470.000000	6.8587764535188427	102.9284813267717595
 1471.000000	5.8836884766470590	104.2134476851968259
 1472.000000	6.1957872334764517	78.0185873691824128
 1473.000000	6.2106537612070767	57.5780590679627977
 1474.000000	6.6234435306790820	74.9690353422857783
 1475.000000	6.6405109357824719	81.5433952927031385
 1476.000000	6.5734371992233243	66.6233840441111482
 1477.000000	6.4077210729833523	76.1829216719377058
 1478.000000	6.5425186632731416	79.3844067011484213
 1479.000000	7.1494641541349528	92.5674553141877254
 1480.000000	6.3940562859346146	68.0392220209543979
 1481.000000	6.7685628475927162	161.3304833657186919
 1482.000000	6.4401790462431139	157.9540443184637013
 1483.000000	6.6159165722169053	153.6547162266061832
 1484.000000	6.8955374324537946	142.9072670435992620
 1485.000000	6.1322995428733700	161.5709144046718961
 1486.000000	6.8414460122184479	159.2467141519124141
 1487.000000	7.2156814038494019	151.0552382109739256
 1488.000000	6.1901045181288392	162.9990298242865379
 1489.000000	6.5596354871790279	143.3119161807210844
 1490.000000	6.4845909269279662	149.2863279768287157
 1491.000000	6.7525608257421910	138.0368890148130845
 1492.000000	7.4419706160322177	141.4407042203546325
 1493.000000	6.6615350243457838	162.4168132605307164
 1494.000000	6.8430577118790765	149.2867050157168478
 1495.000000	6.5745915717058683	143.7262822468360355
 1496.000000	6.9702581652652160	151.6054101902416846
 1497.000000	6.2708770494312462	112.0270770971777523
 1498.000000	6.8409421110070294	164.3934886976024927
 1499.000000	6.7954637441233645	147.5351518806183435
