 0.000000	3.6829165706774121	55.0812560303313319
 1.000000	3.1271527262366661	58.8121225786843951
 2.000000	3.0404329601008899	42.0409815437451755
 3.000000	2.9498979959144758	20.0187228993958399
 4.000000	3.0796292133449459	53.8728430486357155
 5.000000	3.7165457503665635	55.5094616424052987
 6.000000	3.0039382333907323	33.4655421879323853
 7.000000	3.0756262041050375	41.7509693316794142
 8.000000	4.1110509428795821	55.3903298020901644
 9.000000	3.0176938066051178	61.4443494177322123
 10.000000	3.3437864305740841	36.4921978971770216
 11.000000	3.8461652449951700	43.5833380113143107
 12.000000	3.1684336895553620	23.0141567579456137
 13.000000	3.2701714065642018	51.3980996782337627
 14.000000	3.3316546368733775	57.0491266502575485
 15.000000	2.9233995169534261	40.9597982130266018
 16.000000	2.8983356828202704	21.6594780998460976
 17.000000	3.2103513193575206	33.8788217174453905
 18.000000	3.3289792178839455	47.2781612696892068
 19.000000	3.4325239030080010	27.5749742398742228
 20.000000	2.9258245496196476	46.3292841473294175
 21.000000	3.1412034230875503	48.0170244685704404
 22.000000	3.0309900143233577	46.6182766241437321
 23.000000	3.0032865964336342	21.3731132527814225
 24.000000	2.9485150084880996	27.3891437484044502
 25.000000	2.9416949290325141	7.9673552596449611
 26.000000	2.7957702805044788	31.0464925785753110
 27.000000	2.9665277968090269	29.2743165056920702
 28.000000	3.0840943946175701	20.0436802925620441
 29.000000	3.1726799204683140	24.5764924029606391
 30.000000	2.6555938705859927	31.6230806840326579
 31.000000	2.9820450393680269	21.8312311682526570
 32.000000	3.2343939177212926	16.4176570486180538
 33.000000	2.8479896581648032	26.5447789897608857
 34.000000	3.0656213155589649	20.9564374524991592
 35.000000	2.7993432237742240	25.6259549487571121
 36.000000	3.5329585148519524	35.1486133003265877
 37.000000	3.3698464715607699	31.8485390918651774
 38.000000	3.5909334362514613	48.7767307494924296
 39.000000	3.9769380217730275	58.2627186897807832
 40.000000	4.2524066465452988	63.0973050051715489
 41.000000	4.2675681609301108	48.8055021515818055
 42.000000	4.0211208716995177	47.1275351333605101
 43.000000	3.5299524609594326	62.1344011035459118
 44.000000	2.9355460326381291	37.5820505436711585
 45.000000	2.8669075887335764	29.4556478534893529
 46.000000	3.7346923221310022	35.3270004364497652
 47.000000	3.5287068061065976	80.3577222783500105
 48.000000	3.1617264019543452	32.7676403726290175
 49.000000	3.5413202443081908	29.7200896368906911
 50.000000	3.8518546262501618	48.8325089507098369
 51.000000	4.3512479647327149	35.1674647665620626
 52.000000	3.9584557931232691	74.4935939592665903
 53.000000	3.5895577761248307	61.4206836721236158
 54.000000	4.6309531946821254	84.7243067805504921
 55.000000	3.2335286240146144	61.7474383156109212
 56.000000	2.7612041154555853	33.4042773429882516
 57.000000	4.8680009810440685	54.4360404191376261
 58.000000	4.3513846521007666	37.2328718322600594
 59.000000	2.9213810012768220	24.2095663595082158
 60.000000	3.8813325171257538	44.2260967097077753
 61.000000	3.3448134150260866	67.3446892582510088
 62.000000	3.0888816477434209	42.0512483652798608
 63.000000	4.8920363863006617	51.4351315080425024
 64.000000	3.5388650898964547	31.9073363621999988
 65.000000	4.1546049441435864	46.2539480505109282
 66.000000	3.6191940595935925	47.7334077473209959
 67.000000	3.3402045867591150	54.5930193269863508
 68.000000	3.0156026369439259	12.3327865901869131
 69.000000	3.5979194522006748	46.9224510479605783
 70.000000	3.8915399145598277	41.2777339849091334
 71.000000	3.7165485860731402	60.9075134061850889
 72.000000	3.7797260322808248	64.2260582922451988
 73.000000	3.4041634212970187	55.7904449915566119
 74.000000	3.0995972830350382	19.1236074395692128
 75.000000	4.7300530741525852	44.2306770369859521
 76.000000	3.5280823547507243	53.2443760233847030
 77.000000	3.2296256659483396	42.3586115745009693
 78.000000	3.1595225260820832	11.3412350376506481
 79.000000	3.0317347221893174	27.8891468643875555
 80.000000	2.8273930724643206	27.6563370849546288
 81.000000	2.9016575715286739	20.3010190721971924
 82.000000	3.8034690736486487	43.2575103945969488
 83.000000	3.0711033973923034	23.0860212261522975
 84.000000	3.1153523760059683	11.0282398679044888
 85.000000	3.3661039727052335	15.5259967207646810
 86.000000	2.7688041800983241	6.5525243148430832
 87.000000	2.7922874563688795	38.6090394628039348
 88.000000	3.4936833625759682	45.7085821889786814
 89.000000	3.1359150078420619	21.5435270261033054
 90.000000	3.3597814737604823	43.5145072392055852
 91.000000	3.1493085991641268	29.3150824198303326
 92.000000	3.0837652677080656	47.0270014071529090
 93.000000	3.4312290179882403	28.5583931730338634
 94.000000	2.7412907779149034	24.0675704936375041
 95.000000	3.0149839179303033	33.9410390095519574
 96.000000	2.7753650353786292	21.4814558322842686
 97.000000	2.8211702222829795	42.8180834755605133
 98.000000	3.0315025649032314	63.6530056527585089
 99.000000	2.9817543796520023	20.9045094263133819
 100.000000	3.5081667286148348	65.5410681841976981
 101.000000	2.8676768428389230	26.4691165548922527
 102.000000	3.1493575297050596	38.9753263312865386
 103.000000	2.9840780456008811	30.9633905336593784
 104.000000	3.0119349713076105	36.9575528445886619
 105.000000	2.9913300961582383	42.9168042072263631
 106.000000	3.3891602129768161	51.1370827774037195
 107.000000	3.2095139743598602	45.5760090636055111
 108.000000	2.8367103762744139	32.7403126672136580
 109.000000	3.0685575053835001	17.7921343422351583
 110.000000	3.3000730007327883	49.7352212311487847
 111.000000	3.4285295944954606	52.2874783321761782
 112.000000	2.9912280472746069	17.9719169348383616
 113.000000	2.9342065402121160	9.1589610456388755
 114.000000	2.9887390301537597	30.8682772263470611
 115.000000	3.1955277376987303	34.7779995387600991
 116.000000	3.1370928118913821	12.4877130483367864
 117.000000	2.8920241736121972	35.0076365714158726
 118.000000	3.7409070295471882	60.2922102987068769
 119.000000	2.9415816198436109	59.6527435117622531
 120.000000	2.9770896411021446	29.9972598629070717
 121.000000	3.0099979177432887	31.2016838361250848
 122.000000	3.1729157182975420	50.1583970963359036
 123.000000	3.9357532261334569	54.8460312088995039
 124.000000	3.1996779205985955	19.7651420493793921
 125.000000	2.7861930600571880	25.4084690864258391
 126.000000	2.9604826253575620	34.6390272185593346
 127.000000	3.2372249927569419	63.9650692637432599
 128.000000	3.3035253533525837	43.9374515564305739
 129.000000	3.3231025416360302	21.0133299274704370
 130.000000	2.9311400056935049	35.7148751489111476
 131.000000	3.6964726661191878	37.8908618929504541
 132.000000	2.8019610769669003	34.4769073554985823
 133.000000	3.4533364401669058	27.3008086495928524
 134.000000	2.8279754448872962	13.8975853644328993
 135.000000	3.0234760916308270	40.0539421142634922
 136.000000	3.0821300973014583	36.4602346737689516
 137.000000	3.4344294634184758	40.0596525192860042
 138.000000	3.0829349612085784	25.6098206922042664
 139.000000	3.0864372433316820	38.5741579250418454
 140.000000	2.9459694260440683	20.6476919810690163
 141.000000	3.2467267759472773	70.9468209827835352
 142.000000	3.0924929884533188	44.2581720740345759
 143.000000	3.2061001749899583	55.5476368453601594
 144.000000	3.7977520856013460	60.9488718590870207
 145.000000	3.1780316370187869	51.3652289536537978
 146.000000	3.2494275531413490	7.6777223544134756
 147.000000	4.0043170865072177	49.8434847790269373
 148.000000	3.4525927605198552	45.8384390115248550
 149.000000	3.1064710704363390	49.6693325115844857
 150.000000	3.1801832640773280	45.6650989567253873
 151.000000	2.7757115431271182	24.2585851931242757
 152.000000	3.3807671295827602	51.0936401782924747
 153.000000	3.0193812787364234	23.6242331917965203
 154.000000	3.0531003135049870	33.4986162054128442
 155.000000	3.3136676555046596	15.0962614187290569
 156.000000	3.3381141273973669	53.3339880238795132
 157.000000	3.0673750551863170	56.0278599880337254
 158.000000	2.9226693284408198	27.4676706710851875
 159.000000	2.9180611557478482	20.0827742377902894
 160.000000	3.0044162379895205	37.7720330282906787
 161.000000	2.7672185884376432	42.2707685297814066
 162.000000	3.0268971798541937	36.0580371934356947
 163.000000	2.9144866116536687	57.0385099721499245
 164.000000	2.9889504793112338	30.2180464569506739
 165.000000	4.2901737154922843	60.1438002927061603
 166.000000	2.9711326442835557	23.7057802412676892
 167.000000	3.6662038158050718	52.8305798466791003
 168.000000	3.1955889343365738	37.1796936579003443
 169.000000	3.3257801576500854	25.6682646291597791
 170.000000	4.1010677306956325	69.1413990755795567
 171.000000	3.2515410256897210	35.3970007952964067
 172.000000	2.8970024775382459	59.9216166948907301
 173.000000	3.1060177103531306	47.8334066156162123
 174.000000	2.8595871558274988	21.8179328858848010
 175.000000	2.9259105239734366	46.2169223787327041
 176.000000	2.9175297616840554	41.4706015639505381
 177.000000	3.0205644711204016	11.9952268028991398
 178.000000	2.8414335928353465	16.6330829346863709
 179.000000	3.5519294909292931	45.1115314840016595
 180.000000	3.1423629287997104	47.8654833100424071
 181.000000	3.1198476754395719	30.4362790873551603
 182.000000	3.0898869634608843	40.7602125142309433
 183.000000	3.4468281566480732	58.0712700613238582
 184.000000	3.0582983645208444	40.2449634993755296
 185.000000	3.0450556155671640	34.3449193481511657
 186.000000	4.2244894047590753	59.5295840220626076
 187.000000	4.3734801998208317	51.9074565849665248
 188.000000	4.6912357180902138	38.9208504658694494
 189.000000	3.2989404149808155	79.5713170280157129
 190.000000	3.0680537452347285	60.4118842678773831
 191.000000	4.1462665378677208	53.7167960365983390
 192.000000	3.0440045757874685	48.0620991283993249
 193.000000	4.1981108731145245	79.7505945195547952
 194.000000	3.2439243606039287	70.3694271132273599
 195.000000	3.6258309502936101	83.3333260050491731
 196.000000	4.0179603364678522	54.5062552890223202
 197.000000	3.3261893129900515	40.9766876013251533
 198.000000	3.1239283538494549	78.0159605976679273
 199.000000	3.1258113639020277	84.0025152788350766
 200.000000	3.2484733172070395	85.5147320235114137
 201.000000	3.3172539742810030	58.0359387812542309
 202.000000	2.9771590575710229	41.1772453401002281
 203.000000	3.1094551215058472	54.7430703078643859
 204.000000	3.2769145669717634	53.4255511702258303
 205.000000	3.1320138663873180	41.2644053985988535
 206.000000	3.5435844310841200	38.9414948434337020
 207.000000	2.8452291528264033	17.6633913693326576
 208.000000	3.1360128090419237	41.3909818469934123
 209.000000	3.6561609841967355	49.8837778425396436
 210.000000	3.1041890979427298	45.6222190113439297
 211.000000	2.9843349801112899	75.5567252493693076
 212.000000	3.6455678482801455	88.6488164437932795
 213.000000	3.6902268346281613	54.5488136997851853
 214.000000	3.4559408955376609	44.5315505514530514
 215.000000	4.5279359683568448	59.1495362374896132
 216.000000	3.3441301037325446	41.9048829414302872
 217.000000	3.8102972863960098	36.9385820182464784
 218.000000	3.9112960179146152	56.3325879549939401
 219.000000	3.1022332136084789	36.5305059118900601
 220.000000	3.9673188848932401	55.7640463728093181
 221.000000	3.7764001960047562	67.4823935522371414
 222.000000	4.7643216914950752	52.5961692522242004
 223.000000	3.1603146246734375	48.5759929249702793
 224.000000	3.6656804040003457	29.2218993735041295
 225.000000	3.3061110692268039	49.0772950388897584
 226.000000	3.0754721050131928	23.1157317660584738
 227.000000	2.9588835414094565	28.9701570225046225
 228.000000	3.1756782443523250	48.7452851957480959
 229.000000	3.4494044140126028	58.7445530690345947
 230.000000	3.0785889052325341	68.2781208783131461
 231.000000	3.3351985023885740	39.1502500958293354
 232.000000	3.6016168841383118	58.2293503023149697
 233.000000	3.0016950504255950	36.7552315335024673
 234.000000	3.2290866001980243	19.7292914322256934
 235.000000	3.2289563591681030	46.0102058311821622
 236.000000	3.3080050087337307	48.3585247677077064
 237.000000	3.0519477383742624	62.5036587923226250
 238.000000	2.9788294520167975	62.2738425816190926
 239.000000	3.2876028081370947	38.4126362935765258
 240.000000	3.0379338700493039	19.7265758385073013
 241.000000	3.2259320825431530	53.0729807605219861
 242.000000	2.8851580116518201	29.1297167608735776
 243.000000	3.2277542503224104	20.2812664021801652
 244.000000	3.4954477930105003	48.5886925334305317
 245.000000	2.7915818315074579	26.1415717617560972
 246.000000	3.4619173865596999	61.9728606010607592
 247.000000	2.7730399487614728	17.4583622149926327
 248.000000	2.7623989746185780	43.1934921423924720
 249.000000	2.8611707394797818	27.6096422688518146
 250.000000	2.9499689603603279	42.1837928619424929
 251.000000	2.9470312592174723	53.2300874703567786
 252.000000	2.9507785736609997	28.9931436756354231
 253.000000	3.0565407912222193	35.1906162671263019
 254.000000	3.2144887563159981	62.2523807476988367
 255.000000	2.8601132859357365	18.3672355501242350
 256.000000	2.7855077528217578	24.8038100721637704
 257.000000	2.9651507528229777	62.1973453506422231
 258.000000	3.3151360416375359	26.9770352541309535
 259.000000	3.0960661446967586	33.3970026966125886
 260.000000	2.9204020319753843	21.5412862378443322
 261.000000	3.3942238133111728	60.4393097496557488
 262.000000	3.6421139571236738	46.3214494122182430
 263.000000	3.1883301101438635	32.4415486893756508
 264.000000	2.9109318226022083	55.7285528471354468
 265.000000	2.9455641885462684	32.7601004430113676
 266.000000	3.6811982739743558	67.9759698655117575
 267.000000	3.1099980327073222	61.0229332955531305
 268.000000	2.9637312143052124	31.5110281905489558
 269.000000	2.8580872751370010	13.8551310336511335
 270.000000	2.8681397765403491	23.0776455943967278
 271.000000	2.8905170189417775	36.1224903737771115
 272.000000	2.9451851812390237	42.3867814566149832
 273.000000	3.0188629992749534	40.8373136171423425
 274.000000	3.0347914824399007	24.6881132281058058
 275.000000	2.9993693485401378	13.3912830227299366
 276.000000	3.1377582655648775	50.8666720363828233
 277.000000	3.3041454145563223	31.0042538818042601
 278.000000	2.8996842477116171	32.6817434749009408
 279.000000	3.3317495173406910	28.7364404263395556
 280.000000	3.1996209750125311	30.5916163411015134
 281.000000	2.6837426901504435	49.0118446116185851
 282.000000	3.4327847172800068	46.2154374374207748
 283.000000	3.1641719741434629	38.5173257306125549
 284.000000	2.9608792151156154	38.3805706317421311
 285.000000	2.6255364115885929	26.0867952682926898
 286.000000	3.0060589733594680	21.8566935564890628
 287.000000	2.9476029198063438	36.5081479611201019
 288.000000	3.3510360404423181	56.5062195836984102
 289.000000	3.3753586603418402	18.3309991870188185
 290.000000	3.0391024909568749	51.7142107850462196
 291.000000	3.1705616598778330	13.9820379545167839
 292.000000	3.2720540096508577	46.9743626675039820
 293.000000	3.0571807005660885	47.8900172200597183
 294.000000	3.0792392311454884	46.1531918018328042
 295.000000	2.8960724632895163	31.4179089613729445
 296.000000	3.1962879285853982	7.9971944593726221
 297.000000	3.3195917941294368	39.9154862380736972
 298.000000	3.2029571324950754	33.9801574300294362
 299.000000	3.1209269726303650	8.9109211144316305
 300.000000	2.8140202500049978	38.4110506918372039
 301.000000	2.8941892357401713	16.2882054586611105
 302.000000	2.9340835395538774	15.6127318261954144
 303.000000	3.3805427851607490	56.5289820483568946
 304.000000	3.0855606428279594	19.6330330360515291
 305.000000	2.8428897189137494	50.5279381211542216
 306.000000	2.9126399678816823	43.7861724086733943
 307.000000	2.7866456238574786	34.8484185159790059
 308.000000	2.8862540160639263	30.6854610553548355
 309.000000	2.7649440028856156	47.3584021174573877
 310.000000	3.0616604091673558	28.8312447056034102
 311.000000	2.9006468601954341	43.6559912916569601
 312.000000	3.0389949757326198	24.8053542480769522
 313.000000	3.0850911947842596	53.2352131700752551
 314.000000	3.1324045920678190	34.5577267624771025
 315.000000	3.2065859881631424	46.6060618197831218
 316.000000	2.9187960511490423	38.7547228634864211
 317.000000	3.1898896337798690	52.0587395808940272
 318.000000	2.9829507857741877	17.6770692714094650
 319.000000	3.0300980591797924	34.2237661433806863
 320.000000	3.2218012243166712	49.4116567122092931
 321.000000	3.3538691511605259	27.9596174317044870
 322.000000	3.4569174937045926	25.7064038950433940
 323.000000	2.8831663492176958	31.7798050837237440
 324.000000	3.3549977445421990	53.8440289941445087
 325.000000	2.9894609766770577	28.4543614944247167
 326.000000	3.0442202426528526	35.1727184110366125
 327.000000	3.0363815813224551	40.9985945444819606
 328.000000	3.2610758170182641	40.9019815188625273
 329.000000	3.1602763430891256	37.0456068705091184
 330.000000	3.0957034772649581	27.2188124476271582
 331.000000	2.9612975419467777	25.7343810217450937
 332.000000	2.9859177200225369	38.0241861862699011
 333.000000	3.5347950307416225	9.8714563222133620
 334.000000	3.3741210192984052	41.4771144854555303
 335.000000	2.9256352131043220	34.9473099395609665
 336.000000	2.9860698744277432	17.8771657840210025
 337.000000	2.8355885455367740	18.2892914054143887
 338.000000	2.8210484060918901	37.3032489620785555
 339.000000	3.2198954213645181	38.2801618990885402
 340.000000	3.1001046781842532	29.7427587200360790
 341.000000	3.3020940409405117	25.2092078919766323
 342.000000	2.9097487243874132	34.3664944035886322
 343.000000	2.9582154411133286	29.8428163986057768
 344.000000	3.0298009512307655	36.1081715877273552
 345.000000	2.9903913373095872	31.0131966546174169
 346.000000	2.8941404235807520	21.7793402490436563
 347.000000	2.8466468631300033	5.5326054723579716
 348.000000	3.1482880852689075	65.0724079843136138
 349.000000	3.1081712005782443	56.2854393941805142
 350.000000	3.0355262470788866	46.5861966476776388
 351.000000	2.6987282432679374	20.1632538209904624
 352.000000	2.8341124125053248	13.3447411347638081
 353.000000	3.1451369514494343	27.3072192100611062
 354.000000	3.1311533137257475	24.5598492635324703
 355.000000	2.9688400730581810	36.1303703234550255
 356.000000	3.0836721805399820	38.0443697677006014
 357.000000	3.2876415530709218	47.6980719132200761
 358.000000	2.9927916156883825	36.4371683713173695
 359.000000	2.8568912636643797	38.6412809059262941
 360.000000	2.8913687451833141	40.3825100142835254
 361.000000	2.7001698306632105	22.5742102550403274
 362.000000	3.1544689539840380	46.8591983700501942
 363.000000	2.8979822794620764	31.6190074304440714
 364.000000	2.9733133650224999	23.9267546055004914
 365.000000	3.3020752290817152	32.8440543467372947
 366.000000	3.3341508641811508	42.7152155999945364
 367.000000	2.6597306189533620	26.6024254973313248
 368.000000	3.2879580945981686	38.1364086015483963
 369.000000	2.8072525698011748	50.4424682915201004
 370.000000	2.9093853633715505	16.6744901636358804
 371.000000	3.3451928460282323	26.1486560591934278
 372.000000	2.8198857700648037	30.0551043996624685
 373.000000	3.1933466309051290	9.4864214702450909
 374.000000	2.9450731798991718	45.2863136645225381
 375.000000	3.1335124894319883	30.0706027866326053
 376.000000	4.5443003511970046	58.0023472326299725
 377.000000	2.7674402488273424	29.6368919874948631
 378.000000	3.7376493842884129	39.6430282883306404
 379.000000	2.7707213690633816	41.7047066573048539
 380.000000	3.3012433817601821	37.7834926668919593
 381.000000	2.8221320890730768	45.2415764016588753
 382.000000	3.2878039289064929	43.5936415456289694
 383.000000	4.6400822177993932	50.1586548984959961
 384.000000	3.3175692832734693	51.6683991509436567
 385.000000	2.7774553363830710	29.3749723963372276
 386.000000	3.1945982109054181	19.0962685841051893
 387.000000	3.0172043488961924	45.7869749772139869
 388.000000	3.3487634759072726	44.9421851036286739
 389.000000	4.2451742389944478	23.8573274998358329
 390.000000	3.3208969292057735	48.9702205851215808
 391.000000	3.1672820917115798	33.1957220736538261
 392.000000	2.8116716592546545	34.8251027093733967
 393.000000	3.5553695124543401	44.4951180918812099
 394.000000	2.9749785767209063	43.0892072063580542
 395.000000	2.9873154534489994	38.7993873629993686
 396.000000	2.9541454880830145	24.0547667756232784
 397.000000	3.1270980483046680	43.1145229350769341
 398.000000	2.8572849535750167	62.5041915319278303
 399.000000	2.7468351808644162	37.6220306066714727
 400.000000	3.3224230883147454	29.5525323451559245
 401.000000	3.1101363525226979	21.1694012077343814
 402.000000	2.9462526084512031	49.6802858948919379
 403.000000	2.9530173768579875	37.2076608910929565
 404.000000	3.0531273520603093	48.9243489233202808
 405.000000	3.2232567275391006	21.8142759112993474
 406.000000	2.9688601298595434	13.5713392227381462
 407.000000	2.8390885984967245	40.8486674588282312
 408.000000	3.0055784681584119	61.5439188617743014
 409.000000	3.0202982210211835	45.4846594009741523
 410.000000	2.8362169863035112	41.2636435120519707
 411.000000	2.9712371105576527	34.8564254850975317
 412.000000	2.9436492591037338	38.9180820365805857
 413.000000	3.1607336183356582	29.9422352532735943
 414.000000	4.2025760423041048	27.5052788689764895
 415.000000	3.5216248752780803	32.3810039075338807
 416.000000	3.3574313841497636	36.1251025448530640
 417.000000	3.1414938470978666	32.7814878535774881
 418.000000	4.3399939666274046	43.7516732792585117
 419.000000	4.5865952398895473	40.5106052866881612
 420.000000	2.9445416871233534	15.6223438646066484
 421.000000	3.0953811424908668	27.0318909869914137
 422.000000	2.9923322333719176	44.0716824574007546
 423.000000	3.1491865863710733	25.3823239584438056
 424.000000	2.8072145357238667	36.1579575805305922
 425.000000	3.0496315133203540	11.6599818931678669
 426.000000	2.8928713479597343	48.4292828682229981
 427.000000	3.5371277207302390	25.3868391735113050
 428.000000	2.9596068215912190	54.6883845200364931
 429.000000	2.8530064390459184	28.6186901784949441
 430.000000	3.1543539652526444	21.8209808722680521
 431.000000	3.2122493154263267	32.1079552982950247
 432.000000	3.9247409480018609	41.5868640850291627
 433.000000	2.8837284242847696	23.0184520514510211
 434.000000	3.7776327396128409	15.2076307518527472
 435.000000	3.1266057150337052	26.5857168621708126
 436.000000	3.7270046785847470	37.6189276296252899
 437.000000	3.1320796171925238	32.0333410961530092
 438.000000	3.0671667835998457	38.9549127462501872
 439.000000	3.2629243246851907	30.9420284401785750
 440.000000	3.1261313274178493	37.7945617721962321
 441.000000	3.2724783386176721	50.6472575335944271
 442.000000	2.9888809401993099	52.6358676608773095
 443.000000	3.0279456729577929	59.4222482945612711
 444.000000	4.5300882479593971	54.3607579327706532
 445.000000	3.4746582731414852	28.9766185801449012
 446.000000	3.1768620866164610	59.1531093956733542
 447.000000	3.1533088322004188	28.0773451402094167
 448.000000	2.9057468411569531	22.6124880419747285
 449.000000	3.1167672806667319	52.2020566436051325
 450.000000	3.0574845787352203	23.8246707387602896
 451.000000	3.0517377628937381	48.9790979305171845
 452.000000	3.2531157403532998	60.2459701235880232
 453.000000	2.8482275329782429	30.6007579470006874
 454.000000	2.9417104481830445	12.0343565825516521
 455.000000	4.0588261980380418	55.9208970592932957
 456.000000	3.0395858689278397	59.1753076999572158
 457.000000	3.8667496935807457	49.8688771540074356
 458.000000	4.2774491080728358	62.4156677475078254
 459.000000	3.1554331302041714	35.3891397469364506
 460.000000	3.0371957595365977	44.7835409473788388
 461.000000	2.8902935936431020	45.9013230070791565
 462.000000	2.7725846290239864	30.3201112077509833
 463.000000	3.8008480961294482	29.2805623128901402
 464.000000	3.8853248340984701	53.4485005473656543
 465.000000	2.8195747042442760	28.0633600387914157
 466.000000	3.2282132764831655	57.8905892564264519
 467.000000	4.6308886390193535	48.8577730842648066
 468.000000	3.2771806469605251	55.1119605164094395
 469.000000	3.0626120842636535	20.0052483877271357
 470.000000	3.7650959637095940	53.9724374683421644
 471.000000	2.7786114995223032	31.1594649033632436
 472.000000	3.0817625506070390	28.3483707043583024
 473.000000	3.7475165409101603	49.5755551605654148
 474.000000	3.1694646365573909	42.7029095351452952
 475.000000	3.0722497960533199	57.8194500124480300
 476.000000	3.1201676953355277	16.4141762052133231
 477.000000	2.9385487988072847	13.5496403105066747
 478.000000	3.4514012390092339	44.5235885947326437
 479.000000	2.8152097266596692	39.0685736700729080
 480.000000	2.8103169377658235	10.2297561502238636
 481.000000	3.0570427105174285	21.5142330370109391
 482.000000	3.2496045439721746	54.0984232613327833
 483.000000	2.9309003867120245	27.9174761561476714
 484.000000	2.9016861494865149	26.6134884421109632
 485.000000	3.0554856789939771	24.1101489442909269
 486.000000	3.1021895254198326	54.1190176389181232
 487.000000	2.7956126900248441	23.3891229929588462
 488.000000	3.2260805863756006	44.8911421222279330
 489.000000	3.0241193422368013	27.4077128330227140
 490.000000	3.2018004425379840	14.3767625678626700
 491.000000	3.3361895682634235	17.6430642992086746
 492.000000	2.8229058941525169	38.5931228004517379
 493.000000	3.3596832621872776	30.7110389625634070
 494.000000	3.1969772432040617	38.4052667497372227
 495.000000	2.9010864443467788	27.5814806355799647
 496.000000	2.9765048774622369	39.9691422469670670
 497.000000	3.2044629251859869	13.9061912742358231
 498.000000	2.7867201232668863	42.5557898322977053
 499.000000	2.9656917177950626	41.5791924846499228
 500.000000	3.3509512848176328	56.6833910787254780
 501.000000	3.2333558114933285	35.5536945539584792
 502.000000	2.7270067303276235	43.6948017956202364
 503.000000	3.0434018037117121	45.7627150691018869
 504.000000	2.7376361815495649	26.7554833640106722
 505.000000	2.8211148121596552	22.7640021676940023
 506.000000	2.9158782978553677	20.6106720109248442
 507.000000	3.2135861234544558	47.3830942267923660
 508.000000	3.1205561351059625	39.9160760180024283
 509.000000	3.1937955835149570	57.3883383098429078
 510.000000	3.3571828990153194	56.5151934031945586
 511.000000	2.9617493003502449	25.8618662017567544
 512.000000	2.9800504510010786	48.2211506053944277
 513.000000	2.9103687632378903	52.6757230901829416
 514.000000	3.0811526248998691	26.1000286849008774
 515.000000	4.0220694164741300	40.3763623472547692
 516.000000	2.9518281002987385	24.0534406680625068
 517.000000	3.2621567577957067	50.9258082546407422
 518.000000	3.3637395867963638	43.5554685187545658
 519.000000	2.8661101415406147	34.2335126052684018
 520.000000	3.1139373757636797	20.8458784924644647
 521.000000	3.8663271222972351	34.5047563025718489
 522.000000	3.7045135739638422	46.3748552225063122
 523.000000	4.3585540327755128	51.1100311677631680
 524.000000	3.0187601362949650	19.0504938379769158
 525.000000	3.1276679011111428	13.7379319668384312
 526.000000	3.2198863344221098	25.1524411090222770
 527.000000	2.8060822515836756	36.7077141077590170
 528.000000	4.0250969981495999	38.5020877508965782
 529.000000	3.3397469758005460	74.3451251072212216
 530.000000	2.7779971362698586	20.9704260394695439
 531.000000	3.1160329938413995	43.2417616166082439
 532.000000	3.9417600765099543	40.5008893962072705
 533.000000	2.9973137956143763	37.2411081664859864
 534.000000	2.9173256083349974	31.9305042697869794
 535.000000	2.7143588155020995	27.0034408201271958
 536.000000	3.3933446561048033	61.2006349940451599
 537.000000	3.4194885273219997	55.9889252127252774
 538.000000	3.0659240855993728	15.9626020631877452
 539.000000	3.6433502655563754	48.2615269982638324
 540.000000	3.1653054661918127	16.5129838356576215
 541.000000	3.0585866912548236	26.6462435892821645
 542.000000	3.3097151317149169	50.3900412338273611
 543.000000	2.8790667320591909	44.5962371058075746
 544.000000	3.0044088694845863	25.8037822653856495
 545.000000	3.3483559446798914	53.5908081265644398
 546.000000	3.2459216486338871	17.0381198919473889
 547.000000	3.4696538740184759	41.2524273416342737
 548.000000	2.7424699746654433	30.1885541489528748
 549.000000	3.2347443918927037	40.2032306217558073
 550.000000	3.3929551488654637	31.0202940833245577
 551.000000	3.3854888044647038	51.6914458061376934
 552.000000	2.9341373536117179	29.4299519263980756
 553.000000	3.5885657908306761	35.9983432236905685
 554.000000	3.0877013446887682	40.5581343036333521
 555.000000	3.0895616576688347	15.5595389283818690
 556.000000	4.8845210566039574	40.2902066763556377
 557.000000	3.2837786755633553	47.3162345834593907
 558.000000	2.9966210057897689	42.4789012877798484
 559.000000	2.9554239174503651	15.0078286201306526
 560.000000	4.8731672514793223	62.1046690077992736
 561.000000	4.6748095748370719	56.5152671914404436
 562.000000	3.4467789963636353	10.9847937378846723
 563.000000	3.0191924498509199	42.5166430692763413
 564.000000	2.8809970798814390	40.4815768905325513
 565.000000	2.7913209300586685	25.0801416668062700
 566.000000	3.2731626514010004	33.7722997693828404
 567.000000	3.4702283784507291	35.6005364624379013
 568.000000	3.0840560510668626	40.6833159149944379
 569.000000	3.3959726971510693	63.8699388827732122
 570.000000	2.9667288295734999	32.3720927758473351
 571.000000	3.3866369014639948	40.2592323978625473
 572.000000	3.1207051804682076	24.7569485186661780
 573.000000	3.3644196995630833	52.2724055735275925
 574.000000	2.8698122360313061	34.2568294725305407
 575.000000	3.0538197351233558	22.1196455770988507
 576.000000	3.2379553106481702	14.6743652492892807
 577.000000	3.0385175380120666	62.8535377478510213
 578.000000	3.1599633011455226	43.4969916635049572
 579.000000	2.8037625274236593	37.5532068955855323
 580.000000	2.9588891182929631	25.3773728836645773
 581.000000	3.0516312810970252	24.5768897178167833
 582.000000	3.1787086626223391	34.6359697233176860
 583.000000	3.1089899203047140	20.5063951706909506
 584.000000	3.6068278305315506	55.5986237586967889
 585.000000	2.9452972287355972	13.1772125341678645
 586.000000	2.9556617603632191	39.8967360660672909
 587.000000	3.1425797030675349	46.2971432130141238
 588.000000	2.8922320093541480	23.4431676043007542
 589.000000	3.5231394876555195	66.3415393300820710
 590.000000	3.0613121859729091	28.9157936784718288
 591.000000	3.3391193099964855	15.7060397673528200
 592.000000	2.9594420547914360	55.0681966911971017
 593.000000	2.9199672126183120	12.2481995947739790
 594.000000	3.1754369041381896	44.6021722048160427
 595.000000	3.2040692609007850	52.2660633959664978
 596.000000	3.7165643275591922	43.3659849295039237
 597.000000	3.1394551523880301	58.5814191257825456
 598.000000	3.3880393475470334	31.2873638271412915
 599.000000	3.2338416520445512	26.7247509189940331
 600.000000	3.0978229124565781	51.9862954704570086
 601.000000	3.2760042261250777	34.3737781583998014
 602.000000	2.9260660105348490	35.6791076084889198
 603.000000	2.8857069424317565	14.9209638450726345
 604.000000	4.3860015263715146	81.4134184920679758
 605.000000	2.8684607061903029	19.6945924701595914
 606.000000	3.0887565848414535	35.5463891539151007
 607.000000	3.0650475606691829	12.6342789869008243
 608.000000	3.7678762067110090	44.8065254518182030
 609.000000	2.9044897212720038	28.1410819388648292
 610.000000	3.1342338834471590	18.2308549043232233
 611.000000	3.1900791086668079	64.3624038752227250
 612.000000	3.4737772883523208	44.1058735922177902
 613.000000	3.1882377560942894	49.3642171659960241
 614.000000	3.0901840912437764	27.4413165607113569
 615.000000	3.4823100535460823	31.5225594250632355
 616.000000	4.1443728086875513	47.3199278896177020
 617.000000	2.9760237774848339	11.1225601896933313
 618.000000	3.2523019953591512	48.5637838641578128
 619.000000	3.8242801865802933	70.3736061635456878
 620.000000	3.2140436625249946	31.7454059668691002
 621.000000	2.9740491825677746	38.1602607313085684
 622.000000	3.5552626455926588	67.3491125373212469
 623.000000	3.5110084818397223	34.1564041182119240
 624.000000	3.4420056520204860	30.4754260647588353
 625.000000	3.1688248656783258	36.8703807889426400
 626.000000	2.7988494439843890	16.3702064668441949
 627.000000	3.0392964882131528	32.6764435608907888
 628.000000	2.9632324514781638	46.5955276829936338
 629.000000	2.9544579398799389	13.4921478750856352
 630.000000	3.0391757351805144	21.9672245342431438
 631.000000	2.8374382148890933	57.8914520814612672
 632.000000	2.8284774175778664	22.1951520079757358
 633.000000	3.0361378809976589	19.8208734666226576
 634.000000	3.0473466446741218	29.6010679746038647
 635.000000	2.8595895181297166	43.8683742283992615
 636.000000	2.9785082488366843	56.0692059873957760
 637.000000	3.2914025060230707	29.5267497082329271
 638.000000	3.2262975875218611	35.8480526280171148
 639.000000	3.1744994430200157	42.6923513207301539
 640.000000	3.3723141238759902	22.3779420004535723
 641.000000	2.8500327235983152	12.3115976257094530
 642.000000	3.3880138922488103	38.1540320451688331
 643.000000	3.1407393176617990	22.6531445745672499
 644.000000	3.3239740659564760	36.9942919600466098
 645.000000	2.7997190510373713	30.2841136663608381
 646.000000	3.0526603556173049	67.8467612985599544
 647.000000	3.1256007877492467	37.2750767033042791
 648.000000	3.2486665350782977	61.0674322403159380
 649.000000	3.3698922834915730	59.0628206965639180
 650.000000	2.7635118111984576	42.8462891021093810
 651.000000	3.0955998108308043	57.3326486522440462
 652.000000	3.4034703763861791	79.8130759179313287
 653.000000	2.9319452217735065	29.4973558131270295
 654.000000	3.3878953890191825	54.9092206942620180
 655.000000	3.0196736034758489	43.4619233648244858
 656.000000	3.0946618177644107	19.8499705580350962
 657.000000	3.4168046629329374	42.0239542305551197
 658.000000	2.9351344331944063	18.8752180649345576
 659.000000	3.4833036681248437	65.3739535409070953
 660.000000	3.4027582863868964	52.3310410715640586
 661.000000	2.9158162289248453	23.5751043719959057
 662.000000	3.2322718960269503	45.2327269673725425
 663.000000	2.8830238097212333	47.4741014511803883
 664.000000	2.6745855099740203	20.9182435186167481
 665.000000	2.9152092968686927	25.9532885858904763
 666.000000	3.2319375561811037	42.3374788534091806
 667.000000	3.0418016878428467	43.1777386469665032
 668.000000	4.1005403891570085	57.4489815443785545
 669.000000	2.9843426520502043	34.5079258190120299
 670.000000	3.5128997630510881	51.3555299028315915
 671.000000	2.9688434900737142	15.5718527514239042
 672.000000	3.2739690510653903	42.3132578017862215
 673.000000	3.1055810726365096	29.7546138119362240
 674.000000	3.1087679646611570	58.5440106932949931
 675.000000	2.9878739492574704	42.0463596367936532
 676.000000	2.9477699572776626	37.9771531732920948
 677.000000	3.9763724966647835	53.8313088685745669
 678.000000	3.3153546606086000	49.7897044000614528
 679.000000	3.8364593656680110	19.3606710586758766
 680.000000	3.9812990673437394	64.7251961484964369
 681.000000	3.7151360451363336	25.1199995477225286
 682.000000	6.8027195704107148	47.6774640326419785
 683.000000	5.3474247311552396	58.4955466752915498
 684.000000	2.9828288190869809	35.7532595355578167
 685.000000	3.3729870803062072	36.5214414675600665
 686.000000	4.2289138832074586	45.0357373087634585
 687.000000	3.7198448945203766	51.2339901442332746
 688.000000	3.1392658233652080	37.0875004617685136
 689.000000	3.3857289552451517	75.8058420407712390
 690.000000	3.4591374366615155	36.2763494263462292
 691.000000	3.9888067182136040	53.6895265146723801
 692.000000	3.4188315639483697	49.3832958638980983
 693.000000	3.1973875254450608	44.0114465495466050
 694.000000	4.9401879729561333	62.5465472975489121
 695.000000	4.4927856992270367	34.3443289133230962
 696.000000	5.7763806956305617	45.7505572252910611
 697.000000	6.2906575572343026	56.5183730738762762
 698.000000	4.9305926841171202	43.4045619358730903
 699.000000	5.2866085761972164	64.5098427969331567
 700.000000	5.1854704002379384	52.1860363323347229
 701.000000	5.7050268537959594	46.4433755563669592
 702.000000	6.5739014693488445	27.9138843079174990
 703.000000	5.4411370565236066	50.1538073160741931
 704.000000	7.4126148325508110	35.5056469793065901
 705.000000	5.4211502977454149	48.6122104691733625
 706.000000	4.4337500399785519	42.0211146195018728
 707.000000	4.6943281471869227	49.9018725393851525
 708.000000	4.6587062452082844	40.1554255743996862
 709.000000	5.4322609055633553	44.4895656138022844
 710.000000	3.3866306582224630	40.5417222021719112
 711.000000	3.8894053578668091	58.7994832669253498
 712.000000	4.0495953030887177	49.1098644997603628
 713.000000	3.6013254117701883	18.2752649692513671
 714.000000	3.1160465929730705	53.0295124876219006
 715.000000	4.2522975381349415	43.5426753307843057
 716.000000	4.1898119463972616	63.8447370782377988
 717.000000	4.0833829766049199	47.6355778412009556
 718.000000	3.4327760650242509	63.7868840874070031
 719.000000	4.2053825038323582	68.8555819623996399
 720.000000	4.6676868515667245	51.0925779388197441
 721.000000	3.3310032442534072	21.1072128265093966
 722.000000	3.2351504746709532	47.6693356408301270
 723.000000	3.1286448273669119	62.3577185750309582
 724.000000	2.9253985140129499	49.9455133581008681
 725.000000	3.0789852418763806	63.6058991198859758
 726.000000	3.2201238803410539	35.4882090008304658
 727.000000	3.7111951507012981	65.5090234627571419
 728.000000	3.0746333114407327	37.2449601449730210
 729.000000	2.9399285076642165	55.4166974737558462
 730.000000	3.7813759872868404	78.7778598731380129
 731.000000	3.3130188185656677	46.9727972750313256
 732.000000	2.9846170854323719	17.9641648267074459
 733.000000	3.5089133831416488	41.8758487675543734
 734.000000	3.6381385446209533	48.9768829953165721
 735.000000	3.8521957122293746	17.0285859935877966
 736.000000	2.6945166437926331	30.0396525104620764
 737.000000	3.2340610151617550	48.6226288028052807
 738.000000	3.7180093037590050	38.8266707961300028
 739.000000	2.9201109799081011	13.1121567734037399
 740.000000	2.9063798877344142	32.9634401842092473
 741.000000	3.3076785515684404	13.0453827575825869
 742.000000	3.1183514268612655	41.2189581562354306
 743.000000	3.4756063033862441	45.6613322005361795
 744.000000	4.7148204039039934	35.1178154027186338
 745.000000	2.7573838905926493	26.4941918333181263
 746.000000	3.4473478295555324	32.1448320311156692
 747.000000	4.6461808380267264	54.2397706736078646
 748.000000	6.9372206875983835	51.4186430452943455
 749.000000	3.2440162337788068	54.9516960299173149
 750.000000	2.9943734766139971	31.3958382236549483
 751.000000	2.7787113411664519	29.9697655462502723
 752.000000	3.0464068430217663	6.2736716905383503
 753.000000	4.1562655862321991	29.5377971413612102
 754.000000	3.4093941821001685	35.3857577951815472
 755.000000	3.2657941725873552	40.2004655012858336
 756.000000	2.8983865000986881	13.5745357933302842
 757.000000	2.9725146503962239	46.8036721086512273
 758.000000	2.9710506489899577	27.1809739272712250
 759.000000	3.0133362736659066	33.9211065488564714
 760.000000	2.8318550458316762	33.8073240742294843
 761.000000	3.0388123600133716	21.4805129716426393
 762.000000	3.1294073302936254	40.4186967853898977
 763.000000	3.6267154259030256	43.3631696800099178
 764.000000	2.9219499225068351	29.4310329631552747
 765.000000	2.9962932927664512	25.0009891683387480
 766.000000	3.5125248666050597	56.0623449728784777
 767.000000	2.7771914138461944	23.4129058342961400
 768.000000	3.0396042418386497	36.7157507245671866
 769.000000	3.0256793692541697	46.1197029360692170
 770.000000	3.0013069021051271	59.4174103995962213
 771.000000	3.2824355296333025	56.5534852558844392
 772.000000	3.4520398030445061	62.7239437694705657
 773.000000	3.1777670814717882	42.2841712960459120
 774.000000	3.1596820691898637	46.4125956285002417
 775.000000	2.8145020475539368	22.3568410002234259
 776.000000	3.3767254945007217	49.0137847969292295
 777.000000	3.1841510319197006	59.8841776664933718
 778.000000	3.2869516284051410	69.4029023620723962
 779.000000	3.7597708431643495	44.7668397814920809
 780.000000	3.0783357427178846	27.5758059987065565
 781.000000	3.2832104128215338	35.6505227218715675
 782.000000	2.9217890783511313	43.4550041844037480
 783.000000	3.1591464528692388	50.8291895776313822
 784.000000	3.2308618379342282	50.6892188786466988
 785.000000	2.9396138976046529	28.6388975407338364
 786.000000	3.1764153587544057	49.6302791200660351
 787.000000	3.1804898018270999	25.6211349025881816
 788.000000	3.5421544291710529	44.0782193929156279
 789.000000	2.9336903594590873	29.9742546336278224
 790.000000	3.0317142164259439	47.0076486355694101
 791.000000	3.1596481873747173	49.5471691227227495
 792.000000	2.7374737063911598	27.2325175059184232
 793.000000	2.8393014415942597	24.8825080263606253
 794.000000	3.3784481458469724	44.1813092347991301
 795.000000	3.1896027899001349	34.5459410838403471
 796.000000	2.8005513017435368	29.9527109424201967
 797.000000	2.9704378799184346	32.8679283752306048
 798.000000	2.9858696542721233	14.7829916260224365
 799.000000	2.9244437985829190	49.5437830832292434
 800.000000	2.9605026426450700	36.5527258477542887
 801.000000	3.0424222289817893	12.4150834894142292
 802.000000	2.8880974690533647	11.8837078696571439
 803.000000	3.4098813087000059	37.2095995131198265
 804.000000	2.9729931123888078	43.6131453796830897
 805.000000	3.0427556350491272	58.6818853752888430
 806.000000	2.8758089716722322	56.4926464088774765
 807.000000	3.5097188814361289	44.6267602545236457
 808.000000	3.1801270511081241	29.0867655994109384
 809.000000	3.0218881340312302	42.2101898882143303
 810.000000	3.2305277338454594	47.9963211776166077
 811.000000	2.9922528995808406	19.4612445808803329
 812.000000	2.8735011530985837	15.2186610458054190
 813.000000	2.9154867822462909	24.1738342904630770
 814.000000	3.0365931826140691	19.4867072582915455
 815.000000	3.3839710975984691	72.3490211358845272
 816.000000	3.0061143134447050	28.5285022724274029
 817.000000	3.6431046985763564	41.5683822365899971
 818.000000	3.2235263736149715	36.5746809011632195
 819.000000	3.5969195677461756	47.0881594130602537
 820.000000	3.3560437341554068	15.7468873452311016
 821.000000	3.7948665997609492	48.4757297706687496
 822.000000	3.2483868048803668	7.6676333045437843
 823.000000	3.2116110765818231	43.9615313129172307
 824.000000	2.7547195999326886	29.4910307648866876
 825.000000	3.2954346324975936	15.3996132304092157
 826.000000	2.8389310127290406	18.5534151574448174
 827.000000	2.8148360693857932	55.9746788655170491
 828.000000	2.6975291431823991	20.2169904591146690
 829.000000	2.9633000268726386	9.5376642045580695
 830.000000	3.6962923305126685	46.4332517010950596
 831.000000	3.4690666620860040	25.4675222519178419
 832.000000	3.3246588400656187	66.8944916761137875
 833.000000	3.1644911764485522	24.7527273119949882
 834.000000	2.7748929864709964	40.7120464101190294
 835.000000	3.1132792952707402	21.0611507372557867
 836.000000	3.6578177299986838	57.7414202952670621
 837.000000	3.0168427361277348	23.1472193708881662
 838.000000	3.1071706485076693	35.6943315799730385
 839.000000	5.0294553806299858	35.4413187213931451
 840.000000	3.2775683630052121	31.3542384482595367
 841.000000	4.0593975029926481	23.3683536130409095
 842.000000	4.3145840195278771	43.7854515127457375
 843.000000	4.3646660395316657	47.3420599633188033
 844.000000	3.7411027775135217	50.7128847247759040
 845.000000	4.1841710571960986	51.8247898323275535
 846.000000	3.7373481901463284	59.5965002098280223
 847.000000	3.2783355446789395	37.8659137549777256
 848.000000	3.0989680277009191	29.5137456867677770
 849.000000	3.7100451949105984	44.4883034095376502
 850.000000	3.6119211154124984	11.1765574752008945
 851.000000	3.2257103812076804	23.4675632724516845
 852.000000	3.0755314135004928	48.4192748138653428
 853.000000	2.6948291278202250	43.4482344083353951
 854.000000	3.4251744335902585	44.5371978796478061
 855.000000	3.0502165136530741	46.7124864590938671
 856.000000	3.7487739867674810	24.6023108528420096
 857.000000	3.3185803067051949	45.0754919772239759
 858.000000	3.1629771341929724	39.5347949236251281
 859.000000	3.2135878228426855	27.5307745326734334
 860.000000	3.4629448734038233	1.7866961395617977
 861.000000	3.5063313567535328	49.9186175884079546
 862.000000	2.8165546205357783	6.7706394679681239
 863.000000	3.3788356025472126	50.7854395091334823
 864.000000	3.1347103877905851	36.3306448077280777
 865.000000	2.8498747747437538	32.6093439524866824
 866.000000	2.8560036715705732	35.4585355651116458
 867.000000	2.8202415244994983	14.4177769968183327
 868.000000	2.9502038730080016	41.6332438492572692
 869.000000	3.1181046983110470	59.0015623584568232
 870.000000	3.9991703578675102	41.2961435597653121
 871.000000	3.3417787420376803	36.9314349716993320
 872.000000	3.1694918259578229	29.3408151635335912
 873.000000	5.3486332411770343	46.2406577184728178
 874.000000	4.2031247559086555	22.5858862167038694
 875.000000	3.5054277452741855	52.5813529392358561
 876.000000	4.2000087758056175	40.1500502281265597
 877.000000	4.1842239152671024	46.3048755705229098
 878.000000	2.9329386241034405	48.4991749072636367
 879.000000	3.2315680138273346	40.2260306503870595
 880.000000	3.8500182819909750	45.0802668244984091
 881.000000	3.1710371888100517	45.3343139688186341
 882.000000	4.2164274978473433	54.6767962698643970
 883.000000	3.6339816547450141	40.0775014477718514
 884.000000	4.5817164387390825	51.4454226549750615
 885.000000	2.7648813586936352	28.3282985063137573
 886.000000	3.3634246138551762	42.5969065771819260
 887.000000	3.9461062606449615	39.8059104444946001
 888.000000	4.7186594806908824	60.3060381850048230
 889.000000	4.2139914594939949	32.8736508395854230
 890.000000	3.5884105947311085	36.5019815770111791
 891.000000	2.8996936412817136	17.4273270874825243
 892.000000	3.6229262129496340	35.8721249299096030
 893.000000	4.0899813125514690	38.8790272521113991
 894.000000	4.4915181702456639	67.3363355038272431
 895.000000	3.5072257601309222	40.2822444771518633
 896.000000	3.2074226562322981	20.0736755098496644
 897.000000	3.1477620694028974	38.2324303311080484
 898.000000	3.1399770502742261	37.3561111271873472
 899.000000	3.0895561703967278	23.7668405012583150
 900.000000	3.1662606809995575	47.4817321652228088
 901.000000	3.8474065539743294	34.6016993293522432
 902.000000	3.2416916763183909	66.2147180679553458
 903.000000	3.4269854998373210	60.8441373229236291
 904.000000	2.9542362511400793	43.5525479515114000
 905.000000	3.1379441887818702	44.8649005903956777
 906.000000	2.8820114591705859	23.9319873761480153
 907.000000	2.9212277321524338	27.3170179898865513
 908.000000	3.3216084094215201	50.8311026871047318
 909.000000	2.9677802681011971	22.6008919250838289
 910.000000	3.6511142370188816	74.4767226430416684
 911.000000	3.1012761758239775	48.8203369274709758
 912.000000	3.1887118870240765	36.2813590578263927
 913.000000	3.4178956713857498	21.5590976330402100
 914.000000	3.4166738823551692	19.2490883582261176
 915.000000	4.0164056975899172	52.0455187193708895
 916.000000	3.4139247496130434	50.6000618387328984
 917.000000	2.8507094263519015	34.0672205965347530
 918.000000	3.4533372228654895	26.9617047298662271
 919.000000	5.9695687082785511	50.8525304282024138
 920.000000	3.0928787622489611	42.7599445325077738
 921.000000	4.0825025298594015	66.7847206184736706
 922.000000	3.7285329330776245	43.7015004260470619
 923.000000	3.5552533914739222	38.6831964682698981
 924.000000	3.0790063701387909	32.9441696983288921
 925.000000	3.6378894443723109	49.8116583606497727
 926.000000	3.3627945421116823	66.6051314292191705
 927.000000	3.9782327512602591	58.1424045460549621
 928.000000	4.0747317211890790	17.3149929627956567
 929.000000	3.0938550896822039	25.5548036995640473
 930.000000	3.6741171086418554	57.0873577224969608
 931.000000	4.1141496901980927	56.2821826511884638
 932.000000	3.9833080987744873	37.0151810398944860
 933.000000	4.1481093412809367	67.6860291946198487
 934.000000	3.3736872181074475	35.8377271399468214
 935.000000	3.2802689531712521	42.3870772667666245
 936.000000	3.9214333526177927	59.5191065851609267
 937.000000	4.8464241032249618	44.3036676181330051
 938.000000	2.8818542378970320	48.0413220822402423
 939.000000	5.1251839957940222	42.7391943898296063
 940.000000	2.8780895158963324	35.0346137646760951
 941.000000	3.1024913304613677	11.9478125042994918
 942.000000	3.2440839890686086	37.8305089546658451
 943.000000	3.4534053540471681	60.6552033786204561
 944.000000	3.0026395130714452	22.0870216657742446
 945.000000	3.5686672221436235	42.1621332654001719
 946.000000	3.7703824500406355	64.3322255623371717
 947.000000	3.1656070829235579	70.2582279570143697
 948.000000	3.0684918176069500	13.0729924146496046
 949.000000	3.0732116792452553	8.1913805337088661
 950.000000	3.0592238519827437	51.3080920079792691
 951.000000	3.2933896756341956	48.9665267126561616
 952.000000	3.3057175853021739	42.3488206594074370
 953.000000	2.9692998893000810	56.6229273731901372
 954.000000	3.8774341548490767	58.2871727688964967
 955.000000	3.3975552666320601	48.1622239598421800
 956.000000	3.8226591647626336	50.7926799987480138
 957.000000	3.3444007003648757	42.6375369171634588
 958.000000	3.9790387818727013	74.7175611644629072
 959.000000	4.1159407226227342	45.9370463099319295
 960.000000	3.9415167344924278	72.3041548216116610
 961.000000	3.9135879849451061	30.8106348246544144
 962.000000	3.6354482886452733	60.0570191845613550
 963.000000	3.9639244022490661	49.5409506941640529
 964.000000	3.9471964869977549	53.8947833871968243
 965.000000	3.5286229772956408	36.7022393939320182
 966.000000	6.2363716168746386	41.8662133907974976
 967.000000	4.7558973218259606	47.5828701263232858
 968.000000	4.1303644913205524	28.9846553788179051
 969.000000	3.5928803117763595	46.0773823259121968
 970.000000	4.2403316722537596	56.8837804236852094
 971.000000	3.4017001502199222	15.3759256475311474
 972.000000	4.2785298209129632	38.2473897016763260
 973.000000	3.4812673240131442	60.3775801586110106
 974.000000	2.9645148738196170	26.8143500367749539
 975.000000	4.1907370212073891	17.7695356475715585
 976.000000	3.4947611617117622	41.1118314935603451
 977.000000	4.0223559612852098	69.9245566690618858
 978.000000	4.5556830497376337	42.5262626288007652
 979.000000	3.6081412289277046	48.5973199470667510
 980.000000	4.0452841922256493	48.3613838595508696
 981.000000	3.1680499560422111	15.4175471867911256
 982.000000	3.7541345304634928	11.8014005356241682
 983.000000	3.0400290067335503	22.0715189927937843
 984.000000	3.6868487364540146	7.0461657564308382
 985.000000	2.7753457623354749	7.1408575618216616
 986.000000	3.1872591722347048	18.3154545969113940
 987.000000	3.0515875642316392	25.1663504319226945
 988.000000	2.8713409022829066	9.6315689679884997
 989.000000	3.4066807590235371	32.3634198320941664
 990.000000	3.3725116633500067	47.6213280945504778
 991.000000	2.9882441774620676	26.7841420840057651
 992.000000	3.5457525220046748	62.0937997626640197
 993.000000	3.4732196569942508	51.1664954900310534
 994.000000	2.8510009424251272	21.7830906707595773
 995.000000	2.9767508870734227	28.6115907141782770
 996.000000	3.0504505991338298	63.7993565917501826
 997.000000	2.9836408740540077	38.8459207785380443
 998.000000	3.0264095034059575	42.2982900466476792
 999.000000	3.9196291598660142	34.8560821620003196
 1000.000000	3.5636085879498065	39.9293587757261719
 1001.000000	3.3851230443527474	44.4241211432431840
 1002.000000	3.8619696608747733	42.4980188820912588
 1003.000000	3.8660275994121212	50.7189123860851794
 1004.000000	4.0581430721665921	60.1290495759533172
 1005.000000	3.2746692724927087	23.8986515036285709
 1006.000000	4.1482479967431782	26.0850460948677494
 1007.000000	3.4424975550084889	44.7988128581240517
 1008.000000	3.1935469756580415	35.8893775198808100
 1009.000000	3.2384450910861244	65.8892349764749525
 1010.000000	2.8753172990088176	40.1126948347780967
 1011.000000	4.5485752869921505	42.6996757486645890
 1012.000000	3.2533812928757841	37.2304084194420852
 1013.000000	3.4460613761777212	53.5992060050760983
 1014.000000	3.0880170487569814	9.8613917442295076
 1015.000000	2.7399801759419504	28.4202526968087170
 1016.000000	3.0219877203666852	53.0447787481236332
 1017.000000	4.1872755941258539	54.1064815358629545
 1018.000000	3.6525220575008577	61.2306135805475265
 1019.000000	3.4085727564500274	57.6936196485902144
 1020.000000	3.5164973673659534	59.3222472779565209
 1021.000000	2.9660714535900321	28.2519064016586015
 1022.000000	3.4279472227067109	48.5140822051176031
 1023.000000	4.4573357832134404	58.8525202056960524
 1024.000000	3.6299340462939362	69.4314613823357263
 1025.000000	2.9059437279298703	39.1885703061375068
 1026.000000	3.3832981029372591	37.3068424692230565
 1027.000000	3.3531356312732346	23.3702611039928172
 1028.000000	4.0579249095566290	62.5859767813027474
 1029.000000	3.1186154166656608	29.3491831866580526
 1030.000000	3.3344791862787311	42.6400209811873481
 1031.000000	3.5275439963781117	87.5785938092757021
 1032.000000	3.5768512657634006	34.2470030363538740
 1033.000000	3.1990418755742538	34.5275073536561479
 1034.000000	3.9719160161485276	43.3573125052251385
 1035.000000	4.3214443305969041	44.4621722977368279
 1036.000000	3.5655089882562883	42.2834634081946774
 1037.000000	3.3615462539090082	21.6423861444715158
 1038.000000	3.0273007944002748	20.5508129172548877
 1039.000000	3.1989818228645648	24.2363050850458706
 1040.000000	3.0674875902440069	41.9277261670223993
 1041.000000	4.7051559394032916	34.6818659563677443
 1042.000000	3.1957825879561486	33.7068837560643146
 1043.000000	4.7696504330815035	37.2139375515081383
 1044.000000	4.5685991391320329	36.9045953963698423
 1045.000000	6.2183642510572614	54.5883790144841043
 1046.000000	5.4351172364658851	51.2314579174769733
 1047.000000	5.3735390506189988	46.8894870040584806
 1048.000000	2.9990871129035828	8.5846944222446950
 1049.000000	4.5122872510377698	27.2716587299967728
 1050.000000	4.1354243684220808	58.0030136288518037
 1051.000000	3.6669036964004276	57.1949314689237411
 1052.000000	3.2509679904804609	24.7672026184400806
 1053.000000	3.4886863989471744	56.8809904220051976
 1054.000000	3.1874770557654499	17.8849202873330171
 1055.000000	4.4128381170187243	30.3071104431268452
 1056.000000	2.9341847468287834	37.9229875545369168
 1057.000000	3.3435458748242546	14.4501692959386787
 1058.000000	3.5708750869123196	21.9636959924814619
 1059.000000	3.1920182311179461	38.4426018681689072
 1060.000000	2.9313690898812701	23.1882912861352679
 1061.000000	3.5225895169721304	53.6771161670269663
 1062.000000	2.7503597709464991	12.1159027661464904
 1063.000000	3.0862586926977102	22.2639097916639344
 1064.000000	3.1209089673996138	26.7185812918012289
 1065.000000	3.3002063265636239	58.5174952636249515
 1066.000000	2.9450282621407968	30.3329717546957056
 1067.000000	3.2857930246894260	51.2573610453814297
 1068.000000	3.1592998434862665	27.2682658476194604
 1069.000000	3.0105724452783620	29.4469063483047364
 1070.000000	2.8947071915947595	33.0224765464052723
 1071.000000	3.0434140546672630	12.2209999260614950
 1072.000000	3.2947626353059016	49.8612740600396762
 1073.000000	3.3892019248131553	47.1181736823376696
 1074.000000	3.0748875224235372	10.8001988925378782
 1075.000000	3.3590948107438106	51.1824848040417635
 1076.000000	3.3963928624554995	47.6300204372060989
 1077.000000	3.3431854382344288	32.3688912519985195
 1078.000000	2.9272836443738410	37.3305774253065010
 1079.000000	3.4158823495422568	44.9610700840515847
 1080.000000	2.9684906040327448	25.2040162761691420
 1081.000000	3.1562276337688200	7.2420289816575405
 1082.000000	3.0373775157529024	39.8545901793501685
 1083.000000	2.7090982206741585	32.5298311689107038
 1084.000000	3.1673912451982487	54.5289385395740140
 1085.000000	3.4916087304381507	56.1171236940767670
 1086.000000	3.0026791749238062	42.5761331903541134
 1087.000000	2.9472851321996099	46.7921144320858673
 1088.000000	2.9564609319507276	30.7733214056497104
 1089.000000	2.9222100994448277	25.4145866565218341
 1090.000000	3.4515464368622406	63.7244680869655440
 1091.000000	3.0485379887353630	77.1181380483806009
 1092.000000	3.2547855653483913	35.4558403119729064
 1093.000000	3.0809134028155709	23.3057080741901359
 1094.000000	3.1199851845254449	30.7748828376144843
 1095.000000	5.1317341581183795	52.9957611501200603
 1096.000000	3.6090602636582605	27.1709560293632535
 1097.000000	2.7440441432460267	24.4181604095666103
 1098.000000	3.0329230524258923	20.8349338335422942
 1099.000000	3.4900009025237306	32.4525837573214631
 1100.000000	3.6993597359466546	38.2684852292776156
 1101.000000	3.8720353863718522	46.2988556410821559
 1102.000000	3.7494404380957271	40.6626256282368956
 1103.000000	4.1129704250709356	30.4178923226866402
 1104.000000	2.7423544030753471	31.0764325626129789
 1105.000000	4.0517612028759444	40.9121375212531291
 1106.000000	3.0379869146147862	51.4971617853452415
 1107.000000	2.7923781668668108	22.9346778532993767
 1108.000000	3.3788077290567897	69.4842981995789728
 1109.000000	4.2146214748059974	33.0715535869088058
 1110.000000	3.6999244465680015	51.0726557823632277
 1111.000000	3.4108406415777961	44.2213295164388853
 1112.000000	3.2658701605172573	42.8165116356436215
 1113.000000	4.4788537092322471	47.9314316647288763
 1114.000000	4.0517294446068801	39.3403557039607108
 1115.000000	2.8647553701954704	53.9805132035772743
 1116.000000	4.0495867318560750	35.2507159552494329
 1117.000000	3.5501899866419953	36.2913100138945595
 1118.000000	4.4184713548428300	50.2618279295714956
 1119.000000	4.3292785582681859	39.4903581706894045
 1120.000000	2.9252693583860001	36.0442331808564518
 1121.000000	2.8760194685796936	33.2782182554498434
 1122.000000	3.0004421675615527	15.0637526036471172
 1123.000000	2.6956644871157560	1.9220516635552940
 1124.000000	4.0492482542706290	41.0370705576592627
 1125.000000	3.2939140829965430	24.6357536561266102
 1126.000000	3.3111921809983973	36.3469072841506602
 1127.000000	3.1156366629893655	34.7448547190967076
 1128.000000	3.7124722266106471	46.9062668244307872
 1129.000000	3.4059841029506144	38.8094857456834177
 1130.000000	3.2955358564992641	43.6350174553477075
 1131.000000	3.0439741670283058	28.3595665501593146
 1132.000000	4.3027426306539054	48.9157513838792113
 1133.000000	3.3526264153659318	34.1640305035133167
 1134.000000	3.2259750151330580	23.0665924357066103
 1135.000000	3.6319966616747004	63.4306004271031867
 1136.000000	4.2030884641769140	38.1276484753360592
 1137.000000	3.2724237840106634	30.1160681732980322
 1138.000000	4.3643099978687960	50.5256332791489342
 1139.000000	2.7714283681611618	24.1588380477677731
 1140.000000	3.3720727984388112	36.0302746602158948
 1141.000000	2.8595390082560503	21.5410324921154199
 1142.000000	3.5406613880764701	39.7044304803705472
 1143.000000	3.4159136174486004	45.6926404922511438
 1144.000000	4.4991293455228174	52.9687911131692601
 1145.000000	3.0558524517593315	37.5169051286928266
 1146.000000	3.4978519111489219	50.2546837880009889
 1147.000000	4.2334968101868977	51.1466930796553356
 1148.000000	3.4683579833953559	54.0234627277182398
 1149.000000	3.0177039964286951	24.4920109667033046
 1150.000000	3.1918815205961120	32.1424659392938281
 1151.000000	2.9780041850547327	39.9214555123378716
 1152.000000	2.9566434555022680	6.7954348927972887
 1153.000000	3.0370454221722873	12.2545643270331652
 1154.000000	3.4489873122724477	45.2029354484627106
 1155.000000	3.1101439448949963	55.8527228156760884
 1156.000000	3.3131190406597151	35.8833365184906654
 1157.000000	3.1830371264006190	24.5975203374089233
 1158.000000	2.8912867747822109	39.7949199439746621
 1159.000000	3.9119844968835702	38.4907841957746939
 1160.000000	3.5295953460619636	58.8280245400564894
 1161.000000	3.0479323171685722	35.3142025793719654
 1162.000000	3.7277450949129354	49.4405696681251356
 1163.000000	3.7488387097667766	26.3847887747501204
 1164.000000	3.6984211312947624	68.0849394424138836
 1165.000000	4.4942793927775160	53.9548580083343552
 1166.000000	3.9229590482334151	23.4652439421711563
 1167.000000	4.4060604717427747	77.3696078867915844
 1168.000000	3.4241245518338053	54.8608622562540376
 1169.000000	3.7327693194276614	30.3140966892702579
 1170.000000	3.6047784865580947	33.3980417933829017
 1171.000000	3.1937129931101063	14.7579362940832937
 1172.000000	3.1853783690330335	24.1483161282745016
 1173.000000	3.3622550166603560	32.7988306755794667
 1174.000000	4.2706331933917854	55.3783723172211921
 1175.000000	3.0046586008673155	45.4704232906896664
 1176.000000	3.1947449913168398	13.5880197903057081
 1177.000000	3.4860783111944293	34.6876503521398831
 1178.000000	3.1521353817264055	35.2531277396312817
 1179.000000	3.5261331006234671	20.8555622085356731
 1180.000000	3.0867555278188852	49.8763316058756061
 1181.000000	2.9368853811546987	29.8961473962270077
 1182.000000	3.3686903216636677	49.9122582885634642
 1183.000000	3.6163066834339697	27.8702183172603100
 1184.000000	2.9163613335772318	7.6094744189046821
 1185.000000	3.1140997941397832	24.4130955228274047
 1186.000000	2.9557535521433684	31.7788517334318215
 1187.000000	2.9933318166013865	5.6592082881269334
 1188.000000	2.7179448372483774	25.0784939172017118
 1189.000000	2.8963793650788854	18.1997612645803315
 1190.000000	2.9055124169434068	21.4312555002425427
 1191.000000	3.0267339886021536	10.1175613421488038
 1192.000000	2.8127497945222486	19.1725814249596453
 1193.000000	3.1362212460277656	35.4853972986229849
 1194.000000	2.7298197631872441	6.2836214061285318
 1195.000000	2.8082652698563018	5.9724500642484202
 1196.000000	2.8168111625138010	11.1455988501587626
 1197.000000	2.8991516669639785	16.6620597413045743
 1198.000000	3.2079101002944133	28.2192726222488091
 1199.000000	2.9218156809766525	32.2147031018755570
 1200.000000	3.1076732742795521	21.4309561354743892
 1201.000000	3.1184627025952953	25.8546344752446089
 1202.000000	2.8650962405659812	21.2637160947903396
 1203.000000	2.9264058891044602	13.4090595467726530
 1204.000000	3.0549961001080308	39.1548846131643984
 1205.000000	3.1440070021676081	33.2791554917092185
 1206.000000	2.9997132845804182	38.8933045381724867
 1207.000000	3.2949648019719557	55.1755774509083210
 1208.000000	3.0829089869773156	31.4046800008285345
 1209.000000	3.9928353053664325	72.2188752294842544
 1210.000000	3.0827847360907534	32.2157169971915778
 1211.000000	4.2850725726351540	62.2106936633956309
 1212.000000	3.3064831996635689	40.6567385285514433
 1213.000000	3.1206204149466923	64.6769112025603619
 1214.000000	3.6823721782709677	19.2433641642124371
 1215.000000	3.1221027331037412	31.2331234257327424
 1216.000000	3.2485872160654083	38.8118544888254746
 1217.000000	2.8687745530324213	31.6488811909968604
 1218.000000	3.0322227632462115	23.4830447323154772
 1219.000000	3.0550580607427453	46.9290996299820335
 1220.000000	3.0684353836202924	33.3587501231136514
 1221.000000	3.0151362902963390	24.1213063045265699
 1222.000000	3.3143793858543629	41.7509275457848901
 1223.000000	3.2470275588880124	27.5179691028603486
 1224.000000	3.8710996584417026	35.4393432187886219
 1225.000000	4.1836382679639650	49.1372670469645811
 1226.000000	3.2189585336790190	27.9234352972709416
 1227.000000	2.7890370911739466	17.5504790458131197
 1228.000000	3.4308806414992188	74.1053328541600251
 1229.000000	3.0943966450396965	45.1628507680631799
 1230.000000	3.3076522243780100	40.7451407595829380
 1231.000000	3.0803155302697465	33.4768428835284055
 1232.000000	3.0119342255975576	37.0926867307010468
 1233.000000	3.0322568224501878	52.9050224271415317
 1234.000000	3.0798532139864911	33.3414066924830195
 1235.000000	4.7573574528472031	55.4461668347533561
 1236.000000	3.2945612633552628	36.5573115153758010
 1237.000000	3.1306685658337976	34.9923132045289549
 1238.000000	2.8720146462085845	47.3276220311814768
 1239.000000	3.0308329095216728	37.7763613428870428
 1240.000000	3.0389856059428193	17.9976973731801309
 1241.000000	3.0559168001972035	38.7076589859182150
 1242.000000	3.0243308883966358	41.2033324217185282
 1243.000000	3.0258446130963121	13.2483487254070269
 1244.000000	3.0384077432986158	36.5172896775794982
 1245.000000	3.2925251908485560	27.9953826200986100
 1246.000000	2.8832458453847081	31.9451335217349026
 1247.000000	3.0400374210460619	32.9587880749526505
 1248.000000	2.9089272191737470	43.3170912238283279
 1249.000000	3.0355046502961516	37.9071090214763160
 1250.000000	3.2418415552904136	39.9647075409078241
 1251.000000	2.9322558869658715	16.6803470913157810
 1252.000000	3.2670003760043977	41.3117804139398572
 1253.000000	3.5988535643952342	45.9305879322559463
 1254.000000	3.0311604626586708	19.3718750018020103
 1255.000000	3.3800904596914867	18.1517121732416342
 1256.000000	3.3550660244365575	12.8952062138262988
 1257.000000	2.8539888642064248	40.2035645828512997
 1258.000000	2.8056922988447073	29.1924516346052769
 1259.000000	2.8637109897560502	51.3670632198580677
 1260.000000	2.9401421820572047	46.6703582778105783
 1261.000000	3.1797591661475009	30.5064416147888267
 1262.000000	3.0434026822983671	53.1259864787156317
 1263.000000	2.9976877586330541	28.6992753236291094
 1264.000000	3.1282872989578219	12.6902443966517922
 1265.000000	2.8989291042170811	20.9726523354851224
 1266.000000	3.4282475298233361	28.1844885567234655
 1267.000000	2.9847570214749726	25.7935382568894909
 1268.000000	2.8763572779501656	78.2193503743672665
 1269.000000	3.1463329806323381	54.0071092468075022
 1270.000000	3.1454421202819991	30.0538746409097541
 1271.000000	3.2092672500902961	39.5300415107101912
 1272.000000	3.1280256091513583	60.6540251692947265
 1273.000000	4.0709424788055886	89.1649070446092651
 1274.000000	3.3927857315709464	74.5202787063404628
 1275.000000	3.9858949974025211	62.8206769702110677
 1276.000000	3.6077263388737859	89.3475554218166650
 1277.000000	3.9919380066056505	80.5617646984937039
 1278.000000	4.0637154280841044	64.2268668264193536
 1279.000000	3.4021691369897109	74.2531995292694234
 1280.000000	6.3533197816145712	54.1893765920660400
 1281.000000	4.4105592369840387	81.2952728891331304
 1282.000000	3.3828978137293393	28.3143982806458894
 1283.000000	2.6375885242864312	11.4294009230389690
 1284.000000	3.6755602190614098	9.5328673377240420
 1285.000000	3.0113175158869261	42.9759565036324034
 1286.000000	3.2897494913732581	39.1959838941785392
 1287.000000	2.9721174232668637	32.2662124741729315
 1288.000000	3.0151402874191398	31.4333423728062655
 1289.000000	3.7623690215630043	38.4445400000768700
 1290.000000	3.0277839919781062	21.0143830265928386
 1291.000000	3.5338996265724809	31.1261010606628190
 1292.000000	3.7548479254772653	31.2275244113701547
 1293.000000	3.1051988889978857	46.4404309061220886
 1294.000000	3.5454552431364061	46.3943759418269224
 1295.000000	3.1114381580401207	58.3789262950604950
 1296.000000	2.9902060487967899	45.8711995844796547
 1297.000000	3.0521268578005785	16.3834590945595266
 1298.000000	3.4823680882859662	20.5061790924659419
 1299.000000	4.6553460059289504	48.1716490549778484
 1300.000000	3.0093531878562705	54.2654411983456413
 1301.000000	3.6444129996813981	24.7806820045334462
 1302.000000	2.9277335710001080	22.4250805164333542
 1303.000000	3.1554576454360079	33.7488685555198060
 1304.000000	2.8379312548102087	22.2821522821863311
 1305.000000	2.8521677330769579	26.7116522523859032
 1306.000000	3.5160446481301908	46.5235652137848206
 1307.000000	2.7753182434312995	32.0083080536438445
 1308.000000	2.9029264646092643	8.1425059598741996
 1309.000000	2.8498878684079099	31.6569574062946231
 1310.000000	2.9448139015728740	51.8483331666897982
 1311.000000	3.1504780829650776	41.9435126526288968
 1312.000000	3.4159313354565946	51.3607991900333900
 1313.000000	2.9851375537080624	28.0431788473426025
 1314.000000	3.0645070352762627	47.7070007599285475
 1315.000000	3.1287244698084615	56.1870371365204591
 1316.000000	3.2657292926385271	61.6648132215535725
 1317.000000	3.1371651274350447	35.2279498669992108
 1318.000000	2.9557372926120786	20.8313841404897744
 1319.000000	3.2959897538516709	23.4686398534937268
 1320.000000	3.2508604370588228	59.0256441691058171
 1321.000000	3.1673937338945239	57.5662865684182492
 1322.000000	2.6989068609729179	48.0952528437403828
 1323.000000	3.2262862686486025	63.2528485979349995
 1324.000000	2.9849238467623196	47.5272087914712245
 1325.000000	3.0820493271837450	20.9571813712154551
 1326.000000	3.3483111637021663	36.5345866333344418
 1327.000000	3.9860616842598890	49.7881299077221513
 1328.000000	2.9863601361626921	22.3790078749335635
 1329.000000	2.7896833900580993	51.4883155684481153
 1330.000000	3.2340321379368935	49.9417920959294861
 1331.000000	3.0623920335307360	43.1976013104156493
 1332.000000	3.3913596974518989	29.3723287665963255
 1333.000000	3.0058941080057591	45.5066188451323512
 1334.000000	3.9391481491984743	34.8415459304109731
 1335.000000	3.1561142597971439	40.2608970330769864
 1336.000000	3.0207463839243780	45.2722965567841413
 1337.000000	3.4018843420821128	33.3635783231281948
 1338.000000	3.1151758544454369	43.8719097942802989
 1339.000000	3.1412305879918345	32.6327717722146247
 1340.000000	2.9498034236544570	34.8634457384223992
 1341.000000	3.3296469787074194	38.7552933492511897
 1342.000000	2.8516917065577556	33.6462474866901005
 1343.000000	3.0215288730229379	12.2021435509360572
 1344.000000	3.0990028954349333	56.6394738485057019
 1345.000000	3.0636282414441491	39.0885955886161867
 1346.000000	2.9716879878483660	7.9064322935808491
 1347.000000	2.9782807491737469	9.7538671447294121
 1348.000000	3.0686888652881508	50.6825299808903367
 1349.000000	3.0824955047835800	10.8958323220711577
 1350.000000	3.3874968939296650	48.8527819350385357
 1351.000000	2.7595728757681566	25.2680373701476526
 1352.000000	2.7498745536843803	22.1319855524060927
 1353.000000	2.7927769459169034	12.2700627582012771
 1354.000000	2.9869459834583356	18.6631805651506113
 1355.000000	3.0569224584624055	36.4226364206750475
 1356.000000	3.3020853354892750	24.0957565167011012
 1357.000000	2.9034211684439168	28.3800572818189494
 1358.000000	2.9791893843181123	16.0849494955572823
 1359.000000	3.5648403015034913	32.9858531066801106
 1360.000000	2.9671701032861395	47.6602163740390097
 1361.000000	2.9038121010488753	20.6597011612029178
 1362.000000	2.9389308612196223	12.5406229360693544
 1363.000000	2.7696992323378393	7.7083155548278626
 1364.000000	3.0560839012080501	37.9168249967165707
 1365.000000	2.8477483630888818	24.0213502864097848
 1366.000000	3.1166436298973106	25.4240933896445540
 1367.000000	3.5648277166049174	28.4199703417984324
 1368.000000	3.1246589345151121	17.4533362820290279
 1369.000000	2.9163708316115926	22.0607229715201925
 1370.000000	3.2806221068878054	24.3652211511171686
 1371.000000	2.7563201911500976	23.5919805731165297
 1372.000000	2.8126350885734261	10.6359012060684677
 1373.000000	3.0226659744430844	48.7294008809840307
 1374.000000	2.9570448988932907	32.6243979286363981
 1375.000000	3.5628671974634640	68.3920301766684844
 1376.000000	2.8558721209280860	5.4539277205477390
 1377.000000	3.3192640629923869	26.8181193853429534
 1378.000000	3.2037187073162441	42.7342211131975205
 1379.000000	3.2255928618113408	54.1050897519930345
 1380.000000	3.1753948010895874	13.5679501410368744
 1381.000000	2.8193038587679009	36.5040308713563775
 1382.000000	2.6189511828145968	14.4326116739949271
 1383.000000	2.8751100838739250	3.8537341865745418
 1384.000000	2.9850178377050463	20.4834305802547476
 1385.000000	2.8695052997038819	32.5437073495502887
 1386.000000	3.1126006132266917	28.7616959065481694
 1387.000000	2.8734453233671053	32.7122838219101197
 1388.000000	2.9726217954262215	45.5441818867654433
 1389.000000	2.8192787224193756	37.4095879444253967
 1390.000000	3.5306025319264407	33.0040960190812598
 1391.000000	2.9678156260943753	4.5166946163566308
 1392.000000	2.9848351265322273	36.9709588657926531
 1393.000000	2.9280499938901277	44.4004489993637321
 1394.000000	2.9509071238513598	22.4238340740880915
 1395.000000	3.3659727495810059	29.7427228994436348
 1396.000000	3.0380221391406157	43.5776406506190312
 1397.000000	3.1009661799932999	39.2649104561536149
 1398.000000	3.0801270400431475	40.3239611720049140
 1399.000000	2.7457963827970300	17.4148267334776392
 1400.000000	2.9109439428834660	16.7238024529925156
 1401.000000	3.1964178051847267	66.3087518008063341
 1402.000000	3.2602131705687460	21.8694148233018950
 1403.000000	2.8917364699107537	12.8786636291914647
 1404.000000	3.3697618567310177	49.7866927630248313
 1405.000000	3.0721952275277475	57.7678597731370900
 1406.000000	2.7053041253314869	35.3090623712050728
 1407.000000	2.6648237750126440	20.5484286500760049
 1408.000000	3.0408919853563288	50.7459817444028829
 1409.000000	3.0008826620673865	32.8145567150484396
 1410.000000	3.1215217847984214	38.4776227734405154
 1411.000000	3.3776043805623859	52.3554342681869542
 1412.000000	2.8907595140408624	24.3850816183281438
 1413.000000	3.0721156688924922	9.4696996695781763
 1414.000000	2.8470574246645648	3.8841866971549734
 1415.000000	3.0408063343997331	20.4306604406164354
 1416.000000	3.1109541364184428	20.5467640345810025
 1417.000000	2.8466938785976312	44.4979494562632567
 1418.000000	3.0378639065586239	10.8083771816701244
 1419.000000	3.2072715626996344	32.7034476875981568
 1420.000000	3.1097921833362712	33.1357097103877720
 1421.000000	3.2856656362162200	32.0138895777410539
 1422.000000	3.1110886376669171	38.6740389940896421
 1423.000000	2.8427563108837650	38.3744367077046320
 1424.000000	2.8863732092345966	10.7795587592805475
 1425.000000	2.9617234889516810	38.9336664280376681
 1426.000000	2.8916866996664883	27.8951839300262066
 1427.000000	3.0039774978086808	24.3973601108751836
 1428.000000	3.4718277250328922	50.3934666793266501
 1429.000000	3.4101502736866003	19.3176543493685813
 1430.000000	3.1657753404471562	21.1650943229179234
 1431.000000	2.7151232804860412	19.3347729817341190
 1432.000000	2.8151595999492254	38.3995530568577976
 1433.000000	2.8746306754774515	3.2159794426528663
 1434.000000	3.1076647512145654	40.9930743595698743
 1435.000000	3.7255935818396035	57.0703451392659815
 1436.000000	3.3992141284149850	41.0945071571356664
 1437.000000	2.7120754740562236	28.1041365253531694
 1438.000000	3.0900551315582234	22.3874085417279503
 1439.000000	3.8021008127291456	29.0515223664010307
 1440.000000	2.7361545613973455	31.3560893755594350
 1441.000000	3.0866933141166761	15.7342273033100071
 1442.000000	3.0768969357469529	18.3414916414535298
 1443.000000	4.2082508576409694	48.3732200399285830
 1444.000000	3.1726270098673677	19.8921152761337225
 1445.000000	2.7686316605436514	37.9685830290808042
 1446.000000	3.1435326681774267	28.1946656950660213
 1447.000000	4.0413720280318914	73.5778688606406774
 1448.000000	3.5462033889628692	66.4689958058463901
 1449.000000	4.2791736809973973	53.4942348697503718
 1450.000000	3.1031514346255364	30.8006909411121796
 1451.000000	3.1812019617121736	37.5515326564426459
 1452.000000	2.8710988181192985	53.3773369050019113
 1453.000000	2.8444881623155016	30.6071624546927978
 1454.000000	2.7573253999365863	33.2544930411767723
 1455.000000	3.1708208706482131	26.8122838097656597
 1456.000000	2.8002969827029243	47.3488997258208144
 1457.000000	2.8979238239247884	28.4427225694267634
 1458.000000	2.8129690791636550	24.7444837287383166
 1459.000000	2.8789643137711183	37.2029862124401518
 1460.000000	2.8009805797752869	19.9282177554303530
 1461.000000	3.1162167863619699	17.0703365567157164
 1462.000000	3.2454036723040955	33.8758258747282071
 1463.000000	3.3195925700341369	31.4313229801711884
 1464.000000	3.1417163554595331	56.3888146900503386
 1465.000000	3.2700423586795790	55.0580191508818331
 1466.000000	2.7530245330766721	24.7624077384785153
 1467.000000	3.4503342893080355	38.2491997741905720
 1468.000000	3.0175350637396980	11.0480486808167200
 1469.000000	3.0290387831646330	17.9609174188813938
 1470.000000	3.5017243820274619	57.0024490054322115
 1471.000000	3.1059876883444657	15.8850568555020288
 1472.000000	3.2269647682767331	27.7608046611428847
 1473.000000	2.8027701887522340	17.2848692285140544
 1474.000000	4.3322845941622941	65.8828000398433034
 1475.000000	3.4360890366185752	45.5759780856115526
 1476.000000	3.5511210841266649	45.3227788191305763
 1477.000000	2.7851344537336149	40.6075823873026707
 1478.000000	3.9501918640027913	41.3638592530259075
 1479.000000	2.9643895228977257	50.0370915455391128
 1480.000000	2.8602092930951759	10.4812999873570618
 1481.000000	2.9663911780986552	48.6196824407515180
 1482.000000	3.5932886188237503	39.9849516659662356
 1483.000000	3.0311723746622605	34.2065411416659799
 1484.000000	3.0250508206100237	43.3867253427797266
 1485.000000	3.1272508289292817	36.1880552179890174
 1486.000000	3.0943482231239359	50.4195326150990866
 1487.000000	3.1865453631674820	55.5145121904642025
 1488.000000	3.3118492519005249	83.7982845529334952
 1489.000000	3.0540812855233122	52.6822710987748764
 1490.000000	3.2622560041096089	51.4306513559121754
 1491.000000	2.9628513266385177	23.1157863564309025
 1492.000000	3.0294725291560720	61.7595439454008783
 1493.000000	2.8914653923380911	41.4068411529430875
 1494.000000	4.0153572367647552	46.3065041112878362
 1495.000000	2.9040482570887325	5.1000755142970320
 1496.000000	3.0308685540347544	13.8010237010167032
 1497.000000	3.8680610092879273	64.7894323271880950
 1498.000000	3.8693614241717755	56.6692985997719347
 1499.000000	3.1645557127148689	30.4468499629103633
