 0.000000	13.5420462218519280	32.7910440151730143
 1.000000	14.2283954129742582	81.0259091206159354
 2.000000	15.7467065622790088	102.1680525614984276
 3.000000	13.9000994146011525	106.6193176352728784
 4.000000	15.9836497304304057	152.0545891052413481
 5.000000	17.5811274440337506	23.2461476467658201
 6.000000	14.4328301673821056	77.9508320415743157
 7.000000	16.8972069880025622	58.4557054235149707
 8.000000	8.9106357444271822	126.1453625136349501
 9.000000	12.6147596329437075	108.5967688995042693
 10.000000	13.6514891959509548	97.4746812961907807
 11.000000	14.5855120317881966	74.7123813403334935
 12.000000	13.1358061816567862	138.9941207989682823
 13.000000	12.1141505181296640	131.5979420919977088
 14.000000	15.2018648029692152	144.5804551815837726
 15.000000	13.6515615985288363	47.1822648369586943
 16.000000	12.8298454645577955	107.5394581588523693
 17.000000	12.5551063627508199	77.2561416786493567
 18.000000	10.7477475511531555	41.7966969515614153
 19.000000	10.6435820633089726	64.9071837259565285
 20.000000	10.8699446565789675	136.6558051175067021
 21.000000	12.6123766769545007	41.4192432985211383
 22.000000	10.8392499462057401	125.8007681427997682
 23.000000	11.0583263016521940	41.9899040910495103
 24.000000	10.9332551903928827	134.7690952723089879
 25.000000	10.0184456169291423	113.3625920487912850
 26.000000	9.8280337967373050	131.0134550405621212
 27.000000	14.0633639723716861	88.1686371436077678
 28.000000	15.9087868652989233	53.6634345874360008
 29.000000	13.8992480102848948	85.4817346100703332
 30.000000	14.9435334862771807	44.9896148929475146
 31.000000	14.6719750339973860	73.0093949902731225
 32.000000	15.4947503674234497	72.8008549844601873
 33.000000	11.5803218606572784	101.2976279987660888
 34.000000	15.1803683072181315	82.9601258525861738
 35.000000	12.8154954454308019	68.6810736313916266
 36.000000	10.9895339466784669	72.7346617480306605
 37.000000	17.4378653090254012	153.7245254522178470
 38.000000	15.1711721353836850	49.9373783990446043
 39.000000	20.3479209515755635	85.3913534525565581
 40.000000	18.3978472018028398	90.0948394704084876
 41.000000	19.4250914580236014	72.8966562178252104
 42.000000	17.7029488149534373	153.6172283776929817
 43.000000	14.8426889515452363	23.4376202206788662
 44.000000	15.4159025534147851	66.1023454568690454
 45.000000	20.0498660132259197	91.4739437050755413
 46.000000	18.0072711380701413	67.0772587482960745
 47.000000	11.6026221832104905	12.5195612757349579
 48.000000	16.9607772369031053	39.5793965926440876
 49.000000	15.8049923686535188	30.5594429179583358
 50.000000	16.6854792603245166	37.2307730632697087
 51.000000	11.3708972184164399	13.8589383846549481
 52.000000	16.2480336602154551	34.1345240650887263
 53.000000	14.8657325025866722	57.4099439739040065
 54.000000	13.9515513995577507	54.3225932639959410
 55.000000	12.1995094407221174	24.3205187588180820
 56.000000	10.5073983043564638	28.2571551825571987
 57.000000	13.5334828326798959	46.2838127463558067
 58.000000	10.2341846654516750	38.5697573193641006
 59.000000	16.8197060390952302	65.3636107612183963
 60.000000	12.4057006061131361	29.5008307524024644
 61.000000	19.4130826107250591	109.6696225072334840
 62.000000	14.2180013659481652	103.3218736984655663
 63.000000	11.8792415475417688	106.2168056650899644
 64.000000	13.9618878562243118	102.2310461554683201
 65.000000	13.8322633307945377	104.5162353198073646
 66.000000	13.6599631078279202	84.1566136345745548
 67.000000	13.2127204909431271	81.5767963969217504
 68.000000	15.0587776764612684	108.2836689785227833
 69.000000	13.0435581545548605	120.8481245862212887
 70.000000	13.4354491126548066	83.2071986326313322
 71.000000	13.7587858721792902	68.4464557492771064
 72.000000	14.3408465548400645	73.6052930115305628
 73.000000	15.6935022184967572	126.4116967473739521
 74.000000	14.6058412953208858	100.5294628116990765
 75.000000	22.4118132770169787	51.1961227694388583
 76.000000	26.4319355130341975	82.4213671999900015
 77.000000	20.9782446765727641	151.6169520052506527
 78.000000	22.0806030420901322	167.3280314583901429
 79.000000	19.5214064076719929	74.1579730954528173
 80.000000	22.6690141765459110	50.7126672216956820
 81.000000	13.5887867375540274	67.1853021475733385
 82.000000	19.0834865663687481	98.9228331781375800
 83.000000	24.5202822628134989	105.8942066938444384
 84.000000	21.0444264805606167	106.1944176773250774
 85.000000	9.8161154423874866	101.3274265679258974
 86.000000	12.8959652617149665	120.0277269537987195
 87.000000	18.2306841817962137	90.7472330168542527
 88.000000	20.7441142051838661	111.8571969572019924
 89.000000	22.4515773932694565	115.0187148077274770
 90.000000	23.2979250707508463	126.1595384195284169
 91.000000	22.8540918401626065	123.5138338440849992
 92.000000	22.7035948076564864	77.0654715685330700
 93.000000	21.6783917617310493	114.2805762898569242
 94.000000	19.8913295568195956	86.4430231733324632
 95.000000	14.7406054859301427	115.7849181563522052
 96.000000	14.5004526781449012	82.4957691646424962
 97.000000	17.2200400135280276	62.9300394074677882
 98.000000	16.5371747958213007	110.1260726248927568
 99.000000	16.7286032928049906	54.6772325433249193
 100.000000	13.8539592532445983	80.6665228654411379
 101.000000	24.5969875844706607	122.1274742212821565
 102.000000	24.2158896984568912	99.2396895707533417
 103.000000	12.8471753311366541	16.0357395725011429
 104.000000	14.2261219267771093	82.9395416164463199
 105.000000	11.8697314151556377	109.3962868043677190
 106.000000	14.9493981298264647	73.5864887375175556
 107.000000	15.0433005681945868	80.7936428079592872
 108.000000	15.6325751841837626	117.3890657256104788
 109.000000	16.7930880192529344	60.5992212075753542
 110.000000	17.1874826980711042	72.5906762629364835
 111.000000	21.5103414219955056	74.1838093699337833
 112.000000	23.4249507136134483	76.5355533697973982
 113.000000	21.6323860048450669	85.9986744409916071
 114.000000	20.0375284015388857	62.3563325688290178
 115.000000	15.3626541768508016	33.9027232505154643
 116.000000	19.5975437504978309	54.8128939160973658
 117.000000	17.8361779289616038	42.1168193012435665
 118.000000	20.7946815540390268	110.3836516155421350
 119.000000	14.3348299600411657	108.4992666733171944
 120.000000	14.1234761380739489	96.2952080242037880
 121.000000	19.3974196940047783	122.9829738402539334
 122.000000	14.2121721530640688	59.6632624946241208
 123.000000	19.6879002330410380	159.2988658489671536
 124.000000	13.9754699288319255	50.1792342006754950
 125.000000	15.7761862085873119	39.0817257697854075
 126.000000	20.9578838733308039	107.4326087624472166
 127.000000	21.9624242594657098	52.5987488133142165
 128.000000	20.0195283883353738	53.9776020588904686
 129.000000	21.8682449565696437	75.4508760558864964
 130.000000	18.5794428405096923	150.8399862433234944
 131.000000	24.4663988546017386	91.2371112747090791
 132.000000	18.3291338433069662	30.4197603974831452
 133.000000	18.2348124671718743	60.9184968295853650
 134.000000	18.7194188236596730	124.9700897536727808
 135.000000	20.7762497767876937	85.5860058903287637
 136.000000	20.7278443716153689	115.3625969846319776
 137.000000	20.4488540114120454	67.2883339459907290
 138.000000	23.8489613016027739	110.8358107277861677
 139.000000	26.7443042523800258	87.1379552920836602
 140.000000	22.1443279981066432	87.7315944293941925
 141.000000	22.2592904185061542	96.9503066109032119
 142.000000	20.7131251435889361	58.2306458854736491
 143.000000	24.2217457287308164	85.0542104451940162
 144.000000	23.7759821669045230	104.3609161939246235
 145.000000	26.8469984384204317	84.2951094938447483
 146.000000	23.0287439451400537	116.7553270534483829
 147.000000	21.3787409472068219	53.8883994493365890
 148.000000	17.0857257854080089	64.4378286348880494
 149.000000	18.5876022842286091	100.3848390016454744
 150.000000	25.2007016546501781	134.4861354644127118
 151.000000	16.1283511836892046	118.0333334822787208
 152.000000	17.3225114288334439	125.7886653560665593
 153.000000	16.7330853308364986	69.8202153683042752
 154.000000	9.1582179747792871	48.9811840090317219
 155.000000	21.9378412797320657	145.2397245056787369
 156.000000	18.7767981781914308	147.5404514261003044
 157.000000	18.4000656698790088	68.7013569535136810
 158.000000	19.1797556341656978	80.6777833323994855
 159.000000	19.7392358234401932	38.8281927004614431
 160.000000	18.5292478905061948	120.5966321664146932
 161.000000	19.2527314227511681	111.7784947233858190
 162.000000	20.3307252172079025	121.4768068413965239
 163.000000	20.3697784745449688	78.6084346065749742
 164.000000	20.6840653668592189	47.5196067549493932
 165.000000	17.3693349923848217	40.2579823594273023
 166.000000	16.8742560794606824	84.4349093877263925
 167.000000	17.6937281541867364	57.7256052775392163
 168.000000	9.2612384077685910	44.3571282812092136
 169.000000	20.9933503455380581	96.0001445993360392
 170.000000	20.2118187789849841	109.0728672100140386
 171.000000	19.9341969394519154	91.4804025691321385
 172.000000	26.2708747782461707	137.3439780307629121
 173.000000	25.9841520065347389	115.4852031398079220
 174.000000	24.9850218894275216	136.8971160622074308
 175.000000	23.5776068106656993	97.2981543707657011
 176.000000	11.7871623049659000	40.1505969855793694
 177.000000	23.0075129846241460	121.8801229337378231
 178.000000	21.4904852508721191	103.6648080724723116
 179.000000	23.2064345627263364	94.7374790470295522
 180.000000	22.9600147032712627	103.8838593629193667
 181.000000	22.9452880433328232	97.5991458933927873
 182.000000	13.9560964590417473	16.7137069006368222
 183.000000	19.0394979170971119	69.4625753293608170
 184.000000	19.4337463708814617	177.3898432537562542
 185.000000	21.5644935546027590	95.2391202022551084
 186.000000	24.0773765943145968	71.6573428102073819
 187.000000	22.3399558373568397	99.9865072123348568
 188.000000	24.8225013129741328	101.9042446323302897
 189.000000	18.3495446251993322	91.0809430551033046
 190.000000	15.0601530502139767	115.1431916691019239
 191.000000	15.3461293622084565	162.2234356930156309
 192.000000	18.8317146803582673	126.4064494041372200
 193.000000	23.3286019123828936	42.5987642689924542
 194.000000	14.1668471317735278	54.8473355941011675
 195.000000	16.2745432367284444	152.1443222493612097
 196.000000	19.0740416141346394	81.3381346376266237
 197.000000	25.0983997699748400	104.0944773821748299
 198.000000	13.9816359578613909	39.2164637729237313
 199.000000	23.0630639601533751	104.2100071628108253
 200.000000	18.5139151038442229	133.4706722550883455
 201.000000	20.3260952857861987	79.1608060363880526
 202.000000	16.1248144900817039	138.1684073606968468
 203.000000	16.8932228365617974	131.6263979063051011
 204.000000	21.9581981311123009	107.1267215396657662
 205.000000	16.2805172237428266	68.8192354027184052
 206.000000	17.5691835669631651	60.1327873718650636
 207.000000	10.6546709861344411	109.0425196542424686
 208.000000	18.0307484957998732	144.2346559746870298
 209.000000	14.0378781530466181	156.8418334744035292
 210.000000	13.4863531983401792	33.1593032354178945
 211.000000	23.5634458371463325	145.3001036588278509
 212.000000	18.8034373871114333	164.8478077972931715
 213.000000	19.4005456716400317	112.9351176921863384
 214.000000	14.2589557947508077	170.4560450467280077
 215.000000	24.2134659380802333	76.0152986373022657
 216.000000	24.3276773234034920	64.1583439147414083
 217.000000	16.4172194028607414	11.4697018091358984
 218.000000	16.6709642926843600	22.1695495831629330
 219.000000	23.2016979176716163	86.4157991772886334
 220.000000	18.7059018302638513	67.6856718778221023
 221.000000	20.4519929962877605	64.2896114337484903
 222.000000	18.2417976908466493	60.1033745615611394
 223.000000	17.6437521970912528	63.6314144119644851
 224.000000	21.6077437414660345	74.2200476960024247
 225.000000	20.2322935864743130	87.5500334769575801
 226.000000	19.3610562228796077	113.9105231352445031
 227.000000	17.8236400516072280	120.6316589306936180
 228.000000	18.5624148600607057	130.4663808599306947
 229.000000	17.8663216277239556	128.2401094588108492
 230.000000	17.7854046771137178	151.6854785939024168
 231.000000	16.3156048704806160	76.8513502634186523
 232.000000	19.4041645167115639	96.4100667980471968
 233.000000	21.6084948627459354	88.4416632623722165
 234.000000	22.9234783967105926	116.9880884161737526
 235.000000	20.9098685390361467	101.6282350693168013
 236.000000	17.7563266298740672	64.9007245693810404
 237.000000	15.8165293049822910	79.3679531929042241
 238.000000	15.5208873024690632	77.2441823344688174
 239.000000	15.2283565503802194	38.4201448896215823
 240.000000	15.9896149385275450	65.0247273625991795
 241.000000	16.8176867039477820	54.0194200712047490
 242.000000	23.1763598913282607	73.3526920396875965
 243.000000	16.6303334295976804	61.4392133359460502
 244.000000	14.6100259238095465	117.0231915842167609
 245.000000	18.6690906029389829	93.3109448401725672
 246.000000	21.1390682786172590	72.1718030187999773
 247.000000	13.6553755559012977	98.3395116624828063
 248.000000	13.2581488888782228	74.7900696690053337
 249.000000	18.0949185647275783	98.5564042961438105
 250.000000	20.0202842157303138	132.5476115369245917
 251.000000	15.3885242065359495	84.5886880686154683
 252.000000	19.5577229487791833	105.3550357120052610
 253.000000	19.1028464322708729	81.0771496440837325
 254.000000	20.9379759609101512	120.0027439764223942
 255.000000	19.0745212073387975	91.5000404323138383
 256.000000	13.5604730731670990	88.2062208081466537
 257.000000	18.6414806163528652	62.3327111563383767
 258.000000	16.7295266629576105	93.4128602992458212
 259.000000	16.8983039329665452	16.8934032291427343
 260.000000	18.8736146911125218	84.0700138742203507
 261.000000	9.8920993343054189	43.1169124880543961
 262.000000	20.8189534252459119	161.6417997787512206
 263.000000	20.6624501736741735	163.1584711960794323
 264.000000	18.0109794849393055	151.0836764111580521
 265.000000	22.7991897028179125	86.1224870587915348
 266.000000	19.2227425101649843	57.6794159836064040
 267.000000	16.5027250736583184	43.4246196162772549
 268.000000	18.1631918302937940	91.9609823748147903
 269.000000	21.7719218624951623	98.9024646027719285
 270.000000	18.9272320621271746	61.7742396456284979
 271.000000	21.7272879070379368	103.5178063988249164
 272.000000	21.3747395192274539	79.2865539443131979
 273.000000	22.0090752757981853	85.0803594965936014
 274.000000	20.4839886673587337	102.3288888431012680
 275.000000	22.5641651233463705	129.5732405074292330
 276.000000	21.1579745560404184	88.6058687348943863
 277.000000	22.0934002237335427	110.1552140154457931
 278.000000	20.2092824425627953	143.0596018882829981
 279.000000	19.9853772311345921	125.0660698852904886
 280.000000	18.8485741103469735	96.0584228238594164
 281.000000	21.2157235833813083	90.0900308558413485
 282.000000	22.2283390425050627	111.2327219954624553
 283.000000	20.9970354037910774	90.2058961906200949
 284.000000	18.4027413370077824	53.3179883610522865
 285.000000	13.4945651349364510	28.1115054037863388
 286.000000	14.9933573751161706	57.7033542596557538
 287.000000	20.7601336877957472	114.0107515741071040
 288.000000	13.7861862126280208	101.0630945271473280
 289.000000	12.3216149138512598	97.5329906239093418
 290.000000	14.2373353138651062	94.2163360034958970
 291.000000	14.5446666379071150	109.1470600410293059
 292.000000	18.3528183625341121	100.1050873409861026
 293.000000	14.3867779329534198	62.2719694729652673
 294.000000	15.3703224620662589	82.0000997304877473
 295.000000	12.9567473424290398	102.0086109832162720
 296.000000	13.4478583914506551	89.4751367466767107
 297.000000	14.1741819036437562	89.9370325334752749
 298.000000	13.5967125794030697	90.0435685192845767
 299.000000	12.9802201958744927	96.5852426787714222
 300.000000	12.0108550554834697	95.6318782333663506
 301.000000	16.4928725810119410	65.3467483782004734
 302.000000	13.4677997887930303	103.5169733500508329
 303.000000	14.3661261632706267	104.7724151298884578
 304.000000	14.8702715836892345	102.4717447981171006
 305.000000	11.9043328719874957	89.8251937715764086
 306.000000	15.3372611555079583	104.2506152683359346
 307.000000	12.8346144163079448	99.7484939751355881
 308.000000	16.6925668646615755	73.4833483538908752
 309.000000	14.3576735581607497	90.9261438310742847
 310.000000	17.5681335911439653	92.9494775793850323
 311.000000	14.1300024947934997	37.8892899538555525
 312.000000	20.7739402387795593	114.8398968624723295
 313.000000	20.4107502978728697	75.3807343815038280
 314.000000	21.0274200747649189	108.1019742406880084
 315.000000	16.5560273249691647	48.9818719236431832
 316.000000	18.2660730162704716	70.5990604084117592
 317.000000	13.2925333808201547	101.2722451392898506
 318.000000	14.5335305815404787	91.2490295287357327
 319.000000	12.0788027854837470	84.9503081328956711
 320.000000	12.0707117923197860	111.0208152754108966
 321.000000	13.1082623702545380	65.3612983044701252
 322.000000	12.8544700229817064	75.9037257804658907
 323.000000	13.9263403644083805	108.2607173612457103
 324.000000	22.2186314345619920	101.3439160263935293
 325.000000	12.5121288074548698	96.6527092452558207
 326.000000	13.1085248907057057	119.2162576633068909
 327.000000	11.9777913751172242	70.7317436820929402
 328.000000	14.6865424917802940	82.6656546543120356
 329.000000	15.4733752642794684	48.8808457061376487
 330.000000	16.7313390034956164	101.1474755977973672
 331.000000	19.1132196662773879	48.8269712402205300
 332.000000	15.0680136555654069	83.8503987038423730
 333.000000	15.2741998673516548	54.5909204079943891
 334.000000	20.4975409731274780	75.4027625405157096
 335.000000	23.2805042368786026	71.7824380503491426
 336.000000	18.4293249594941138	153.9039728379486291
 337.000000	15.4053741121423187	93.3834179564939717
 338.000000	17.9846439161494907	139.4794676819104779
 339.000000	17.4020927432450456	19.6274231965844876
 340.000000	17.0506842358172754	95.3730041219013600
 341.000000	17.0297142577349341	135.2755670401157602
 342.000000	16.4687893251650941	154.0949175350431517
 343.000000	19.3495131409407293	118.4915993725971077
 344.000000	18.9791354380441923	148.5379033072022139
 345.000000	15.2353819276772597	10.1290468375062517
 346.000000	13.6992183749776117	135.8798714354902586
 347.000000	14.2004543089964681	133.8156768208296796
 348.000000	18.4539819376150049	86.8433300323932400
 349.000000	16.0728771359036244	146.5089065614957065
 350.000000	13.9093575626290313	96.7716218019038905
 351.000000	13.8324698166248421	109.1336856219443092
 352.000000	18.6949816436732377	173.2052446099003760
 353.000000	15.6033993537266937	137.6886786475704696
 354.000000	17.2212128759488294	161.7951915955567586
 355.000000	17.8736839002093149	114.5407068150684324
 356.000000	16.2455070408971736	24.6718250782259645
 357.000000	18.2818621014185219	128.4705945833912324
 358.000000	11.1902574870281324	98.5150696183895036
 359.000000	10.5281646178266275	66.8135972761001966
 360.000000	13.8241392652373118	148.2099721537324797
 361.000000	9.5395580417991308	83.1907085523777994
 362.000000	12.2462660717169740	128.6324233449433336
 363.000000	10.6183630915096021	148.5772127526262238
 364.000000	11.4779158029587460	122.4532603362458758
 365.000000	11.5598406732546906	52.6446190124821243
 366.000000	10.3591992545668887	123.2106232601104949
 367.000000	11.6963728273217438	92.1303615696271834
 368.000000	16.2272177985164241	51.9116373965006517
 369.000000	12.5177725736556962	80.9567443003797109
 370.000000	11.7904876870210220	97.8041378915379624
 371.000000	14.6172560066688568	70.8000933939043762
 372.000000	18.4150020707884110	29.5566196035854603
 373.000000	18.8604269650909728	125.7927159852194166
 374.000000	17.7691825864926827	57.0940993252727367
 375.000000	17.1438142496297559	149.6608827499998426
 376.000000	25.4337158064241358	87.3395587801621929
 377.000000	20.5011713220976333	104.7401594048527897
 378.000000	17.2507560699837867	65.4900763847244605
 379.000000	20.2309714294645460	108.2618925571238577
 380.000000	19.4939686048962812	97.1684168488622362
 381.000000	23.7178017181296070	120.1112458559956337
 382.000000	18.3748592574175795	70.8346145745227176
 383.000000	18.4950506355080151	105.6614653578252785
 384.000000	15.7252412873631346	55.0658168412715270
 385.000000	19.4087296880834472	94.6122556949181899
 386.000000	15.4681972628655426	128.5835170916043637
 387.000000	17.7811875780613633	107.4810749649667088
 388.000000	14.9403948176769585	40.9165711796593996
 389.000000	21.6528194124904978	90.9516941652892967
 390.000000	18.9565989541421764	127.0051509239777943
 391.000000	20.5063132386040508	115.3482765460143895
 392.000000	20.2602670175022403	74.1084070502463987
 393.000000	22.7081032486924599	99.1036558236438196
 394.000000	18.9234834762813442	67.1555707426209096
 395.000000	22.1312586553250661	91.9739285061565255
 396.000000	20.1066200069279688	93.1152704975391003
 397.000000	20.5293060720383806	103.9813648414877605
 398.000000	21.3550660712532441	123.3927328458332084
 399.000000	22.0017238006054860	138.4294984696250594
 400.000000	20.5280922795799299	62.4997624122784146
 401.000000	21.2498691376261633	132.2655376202583568
 402.000000	19.2322107209256146	97.8331078289855895
 403.000000	17.7993544525717695	40.6423491101703291
 404.000000	17.0434788686930965	29.3336110291872387
 405.000000	16.5090840959526837	36.8661426973705773
 406.000000	15.8163635098559485	18.5337473976211413
 407.000000	16.5620746601337530	77.4498095864527016
 408.000000	17.5085418430073574	68.6977774450789695
 409.000000	18.2801981128499271	99.1535555169905081
 410.000000	16.7988485490895023	98.1261007635189770
 411.000000	15.0083121834388873	104.9319348991511021
 412.000000	19.8719756298396568	92.7814689525175140
 413.000000	15.4154609107324898	73.6629244714965665
 414.000000	17.5965812639818857	150.2404934274213133
 415.000000	18.2684876342253020	39.3546132826788835
 416.000000	7.0731384467978851	105.6829760023178721
 417.000000	7.5417857988164405	115.1493902695996780
 418.000000	15.8425851493471210	61.3330193191445687
 419.000000	15.5976827002064553	160.3414408385928596
 420.000000	14.0156972453598421	159.6898089433867085
 421.000000	14.8453308321026825	48.0775224257088212
 422.000000	11.7863591358953830	3.8389082554379854
 423.000000	13.8102995523895444	136.9962908505348764
 424.000000	14.5369034924519287	175.8547822933588805
 425.000000	16.4033725642306258	29.7068983158606272
 426.000000	15.9623660949077113	153.6786799851522574
 427.000000	16.2061323342264849	161.0669692833380395
 428.000000	20.2838767748989248	56.1529093394909324
 429.000000	18.4987009130840043	68.7746400948266938
 430.000000	18.5113311357103250	38.4551835485985123
 431.000000	18.1420243432868098	65.9312236230909434
 432.000000	14.1691720207800476	26.0275367120146370
 433.000000	17.0470370456525870	29.5795425689809690
 434.000000	19.0935064618326500	72.0798167989968732
 435.000000	16.5866520159567834	59.1330924912454492
 436.000000	21.1332432877098242	91.7386246372223297
 437.000000	17.1104315427214431	117.0313691902472613
 438.000000	15.5921707377005028	89.5455000532561769
 439.000000	22.5065411856325142	80.7223341654070765
 440.000000	18.3137561623045926	54.0991367704128692
 441.000000	15.0355087290485034	162.8154499095903702
 442.000000	15.1348914352147226	64.5790873900915017
 443.000000	13.5915911370268105	54.1063572482157014
 444.000000	8.2316314849523629	66.2665266753971167
 445.000000	8.9161002143919941	7.2811503630604477
 446.000000	13.5654488583017905	41.8906296917634791
 447.000000	12.1105324400656844	49.1404296904816817
 448.000000	11.8342588646992866	45.9701282221382996
 449.000000	14.6266320300918320	54.5772598502190505
 450.000000	15.7340637571906701	9.7643605401321167
 451.000000	13.0571776217324320	40.1577262124560832
 452.000000	11.9627262252167466	35.3455769087433396
 453.000000	12.3500684085401815	28.3357800642362747
 454.000000	9.2886930347188628	32.9473984506832949
 455.000000	10.0052228715925402	15.6474044429246533
 456.000000	11.0162274908481876	34.2291740797973318
 457.000000	13.7424768219208744	6.7176646573428513
 458.000000	12.9643998063884442	84.9210396284521636
 459.000000	17.1806919164392085	57.6144286197141611
 460.000000	15.2135214810584589	69.0484353452594490
 461.000000	17.5331316618551192	94.1977825135167848
 462.000000	13.1518350826097823	44.1960006999192672
 463.000000	16.4298159708740812	47.8177016275905373
 464.000000	11.8213363569684020	123.6743347512441176
 465.000000	19.0294102313291127	142.3852931494109839
 466.000000	19.9362291250173236	38.9445434773624015
 467.000000	15.9756774031099003	70.5285054624335430
 468.000000	19.2025518701037328	93.4267674954174936
 469.000000	19.2546378105732394	105.6681387843824353
 470.000000	21.9041947849204597	86.5426152929210133
 471.000000	20.1574240730534129	59.1607270777836050
 472.000000	16.2722964627841655	109.7347251019598389
 473.000000	18.5585162431639255	85.7864398835993711
 474.000000	17.4969184307254046	81.1153650944723665
 475.000000	14.5120867493084926	74.4512885939687123
 476.000000	13.3990397363799190	109.5404207649476263
 477.000000	12.4978103162315932	80.0811677004336673
 478.000000	13.0277640433180242	48.9326823794466179
 479.000000	16.3599374172329028	123.6469942616252240
 480.000000	11.8114481585632820	80.4251903784004867
 481.000000	15.2553804801055435	94.4084780287259520
 482.000000	13.0809114201922547	81.0835248976084699
 483.000000	14.1005289340628224	81.7392276163957803
 484.000000	16.4937591941635873	69.7649459832045551
 485.000000	13.2353518226937812	81.7198952636599500
 486.000000	17.3142747830027552	74.9395678743631350
 487.000000	15.9658143060620965	90.1918466534211802
 488.000000	18.7759703329287717	72.7018205669850204
 489.000000	12.7366138875791819	65.7888021590063374
 490.000000	18.2696885915585092	36.0548388933850106
 491.000000	22.4743690251640444	103.9064953654925745
 492.000000	19.6846311197026225	103.9412496218191677
 493.000000	21.3054329599862307	108.0151229581362884
 494.000000	24.1165796243676986	118.8230213314234618
 495.000000	18.8144890181310451	80.7351052609589459
 496.000000	22.0445634061518660	124.9202089217483405
 497.000000	16.1476147615788008	83.2186533983083194
 498.000000	17.7087477736179046	85.2541965722145250
 499.000000	16.9136145682662082	97.6707363354734781
 500.000000	11.3924019551988671	4.1910203481803023
 501.000000	14.6813261584880674	82.4421765428317315
 502.000000	18.3885289551143778	102.6346392457306962
 503.000000	16.9596166144428189	86.8771211957111262
 504.000000	15.9219911976455819	120.8923628760157669
 505.000000	15.6219189725390386	46.8314597357646960
 506.000000	18.8629920726286322	82.3509580295597061
 507.000000	14.9830375871636523	54.8846536325584538
 508.000000	18.4160952940778095	53.8492252457465241
 509.000000	20.2314550431398743	108.5648663107514267
 510.000000	18.9648189484838028	77.9712590260741507
 511.000000	19.9860629261817202	93.5861592022704372
 512.000000	18.3361004084771437	95.0217918213708259
 513.000000	21.2029665032159187	118.7013212763777972
 514.000000	19.1790176540196846	62.5454647598992466
 515.000000	14.7070189712280701	74.1582329932445106
 516.000000	22.1241571550331138	101.3773685805742133
 517.000000	16.3707076051816465	38.6661451355350607
 518.000000	14.4463788993869944	63.4970949555489881
 519.000000	12.3508152298298644	58.1146722193823422
 520.000000	17.8104835954497247	91.4045931121870723
 521.000000	14.7732507883326143	78.3763825114192230
 522.000000	16.1079015357832347	61.0961266287449689
 523.000000	17.3367645049573618	61.5630219606048712
 524.000000	18.1495756727505544	95.5068520983022751
 525.000000	16.7471530059432929	41.9949009678070126
 526.000000	14.9903093372709613	81.0165315312505498
 527.000000	16.6531747910030568	74.9069334832901461
 528.000000	14.1075434366471466	74.0463007505900066
 529.000000	13.8945415413122451	81.2147524443769839
 530.000000	13.1381601333756493	91.1677012022969535
 531.000000	15.3319959037477584	103.6683272622230874
 532.000000	16.1620242440615982	70.8029184029944219
 533.000000	17.7601927606348724	96.4397416287860096
 534.000000	19.9863316041343317	107.3537519173905110
 535.000000	19.3341708055222767	93.6629726207162889
 536.000000	21.8894214575830048	58.7147462510384912
 537.000000	17.9498186721795712	40.1751169872605658
 538.000000	21.2842421753269768	113.3850599036160247
 539.000000	22.9453511146133131	130.4073378051623138
 540.000000	21.0634264058811169	121.3267818567966003
 541.000000	19.8428652129272898	82.3999991570962891
 542.000000	21.4762110095129017	76.6825973457245311
 543.000000	19.9724237346483058	115.2783347841603643
 544.000000	20.1736883383199199	110.0293620729930382
 545.000000	19.3256938646387333	37.7374548223065176
 546.000000	22.9633342098768694	86.4782794544400701
 547.000000	15.5226719670240243	73.6956794375518882
 548.000000	19.6716148492463248	61.2390303080963463
 549.000000	21.9527267466813001	70.0834641707886021
 550.000000	20.1491233956339677	139.4833991363361179
 551.000000	14.4010836013783585	120.5603792970104422
 552.000000	16.2754329129207740	57.8687613206895008
 553.000000	18.3660044285627357	125.4557761849977453
 554.000000	18.6698451560175478	67.8453012593027864
 555.000000	17.1374048542213337	94.0100456690983179
 556.000000	20.8987841233875749	126.2729914672197680
 557.000000	19.1522620341593282	137.9671183461367718
 558.000000	18.9612137727528314	25.3459316060382491
 559.000000	17.1967019929040745	121.2893160093527314
 560.000000	24.2090391341268507	127.1490479291977636
 561.000000	20.0364064214892963	130.5700046026248060
 562.000000	25.0120788191012160	131.1948016562265309
 563.000000	24.6389814683224380	135.3220838390933238
 564.000000	19.6292063152454830	65.6625724125379691
 565.000000	21.0157572846359493	133.1790255379515315
 566.000000	22.1859885130659613	116.2180555925117602
 567.000000	22.5397709730403619	66.5403082024517403
 568.000000	18.8273930592244696	108.5266920208767232
 569.000000	13.6618232546897662	101.8892870020290644
 570.000000	20.5349216371385346	120.1188743972929274
 571.000000	13.6507062024263455	90.9877543973128127
 572.000000	14.2267038431011592	114.2810947487683393
 573.000000	13.6033337493146131	60.9051516786515634
 574.000000	14.7313984060602845	68.4954127376695965
 575.000000	14.1943969887369530	110.9044659194509279
 576.000000	15.6552646093595893	67.8444999478082593
 577.000000	15.3391637408561721	109.5270491936212807
 578.000000	21.7226826659519610	107.6565643077495054
 579.000000	21.9818276642258077	135.2261048930294294
 580.000000	24.3032774944416659	114.0468453576063865
 581.000000	22.7020595216864152	136.4393260555725362
 582.000000	26.2088074275809895	68.6634963937867582
 583.000000	17.7755624332801325	49.4407335077815446
 584.000000	17.2128081729866906	76.4160709879013069
 585.000000	17.1644221638753791	129.7413491286927183
 586.000000	16.0158804975027813	87.0130443412432868
 587.000000	18.6822298046274398	96.9051334674115168
 588.000000	17.6041692830942758	134.5462179317477478
 589.000000	21.7454350073036373	97.7261633508978775
 590.000000	17.8206270597053873	122.8388326074990573
 591.000000	15.4664825135314743	102.9494296077878914
 592.000000	15.4539422905472197	76.3756511361573160
 593.000000	15.9495276123355278	119.7772463196088069
 594.000000	19.5334162404809639	76.6797825926858962
 595.000000	19.8972542558691750	95.3304125167635590
 596.000000	20.7773200156993560	132.2592326749575591
 597.000000	22.2886562825813144	87.5081299579971699
 598.000000	20.3313558404373005	101.8265447257033287
 599.000000	20.7733308206793623	107.3677577437928932
 600.000000	18.5867940492507131	141.0802242349559492
 601.000000	19.0446215184640941	95.2637138928664058
 602.000000	17.4075929434950432	130.5214330976191093
 603.000000	14.4811865304472231	99.1317512430767778
 604.000000	14.5296243890852903	97.1645203851591077
 605.000000	17.4235728900063762	116.0508996720684536
 606.000000	17.5668441886381643	67.7383072345642177
 607.000000	18.2303133078577808	102.7380808923619355
 608.000000	17.3341215646719782	82.4717950962908333
 609.000000	14.6293872845351487	65.9222192804095499
 610.000000	13.8700737970836094	88.5505183857288358
 611.000000	16.1505804847032728	104.2734012915914832
 612.000000	14.1295692473695240	60.0647945245161168
 613.000000	14.2327412202349475	105.4227327926084143
 614.000000	13.4562844550674825	82.1248932637219440
 615.000000	16.5374562115691255	67.0816407471490663
 616.000000	18.3663516534679623	94.0488508503862874
 617.000000	15.0441156651250427	115.0217396674540709
 618.000000	19.4518194132185265	96.9607085921165179
 619.000000	14.9672787398821647	118.6671975987879080
 620.000000	15.1577694390026458	114.7931327049109314
 621.000000	16.1988475390946078	95.6068334754520350
 622.000000	10.8996137268969360	110.9194490961192088
 623.000000	15.4434360378274373	107.5139196420756207
 624.000000	17.5357458923853464	138.4055784081396325
 625.000000	17.0834143682503061	107.6393415758907537
 626.000000	16.6338411498207499	131.4953147170526506
 627.000000	17.8786322736650760	107.9118441836481992
 628.000000	11.9257522291024749	123.0377498370891516
 629.000000	21.9514760202024775	72.4008258246315108
 630.000000	22.9788154641641711	148.3058942415399315
 631.000000	15.5919762133654523	118.7342756363661920
 632.000000	17.7682656106943391	146.7198967582465627
 633.000000	22.6055256521259444	137.3586194793855384
 634.000000	13.5682481494597074	96.1143273266983869
 635.000000	12.4814364288949111	133.0435997557140979
 636.000000	16.9175462603708624	96.8534772382029416
 637.000000	13.6436778779767725	68.5133953605283921
 638.000000	13.4698096054939835	100.1931512545031353
 639.000000	14.5980650877009133	110.0048525307830261
 640.000000	21.4136506957723540	83.2554574343723743
 641.000000	18.9958043441378059	92.0150895031399898
 642.000000	18.5376357127099141	96.9758513272522862
 643.000000	19.1301576302916487	65.5055899669319928
 644.000000	18.4697177554063323	88.8571106626149714
 645.000000	16.4076518501217627	90.0380528634936894
 646.000000	14.7848621892128698	113.7649533423251285
 647.000000	14.8250894868402021	109.2184062184143585
 648.000000	12.3364988877338515	93.3925080760728434
 649.000000	15.3600997742529159	110.4699017482109440
 650.000000	21.1435412714825191	73.7432301102750074
 651.000000	19.3837927083980723	93.6196570999600937
 652.000000	18.4601937906098925	148.4743072261406098
 653.000000	15.9465193524190472	104.5849510374411153
 654.000000	18.4451499901590665	120.5192116658647592
 655.000000	18.0115689068734532	122.1319517915384409
 656.000000	18.2339722898440613	102.6920555734334783
 657.000000	17.5898704655421128	96.2633108411220633
 658.000000	16.8039346710476956	91.6971197882853630
 659.000000	18.3098391857583849	80.1436666227746599
 660.000000	22.6567615890514205	120.6918581423738885
 661.000000	18.4986378094145714	85.4678024953386597
 662.000000	21.4910390176449617	124.8487275327322550
 663.000000	18.8083965351666045	103.7298623849614785
 664.000000	15.8962469549290990	63.5498766416224470
 665.000000	16.2286161998103218	73.7236828703295970
 666.000000	10.9562446984739896	49.7031802406717702
 667.000000	8.2926183738949852	40.1798281166265383
 668.000000	6.0802836948622616	112.4999911461189157
 669.000000	9.9059000672234863	57.2440937953307980
 670.000000	10.2061981975611111	17.1200198504043328
 671.000000	15.2996507347372965	52.9310694508999831
 672.000000	10.8981366686489061	29.1100449733912683
 673.000000	11.3659738172266103	61.6273821582129955
 674.000000	7.7324089016200155	45.3883333425885382
 675.000000	10.4912932621160735	26.7658103576688973
 676.000000	8.0114501311270025	36.0559384447342666
 677.000000	8.9369245090634699	53.8917972683969992
 678.000000	12.5121456498561248	10.2131767390776247
 679.000000	11.9163092802711752	35.2221438186763862
 680.000000	17.5033411935610062	47.2594029340226598
 681.000000	18.6989143780036997	84.6044236552707218
 682.000000	19.9150794097260082	48.0156916889345098
 683.000000	19.5031233694248023	50.4783023088481002
 684.000000	20.0793981086612519	93.3253448314079748
 685.000000	17.8190313522415700	44.4227160383572084
 686.000000	21.5879720055486111	95.0423465893409514
 687.000000	20.7814081124052095	92.3261382743279881
 688.000000	21.7117648467562958	75.4081583222149163
 689.000000	22.1348516710594367	79.2195902734013231
 690.000000	19.4938983961212742	72.2861501275365868
 691.000000	13.4038883040520265	5.4803061122811414
 692.000000	18.5568785356808519	63.8618032326555607
 693.000000	15.6555464782723757	86.2248105811758734
 694.000000	17.7175447465687377	88.8989175680361399
 695.000000	18.0811580857462957	69.8167404345148128
 696.000000	19.3960847947328077	46.7837041999682981
 697.000000	17.0957675632029407	32.4950239222366974
 698.000000	4.3239257794559007	27.3710434097825157
 699.000000	7.0325180930121345	141.7964575550935535
 700.000000	8.4064610407705533	23.5179725099078212
 701.000000	4.6226228404482068	59.6693546728404840
 702.000000	9.4828740083036465	156.3355870230360267
 703.000000	4.3823800271358797	33.4132149217265351
 704.000000	6.6050491338760793	156.9685209453274979
 705.000000	11.1293497917383029	70.6216292952820197
 706.000000	13.0109967754034042	82.4974144300714727
 707.000000	20.0661809235292274	70.0456887924391651
 708.000000	19.1698396435067480	166.4347184913416982
 709.000000	17.0997305166854225	53.0162327358822552
 710.000000	13.8457031612024561	169.2844128916117654
 711.000000	9.3715450232096948	125.4320049931791630
 712.000000	11.1567365548002808	47.4466189660263638
 713.000000	9.3138662946178137	100.9000421020651146
 714.000000	7.5742238632072896	79.2167359730795226
 715.000000	7.0222247314282722	106.2189724074423225
 716.000000	12.6551460306549668	114.4475962392106112
 717.000000	12.6040488044254442	124.0795268155143987
 718.000000	9.7627658335872241	122.5559508155779582
 719.000000	10.2079463584287247	127.1680538785102925
 720.000000	9.3608987121837526	97.8078929618599631
 721.000000	16.5594629427469791	41.0198074717293366
 722.000000	12.2883606965244034	138.4338618689194504
 723.000000	8.2202168383777270	58.8364585076180475
 724.000000	11.9271840221884524	65.3905178411665560
 725.000000	10.9018118283533045	94.2288420919116021
 726.000000	12.0767853037229109	97.6424965446808670
 727.000000	16.9333743468452269	37.8864526373564274
 728.000000	12.9537727726485024	152.5864354914144485
 729.000000	17.1322519925983130	157.2852484007690919
 730.000000	12.2121286013917647	38.3595748363808013
 731.000000	16.9235759335066085	45.9231607369481196
 732.000000	10.0860740436985381	34.9903672604592373
 733.000000	11.9686345342401470	28.4059533525256711
 734.000000	20.1943888599111467	153.1526451637589616
 735.000000	17.3931812735856148	24.3716823802907641
 736.000000	16.7936474592146112	40.1889360258578279
 737.000000	15.4219910367519262	43.0498590118082234
 738.000000	8.7108396649688409	103.0956142864702656
 739.000000	4.0807603498580942	79.0743077566877730
 740.000000	2.8581749821556590	5.6977012694327414
 741.000000	6.8288982074702682	46.0483700924222035
 742.000000	11.3915972090345878	27.3871481646597204
 743.000000	17.6532045740842456	42.8492848829456818
 744.000000	12.5815647618352244	19.2773713734810883
 745.000000	4.8535514451808117	105.9015210166127616
 746.000000	5.2303363998345009	128.0066884974632160
 747.000000	10.7849661592613746	33.8855847362595455
 748.000000	7.9368965002428622	108.5020689303025136
 749.000000	4.5511164861728499	83.0116630635185970
 750.000000	5.6847902291077252	76.5545434960663300
 751.000000	7.9199462692825007	88.6410490875605035
 752.000000	5.7738068162105618	19.0444484727183294
 753.000000	6.0151644526032326	73.5779804166746345
 754.000000	7.5510024448757465	50.3174741432353301
 755.000000	13.1587581112155814	7.2461005973082706
 756.000000	14.0220712713632896	61.2401165198763238
 757.000000	15.0693723467898142	84.8532984952060758
 758.000000	12.3996503008896219	54.4999716200692461
 759.000000	17.0179748025527431	54.5310736678429890
 760.000000	15.6206790267429447	61.6924637706957810
 761.000000	16.8036548852496175	160.1359691528314215
 762.000000	11.6241164448926675	35.7457538301570139
 763.000000	17.0857110106057561	93.9653141562539957
 764.000000	16.9845806271193425	86.8219684686791879
 765.000000	17.2814655690936725	73.7786938150817235
 766.000000	14.8381256480010091	76.8666724169646898
 767.000000	17.6779698634461404	79.3433368375258681
 768.000000	20.1715925370836437	86.7767386277865569
 769.000000	19.8576613262716855	102.5860736862502449
 770.000000	16.4765880748723035	88.4919067098506673
 771.000000	17.4454518604987250	72.1374364203963978
 772.000000	18.5698969948588655	84.0933522251150123
 773.000000	13.1522620251054718	135.0123763233785894
 774.000000	15.8452799822320287	74.7960420849330063
 775.000000	13.6111291434793298	30.4448397177968957
 776.000000	13.7683328843151429	77.3822836543286030
 777.000000	18.8018833886802739	119.1082833972290302
 778.000000	18.9030658065024539	133.4138852660845771
 779.000000	18.3671386253888507	107.3120215424794139
 780.000000	12.0526012064093653	36.6734329364905420
 781.000000	8.3343458016140275	38.2592108801773065
 782.000000	10.6213860693399287	31.7007396073801999
 783.000000	8.6592237231554439	123.7064050821364276
 784.000000	14.8135760096522233	55.3596469876090680
 785.000000	17.8956318634348222	115.9989162139801806
 786.000000	15.3401486553129853	50.8339717208295951
 787.000000	12.0068810373561199	154.3302017758290390
 788.000000	16.5328973428456969	94.2725243644855908
 789.000000	19.4431381478104939	100.4296675701223336
 790.000000	19.9942010858211781	85.9136068519615179
 791.000000	16.1761237304874257	69.5713207707397174
 792.000000	12.6907423468413558	61.0554451039314472
 793.000000	15.2402817870884366	76.4628034124384044
 794.000000	14.8035376168639861	129.5136425523448338
 795.000000	12.0921863515506569	152.8124602977558197
 796.000000	11.9417211187399843	171.9736445268283376
 797.000000	8.8597573035782915	30.6477586414517020
 798.000000	10.6554946815961227	32.3538087493270439
 799.000000	12.3354956349762794	148.7038833463824119
 800.000000	5.7082238945209935	154.8894374254436741
 801.000000	8.1010824960893331	44.5695177493408607
 802.000000	8.9561840536324393	25.2875529793695648
 803.000000	12.9281179793004704	134.2819020883021608
 804.000000	9.6306013108820849	124.5690175751265940
 805.000000	9.8965331374212315	125.1078547469494850
 806.000000	8.2263832353081057	38.2090916570910224
 807.000000	13.1895162912936428	27.7573651375691952
 808.000000	18.6666668673746585	92.0921170323824896
 809.000000	16.7905184473276812	76.1088925200670019
 810.000000	11.8389566798098649	52.6228163367054975
 811.000000	16.9403084911006907	107.8228989531940982
 812.000000	17.4918368101297013	57.6195501570630739
 813.000000	13.6691385930236908	75.3467958331298604
 814.000000	14.7642060440548537	123.4001847916115082
 815.000000	14.5260934946620299	137.5269298326398655
 816.000000	17.3172961547600828	80.9002469414403009
 817.000000	16.8215716531948658	78.9029412249489042
 818.000000	22.1384812108657520	110.3624542591675777
 819.000000	18.3434862299958397	53.7623574842912006
 820.000000	18.8385617852605769	101.7072444163463132
 821.000000	18.1185246714008663	64.4148071226320695
 822.000000	17.2474660832345350	74.8682310134082485
 823.000000	10.5880315104580944	109.9009570266010769
 824.000000	10.9698630372762747	102.0881695448756403
 825.000000	12.5537409582597714	106.7913264469801504
 826.000000	12.6400636998452107	74.6400144407262616
 827.000000	12.4799122823767163	26.1407082019457846
 828.000000	12.0061124216291333	52.3052942370218261
 829.000000	10.4659713575850883	113.3894015675777212
 830.000000	17.5191157332741128	152.6331164977158608
 831.000000	14.9957611593551192	141.1381587569061935
 832.000000	16.0852074634514111	84.5107431767534933
 833.000000	16.2924049266795556	47.0381059836721249
 834.000000	14.4675337988158645	105.2673622504477606
 835.000000	16.7563603043462734	101.9704633240720000
 836.000000	15.6237327731643454	89.2980865329498812
 837.000000	12.6570413361437044	101.5889645034341413
 838.000000	13.5397687192368714	126.3070017232500248
 839.000000	14.3226893250006153	92.8460945007196727
 840.000000	14.5293103900274208	157.1868448191363825
 841.000000	17.5719056067618133	52.5179762361140234
 842.000000	17.9867195591952687	123.6573845159871041
 843.000000	17.6563049824222276	96.7439277307532137
 844.000000	12.3474430508694084	126.4840861022926219
 845.000000	11.9086909882945378	112.0173004420451264
 846.000000	16.3802339623336728	93.2311177780709102
 847.000000	11.9629449917857329	56.8951973661805539
 848.000000	15.7738706251943093	105.3142496126978216
 849.000000	21.0954303115168322	108.5323266639466766
 850.000000	23.2012288463173810	80.2630467208520599
 851.000000	20.9837887334152562	119.7943737384156435
 852.000000	22.6676199053720886	102.1562104231682184
 853.000000	15.4720348772044183	124.1415349706527991
 854.000000	16.6810950382551368	77.6598686456020744
 855.000000	17.7006169457519569	24.8976752446325236
 856.000000	15.9768017097064483	121.8961927145450375
 857.000000	16.3976942309321068	130.0702222698600394
 858.000000	16.9217511262887292	136.4479088636455231
 859.000000	22.2414929147535894	134.8313707064198184
 860.000000	21.3579092277639795	109.2957788410113551
 861.000000	18.1979459071605021	116.9045935029811289
 862.000000	15.5433682529784445	104.8490903770239271
 863.000000	19.2721561413981917	80.5975425071636948
 864.000000	18.2366168208653292	107.9518550950446638
 865.000000	23.5699022056355254	103.3131523057818413
 866.000000	17.7449285116804525	96.0856676105420320
 867.000000	12.5937371672525114	88.0608342404362077
 868.000000	18.0365048002606159	116.8477171808539765
 869.000000	18.0857410853366147	107.6248792190107082
 870.000000	19.3336061231180842	44.0459641360758098
 871.000000	13.3064326378428888	130.2716823557195198
 872.000000	16.5045388262561161	72.7863005970738612
 873.000000	15.7925717917594692	140.3833522799434093
 874.000000	14.4602959033875820	104.2093029891160683
 875.000000	12.8473407545638043	53.7510377541485127
 876.000000	11.2188429074616334	102.0178177643138611
 877.000000	13.0457460738073223	65.3930759206766368
 878.000000	11.1046499229951703	23.8516586982678120
 879.000000	11.9489903009587675	61.1270439522963898
 880.000000	14.6452244783069467	74.9439736576561728
 881.000000	16.4431459170551477	108.1538747276363495
 882.000000	15.8329368703739384	64.1491054355837917
 883.000000	19.3031418019511740	121.3936335211353139
 884.000000	21.3476239954413707	155.2443203447677433
 885.000000	15.4664316290927459	150.9855268379705535
 886.000000	14.8461681507000183	120.0508241500458126
 887.000000	21.7301477395025557	134.7108711060796793
 888.000000	20.6280030874709333	67.1334265116695974
 889.000000	21.5556247002698491	167.0879135860166400
 890.000000	21.0976408614714543	131.2148160796378704
 891.000000	16.0651222387228572	119.3371339809914247
 892.000000	22.6085097500626873	164.2338914763911930
 893.000000	22.5058794463580369	76.9592278703492383
 894.000000	19.9724635677015740	123.6469364323321116
 895.000000	15.6690921498382227	149.2976098263721951
 896.000000	14.7046655242091653	98.6506632818490914
 897.000000	12.9383691489667463	118.5486966714261712
 898.000000	15.7893872416379644	11.0703616409753920
 899.000000	12.0848433472092900	74.8262228861181597
 900.000000	12.9751489073568624	99.7969898621069689
 901.000000	14.7687833459354163	49.6376412974186110
 902.000000	10.2119621725478140	94.3235016124186529
 903.000000	13.7466023735071463	138.1474668277588762
 904.000000	16.6007629072751861	140.2671832357942776
 905.000000	21.0658410868966861	125.0587809284396030
 906.000000	15.5561360664160286	92.8056306573500649
 907.000000	17.8143961342252624	48.7217319403673628
 908.000000	13.5008398134849745	24.5803652486934539
 909.000000	14.3809807083013190	76.3975406243260551
 910.000000	14.6969819637806705	73.9871647601899980
 911.000000	17.7200656244284609	100.7968734920152087
 912.000000	15.1649639981077726	66.1450607213885178
 913.000000	15.6216261011634057	128.3336938057498173
 914.000000	19.1754175369966795	102.0492998467655923
 915.000000	17.2233940919171644	50.2770107166979585
 916.000000	16.1788274754175241	149.6537733302420463
 917.000000	16.1238130521104992	90.1059479390611386
 918.000000	11.6785250339306597	79.4641322352701849
 919.000000	16.6036442500258907	82.7147978335029279
 920.000000	16.9436651932583509	128.1425835057668223
 921.000000	17.0055845597029922	98.3099434227435438
 922.000000	19.5825946307788783	71.0783018336672825
 923.000000	15.1609709634782792	98.1706742369932641
 924.000000	21.5206656503304252	133.0377621260581975
 925.000000	18.8222341865534908	16.6631588396151074
 926.000000	18.7073980862783102	78.8553058322405178
 927.000000	20.1141340882918378	167.8354757332863301
 928.000000	19.8281923203452131	118.9614700888973289
 929.000000	20.2258424497953229	112.1905111976628717
 930.000000	15.7668709051178784	16.4355660039278746
 931.000000	16.8814297846400621	84.0883668000929561
 932.000000	13.5374341734207082	120.4377756470317138
 933.000000	14.4391698390584047	94.7899179128059757
 934.000000	14.7976811017618743	88.8149705993560872
 935.000000	17.1473526557368352	140.1787514013060445
 936.000000	22.6942249271954886	96.9663793300890404
 937.000000	21.0457342313488311	70.0693757122014915
 938.000000	19.2329601015926244	29.3667149735242958
 939.000000	15.7580299599725233	138.0104480570836074
 940.000000	14.2787921757031455	104.5389872740279600
 941.000000	19.8947085160144397	147.7127256536848847
 942.000000	19.8320930309715315	175.3357642514920371
 943.000000	18.1482786911697254	97.6694577858993398
 944.000000	18.0324443529994802	22.0749064272200712
 945.000000	16.2731484584922015	67.8779942385216657
 946.000000	12.5694007194999866	152.1475821423018147
 947.000000	18.0757613097555030	62.2741677698373906
 948.000000	18.0127204720857925	152.4809609071668604
 949.000000	16.5580758829273478	137.0056359967133233
 950.000000	11.8818164734766523	75.9876553940104742
 951.000000	12.4814598137811412	92.0330072656728930
 952.000000	13.1463192280562229	141.4446531191130987
 953.000000	16.1329917023232063	20.5106061442454290
 954.000000	17.9258855601384610	149.6268327667074516
 955.000000	12.5635204541101242	63.2934340238929849
 956.000000	12.9701126666755133	104.4391811796550940
 957.000000	13.9356272886201840	74.6554102108342619
 958.000000	14.9765900108871435	53.1999446845090631
 959.000000	14.8307679672714396	129.7580903763524418
 960.000000	13.7767672633601901	88.6574743493501103
 961.000000	11.0220241569882251	104.9045772605725091
 962.000000	12.4568345062769055	82.8759593432624513
 963.000000	16.6111984886644635	51.2779160439762904
 964.000000	13.2939858433499598	114.6836108277471311
 965.000000	14.5323225710302335	137.5587543732017082
 966.000000	15.4739493290522532	115.3740878356343416
 967.000000	15.9917159614755917	29.5465094570234896
 968.000000	15.1251622478204446	56.7106688211341350
 969.000000	14.2493368443837500	135.9510054337639247
 970.000000	17.1563180638760890	87.6418881795027431
 971.000000	15.7198240450286626	63.2875653252902310
 972.000000	19.9078573486587480	148.9118869284878599
 973.000000	14.5514496864259133	143.2049056547174075
 974.000000	11.6732285685639479	116.7363276485475581
 975.000000	11.7598703183069073	76.4223801614357114
 976.000000	13.0166771587383412	102.2063266401645620
 977.000000	15.2517567466850394	76.9191516851262946
 978.000000	14.2745948183679872	127.5549081747795128
 979.000000	12.6426808037628913	104.2988288438309041
 980.000000	11.5572313422405824	118.3731724474436362
 981.000000	13.8500762139497269	104.8111177142356780
 982.000000	14.9865260823588571	89.4320377193375720
 983.000000	17.7077980159913153	83.2093271764298379
 984.000000	10.9016412246743499	92.2951796755002647
 985.000000	12.7355657069236479	77.8503452203773776
 986.000000	10.4871492890230300	68.1950967629869780
 987.000000	12.3815534380730821	76.2468500401838867
 988.000000	12.0986371775532060	87.3824757263334533
 989.000000	16.5231323811422151	130.1369916923322023
 990.000000	13.8446706354232365	50.9144176187496953
 991.000000	18.4028651666243022	116.3623198993632286
 992.000000	18.6102234160580160	50.4903397822808984
 993.000000	15.6292954492269622	60.7437045612568340
 994.000000	15.9315031845291308	75.1037784793537924
 995.000000	16.8866670390523623	56.7013358713991096
 996.000000	18.2911394181872211	99.7365518804699178
 997.000000	13.1643175255064353	101.2971262298659099
 998.000000	14.9785328219780514	54.8013530774077822
 999.000000	15.1743438698752087	115.3451008134175737
 1000.000000	17.3267279739727229	156.6906746426111567
 1001.000000	15.9939371825114449	93.6056110706081768
 1002.000000	15.8174331626990305	72.5061236972324679
 1003.000000	10.4214028095899423	118.1246763479110911
 1004.000000	13.5940043988774431	40.2965484903605784
 1005.000000	12.7235699624746417	97.7408482682523214
 1006.000000	15.1504908769632145	43.9532676428011939
 1007.000000	15.8627287246236754	114.8853405270334207
 1008.000000	13.3215982124794241	98.9234795996170249
 1009.000000	15.4555674657649877	125.9642681004607709
 1010.000000	14.7901871109169338	135.3341648450887078
 1011.000000	14.2560386590135799	106.9284441860323511
 1012.000000	15.7151011274380039	37.1025032479967933
 1013.000000	16.9546235943373311	143.1620627861997548
 1014.000000	12.9351505743552089	125.3896844913900281
 1015.000000	13.4814508115176785	115.3324682556941667
 1016.000000	13.6790912274067580	111.4504303377815262
 1017.000000	13.4645435090340797	108.1849925976733289
 1018.000000	14.5682382263951418	102.6929481059397915
 1019.000000	15.9008679789664367	113.9637971653928048
 1020.000000	13.8653418142492875	104.0702958783280678
 1021.000000	13.1830050197550559	93.7252283729062583
 1022.000000	15.9109296227352388	65.3121945576470182
 1023.000000	18.1042873423055539	171.9821739836186509
 1024.000000	14.0834595824585804	67.3119963420723764
 1025.000000	13.5313772685583746	118.1077652129611408
 1026.000000	15.3796957467698494	61.3098104673680240
 1027.000000	16.9760628862840122	108.4674613617020640
 1028.000000	17.3877616493774028	130.4426573074338478
 1029.000000	15.3032445848347596	105.4431508929571777
 1030.000000	17.0743700279914350	71.2266377074902550
 1031.000000	16.3387628552147994	72.2542866497869767
 1032.000000	13.1304878162623346	129.9002152667608527
 1033.000000	17.6389772759477879	85.1557078009606130
 1034.000000	15.3361866091187729	70.1215237130270168
 1035.000000	13.5852207619158776	96.6229709602236824
 1036.000000	13.9807123066406351	102.6846833962878236
 1037.000000	15.0590691839234037	121.7445305026430731
 1038.000000	14.0352627792398437	87.2218659893283643
 1039.000000	14.8230582407957581	96.5003796314848614
 1040.000000	13.3636588094492001	77.3822006607745294
 1041.000000	17.6489967760254451	104.2836750661266336
 1042.000000	11.8897867504194377	81.7074220121602650
 1043.000000	12.4087601918435340	125.6901588072556422
 1044.000000	17.0681753651729871	119.0793057357344082
 1045.000000	16.1343607375470199	40.2157251165632488
 1046.000000	13.6126817884780813	12.1015514403327984
 1047.000000	19.2527536534738601	48.0786743435715209
 1048.000000	17.9412393605238485	166.9029753765757391
 1049.000000	18.0640184900943979	61.4082522080954760
 1050.000000	20.3680257968770348	138.4911380928511448
 1051.000000	20.1879208134500594	76.1036806154607319
 1052.000000	20.7825825290603454	89.2701583418948701
 1053.000000	16.3460160869868467	131.4723711524803207
 1054.000000	18.5800772818419482	147.9096864880826558
 1055.000000	9.4897692751229084	158.3146234384739728
 1056.000000	12.6561701317982607	169.4999265837450935
 1057.000000	3.1812177555682051	72.3144366116657267
 1058.000000	3.0777309728606554	4.0494698430193807
 1059.000000	3.0727388901600898	22.1238198783581197
 1060.000000	7.5718924530770630	38.1890339066798106
 1061.000000	12.9240736403149636	133.3966705022108954
 1062.000000	10.4802161663218403	150.6952186627351296
 1063.000000	11.4522353954419920	161.1124252650151334
 1064.000000	11.9146653183745244	73.8270981567898872
 1065.000000	11.0272670010158311	21.1512424449960861
 1066.000000	9.8550110065856096	28.2157926904545775
 1067.000000	6.4221955644136521	31.7444251933698069
 1068.000000	5.4887438318013038	48.9757815138887622
 1069.000000	5.3657375080665624	72.0096798912016993
 1070.000000	5.2165650040647078	83.1774665967609650
 1071.000000	5.4661353059272031	64.5964223865314864
 1072.000000	7.8460711175375177	163.3240352542816822
 1073.000000	4.7799499310409468	84.1158962825121534
 1074.000000	3.9574894379978693	110.5531778487311954
 1075.000000	7.6469521503931004	36.5604665628561065
 1076.000000	10.8367043555732732	33.1139063691211391
 1077.000000	9.2442036997545909	35.3936830215020279
 1078.000000	6.1487611299103451	58.0800760965361889
 1079.000000	6.9955146171222156	57.4778901593154217
 1080.000000	7.1755400538980458	19.5080001189699033
 1081.000000	3.1660543612720691	147.5013347522274785
 1082.000000	3.0817615889088801	136.1552626808882849
 1083.000000	5.0204182184112831	160.8872865435203039
 1084.000000	3.8996057643365707	132.3435523946553758
 1085.000000	11.9850316624167341	58.9634358091170441
 1086.000000	14.5339615473620363	61.1033872925315649
 1087.000000	11.2027084096024119	41.8570801131815813
 1088.000000	9.9544639983914056	82.0243942857360651
 1089.000000	15.5717749573965563	49.6224035040131355
 1090.000000	11.0047095719357095	2.5280204416955883
 1091.000000	13.5282741480108619	33.3029880545999220
 1092.000000	11.9199372758765740	39.2417894675764671
 1093.000000	10.8306706581536147	168.8210688172657967
 1094.000000	11.4470549133260615	46.5196208248766823
 1095.000000	10.6728944587689050	163.8081803258266405
 1096.000000	11.9059493834255239	168.8767185590837698
 1097.000000	16.3110803065799104	40.6458452543795090
 1098.000000	17.9314222401256309	149.9238020405186091
 1099.000000	18.0890733035979210	41.4918860600062942
 1100.000000	9.4846880850002133	103.3476914668556361
 1101.000000	7.1240965124549458	112.3877428075782348
 1102.000000	11.0894918375353750	129.9381088772274495
 1103.000000	12.5544004724929668	161.8728779883846300
 1104.000000	13.4597779934626018	101.0350623611627583
 1105.000000	13.1734205666223545	153.9938004719189735
 1106.000000	12.0544096087567247	146.5276927217960008
 1107.000000	14.4749095343891661	164.4910482895745645
 1108.000000	12.8543109558147215	151.6912683422828536
 1109.000000	10.7468153077772897	168.4991781293252302
 1110.000000	10.2398398747115369	127.3848086426014277
 1111.000000	9.7961277048901962	152.9965649240814969
 1112.000000	12.3732505359531331	143.9272035813343962
 1113.000000	12.9322915057598582	42.9808071406792465
 1114.000000	12.3813509900607173	142.2946104352650138
 1115.000000	10.9539929452155818	106.6002972472168722
 1116.000000	14.9991212941241017	157.8512603096158671
 1117.000000	7.0505638735134912	93.6607983600052023
 1118.000000	4.1010204980301443	116.2090876556962087
 1119.000000	9.0442194635847084	121.1923494532481413
 1120.000000	11.6661855671714516	123.4398142512806373
 1121.000000	10.8525256117016671	147.2159397622483539
 1122.000000	5.1404270636040952	88.9734812731630313
 1123.000000	10.0651968770364935	62.7259192703505164
 1124.000000	11.5993547110313138	6.5692418025168138
 1125.000000	7.3536399969576527	109.9846241408944820
 1126.000000	9.7605818098538837	114.1900798423413903
 1127.000000	9.8738113427935090	48.2482912379909408
 1128.000000	3.7403505018064349	77.0354488458820015
 1129.000000	10.1696207838881243	79.4395101731425228
 1130.000000	6.9589068862160479	85.3390640563615364
 1131.000000	8.9001525154778491	39.3183942195141185
 1132.000000	11.9213317891949604	123.7093325027538100
 1133.000000	11.2765420411789208	115.4405484456284512
 1134.000000	5.2293690197065494	50.5398186202571935
 1135.000000	12.4127746901989813	119.3862758746137018
 1136.000000	13.4475516301762070	150.7278703602219423
 1137.000000	9.5065799957951693	57.7836522569331521
 1138.000000	12.3004227959484265	166.3748270266739269
 1139.000000	9.7656442537799659	112.5735171912068893
 1140.000000	7.4686753412042899	41.5777455305008914
 1141.000000	8.7153294790156544	125.9405465123423085
 1142.000000	8.8207439417555022	98.8683159212050100
 1143.000000	12.7997356507724689	23.7700700023966647
 1144.000000	10.1020034123397515	121.7423497033149147
 1145.000000	9.2763365477467357	127.7616047403765833
 1146.000000	11.7044752509384811	130.7514751050657082
 1147.000000	10.7066277621079138	128.7056513315362167
 1148.000000	9.8372159776448456	129.7652814828274472
 1149.000000	11.6927605214697845	34.1579953362056870
 1150.000000	10.9178194486184079	138.4676535763533991
 1151.000000	7.0782914604822658	108.9906161616242599
 1152.000000	8.2040576737310591	60.3433373064287650
 1153.000000	8.6284042772122316	101.6914714133296940
 1154.000000	6.6974335447813811	44.3642580941487665
 1155.000000	9.3553515287627427	78.3367520151340386
 1156.000000	8.3524698944551261	117.1408851719295114
 1157.000000	4.7780434106457523	43.8310234211321017
 1158.000000	8.4564660149759963	62.7805230092240407
 1159.000000	8.5403500510760910	109.2601057139954719
 1160.000000	7.0124694050637224	100.1089580178798570
 1161.000000	7.9993586633509555	48.9522014145425430
 1162.000000	13.3479242622775480	93.6764532876196085
 1163.000000	18.1158172576592982	148.9893383732068628
 1164.000000	13.8795909352529758	147.6671306342522314
 1165.000000	14.3207420748298411	155.6442622392685848
 1166.000000	17.7670122357625573	152.2890070450731628
 1167.000000	17.5633158859645881	153.6459705250930199
 1168.000000	14.0457956768907692	34.0137344740969638
 1169.000000	15.4287454371320454	23.5839656735541325
 1170.000000	16.6863534982151442	31.0235808229553243
 1171.000000	22.9065222280636078	54.1738513701594115
 1172.000000	16.9844206519564906	168.5357026807582201
 1173.000000	16.9491354829185887	139.9857237172409441
 1174.000000	15.9071687934084469	55.8435633661259487
 1175.000000	15.8639672741075888	153.3416879687996470
 1176.000000	14.4732100130847758	23.6522236562325361
 1177.000000	13.1124281591780125	51.6465623539142484
 1178.000000	10.8077955614501988	89.0222129814677174
 1179.000000	7.5541702150235714	50.2805185200254243
 1180.000000	9.0731338497153811	85.2953475186101997
 1181.000000	7.0563245849576353	92.1578479611812185
 1182.000000	12.3023108357871287	147.0260130214828109
 1183.000000	16.4388202570636572	67.7697200571434024
 1184.000000	15.1582896161868277	74.1713124226365039
 1185.000000	16.8881651205900170	62.9258495095377839
 1186.000000	12.9263187850449039	96.7624538481558574
 1187.000000	15.7435490570160557	95.0239406072594193
 1188.000000	16.2817530220158595	50.5012640215307158
 1189.000000	15.8202578245870580	58.9459436305545950
 1190.000000	14.8118948476391488	56.5845558774873894
 1191.000000	14.9638979257366369	71.1580217214086304
 1192.000000	14.1348865680128046	99.6830691862510463
 1193.000000	15.0568860964501532	75.6521536358670659
 1194.000000	15.2138844389760148	49.2771439136777190
 1195.000000	15.1468548858568575	95.4852731777602628
 1196.000000	17.1816638451683623	57.7620435029455734
 1197.000000	15.4215912564820723	87.4619939890368840
 1198.000000	13.4825140023701486	62.5812581489824424
 1199.000000	18.0031319061322570	58.8609472417315516
 1200.000000	13.1342914776137221	31.8055924075063956
 1201.000000	12.7750394493315618	112.0558834959678762
 1202.000000	18.3242028735970521	110.5005583961827114
 1203.000000	15.1917695540610929	95.6218819931162045
 1204.000000	11.8760448307205930	156.0674757528344117
 1205.000000	9.3254470554989339	159.4551200149837200
 1206.000000	9.7779406796523141	92.1445448338939599
 1207.000000	14.9846637112957879	14.0823945939552857
 1208.000000	12.9882900674511763	20.8482878542241679
 1209.000000	12.5504599397362497	15.9390547082050773
 1210.000000	12.1545490922895230	90.7901742408003258
 1211.000000	17.1050734355147043	12.6444276350645737
 1212.000000	14.6857848680274490	9.4806593582710832
 1213.000000	11.5502497381613640	19.2465927130230057
 1214.000000	8.2662833736240628	106.7416171778991156
 1215.000000	10.2081325332447221	44.2186381220130329
 1216.000000	10.5365039253300452	29.5576647340779459
 1217.000000	10.3584871615496947	96.4908110772528573
 1218.000000	14.8617378259161708	56.1457082944168917
 1219.000000	10.7285397523393886	45.0104969693525732
 1220.000000	9.8389839280771749	54.7198794090183753
 1221.000000	14.1117340613044977	9.9664258068804656
 1222.000000	12.3340920183873930	137.9988999249106030
 1223.000000	15.4885189624595352	12.4906876900727468
 1224.000000	12.9423645371379603	133.8832427964032945
 1225.000000	12.4801737293629316	48.9165348939975217
 1226.000000	9.9862341128677592	15.8841013631553949
 1227.000000	13.9028200947851772	65.1244700669771817
 1228.000000	17.3764882248284032	62.6924942253238129
 1229.000000	14.6092786541608852	147.7966613930059054
 1230.000000	10.5441154993349002	34.8156691069087856
 1231.000000	11.0988516122248075	45.8680046608787961
 1232.000000	4.6254387103769705	73.5209529453357220
 1233.000000	5.0276816984836925	105.9382984960827230
 1234.000000	5.4328407708735540	98.1299932897377545
 1235.000000	4.8116833472982652	104.3897899007746304
 1236.000000	4.7237380358323566	94.1685117193661654
 1237.000000	4.9508222081176871	88.3916730009368337
 1238.000000	4.9037662789378471	116.8574053527817114
 1239.000000	5.3489734976449617	102.5712513194493312
 1240.000000	4.9830005588197137	110.0384911008387263
 1241.000000	5.5276639539467425	75.2473412326527438
 1242.000000	5.0184750181645077	108.7744459240169022
 1243.000000	5.7033459954892640	92.2079085528373241
 1244.000000	5.8856788483200715	121.0236992945644090
 1245.000000	3.3598472693852077	88.7336873442220764
 1246.000000	4.8458620907583416	54.1274202318371920
 1247.000000	5.7248421828616021	106.4301176521236982
 1248.000000	6.6877203553761868	143.7081566559276666
 1249.000000	4.0011772072100822	144.9149564755132360
 1250.000000	6.5704367273679738	149.9124188797562169
 1251.000000	16.5664227316533008	137.9844128743802116
 1252.000000	9.8092737358162410	14.4314373628276087
 1253.000000	8.0103458265229719	164.5868990806002614
 1254.000000	12.8627925047041209	27.2483818081080642
 1255.000000	5.7061083879120105	61.6113424400556653
 1256.000000	8.4146093636995118	51.1778718837730366
 1257.000000	10.2237765286508466	6.4116866466478086
 1258.000000	8.0509079531556793	15.5390885403937773
 1259.000000	7.8089896078354029	58.6779740613891221
 1260.000000	15.2347982922902485	24.5049854649927283
 1261.000000	14.5712191130361628	53.0126119349291685
 1262.000000	9.7881509463639667	39.1371474215912656
 1263.000000	8.3196548848813432	54.4154385039807522
 1264.000000	13.4366637507730218	105.5601010845132777
 1265.000000	15.3609952063815367	22.1434505714437364
 1266.000000	12.1422128659242627	116.9251137383881769
 1267.000000	15.0767249373426040	38.1258674615249902
 1268.000000	16.1173591855277678	62.4254671052388517
 1269.000000	13.8408382371399288	19.8203039111517683
 1270.000000	15.3484617703134063	39.6068668046487460
 1271.000000	14.1978660670513683	48.9336325901049065
 1272.000000	14.7227026452286065	11.4263330855581273
 1273.000000	14.6115728384404555	34.1497711942058686
 1274.000000	15.3858559383813631	50.6136884937898515
 1275.000000	17.4157204228430622	86.9665673787909554
 1276.000000	17.8559278420495176	47.8358066648465581
 1277.000000	16.4982785756957995	44.2840206862233003
 1278.000000	16.5215190981201268	118.4017600221081636
 1279.000000	11.8273484680192862	62.2149457421165124
 1280.000000	14.4080681128101471	74.6957417805710264
 1281.000000	15.5964448654449139	60.8172987831360388
 1282.000000	19.7338472620794185	136.1804715675993407
 1283.000000	14.9863601425513853	89.8284933294224857
 1284.000000	13.8698099216681623	57.9454828970216340
 1285.000000	12.1374901458414914	75.0963717133156479
 1286.000000	11.2985077512093444	61.4556887042186872
 1287.000000	14.7616353586194258	70.9754688713115200
 1288.000000	14.5942248253387259	72.7225373302642595
 1289.000000	14.5579283059678524	112.6311422667786104
 1290.000000	13.0604060900156238	66.4858250574039999
 1291.000000	15.5016472618853012	110.9094815574791397
 1292.000000	11.5957746076515456	105.0778554101880218
 1293.000000	12.6876155661974810	60.0749731819630739
 1294.000000	12.4733287707454590	70.8957684882337844
 1295.000000	12.0629743498983046	74.3480891529706867
 1296.000000	12.0268196518995207	93.8193433770901493
 1297.000000	13.2766979361928907	77.4606229401475872
 1298.000000	14.0410271513709510	74.6001845573654947
 1299.000000	11.8417447485549747	85.3451135914953483
 1300.000000	12.5347611271869059	83.9380841029044831
 1301.000000	10.9378287623129040	76.3288264116715567
 1302.000000	12.2337868262187346	73.0544652592981123
 1303.000000	17.1238107881370496	76.9490812612289261
 1304.000000	18.1790624088992452	76.0521395308488763
 1305.000000	22.8488461724844001	80.5975172227534671
 1306.000000	18.4797049862880201	99.3938395872858678
 1307.000000	12.7707838943247189	65.2594679995390123
 1308.000000	11.8581213618638142	64.2156483264395774
 1309.000000	11.8637234517338985	57.6724893852483973
 1310.000000	15.9513101733921019	106.1488593492750283
 1311.000000	15.6067771162007745	70.3164695973383544
 1312.000000	11.5912323003311819	85.0171764719424630
 1313.000000	11.4249097014327763	67.8041789278522486
 1314.000000	12.6853031980034618	102.7191958969356875
 1315.000000	13.3504724099077876	79.4181196456203509
 1316.000000	15.1580695917377248	129.0877253717985695
 1317.000000	18.8569719223575625	53.2312758914699913
 1318.000000	21.6161127064488667	96.1786416135204263
 1319.000000	16.7260469808197207	127.1893595427318076
 1320.000000	17.3796919478726544	99.8799500144427554
 1321.000000	23.3528844462045804	86.0038729962170834
 1322.000000	26.8353901567106377	88.3525739896980014
 1323.000000	21.3242875810434107	125.6698145731867413
 1324.000000	21.1073420613331386	104.1899614646593761
 1325.000000	19.2833226071764834	103.8069635324766011
 1326.000000	21.7379565980268801	111.9790245455169639
 1327.000000	23.0674457062190257	128.4438547951544933
 1328.000000	18.6146655035308335	105.4078736835298997
 1329.000000	21.2709216320204249	112.8965424533984958
 1330.000000	18.4026527246429374	74.7595457746646588
 1331.000000	20.1246883637466354	101.1464230465886374
 1332.000000	23.1193862130655177	94.9424573124832420
 1333.000000	23.4288253159327624	70.7056572161493619
 1334.000000	20.7417356942871187	145.3556345251074617
 1335.000000	18.9632746635208882	103.2317335438881258
 1336.000000	19.9350988080527820	124.7900386108528323
 1337.000000	23.6757745782860987	106.2276204268674604
 1338.000000	16.3162534620871114	40.0944629102458521
 1339.000000	20.8655597719068702	69.0786947957459887
 1340.000000	15.6798744753682620	97.1232340073520106
 1341.000000	22.6682576330768413	128.4362023225995415
 1342.000000	20.2991414253602329	115.8787686662482486
 1343.000000	21.7838101127315440	140.4990678144992842
 1344.000000	20.8008860196110028	89.4928623700994308
 1345.000000	15.4521895930994813	118.7471107497462413
 1346.000000	17.7309155039180659	118.6275015235465702
 1347.000000	17.3039896414948089	101.6531054023563740
 1348.000000	14.7605702692699801	121.7806553675774808
 1349.000000	16.9573825092975632	119.7898101765372587
 1350.000000	15.5336814211520053	41.6329922827355290
 1351.000000	14.5370705160536868	114.1783132004809005
 1352.000000	16.7701946903140602	28.4578295062358109
 1353.000000	16.3549153899605528	107.0778801535724796
 1354.000000	15.5780777023288390	90.5495251513679307
 1355.000000	14.0699986340738263	59.3137825877764442
 1356.000000	16.0780938429705174	125.8001114877438482
 1357.000000	15.1372888135296275	123.6213605398322528
 1358.000000	16.7306703309641556	32.5071034711732523
 1359.000000	15.0921581401551741	124.3186495721799929
 1360.000000	16.6902884458085374	92.3479531366439517
 1361.000000	15.9032949905698135	103.1263983720818231
 1362.000000	13.8831888350589949	102.9088269303742180
 1363.000000	18.3982248597626281	119.4010444270469833
 1364.000000	15.6328129170329557	135.6435237147497332
 1365.000000	15.1038786153094495	103.4787999511372902
 1366.000000	15.4629622605045469	121.8811715257309913
 1367.000000	15.4610048878823303	108.6083839512245106
 1368.000000	15.5905038757675989	161.0319326670351074
 1369.000000	15.4061061359432241	96.3952337846918539
 1370.000000	15.2573626414569912	130.8269179722099693
 1371.000000	16.8605905658414983	120.4516913179712674
 1372.000000	16.7338653912959643	118.3718808648594774
 1373.000000	16.5803010728092168	116.2665701823503781
 1374.000000	18.0278007685093442	133.6236165774370193
 1375.000000	14.5329082282064164	103.7336189056771474
 1376.000000	16.8108961410810025	115.7671818941043682
 1377.000000	17.5807364966104807	100.6197213603950615
 1378.000000	16.4303743491612337	108.0361244173326725
 1379.000000	15.7092762115112414	133.4269825949285746
 1380.000000	15.0941820572618930	137.6462812543287271
 1381.000000	14.1709879162389072	108.0874169310319530
 1382.000000	14.4705586737385019	109.5135159751714582
 1383.000000	15.3128708951040888	92.4387149948986462
 1384.000000	14.1145624589194743	96.8348892606732079
 1385.000000	15.9850043225479777	111.8482719731567130
 1386.000000	15.5949343416055459	128.2149416814629603
 1387.000000	14.3780311028980403	103.3346520108808164
 1388.000000	15.2965339999372336	128.1210462061123962
 1389.000000	14.4886616850075587	100.0314734830867991
 1390.000000	16.8051407587279940	29.6467952283370266
 1391.000000	16.8297952781144566	36.9795237789805356
 1392.000000	15.4187369348234213	100.0025538079863878
 1393.000000	16.2372555988725793	128.8773854752473653
 1394.000000	15.3527986597035877	109.5302174095647842
 1395.000000	16.1483500202803718	106.4023848469344387
 1396.000000	17.9792273496849830	123.8919094325592027
 1397.000000	14.9183598998535523	120.4154255021367987
 1398.000000	15.2299355273745256	119.3131642663032039
 1399.000000	17.0992303379673096	130.0927823395116718
 1400.000000	16.4981262156221469	121.8076125170422301
 1401.000000	16.7308729119994553	141.0862731558152632
 1402.000000	14.2220907781653079	112.3502076021433993
 1403.000000	16.3258549928700525	108.8818558528302276
 1404.000000	16.6891159641467155	110.8742680759534522
 1405.000000	14.8742570448723370	118.8685491207522915
 1406.000000	15.4004113169205450	102.4467032242513795
 1407.000000	14.9262726148384051	134.3362309708460316
 1408.000000	13.9292322679426377	77.8972640136050813
 1409.000000	15.0560838889383071	120.7741314215038955
 1410.000000	15.3346566770045616	138.9251535258002264
 1411.000000	16.0708055452473708	127.4268604881252713
 1412.000000	14.8585962392781834	113.9163524524472280
 1413.000000	16.7383158172969289	119.5489061647187299
 1414.000000	17.6239684842934103	120.4869561713776136
 1415.000000	15.0825609879034594	100.8513790244775947
 1416.000000	16.9397717129452019	115.7697212452641082
 1417.000000	17.4092581783237854	111.9809727166875035
 1418.000000	20.4388562512982723	107.0712730688896386
 1419.000000	17.3578512079681602	69.2384670026572593
 1420.000000	15.0435899294408273	61.8477905482838537
 1421.000000	9.7455418808806247	69.7970097363739654
 1422.000000	13.0064949492488253	90.6438910090569436
 1423.000000	13.5492081524600287	101.2536770762738740
 1424.000000	14.4322681162310094	86.0971574776679773
 1425.000000	12.1728214396400034	89.1165081344563674
 1426.000000	9.8487886012266639	85.8592783806204380
 1427.000000	9.5510709405370235	91.6257583334767958
 1428.000000	13.4389370483124928	100.7519363086047122
 1429.000000	13.5086766225918069	82.0058483967252698
 1430.000000	13.5251273721918359	99.0195738128471135
 1431.000000	15.1644811539776239	81.1623878950162236
 1432.000000	18.6855894534474380	108.3701352618687395
 1433.000000	15.3070459005605510	150.9008956356234137
 1434.000000	15.3676933713835577	137.6489198342903251
 1435.000000	16.8564108435366791	118.3153247188577240
 1436.000000	17.7694500665556205	114.1606179802519137
 1437.000000	15.3579388501662475	105.3074184952664609
 1438.000000	16.1712469288903833	110.1386345623911325
 1439.000000	14.6071090074598846	96.6043636514211244
 1440.000000	16.3200521187034155	47.3803769560134356
 1441.000000	18.5170092859709072	42.2617079709381187
 1442.000000	13.2193173845444267	63.8540764341321392
 1443.000000	15.7802788189797258	43.2305149253578236
 1444.000000	16.4895812606627779	40.7667722124615182
 1445.000000	15.5192143721367781	28.8643367230043282
 1446.000000	16.5564639226038182	47.7511560612712742
 1447.000000	16.2517026135916645	27.6722304061031252
 1448.000000	17.0168539230485045	31.7360180295840735
 1449.000000	17.4944147709750091	23.3573145735765877
 1450.000000	12.9978175320405640	54.7019862504688348
 1451.000000	14.4429985589841010	133.0891308254149976
 1452.000000	14.0531496347432192	110.6164346902823183
 1453.000000	16.1017442966954221	82.8176098345444416
 1454.000000	16.5001907398349061	110.2839051644886723
 1455.000000	14.0505181521697224	118.3591393987636025
 1456.000000	16.8298179640443486	121.3613873836399080
 1457.000000	15.5576932726095691	134.5391823665590323
 1458.000000	14.2912918959178974	126.9847958571938307
 1459.000000	16.7656465298814723	28.2744384838540839
 1460.000000	16.3931274424126627	51.1436227121952527
 1461.000000	16.1359382698435248	58.2284018006495643
 1462.000000	15.0600466530129555	70.3879272850145981
 1463.000000	11.8853472094615782	84.0206607173135609
 1464.000000	15.6558979555442779	84.6825619022120151
 1465.000000	13.5083096391114807	56.9751553396782526
 1466.000000	12.7139865561694752	91.8721006147235357
 1467.000000	11.3509581815150700	91.0154322133543161
 1468.000000	13.2577356064870706	90.5138369409621930
 1469.000000	15.3182286394295346	59.9879180452735881
 1470.000000	16.1570899608506764	49.6086807712638915
 1471.000000	12.5387481484783265	100.6972844188721297
 1472.000000	14.9908155148723310	48.9097541230204911
 1473.000000	11.7368378765509860	98.8476156592664381
 1474.000000	14.5486544722025766	121.3636047836034777
 1475.000000	16.4450747867229374	74.2979624328403787
 1476.000000	13.9961473846037023	115.4081269626196615
 1477.000000	11.9115619982283416	78.1809679568020783
 1478.000000	14.6281048665380435	99.4738825424084467
 1479.000000	12.9362525339350558	43.7834373400230845
 1480.000000	17.3295002686690189	21.1668031318006626
 1481.000000	21.5928743438370390	91.6564788094166403
 1482.000000	13.8602587621501794	63.0116833953734670
 1483.000000	14.3266612818623980	81.9342926397490032
 1484.000000	17.1142221204492060	70.0819365398256195
 1485.000000	20.3803295334323558	92.9123813972075965
 1486.000000	16.9196120608617449	103.9488920511357293
 1487.000000	18.0241225928768607	124.1883278434967792
 1488.000000	16.4496701963982588	139.3560247854946113
 1489.000000	19.6966289780594117	103.0619743842948850
 1490.000000	18.6009228880300981	125.9562054953023846
 1491.000000	20.0242959775989036	76.1739946609627765
 1492.000000	19.8503311563719329	117.8714339367139985
 1493.000000	19.4214294639868292	112.3029761547347789
 1494.000000	24.0588208426082559	145.2297442548508286
 1495.000000	20.6620959659269623	100.1808393046834027
 1496.000000	22.6443004270084920	91.3170819636815878
 1497.000000	20.3593952934416897	114.5821516414661261
 1498.000000	20.4604863825923466	127.2680939364392145
 1499.000000	15.9213328384363439	117.5437594697434918
