 0.000000	16.3921279608571524	154.0073848363612967
 1.000000	16.9783850966566057	171.5640015308466104
 2.000000	16.1373099431033715	102.8111754636804847
 3.000000	18.3878270572173008	103.6064072312852318
 4.000000	16.8073368399199694	25.8921308222628852
 5.000000	15.5206358539511751	43.3931985261855857
 6.000000	10.6814725030807871	153.7645117893171403
 7.000000	7.5542321776575250	7.5458831443115457
 8.000000	15.8996857134243310	93.0825443418638230
 9.000000	10.0760647184066023	13.0829229901332553
 10.000000	11.2217414717232220	105.2606543500603351
 11.000000	8.1131405343820333	61.9087948716162373
 12.000000	11.2966622992063055	105.3416169137442040
 13.000000	9.5907417477579813	53.2541241446264308
 14.000000	11.6821564102802000	38.6785790059046519
 15.000000	9.6832565160820678	42.7575304062428927
 16.000000	9.9829739193980558	138.6258319200702545
 17.000000	9.4862516475575429	152.4459856058162188
 18.000000	13.9234560025969376	24.2194838544979234
 19.000000	10.3025627191685256	100.4845934121729840
 20.000000	10.9344262015793703	67.6666291673952003
 21.000000	11.6227932140477908	110.0383243396714761
 22.000000	13.5608974351163081	96.6745515160793616
 23.000000	13.0993277081746253	139.8276110215069252
 24.000000	12.6166116185761528	118.7168845039881120
 25.000000	9.4248260321279833	121.5530530812832524
 26.000000	10.1692786309547429	104.7403588655246978
 27.000000	8.9896255626136234	97.4543599581591877
 28.000000	10.3349105056901660	98.5136509516835019
 29.000000	9.1454876307340491	23.6603042345645065
 30.000000	10.3627414219540643	125.7297737584230219
 31.000000	7.5004875571414189	96.5996178491028701
 32.000000	7.1993695255872066	97.6943938047060101
 33.000000	9.0446763353584956	114.7078734485211555
 34.000000	9.3481326039655563	136.2760934712515848
 35.000000	6.8592724685517119	21.9676008079050007
 36.000000	11.1207094795590216	154.1189930648332052
 37.000000	7.9811220219056915	136.4050841986507123
 38.000000	12.0518320443498723	124.0751823074307794
 39.000000	10.7909579000802509	133.6251629135285839
 40.000000	8.1752589323461766	174.2275592828846982
 41.000000	9.4728585174970021	110.7051979791730361
 42.000000	8.1389461827757135	86.1200068073937217
 43.000000	8.2913930920217105	66.3958141609910513
 44.000000	8.1294937458587277	25.0039149199744770
 45.000000	7.5132316001401938	103.7510737717544345
 46.000000	10.2265052588406729	112.7776684646500911
 47.000000	10.3943098489457810	37.4048391156797777
 48.000000	9.6534578568693998	77.3978544596072169
 49.000000	9.6245039148521929	28.4814028428148731
 50.000000	9.1929981685142934	18.0058580726682749
 51.000000	12.6221088291991741	162.9014395839640486
 52.000000	10.8148810693427766	70.1905223664475528
 53.000000	13.9347304649211026	133.6068611942605742
 54.000000	6.1000267354806921	1.3332973878842154
 55.000000	9.0553923860886574	117.7345026699684070
 56.000000	9.8160485930626376	53.8270011583636432
 57.000000	9.3825345496397983	150.0951979708483464
 58.000000	14.8082191424846918	67.6970799152505975
 59.000000	13.3312712582767237	41.6799120841710646
 60.000000	17.5568844630729721	42.7314994340393355
 61.000000	18.5218549154818461	122.8355452568559230
 62.000000	23.3910133500280111	59.7153154049884733
 63.000000	24.9993167940587711	140.2418629281634708
 64.000000	17.2277611694606065	88.1297227358429041
 65.000000	22.8908008324509673	121.1716819612766614
 66.000000	15.6763397338147339	115.6800778083685941
 67.000000	11.3502389007273727	53.5896622988936855
 68.000000	10.4941787290505069	74.5817733203316493
 69.000000	14.5985183173951913	140.1364747198866212
 70.000000	11.4463695203750504	171.3258751984322430
 71.000000	11.5717036250122778	156.6230526409851223
 72.000000	8.4510725408237413	55.8369624359453383
 73.000000	15.2159421623037883	46.6710188032847668
 74.000000	14.8895372091212277	125.5461150014276939
 75.000000	8.0103636186966973	58.2457421969317721
 76.000000	12.4848360883990903	46.8131052751333243
 77.000000	7.9077032339730593	68.7347653219127750
 78.000000	11.1392708222992169	90.1203531273575180
 79.000000	19.9367452499219517	82.0899721250771108
 80.000000	16.8880280062939221	53.0907628697510887
 81.000000	18.9545640907357047	152.9045645312959039
 82.000000	21.4327694758379650	164.9471988206687172
 83.000000	20.1695756262888857	160.7540328219560024
 84.000000	18.3911400244990411	110.2247730890082948
 85.000000	21.7579599843473517	81.1198580393640327
 86.000000	21.5658786874051600	76.0737110066760494
 87.000000	17.6111308168386564	73.4221451413957453
 88.000000	21.7703624595440353	115.0001440345566266
 89.000000	20.3858403647788720	100.9349144369779481
 90.000000	19.6485773521952964	159.1210365072599870
 91.000000	21.2411629775249615	147.1874755172080427
 92.000000	23.9396846539205583	126.4177315759606302
 93.000000	18.8166809079575863	44.8512564158064890
 94.000000	18.1958184308656605	30.6621285363132188
 95.000000	20.0253335425018655	137.5002647482067175
 96.000000	20.4041181449125588	126.1012870384864186
 97.000000	20.6319134286604964	109.7322829182366206
 98.000000	18.8065935619912032	65.1776418895290135
 99.000000	21.1543699215802761	118.3287441749893674
 100.000000	20.2012811112654767	134.5632766241814124
 101.000000	21.4634442132780769	84.9997846108089732
 102.000000	20.3100783313028579	77.0881519523484400
 103.000000	20.3478670527127505	150.4943375333589302
 104.000000	20.8296052168944712	96.1752232476838032
 105.000000	20.9943704943255618	123.0735831999500363
 106.000000	20.6658976416276374	94.4950268015187049
 107.000000	20.7176576926354734	64.4548295894437189
 108.000000	21.2863625966250645	79.1772888675315585
 109.000000	19.7986886435800180	128.5698050255107319
 110.000000	19.3707643837203243	144.6066082427446133
 111.000000	19.2933014033392780	61.9267501347076461
 112.000000	18.5820222766456027	116.9904235269492716
 113.000000	18.7755089106554038	130.1307923165382761
 114.000000	18.9894454784279638	117.2053343004242407
 115.000000	19.9468499610180423	88.3946786262443425
 116.000000	19.9107753406258610	151.0069423413752645
 117.000000	19.3581443499191472	124.0149767404219432
 118.000000	17.6310026444852745	21.1038147076973814
 119.000000	20.9704413254402553	99.1190418525129076
 120.000000	19.1048167491222394	146.5817687955551207
 121.000000	19.6460574680406772	44.6286155225971015
 122.000000	16.6138986926671492	119.6295201181899870
 123.000000	22.1563209211271044	112.6729385388917422
 124.000000	20.9397793117825017	159.0294366255061220
 125.000000	23.4058268786463621	83.3566214958944585
 126.000000	21.6904570037628091	68.3326430985849811
 127.000000	21.2349768870321007	92.1058349850404738
 128.000000	19.2092480478520926	61.6620538738708461
 129.000000	18.3137602837920994	95.5441538651273135
 130.000000	18.2204508132558090	156.3571701383195318
 131.000000	21.6504323187984582	124.9648358677787598
 132.000000	17.5154629389503604	87.9020031269153463
 133.000000	21.1588736073220716	90.3975906489845187
 134.000000	19.7003087275996016	134.5920768731998578
 135.000000	20.1308213806342593	105.9168096526962586
 136.000000	18.1103819333322669	105.1079273457754084
 137.000000	19.1640643732723355	158.7536651803801249
 138.000000	20.3754019135822588	136.7292636323516604
 139.000000	18.7588089951052979	169.2203454776520175
 140.000000	21.0091448465929531	118.4439209277148706
 141.000000	21.4760428134641472	57.2171823071260519
 142.000000	20.5831286357904837	41.8181809204160686
 143.000000	20.6074648114913117	140.9635617283061606
 144.000000	18.5734771675298411	128.6321232486712915
 145.000000	18.4911645230557120	131.8567000208153104
 146.000000	22.5538049359214305	103.4795106358159700
 147.000000	19.8619142276973868	80.2923262181470392
 148.000000	20.9938547559374769	79.3450898189720846
 149.000000	20.8172431311768769	159.4765424955768083
 150.000000	17.6504918715744843	149.9121583497730796
 151.000000	17.7315499878877922	83.6529921532868741
 152.000000	18.3676767094210760	70.1880902751189524
 153.000000	20.3132260771504676	67.3555195521836367
 154.000000	16.3877516719482834	51.5595488254560337
 155.000000	10.1435996022648673	40.2296177611326300
 156.000000	13.4411466084039670	155.7590096780888587
 157.000000	18.6605885468542390	144.3728774155448775
 158.000000	21.2684794219807003	79.0722186788942167
 159.000000	20.9281068134135779	64.1455125340080770
 160.000000	20.3420960561850386	103.5093168797641852
 161.000000	19.9996426210292775	131.1095309756246934
 162.000000	18.3276758587279289	39.0350556403952851
 163.000000	23.2647158425804612	118.8074342790415869
 164.000000	21.0065576176928666	60.5225551797850585
 165.000000	17.5010907732412875	60.0711846760476647
 166.000000	21.0019473507865122	126.1508560190500390
 167.000000	22.0461346254198283	132.9162320842117992
 168.000000	20.3645630402352573	116.1869418538676086
 169.000000	21.0580358104759142	140.5950545369615270
 170.000000	21.3833738562374194	98.5935303961656189
 171.000000	20.2848141688127797	45.1081106469312942
 172.000000	20.7305987711276778	119.6644579092815093
 173.000000	20.5472782155355951	152.7194648259597329
 174.000000	23.0808919666082417	128.0202185310913023
 175.000000	20.0571615348996630	123.0575791689076937
 176.000000	19.2193981345945453	152.3193342951702220
 177.000000	17.3772135505765490	38.7042946507013141
 178.000000	22.4932104664789811	103.4473445349419336
 179.000000	22.2325670319947157	134.6195849658033126
 180.000000	18.7129188329941094	78.2607641622742278
 181.000000	22.1571114132009228	130.1411603335904488
 182.000000	18.5715318898738815	100.4766805577803552
 183.000000	20.1349791543396890	133.1089260303186848
 184.000000	20.5981525891683468	105.8103178958040473
 185.000000	19.3020846554272119	31.4438376574955214
 186.000000	21.1319647506330455	72.7890547187131602
 187.000000	21.1353694427370513	157.3140042140458377
 188.000000	21.3519105972107397	128.8374418046206529
 189.000000	23.8947976615259314	78.8644487000022565
 190.000000	18.6968173477540738	112.3804357507521843
 191.000000	17.9718308216958711	132.0597802757808950
 192.000000	24.8216036841038310	116.9054826802261999
 193.000000	18.6286480110634081	113.7212368308736217
 194.000000	18.4149422484872431	29.4954920212822458
 195.000000	19.5787385299894297	152.7087296613633214
 196.000000	22.6680778114260697	143.5851133926344687
 197.000000	20.3220113608968305	110.6631022011663390
 198.000000	22.5998563478469663	121.2456090524573256
 199.000000	20.0035731376789947	92.4214881456700681
 200.000000	21.4266229112501172	117.6821970878919359
 201.000000	19.4052312400438929	131.6559357507118762
 202.000000	19.6466355144349833	83.3750283069856124
 203.000000	20.5821753295390550	121.7137276184278818
 204.000000	19.3714016914613083	84.3428563683924040
 205.000000	17.0758429641807652	77.5147973967126092
 206.000000	22.5781661318959053	148.2305753694682835
 207.000000	28.8897458318307372	89.7365847903996894
 208.000000	21.3911416847988392	107.7349955291702912
 209.000000	20.3421022327509036	39.3995686549772870
 210.000000	17.1863728771644979	147.8571123465057724
 211.000000	21.7101453273502010	115.4026462633628114
 212.000000	24.3818152432815864	153.9724512360520521
 213.000000	16.2889900351396122	91.4608738311046920
 214.000000	14.2375612442277255	83.3403954405764011
 215.000000	11.3418806542595174	83.6503354265816768
 216.000000	15.3270762646286780	39.7237872262614928
 217.000000	17.1666118002398989	79.8380745772451945
 218.000000	32.3924815819573766	107.4784053375194475
 219.000000	21.5700533241098356	115.4708795935172390
 220.000000	7.3611874877426118	74.9149687817412229
 221.000000	6.6441199377664857	65.8428649012350462
 222.000000	9.2052516786547667	139.5007593182108678
 223.000000	16.3787711401313167	42.7320086363275209
 224.000000	23.7680615691120067	105.2614458672091473
 225.000000	20.0184195711305506	143.2718076315693452
 226.000000	14.2892767195139019	30.4285633779235525
 227.000000	12.8904199370095789	120.3862377158354491
 228.000000	11.4168708007350528	108.2666071435475317
 229.000000	10.9548699606907505	33.9812018727764951
 230.000000	12.2823954572419947	122.1237138349067664
 231.000000	9.1373149463848868	38.7658437222664816
 232.000000	14.9380116278396393	155.9528479941050705
 233.000000	10.8090500671353009	12.1362456758585040
 234.000000	14.1338874041902205	116.3427263922404222
 235.000000	21.9701138379544822	123.0520720630548368
 236.000000	15.5933325927208806	110.7610660217216889
 237.000000	16.3349888270617818	26.4818960543267394
 238.000000	17.2873787538627681	57.1948660791045995
 239.000000	16.9817841344321607	75.3194656919134786
 240.000000	15.8501497960839988	145.8480770161756368
 241.000000	18.9512069322789074	173.2793934096117709
 242.000000	17.6770079642271938	76.9535043762308959
 243.000000	16.0485845156837605	139.6942667089649035
 244.000000	16.3018185677846255	87.1357772164120519
 245.000000	15.5386992476343764	74.5655247476677943
 246.000000	16.6027677880932956	106.4996894123293032
 247.000000	17.3301338567454870	113.3931840768325969
 248.000000	15.4111254188119613	29.1784381263057071
 249.000000	18.5149712101706534	159.1690821184330389
 250.000000	18.0265895407089900	155.7787315390131084
 251.000000	18.4532979133342998	46.0632487379926943
 252.000000	17.8245672837041660	107.0177233115427669
 253.000000	18.2701458079427326	144.3459610890323006
 254.000000	16.8740599905239037	99.3488107386864812
 255.000000	16.8521111176799643	35.8442350228440603
 256.000000	18.0260246428299489	128.6442160407258086
 257.000000	17.5601473038108722	126.3299124912618652
 258.000000	16.4911398337291466	79.8464507990130556
 259.000000	15.2430109767734763	153.5957686992677509
 260.000000	21.2972039138544744	91.1077606893182548
 261.000000	21.0484033124606036	145.9467304315182332
 262.000000	22.4647247887233839	113.8707235567823801
 263.000000	13.1800963795714452	118.5229877784938424
 264.000000	17.2170927020409401	67.8816816021054592
 265.000000	18.0778362738712950	89.8591441495217111
 266.000000	20.4131172471539664	76.5637904982660160
 267.000000	23.9443065053830928	41.9960670217583925
 268.000000	17.7780576255075502	95.9053903674362402
 269.000000	13.9739660307590956	127.1122208916495993
 270.000000	18.7007352888191392	53.6795961404696271
 271.000000	18.0491980892527870	73.1814198668538012
 272.000000	16.0970630482858290	105.1098320137860185
 273.000000	16.8068614697179939	31.0128582648946463
 274.000000	22.2593475906772724	47.6928903268517388
 275.000000	27.2350512823590911	18.4872890559332745
 276.000000	23.2017689744658142	173.5943437056436096
 277.000000	21.0483601295096641	86.6347977221228689
 278.000000	21.5861258348019724	105.7259795916139495
 279.000000	20.0452386385523518	148.8375794940833714
 280.000000	20.6770018932341841	102.5853826785407392
 281.000000	21.3074434467644664	103.6840321364128670
 282.000000	20.1682296343007508	92.3532703445929144
 283.000000	20.9218562552261496	89.1188188695913794
 284.000000	21.6950656309965773	137.8478312887474146
 285.000000	20.9151199015607077	75.8354125350649610
 286.000000	20.6868004600789526	133.5247853282097878
 287.000000	22.2387983328439205	132.2970795498173970
 288.000000	21.2136780488030254	144.5099935611876845
 289.000000	21.8557773060315768	89.8206340961068008
 290.000000	19.7321057484469264	103.6238314685012227
 291.000000	20.3771416911614232	147.5488069540244851
 292.000000	20.9133208044516117	123.9747557185151976
 293.000000	21.5862511524100142	116.9874692044629114
 294.000000	19.9791450354174671	139.7760952932066232
 295.000000	19.6262561467210617	40.5097069077861534
 296.000000	20.6772690395967729	120.8768023050567137
 297.000000	21.2432526072233436	104.8538287491769410
 298.000000	20.7596683685275849	100.7287206477420369
 299.000000	21.4304930506831468	140.5203243591355999
 300.000000	21.4557790963665944	119.3221543355279834
 301.000000	20.1439385798814641	111.8375065344808519
 302.000000	20.7477693267602277	117.6017344880624194
 303.000000	21.0393177491747352	84.5887623110538698
 304.000000	20.9443858977827979	82.7829218746602749
 305.000000	20.5105892589472809	148.5226251296115834
 306.000000	20.7479466815808991	163.9844012107599838
 307.000000	20.6050544766818504	156.9740584186957904
 308.000000	21.6998255275664107	76.5702814727082028
 309.000000	20.9214765946599464	103.8223714092444112
 310.000000	20.4471993776611214	146.5429174763147557
 311.000000	21.3977072919586924	94.8804404705500843
 312.000000	19.6926471934137979	30.6549287303037374
 313.000000	21.3762592896051338	124.5532547086739896
 314.000000	21.4286898623423383	102.4418354937827189
 315.000000	21.6699408526913224	72.8547951404515715
 316.000000	21.6506402520775687	55.6632653501358448
 317.000000	21.1996095701613676	158.8520451086483547
 318.000000	20.7800974528918907	109.9623979151546536
 319.000000	21.0136968512363147	138.6029318691655021
 320.000000	21.8937420384683357	148.3807147032123055
 321.000000	21.3258328521610991	130.6968289294589169
 322.000000	21.4305059658523085	125.8166958345970556
 323.000000	20.2478466186127264	64.5736731273942866
 324.000000	20.7754576797511810	111.7493667428292525
 325.000000	21.0541028769900294	99.0396637590630604
 326.000000	21.8622903623132352	97.5787306409405772
 327.000000	19.4512537970557915	110.9929548986180379
 328.000000	20.5588329694943148	74.7902529621487133
 329.000000	21.1242874084907655	85.9118532429363455
 330.000000	20.2637621945461994	64.0136930378305919
 331.000000	20.7383333857806669	102.7980003816022077
 332.000000	19.0039956887677768	138.1885022250541510
 333.000000	20.8306765390137087	108.2123670322831117
 334.000000	20.5093833331522610	145.0165753983991124
 335.000000	21.3621968724915625	140.2487738423751864
 336.000000	20.5290717391815818	136.0350172290339117
 337.000000	21.5852697164152048	101.0686025587871342
 338.000000	20.8935444348280477	95.7063451645088037
 339.000000	21.6619918473669344	87.6505304984878677
 340.000000	14.5563725928803880	108.1241784474533887
 341.000000	21.7647070635366759	83.7111819842085652
 342.000000	21.1887103860387249	108.1246639711024216
 343.000000	21.1137263323183113	98.3937781442850934
 344.000000	20.5285317021461928	146.1839442589038072
 345.000000	22.2550963886534419	118.8670594063296164
 346.000000	22.2138049790626333	74.6368887285635338
 347.000000	20.2731469794199590	113.5458377695206309
 348.000000	20.9216629607726503	134.0434297052636339
 349.000000	20.7412840303030812	89.6319631497774481
 350.000000	20.6644262544132893	79.6812110808939735
 351.000000	21.2965623344269659	146.4048477556010255
 352.000000	22.8596401643614122	75.4358904434619575
 353.000000	21.0444104838504984	53.6477794398176826
 354.000000	21.3876280973487667	132.7831612663817396
 355.000000	20.0109064211403087	136.1508742908455361
 356.000000	19.7399224492294785	60.3170534026586438
 357.000000	20.7052170808731013	86.7369521080669301
 358.000000	21.4165156649994515	105.5155667883783792
 359.000000	20.5889693446781621	124.8930888838798836
 360.000000	21.5382616705208143	144.3873795951523107
 361.000000	16.1876814174436774	151.8832749632129833
 362.000000	16.5724494450124595	85.7791641083268104
 363.000000	17.3814604591544999	151.2802296211710882
 364.000000	16.5639516834411751	63.3388764334944767
 365.000000	16.9319227776546057	73.5185952201451727
 366.000000	16.4543032810171468	165.2031129152159110
 367.000000	19.0068149349697890	99.9727408222501452
 368.000000	16.1659244283491539	78.3903550500634196
 369.000000	20.7537911658086429	138.3860417013386552
 370.000000	22.5241515686792511	65.0402105399626862
 371.000000	20.6717288841429365	97.4446275002383260
 372.000000	21.1261088963354275	86.3373059996962411
 373.000000	21.7658882349102463	101.6278907355619765
 374.000000	21.8004312673795404	134.1265775339242907
 375.000000	20.7139249960309826	146.7314406634684474
 376.000000	20.9704410160185368	76.2509192184967333
 377.000000	20.8954682267730760	92.1571590193299954
 378.000000	20.5551213867561273	134.2938079319455653
 379.000000	20.2980576320233119	111.3853068755734768
 380.000000	21.2227003819435893	97.9279288996471990
 381.000000	20.8801504480256419	146.7677235090412751
 382.000000	20.4245776235219978	83.2189973075480793
 383.000000	21.0969994972650774	140.2337450108875032
 384.000000	20.1958165142368742	149.7256522803578207
 385.000000	20.9191733721729705	93.2736669049388638
 386.000000	21.2225821728931336	136.1264904621870642
 387.000000	20.7752426536840140	91.6308471889249887
 388.000000	21.1198330220150261	84.3295804717739230
 389.000000	20.6916586077462981	74.9479499192768372
 390.000000	22.1158149503293622	60.8852612846602455
 391.000000	19.6239873614361038	137.2974972890174001
 392.000000	21.1582889426673155	85.5575829685526656
 393.000000	19.4613653518589480	158.1381555046533833
 394.000000	21.8206079579524008	112.8175114732909066
 395.000000	21.0016840611613418	97.4259633477831528
 396.000000	20.8345922160011980	91.2386283518974039
 397.000000	18.4555599836998780	168.4503581423196295
 398.000000	19.4028833404457082	71.3979816674196286
 399.000000	16.9743803094810310	22.5078543094725774
 400.000000	15.8299816473519552	34.9227420053459809
 401.000000	18.1114975386047341	50.2366983533014775
 402.000000	19.9946289990146333	158.4239796745240483
 403.000000	17.8420306509868212	33.2134051441403813
 404.000000	18.6254842358354082	23.6065022914801546
 405.000000	23.4623173750474194	107.2662324463050965
 406.000000	16.3351697518332060	85.5624263920816333
 407.000000	15.8025759187520514	153.4778780848917847
 408.000000	18.3224783448773110	156.0064118495795924
 409.000000	17.7793938053698994	167.5192695312733520
 410.000000	16.2722750288863018	81.0104845766361734
 411.000000	18.8465762680140791	61.5132916309199942
 412.000000	16.3242292454881586	129.4653242030725551
 413.000000	15.9961287455043522	72.9671384799955121
 414.000000	16.3194249877248865	168.1364050951117122
 415.000000	22.6096626301614698	54.1310940951296971
 416.000000	26.2632905741304832	161.4967574438241229
 417.000000	23.0466925423104065	138.0158362531171292
 418.000000	26.1002097229139487	73.2630146370314037
 419.000000	25.3280539041042232	50.6442540730019743
 420.000000	17.2560289786697467	130.4047807049061589
 421.000000	17.6986000709815201	124.9768349438856774
 422.000000	17.8782767741213142	101.6625601280959472
 423.000000	17.4873701559948032	154.9440564304577492
 424.000000	18.2975168411880098	77.4118562847457667
 425.000000	18.9874701917865494	101.7273539061892649
 426.000000	22.6901473461077465	153.7819431855652965
 427.000000	17.8610891353954138	46.3329811592820420
 428.000000	16.4225104463255782	49.2909837441507932
 429.000000	17.8707417077240969	71.1007831529079226
 430.000000	19.7208070488208946	142.3037938861783687
 431.000000	19.7267817244208281	113.7181717876616744
 432.000000	16.5413195567467817	63.7710837641562307
 433.000000	17.8666723132222494	144.8623605979423985
 434.000000	18.3481862846313177	164.7714330195463504
 435.000000	17.7195577455136331	72.7175391194151075
 436.000000	18.0843774284569818	25.8014110302881079
 437.000000	21.1215546490095640	111.6164290237497596
 438.000000	18.0328081030739753	19.0994329375485279
 439.000000	19.8712480348868503	68.0478566476277393
 440.000000	20.8169570111143329	128.2739459656428949
 441.000000	18.7866610935545779	87.5318238267450539
 442.000000	20.4746910386871406	115.1863035046414865
 443.000000	17.7162788264546052	99.7075140834943312
 444.000000	17.4950053012483480	55.3991238427871053
 445.000000	17.0662901674252936	109.5944488116297748
 446.000000	18.3073254973715223	98.9391132633204506
 447.000000	16.7867308140088909	160.0978580438417680
 448.000000	15.3200960266059560	64.7838667436458309
 449.000000	15.8019620746550089	55.7286612063679740
 450.000000	15.6951669890053527	68.4978776656911350
 451.000000	18.4461054505091084	87.5736092869011031
 452.000000	16.5884833085922310	27.9451890810637167
 453.000000	19.0989906714607791	122.6490550600176732
 454.000000	20.7876497987932503	39.9695180310768308
 455.000000	9.6853258279667696	102.7569697088064373
 456.000000	10.2308412433889462	168.0719338429536833
 457.000000	12.6578445081926620	31.3614815555784503
 458.000000	8.8904109350841534	90.9436180867697459
 459.000000	15.3642348807708391	109.5389164981121723
 460.000000	17.2564586444600323	111.0630611692981802
 461.000000	18.8053195117114882	150.5770696131163220
 462.000000	16.4654092683251392	137.9063097356645926
 463.000000	16.8326518731067161	107.4119547417595015
 464.000000	17.4877995558687473	140.4625009310874475
 465.000000	17.5398332382363833	149.5234722151822950
 466.000000	17.3216008360471996	131.7996956709723406
 467.000000	13.7548994888239839	118.4139202790193508
 468.000000	19.0793488772264226	131.6042923822728028
 469.000000	14.5265136666662524	127.0132245476362982
 470.000000	16.4938291776275747	130.9417886067829215
 471.000000	16.5293785860911591	87.8100079740263908
 472.000000	21.3434371515553707	113.4832505680181356
 473.000000	20.5791607615138794	53.2049339251077811
 474.000000	21.0926622679305424	124.3536561254038304
 475.000000	20.8891707930675459	95.8096427119362062
 476.000000	20.8196732514605358	124.9461263495749392
 477.000000	20.5766937321085912	85.2701497980036578
 478.000000	21.0051522482022470	102.0150642091146409
 479.000000	20.6833300161164857	150.4219618157142975
 480.000000	18.1108009088449791	151.8739736687328445
 481.000000	21.0649530228855681	108.5217969539670975
 482.000000	21.0862091222106756	147.6164186216607845
 483.000000	20.8780695513636516	75.4288908386752439
 484.000000	21.0740780733816777	152.7632395360790838
 485.000000	22.1903558242125492	102.3410004312874264
 486.000000	21.2240951653641829	120.3176906387141685
 487.000000	20.2723664984520511	143.9185298948255536
 488.000000	20.4440124696636332	102.7297568769437959
 489.000000	21.7196681853043145	153.8573031625302008
 490.000000	21.5882527096818926	95.6507064092037780
 491.000000	20.8768216515478606	150.0624885614476511
 492.000000	21.3337232479665175	139.9674259320204612
 493.000000	22.0379334247546304	97.6935022116810643
 494.000000	21.0482287547152787	128.9973256377764983
 495.000000	21.3256156179685803	133.3566076828570317
 496.000000	20.6407479237800615	73.1025365659226765
 497.000000	20.5485698559502161	145.0379110583593558
 498.000000	19.8644018879485600	99.7094414729909175
 499.000000	21.1704175154025975	147.4723804486803260
 500.000000	20.5444929014041300	92.0391969312809692
 501.000000	20.9717879219072074	156.2658132736646621
 502.000000	20.7521382816141475	91.8424171237720088
 503.000000	19.7406253482531220	147.2754129800791816
 504.000000	21.1896735230903985	124.7108071399360085
 505.000000	21.2912316049419239	93.6731822006600794
 506.000000	20.6186618139186848	148.8475237738012709
 507.000000	20.8565535287518138	87.7492119413322058
 508.000000	20.4269228566401360	135.3455629215793579
 509.000000	20.2332601378977195	120.4045973787369235
 510.000000	20.4829874099746760	58.0684287620166799
 511.000000	20.7502390963424475	112.6223329838787492
 512.000000	22.2921620083635368	160.9773718202402506
 513.000000	19.9805099940299264	66.2076448669092485
 514.000000	21.9429429424976163	101.6484536155980720
 515.000000	21.1068621444451168	130.2370068556963076
 516.000000	20.8958847344586083	108.4191386912444131
 517.000000	20.8163005898796492	102.7054541358577779
 518.000000	20.1772375020576860	96.8201890620349843
 519.000000	21.5526976591893273	79.0270348270685901
 520.000000	15.2214702424491115	66.6684818329770081
 521.000000	17.7832875534499948	89.2941004866873840
 522.000000	14.9011334762010286	74.5187947758326317
 523.000000	14.2791420542312508	91.1002030897258663
 524.000000	15.8863332467208487	99.0506825835028337
 525.000000	16.3191555518529405	113.6826357185732803
 526.000000	15.2880253590911437	149.3039027096335758
 527.000000	15.3591283106779137	123.9009863325808283
 528.000000	16.1474545177644160	150.6184643864327199
 529.000000	15.2796773282206377	84.8281925858155290
 530.000000	15.7398967097301572	91.1732870475365758
 531.000000	16.0870370268398588	86.4899550904510193
 532.000000	16.6712831063642106	134.5163434799251263
 533.000000	16.6257014129180654	82.4082199975218401
 534.000000	14.7840416766441560	91.0391014694562699
 535.000000	16.6630183071118729	96.3328831931085716
 536.000000	17.9001623176174895	140.1907936627247011
 537.000000	16.1307538734902387	80.9677538924832447
 538.000000	16.8038614740021544	125.4790868409606617
 539.000000	14.3440969383245385	93.0931962675906135
 540.000000	15.4112172377365813	90.3245302374052699
 541.000000	17.7807393798420534	76.2320514158873976
 542.000000	20.8923523211484046	122.9005652422166008
 543.000000	20.5979270283607647	102.2796913866163777
 544.000000	21.7922738653070134	108.5696660624470837
 545.000000	20.3874438123112185	93.4815742571480826
 546.000000	20.9067764230856348	94.4839639541870753
 547.000000	20.2286916447083875	101.0484757172377215
 548.000000	20.8551845150417066	98.8367560975455604
 549.000000	20.5067131335932018	87.8989247384596268
 550.000000	20.5651498184387407	128.8877389076330360
 551.000000	21.6458087534074224	67.3576994877845294
 552.000000	19.9000381305887863	109.0434493550394848
 553.000000	20.6151894551847299	132.6546336035561922
 554.000000	20.7174502709753341	89.8778671087905252
 555.000000	20.6614250142496338	81.9448193687274795
 556.000000	21.1398730267951223	118.2488990066162557
 557.000000	21.0867359459729187	102.7986288732494415
 558.000000	21.1870006296823092	128.4022839865793344
 559.000000	18.6906437209272163	115.6502710443984085
 560.000000	18.5717269832384275	57.9995668763150150
 561.000000	20.3651004041623160	146.2543721370238643
 562.000000	20.0316930231478523	138.0837056217719692
 563.000000	20.3589495830418983	56.0599272303877711
 564.000000	21.0148505112497688	128.3911325787447595
 565.000000	17.6170702773218473	88.6392147371021224
 566.000000	16.4174829686766479	106.0905282108002297
 567.000000	16.5120497390736816	82.0756022230557392
 568.000000	17.1378854867126869	114.3502909004429853
 569.000000	18.4749715768818774	143.5895570574472799
 570.000000	18.5634852548375200	159.0991504269355516
 571.000000	15.9964627581683434	96.7511326744660920
 572.000000	17.8055377940661081	116.6963670956093750
 573.000000	17.4836147373713189	94.5693893212850298
 574.000000	14.5257952925335427	67.8620000109336132
 575.000000	21.0944845454836916	80.8392600445379088
 576.000000	21.3312062716759314	127.9366301183654144
 577.000000	21.5795277998894797	90.0705243787832472
 578.000000	21.4894777846140883	75.8675563789930010
 579.000000	20.6933223412813021	159.7213756522904191
 580.000000	22.3949016938095582	134.8507668600831835
 581.000000	20.8428163354635423	89.3906416453435924
 582.000000	16.6238976388612762	94.7353646692766915
 583.000000	20.8147909090938050	112.8979160586406891
 584.000000	21.4558318265504937	141.1993160082230361
 585.000000	20.8261727395089196	61.6020865925552386
 586.000000	21.8597216562488157	147.3886742033096766
 587.000000	21.2720390073742216	105.0329191374675588
 588.000000	20.8513012458411140	152.2580658117156531
 589.000000	21.2184443938243597	126.4592623392453419
 590.000000	20.9460467645790516	84.0250951554374979
 591.000000	21.0021196228000662	114.1639846246333150
 592.000000	21.5803855893540266	127.2745517414095389
 593.000000	20.7045390645283938	124.0761212202012302
 594.000000	20.6900265352004418	104.8291694269807550
 595.000000	19.8385317501260587	64.0045139436319772
 596.000000	21.4262125299028661	103.6378015939473585
 597.000000	20.8098395616623755	111.0213277222621571
 598.000000	20.8208236021145368	70.5264618110123251
 599.000000	21.1886242926175079	138.7631268508039852
 600.000000	21.1764345169093140	108.0139155202254386
 601.000000	21.3061915407489089	132.7895440762552823
 602.000000	20.1138760473663716	150.8249297093769314
 603.000000	21.4521228237534416	104.4440415758159020
 604.000000	22.2081470538645789	129.5098656019497980
 605.000000	21.1952032729509590	140.5249348241601695
 606.000000	22.0091788569038016	115.1331385194033174
 607.000000	20.1535678743487523	67.2864132657473846
 608.000000	21.4749932149062950	87.8581045668045704
 609.000000	20.9280224183023194	69.7256496224404003
 610.000000	12.1670973134770151	76.0197807848330740
 611.000000	11.7507500528902877	173.0077308545841674
 612.000000	9.8241526729884772	96.2416092019045522
 613.000000	14.3718864206132366	37.2101505889570490
 614.000000	8.5915395277772486	122.2872827439597643
 615.000000	10.0799311806696767	29.8114273814655917
 616.000000	10.5479289227797342	151.6348099255211821
 617.000000	13.0305915003405346	125.0059519143852924
 618.000000	12.4139413244905121	103.4807167048183345
 619.000000	7.7507708687433672	118.1753196050019596
 620.000000	11.8257363083727967	118.7960135575845300
 621.000000	11.8337285306657769	25.2741516086037734
 622.000000	10.1527416503430352	90.9021680819179068
 623.000000	10.0836970665939827	115.3082958421652791
 624.000000	11.2912320526737329	43.9384115959558414
 625.000000	15.3941764511446326	56.0439073758823554
 626.000000	15.6342104633160623	146.7676375938235083
 627.000000	15.2888627337860257	138.2798761947900630
 628.000000	16.2523253648757589	79.8922548604398770
 629.000000	15.8374518982659502	39.3524476131515826
 630.000000	17.8540113002052898	75.3614410191793525
 631.000000	16.6487071306761969	81.1544396393214384
 632.000000	15.8537244987359749	145.9959940886161291
 633.000000	15.8242537562064083	144.9880903573528315
 634.000000	16.2589550243118985	57.9262611027022132
 635.000000	19.5018584298708078	166.0424582245833278
 636.000000	16.0204288181638468	138.3947331448426041
 637.000000	14.8465069526811710	96.8358090681465171
 638.000000	21.5233687694851703	70.5837584547381596
 639.000000	20.3409500896480075	69.1520432895514006
 640.000000	16.1887056104093539	142.0799999528312583
 641.000000	17.6354933302595427	36.2822351558345986
 642.000000	15.6745104728747311	153.7456549093660954
 643.000000	16.1257205054875286	59.1725629852468273
 644.000000	18.1727152738602911	153.2156006026734758
 645.000000	17.3304268794807150	32.9109635098105286
 646.000000	16.6615169617581635	58.8863539251418615
 647.000000	18.4512153691243235	145.1601975469962156
 648.000000	16.5785231447574510	46.1613397373437806
 649.000000	13.6107504385943407	3.5509703467074587
 650.000000	19.0628459228976226	124.4284345413570634
 651.000000	16.9181396852517061	149.2333284760890137
 652.000000	13.1308831237935273	99.4533809359771936
 653.000000	11.8389516800674048	131.8079536420995055
 654.000000	16.1872568512301562	76.3202764304353991
 655.000000	20.5923784518604158	118.7724952561357128
 656.000000	18.8886745459648715	88.3468647941953122
 657.000000	20.3063720478877627	79.7085980311669431
 658.000000	16.7802275623686654	105.6732241118098585
 659.000000	17.8932539058377138	31.8716406186820223
 660.000000	18.4411554578267918	165.9992137645649848
 661.000000	16.8406637541679309	68.7537344521475688
 662.000000	17.6116267112339990	164.1695432299277115
 663.000000	19.6819951124511938	103.7458464247770991
 664.000000	16.2265090609710789	46.6572639910273210
 665.000000	16.4049190565759311	35.1090327648935556
 666.000000	17.2733542268399809	104.8922180286423185
 667.000000	18.0757746162800963	70.8523377617022732
 668.000000	13.4368417078779476	119.1547506345327747
 669.000000	12.3443277064684231	39.6969369433171835
 670.000000	11.7838038622763666	136.8960944689013104
 671.000000	10.0907880503696354	52.3400049084671650
 672.000000	10.8494371440510005	102.9255807565793361
 673.000000	14.9691002031645031	67.8535932050024115
 674.000000	15.0378522857164523	148.7706037041558318
 675.000000	15.4614615536148854	161.1139223775950882
 676.000000	12.0475209172724842	92.9081523629727002
 677.000000	9.9803796540076402	149.8201054485650729
 678.000000	10.7184967503756017	132.9988189789278294
 679.000000	12.7282575214542533	104.8008939180948147
 680.000000	8.3343039485150072	125.7849851999640407
 681.000000	8.2510161395040740	16.7883094383387004
 682.000000	4.8341523974248766	79.7150672835624192
 683.000000	5.8275183494931566	38.8901789109318941
 684.000000	17.2819431317424055	173.4442259567280189
 685.000000	17.9956289020906901	161.4247161046023962
 686.000000	16.9618059324549080	119.8146463778491295
 687.000000	15.5484649360219791	34.5072249794981190
 688.000000	16.3340870102897604	132.0966361120454451
 689.000000	17.0019822819059279	112.7706201686415710
 690.000000	19.1299324638213299	131.5428132545247024
 691.000000	17.0736073776224302	97.3811117373502100
 692.000000	11.7276817151506378	104.4938462433283490
 693.000000	12.0121714345094883	120.4781924530329604
 694.000000	4.9731352974011243	98.0915921674216946
 695.000000	9.2694111840864615	82.9426650158899861
 696.000000	4.7726949945982700	113.9029542380737468
 697.000000	3.0149438226374374	76.7224714830754237
 698.000000	6.9751821616369325	42.3598392021424388
 699.000000	4.9348410514207375	143.4335334321150128
 700.000000	4.6679446985052708	61.4217173194644204
 701.000000	5.0127057625866520	82.4386940115695666
 702.000000	4.3804171425330889	80.6819401552038045
 703.000000	8.1711038242404950	14.0520588814044061
 704.000000	8.2359034514969043	104.6747784541953052
 705.000000	9.2149688921326067	85.7476834970823205
 706.000000	8.0474052831714271	23.3171391110119259
 707.000000	7.9997575345526153	133.4265541523247691
 708.000000	10.5853056673012560	117.6838472253334658
 709.000000	6.4642798043425325	9.2445557494114041
 710.000000	7.7994861422252937	106.3386011343849731
 711.000000	7.0380113799989736	122.7301108429303298
 712.000000	11.2944184624789017	38.2122711456719060
 713.000000	11.7580628021406071	43.6610976451449062
 714.000000	7.7268474367046887	38.0551947761117049
 715.000000	12.8900989540811128	154.9818271312511797
 716.000000	8.9450740048218442	29.4616661517756029
 717.000000	11.2307789622190608	21.7131775028782386
 718.000000	11.6169037327201945	100.1918279165226409
 719.000000	10.6212941542031789	72.6200832811148871
 720.000000	9.1317831645680307	96.9925935929974798
 721.000000	12.4819379860313102	30.8614957885600631
 722.000000	18.4410917027682615	177.9361777822172712
 723.000000	18.4987625991153450	18.5034900181928208
 724.000000	17.7045158321435707	97.9218733410988023
 725.000000	18.9662115259609507	68.0828157759844999
 726.000000	17.3785915894163630	159.5317550543429945
 727.000000	15.8163533843899664	68.8154452644066623
 728.000000	17.8092682117616690	163.8643211427013853
 729.000000	17.4868055938847498	56.5086931370978789
 730.000000	18.1252098719522827	136.9916927386665009
 731.000000	19.0806820166175051	122.2459254175876140
 732.000000	19.2220636817237747	121.1366006995365439
 733.000000	19.6168399491023457	85.8899018642942451
 734.000000	19.6604334318149370	104.7066947904138630
 735.000000	18.9973154683972787	102.4563342020428536
 736.000000	19.7231658902009208	175.5718939347857770
 737.000000	17.1895217845786341	119.6645384847158624
 738.000000	16.4588606771967214	20.8260928365892823
 739.000000	17.1044731231174083	34.2897961988405768
 740.000000	21.3533797024098391	115.8397112960094972
 741.000000	18.5235972529124489	93.0929942154692327
 742.000000	19.1422089949501419	134.9554026177089838
 743.000000	18.4155138685241546	162.3350722593910405
 744.000000	13.7253135161443698	126.6057646410810804
 745.000000	14.3478438286853951	51.1788208867773449
 746.000000	8.1148059499865166	90.4842709518500214
 747.000000	10.7050624505662206	104.0197226031225455
 748.000000	9.9895778983354688	93.0674506864236832
 749.000000	16.1935356424359469	100.9213175260582602
 750.000000	14.2611921682686198	127.3026777808984633
 751.000000	14.1539992637009053	100.4875441903057265
 752.000000	15.2665215564404644	71.9539897631195089
 753.000000	15.2932738178557255	72.4315485661664837
 754.000000	17.5803764571625720	133.2410346254154092
 755.000000	18.2555341218380036	98.8647972718208052
 756.000000	18.1784622621857821	37.5278966345506717
 757.000000	17.6592218642989245	142.5380906269338936
 758.000000	9.6744707145873203	92.4009646688997606
 759.000000	12.5903368014393315	8.0312673769068681
 760.000000	18.2547548126354435	95.6406686781520108
 761.000000	17.3379579904121108	110.9487979960258599
 762.000000	17.8760776463165989	95.3503623985557738
 763.000000	17.9511474888781848	129.1470706956829986
 764.000000	18.0040932645771790	79.5477881995909399
 765.000000	16.3117451944004870	150.9984092536552112
 766.000000	17.4583168953363455	157.0210489327021719
 767.000000	15.5402776162835501	125.8763932764962306
 768.000000	18.1420267640678325	27.6703297220318518
 769.000000	17.7330255566868544	85.2801518980054851
 770.000000	18.2409535901323991	95.3003769195353811
 771.000000	18.3806437917721226	134.6034892794188522
 772.000000	18.4235551537407538	32.3900739822443597
 773.000000	20.9718364045047281	120.8859883336355665
 774.000000	18.0329197093864018	116.2698654175076456
 775.000000	18.1311988573417651	120.0310304477491030
 776.000000	17.4971895675240816	32.7699265083511762
 777.000000	17.8897521017228733	38.2139830790159749
 778.000000	16.8903729879212960	40.3593669124567214
 779.000000	12.0197406556174293	128.0531029471083286
 780.000000	13.3248507782433556	87.8990731316576444
 781.000000	10.5541291065710183	26.7091836485906242
 782.000000	16.0255166989630169	58.0931745419688639
 783.000000	17.2362860047168809	44.0908329047298935
 784.000000	17.8383945950080651	140.4355995323672062
 785.000000	18.5377268737089622	103.5695386890408543
 786.000000	18.6956265636797170	52.9107117975779602
 787.000000	17.8284492717639189	81.2152911893792577
 788.000000	20.4362014959004874	114.7236205615243989
 789.000000	18.6029491206548165	106.7130577835646079
 790.000000	17.2106535495951327	153.4331758816275055
 791.000000	18.6565022832767582	108.0131746393203400
 792.000000	16.6686333646608809	75.4234928515283798
 793.000000	16.1869817160577441	68.3713457702709775
 794.000000	16.3413167095009975	19.6572239782145459
 795.000000	17.0547598610376703	46.2562387020997789
 796.000000	17.7061868857094851	147.3737626027729277
 797.000000	17.8630094576893086	53.3309722960393628
 798.000000	18.3896779117099136	98.9747050887087596
 799.000000	20.7354934147037433	27.1216725807418584
 800.000000	21.6627580115335547	58.5662832195020400
 801.000000	32.6532026526236976	68.0703494451293807
 802.000000	26.1487342694099176	63.6674770337872502
 803.000000	25.7877281092850446	72.5187570831357249
 804.000000	18.2840385297136656	148.2538627861065379
 805.000000	18.2322265990795955	106.1138357777392258
 806.000000	16.7194900742512935	144.2204501882908403
 807.000000	17.7928022041442055	68.5937936808030173
 808.000000	17.4297395014079406	95.2307840581648861
 809.000000	16.6227322672177102	68.0877184079326980
 810.000000	18.3585864326441417	167.6207052095436154
 811.000000	17.2510810320809433	33.4208207725150714
 812.000000	16.8144226997790796	118.0560439318580706
 813.000000	17.5479483668661373	29.7568637487110834
 814.000000	16.2508356068882804	93.9989136741548492
 815.000000	17.0001469697936152	114.8409920860028137
 816.000000	17.0337868067884308	80.4613161568146467
 817.000000	18.1192210673677998	50.9628269848610103
 818.000000	17.2750659155521866	56.1693922220949560
 819.000000	16.4859967085183321	66.5211043224594079
 820.000000	18.7958473709044398	117.4590725774158670
 821.000000	20.3521058934671935	128.3192115238597353
 822.000000	16.4437026959665218	54.8517712211369997
 823.000000	17.3541762868344875	171.9923276912612948
 824.000000	18.4287775900520927	100.1148271757773216
 825.000000	16.8895599464583839	69.5982593799183462
 826.000000	16.0981809148348312	77.0541647349756147
 827.000000	16.2924612556815127	79.3501218261108363
 828.000000	17.0024460115778844	102.8536466369816367
 829.000000	16.3161210411786897	67.4650711949181527
 830.000000	11.3962006173453752	146.8339931188803860
 831.000000	17.3947785498323455	136.2545994745658504
 832.000000	14.2914998195925946	102.7704463911565256
 833.000000	17.5918578481642136	149.6960232361765009
 834.000000	17.1859715170271095	43.6755404467806727
 835.000000	15.8466436528219337	63.3492105346241061
 836.000000	17.2675477922622918	54.3622286974026707
 837.000000	16.9383653616259338	113.3261375957664683
 838.000000	22.8893501358663656	104.8530833926846668
 839.000000	23.5005555206533749	128.8246111881863385
 840.000000	16.5240886082691887	152.1079979434186384
 841.000000	22.3997438663770794	116.8745744561098832
 842.000000	26.8216826011016920	124.6503605619032555
 843.000000	11.9718491791043444	151.3312394874282063
 844.000000	19.2027986427219730	133.7899753034999151
 845.000000	8.4483939267648847	61.9437196276021780
 846.000000	15.4286006424607773	48.7212494009575892
 847.000000	15.7481250061551812	142.1234558334815574
 848.000000	16.4090709173336542	131.8177794997579326
 849.000000	13.1836859883260900	145.2006219567997505
 850.000000	14.3980647195800806	102.9944668865757933
 851.000000	15.1504688507513325	136.9086460347674574
 852.000000	15.3843825613227168	87.4325218423008721
 853.000000	14.4189016098924210	44.7922380701980671
 854.000000	11.2593470363007544	79.7850617918828107
 855.000000	11.9540241411171344	86.2293104792067879
 856.000000	14.6467363459770823	110.4187753366785216
 857.000000	13.8186234786315474	144.1434441189571203
 858.000000	16.3719869231144486	141.1690707332811883
 859.000000	12.7259828013271221	113.4380435977684130
 860.000000	17.5045394659677811	124.0970230935081986
 861.000000	10.6262068424882159	121.1005374437829403
 862.000000	17.4920287098565801	93.4342303610200560
 863.000000	14.3051902426894220	83.2056239335108216
 864.000000	16.4888302109618721	126.8741695807087524
 865.000000	12.5059248706844652	37.5704197637113850
 866.000000	15.1444279507972475	150.5854940501046713
 867.000000	11.7310841410012188	151.8872689363649329
 868.000000	16.6163163771875340	105.6567113087041889
 869.000000	16.6126930743411663	132.7261518142784098
 870.000000	27.1816053687443606	141.5247589255204161
 871.000000	17.9896319486913043	126.7899069102424221
 872.000000	20.3301367387203875	108.1636766863514936
 873.000000	19.1753972797891805	85.9456091647290776
 874.000000	17.8009563941616413	103.7626551324829194
 875.000000	13.8975323450763693	82.3538093915050382
 876.000000	15.5641769884615577	79.2534295923774152
 877.000000	17.0587600718473382	112.2323908778492410
 878.000000	17.2699519291791859	93.4070475163182863
 879.000000	20.8479665188335410	98.3430110933037014
 880.000000	11.8549259745825122	79.1464530232889985
 881.000000	22.7052234042773478	73.2374730871788699
 882.000000	23.3147512592513628	119.4534334316842035
 883.000000	21.9158331087669680	129.5820428218101483
 884.000000	22.3467076466381975	113.6145075588438118
 885.000000	26.5704566817078067	110.3909254146567918
 886.000000	23.3964900534333609	119.3038140069238011
 887.000000	25.8999628323411528	127.2424811501521447
 888.000000	19.8174161387420220	69.1984125610702705
 889.000000	27.8207166623718720	55.8997159070944463
 890.000000	26.7092802250580519	102.8012077963033022
 891.000000	29.4072791698383007	74.5989946715955199
 892.000000	28.5302459859581461	98.0955181886855172
 893.000000	24.0173154732974083	107.0166584720766139
 894.000000	29.5945288795532342	129.8248071048910504
 895.000000	26.9172028765169564	136.7516198830170708
 896.000000	28.6481576044935764	118.7060835952133857
 897.000000	23.0653359131188154	141.1597675651628947
 898.000000	28.3429696895127670	141.3205490480132767
 899.000000	30.4781285053085860	107.2948981397707939
 900.000000	29.8753047204914814	110.1422984481162644
 901.000000	31.2371050718501913	83.0971418882134856
 902.000000	32.0699890136377377	72.5965476549796449
 903.000000	29.3938009928970949	87.9832096378277129
 904.000000	30.5650983026290533	146.7245727575875094
 905.000000	29.8840068507266885	77.3162741975052228
 906.000000	23.1781394371410627	81.8270146142467354
 907.000000	23.5256605126428617	118.4084717936400182
 908.000000	21.6246967084073276	122.2257211789106179
 909.000000	18.7335375829513140	58.2004700644253887
 910.000000	21.5837315544500825	121.1677645989568219
 911.000000	19.3379415345729910	105.9881854017975087
 912.000000	20.9390213241091878	78.5013486753689307
 913.000000	21.8534231425078147	92.4523641651986878
 914.000000	17.3563018360542038	109.1890336277086817
 915.000000	16.4091677654867958	101.9528531955536863
 916.000000	14.3351653338747020	55.9959464756246490
 917.000000	15.5533722872237750	60.4021854392802737
 918.000000	19.6145306962436798	105.5093222535825532
 919.000000	12.9571735056264838	79.9691043408872844
 920.000000	14.2550698974271128	170.8013966053124761
 921.000000	16.6652241912654020	117.2484065930648001
 922.000000	13.4443596597975645	82.0381289367407192
 923.000000	16.8055836392587352	163.4439323861669493
 924.000000	14.8009487501629149	97.5266608951680922
 925.000000	11.2290864694552450	149.6111947912080495
 926.000000	13.6957128903668988	71.3081141226775088
 927.000000	11.9966556858905591	110.5096538479327393
 928.000000	18.8738743978554950	95.7853771576474173
 929.000000	13.4912063244087648	25.0714863962965921
 930.000000	12.2268747801148923	50.7019462059849104
 931.000000	14.6836569928962497	83.7288539786298145
 932.000000	17.1674395798677324	98.2347545207220065
 933.000000	16.6739640153886306	96.4990155001462284
 934.000000	22.4844522126430313	108.0161707290323108
 935.000000	25.0929558754410991	115.1752445774277760
 936.000000	13.7912915479316087	131.4884808263764739
 937.000000	11.1004024581031988	152.8816440701162094
 938.000000	6.5579023831894601	119.6914162309459186
 939.000000	8.9796677175949373	73.9284241418075538
 940.000000	9.9113843665999077	62.6076406206811811
 941.000000	9.7841483377708585	56.6593852883573277
 942.000000	10.7808583465289747	104.6904990906314055
 943.000000	6.9443942438333073	42.0615527023848017
 944.000000	8.0210805750026211	96.9364054210520152
 945.000000	8.9053334929914278	112.6952491810686325
 946.000000	9.8545380043914825	37.5456262687668527
 947.000000	10.0188580623642043	95.1088988932183383
 948.000000	12.7161468568535909	123.7557473039055225
 949.000000	8.3677057117975782	121.2108627450734843
 950.000000	9.6921746063744951	81.4309804180094687
 951.000000	8.8064952609453808	116.5885451838049676
 952.000000	8.8514103840424028	97.4841796031149102
 953.000000	11.6732497533610999	156.7292607393897015
 954.000000	9.9735030509001561	92.5396461474457652
 955.000000	7.2229238636134534	50.9000961790469830
 956.000000	8.4674029748585866	131.4930223645788772
 957.000000	7.6191333123893878	143.0896636837485403
 958.000000	9.6504834971585591	19.1521133958751477
 959.000000	8.5215814901589972	145.1897853318199907
 960.000000	12.0196187427165153	78.6092106906767185
 961.000000	8.0642598271896500	108.3898745319373091
 962.000000	8.7511272144914862	124.1575195998078982
 963.000000	6.6817348787108735	83.8056532228527118
 964.000000	7.3810209268060749	133.3026143655644091
 965.000000	10.4382162498488373	141.7716219583228963
 966.000000	8.6269369087246126	90.5630332349178531
 967.000000	8.8603890092803770	27.3503936683838731
 968.000000	13.7228786592633316	64.0669266113497002
 969.000000	8.5682435473014209	110.3110410406317499
 970.000000	9.9947968018344717	146.2760797108966244
 971.000000	12.0414824889246308	155.2369368407524064
 972.000000	8.1248668281507221	27.8828840799060913
 973.000000	7.7134943202635808	10.2147550303504602
 974.000000	14.0613186710474878	146.0960018833757204
 975.000000	6.7357883116173110	75.9061876075915762
 976.000000	10.5938404883036306	62.5254101268014040
 977.000000	14.4834782416120138	69.3110989028381965
 978.000000	11.9942024663277511	105.2477643374715370
 979.000000	11.8762533128714463	160.1466973448469844
 980.000000	14.9914165416095617	95.9203730067725786
 981.000000	11.8417670059492277	137.4958690503673893
 982.000000	7.8361236028577528	85.7132323567613810
 983.000000	7.6881677788404224	102.1416132515228128
 984.000000	8.7936230929554302	117.6764090000489347
 985.000000	10.5261408131979159	27.7060270759003231
 986.000000	9.6447355624341533	156.6747361323339760
 987.000000	10.0783419221534150	23.6071080675794178
 988.000000	8.8599478602100650	76.5475388718681415
 989.000000	9.8920665191133992	83.6557407653572227
 990.000000	7.8471720819721904	100.3410940361392818
 991.000000	7.7659579196349817	126.6099959128660259
 992.000000	8.7998892286425878	158.3481127356668310
 993.000000	9.6549905121746029	107.0615232656111857
 994.000000	15.4935866650219474	67.9240485632553970
 995.000000	15.5364374598476651	45.4589815584463963
 996.000000	11.1986227247505870	97.0506304747446507
 997.000000	9.7283931879383072	56.4667123826444737
 998.000000	9.6740530522350117	142.7363954724064854
 999.000000	8.3299710059029515	141.2018504587325651
 1000.000000	11.7377204800153372	132.2687584565394445
 1001.000000	9.8137314153879256	49.4224752462348818
 1002.000000	7.8805672806224090	104.0581250209647379
 1003.000000	10.9197754174773269	134.8909233275921054
 1004.000000	10.0120763947875133	97.9033786042384548
 1005.000000	12.0695163488749468	18.3138358304580606
 1006.000000	10.2441163039004337	95.9311496081377442
 1007.000000	10.4367232793144140	124.4099596724414596
 1008.000000	14.4679094894942200	30.5210704062024263
 1009.000000	11.5700897297777221	116.9784137359704062
 1010.000000	12.5463932454719842	14.6273929225997676
 1011.000000	11.0772898856811803	118.2705634765186744
 1012.000000	17.1386725305369865	43.4672279928608702
 1013.000000	15.0570373317014568	65.2307667424824871
 1014.000000	11.0769923390837413	84.1472716172278155
 1015.000000	11.0515803221258260	15.0498892500857835
 1016.000000	12.3441340175995009	41.9156052552743290
 1017.000000	10.2636189870345156	36.2815645608583850
 1018.000000	8.6421765586048540	154.0146733942617914
 1019.000000	8.7197059976442457	101.4194125716026207
 1020.000000	10.3287702698071886	66.3217864883488630
 1021.000000	8.6468640991342163	138.2953800025937312
 1022.000000	8.3530741093061778	4.5874119199279733
 1023.000000	11.7434632175003966	124.7159422279450780
 1024.000000	8.8098678820183753	116.0049819722597988
 1025.000000	9.4383712406677063	112.1970527706976952
 1026.000000	15.0464803713035611	44.7857041259607342
 1027.000000	11.2358536854085180	11.2982862977827949
 1028.000000	11.4678430503620739	107.3466718505856790
 1029.000000	8.0338237819900353	138.0381024156264687
 1030.000000	8.1475048368223764	84.4631863694791178
 1031.000000	7.6329691244545010	80.3847917383992723
 1032.000000	8.3558625626797518	44.1500306622670280
 1033.000000	10.0174406694941318	14.5699910563338335
 1034.000000	8.4706321757717813	54.7927965048242953
 1035.000000	11.0615748435457526	56.2310745130623104
 1036.000000	9.9043588631864417	86.5832868441308676
 1037.000000	8.1010758416237980	116.0490700072507337
 1038.000000	8.5666874391921013	97.0329309501239834
 1039.000000	5.7543380750542763	69.1047488153951832
 1040.000000	7.5931086250366500	113.0824592308253784
 1041.000000	4.0908695298927356	65.5446947340714985
 1042.000000	5.7546444858593464	71.2707733396353404
 1043.000000	6.3868445195417118	117.0697224416171309
 1044.000000	6.3662110974011838	137.0764807871185269
 1045.000000	10.0350000952320606	84.1254948894704739
 1046.000000	2.8366641508324095	123.4005033083374911
 1047.000000	6.9940848300071412	102.4894615650955103
 1048.000000	11.7416222816254887	119.5942792503037566
 1049.000000	8.9151453259436426	18.8040719291149685
 1050.000000	12.0401239407047633	149.8688789631216309
 1051.000000	18.5993566289063565	33.8113137596856461
 1052.000000	17.6068674386930546	133.5835858038854269
 1053.000000	16.8641652735328336	49.2111745069316839
 1054.000000	15.9713722496194208	40.6761721363643289
 1055.000000	17.4335101477117327	66.4953698059872806
 1056.000000	16.5316842291873201	136.6450101062809210
 1057.000000	15.2596301955866274	143.5449926382095782
 1058.000000	15.6583599944442078	118.7446022495112743
 1059.000000	16.2740552142563573	163.0537000522890025
 1060.000000	17.0514679641074913	162.0537970097939535
 1061.000000	15.6667300848870141	145.0548873256730928
 1062.000000	15.7591320880397188	19.6998458797599767
 1063.000000	16.6793532798551247	98.9192184163692616
 1064.000000	17.6162073578538809	33.1327587557003937
 1065.000000	16.3378002448238639	166.7727888563152305
 1066.000000	18.1622848070008480	48.2625992879403327
 1067.000000	16.7888455055352779	116.5165684973137132
 1068.000000	16.3815146396101170	128.5802573326845959
 1069.000000	17.4754463807712703	145.3592229519769603
 1070.000000	16.2651942942224963	137.5069296673963208
 1071.000000	17.0004085958091089	108.0888887360629695
 1072.000000	17.7896198977206446	42.7456665093139065
 1073.000000	16.8166409288360335	130.8406261495918841
 1074.000000	17.3949155478294593	80.4838461812239530
 1075.000000	21.0486159754011410	84.5713041194231181
 1076.000000	18.5230366751036861	36.3141646797622570
 1077.000000	17.7213335800385821	62.0023939191382567
 1078.000000	17.5606040737379310	157.8587118434650165
 1079.000000	20.3508624250235464	135.1359211788245887
 1080.000000	17.2890347779236464	151.7699449434418284
 1081.000000	18.2254956955067620	110.3993965508449122
 1082.000000	17.3700989557249592	159.9293639112092080
 1083.000000	16.6883193108416066	92.5638607103481235
 1084.000000	17.5117330669939300	85.2797764613822835
 1085.000000	17.5594695186625422	45.8661084176245595
 1086.000000	17.2145423239180921	74.6494307711767249
 1087.000000	17.3850246707155840	174.0969786147465754
 1088.000000	16.7634200893252974	53.4859422783377596
 1089.000000	18.4681354847246482	135.2993940980547904
 1090.000000	18.3256952838213749	116.2841784377477978
 1091.000000	17.5733377257769341	82.2709325466619248
 1092.000000	17.9155751012701536	143.1006417098683983
 1093.000000	16.2826172721917786	25.6467412503353103
 1094.000000	17.8977654409287474	53.9820237846162172
 1095.000000	4.2062956566647536	136.9381431575048396
 1096.000000	11.9502249296958087	90.9658016979508091
 1097.000000	13.4118943759742528	41.3030602915352176
 1098.000000	12.4017470591887093	150.2082078884145062
 1099.000000	7.7539628745804201	78.9827742252599450
 1100.000000	13.1030411068464865	35.6443404955635117
 1101.000000	13.1204693460019506	58.1664055937232831
 1102.000000	8.6654601663951674	113.4500627896564140
 1103.000000	9.4933403669594263	126.0817385107976349
 1104.000000	9.5966696870687951	76.8353239041848894
 1105.000000	9.1363697539141295	139.4598752841961584
 1106.000000	8.4023908426075575	52.2594590986662553
 1107.000000	13.7230492601795504	23.6726265841607244
 1108.000000	17.3875145816517467	154.8488058564468872
 1109.000000	7.8650227012355289	112.2956414930078921
 1110.000000	9.5295030326822090	139.9739445944640295
 1111.000000	8.0854940032088010	139.6156917952826575
 1112.000000	10.2762728795561138	83.6312349925354681
 1113.000000	10.5750798381032318	98.1320093054278715
 1114.000000	9.1190931633157621	36.2895948979368939
 1115.000000	9.3634369650643485	154.0977981450687935
 1116.000000	6.9962807672955281	126.1211788908932618
 1117.000000	17.5383696139882233	127.1833767605712353
 1118.000000	15.4647723665673578	156.8629881300523436
 1119.000000	17.7776140427618969	113.1123490790462967
 1120.000000	17.7526691834961134	118.6007854871584186
 1121.000000	16.0281252077685537	101.6473124042385905
 1122.000000	18.1361312648473394	70.3999603542489183
 1123.000000	18.0826155374218729	107.4990076475165495
 1124.000000	17.5477363510226958	64.5478406074207669
 1125.000000	16.6196995330885109	122.7637611130482895
 1126.000000	17.5190300042332616	59.5373324701602797
 1127.000000	15.3341019142545889	44.0400534279894771
 1128.000000	16.2907094139976323	83.7513609501947371
 1129.000000	18.2772759126502962	173.4007169886265842
 1130.000000	15.3293341555132603	135.1901984744417291
 1131.000000	16.9697038260448529	48.7077578194909790
 1132.000000	16.3049254379432362	89.1412812552329399
 1133.000000	17.9420219832215793	69.5425988323680428
 1134.000000	14.2129509960516049	151.2981855427802316
 1135.000000	15.6284929802995194	51.1043817342769557
 1136.000000	16.6155320476817643	55.6011385011653232
 1137.000000	18.2699521630263391	162.8470541682825399
 1138.000000	14.9006494468711992	134.1982940372341773
 1139.000000	19.0401950804728308	54.9271464386747823
 1140.000000	17.4149019518577362	165.1528119298802437
 1141.000000	10.6371519444221541	86.0904325802111288
 1142.000000	9.1581183233640306	69.7750586015335870
 1143.000000	12.1390550394478538	82.7543770737501205
 1144.000000	9.3942910901516576	60.4378961682630234
 1145.000000	11.4996409522737792	66.2646868463633609
 1146.000000	9.3512088655648409	66.5812873247085548
 1147.000000	8.3164394343657033	91.0397545614254398
 1148.000000	10.3826918247158790	153.7029746794480047
 1149.000000	12.5107428077186551	47.8855360033333568
 1150.000000	7.7770636750449329	34.1635478852116137
 1151.000000	8.0380437872273873	138.3444330207660187
 1152.000000	15.8055347190887758	93.4730418080854975
 1153.000000	10.9460256925450530	124.8782868003065403
 1154.000000	8.9862428071010783	19.4201781234012003
 1155.000000	10.0848733393219359	47.7005021475002877
 1156.000000	8.4100451490600143	149.8326866803707276
 1157.000000	9.4285323580930473	47.5581118489189976
 1158.000000	8.1205522592447892	93.8397716933706505
 1159.000000	9.9876236755310650	11.5872436601098912
 1160.000000	9.4902000603178340	75.2449854639976792
 1161.000000	11.3531148116816940	50.3978876537029237
 1162.000000	9.8521808406871614	46.9087930393863815
 1163.000000	14.1040896569445930	38.9578250623907820
 1164.000000	15.7326017607535604	132.7666719252242444
 1165.000000	13.5966487779070295	133.5304555344382607
 1166.000000	6.9210821705849472	90.8957916270817492
 1167.000000	7.7664029760240902	115.3044134929220519
 1168.000000	9.7796746363161233	147.1092991485931805
 1169.000000	8.6605961038319332	57.6293070261249056
 1170.000000	8.1785447028564064	142.7711487427256998
 1171.000000	9.0442800143019664	51.2625753726040330
 1172.000000	7.0868600416125762	17.6623282456395714
 1173.000000	8.2286802020815148	127.5087099726426061
 1174.000000	9.0660955706850288	104.3376997958504830
 1175.000000	9.9083265816136787	91.5886072795761379
 1176.000000	12.3874426222843397	50.7413951074176452
 1177.000000	9.8332246972640807	143.9726647734639187
 1178.000000	8.4601618990802425	63.2849820177377183
 1179.000000	9.5016907462307856	112.8783702474356545
 1180.000000	10.2593211956999504	78.3514039396044666
 1181.000000	8.0853205046107117	17.6025220318388449
 1182.000000	8.3012722143780167	30.6795075850714909
 1183.000000	10.0216525144571591	40.7343668133510448
 1184.000000	8.8899795737148448	57.2680607738244163
 1185.000000	8.5194821954481377	62.3493399405139854
 1186.000000	12.7371490410830415	81.4413246678787459
 1187.000000	15.9367831354243670	156.2358107061914154
 1188.000000	16.2810813969599160	157.0100611595333362
 1189.000000	14.8465716049636711	147.7616581595908372
 1190.000000	17.3840835363290793	133.3517019881892622
 1191.000000	16.2279344500916096	153.9877969173140002
 1192.000000	17.2385474668045511	65.2988129502869583
 1193.000000	15.8958748441654567	70.1426409683194692
 1194.000000	16.3543109071547903	55.2816107590037262
 1195.000000	16.7179974468695747	98.2212096091768814
 1196.000000	15.0959084353488695	63.0307451913196246
 1197.000000	15.6440934998241925	54.3434783868381857
 1198.000000	16.3538572278689287	72.0337108086768723
 1199.000000	17.8069208581580440	97.7703090818627913
 1200.000000	16.7056826799850988	156.6100398795720139
 1201.000000	15.9537350321689573	137.9593336781206858
 1202.000000	18.9655180673363333	170.5486548595619922
 1203.000000	17.2475313066758851	20.9841894331498224
 1204.000000	16.9099929303097234	57.8137205018029050
 1205.000000	14.4460540415999770	133.0423496376699859
 1206.000000	18.5901126727298589	81.0424699793694145
 1207.000000	8.6245878113656396	68.8280795071420641
 1208.000000	11.5491886779596484	141.4729866674917673
 1209.000000	11.8394912752928789	92.8520294729460858
 1210.000000	16.5993883748413680	159.9326096618444524
 1211.000000	16.1117198526604675	124.9593199969854709
 1212.000000	16.7960060730277689	91.6266072608040076
 1213.000000	16.5426121117410041	48.4053285737531382
 1214.000000	20.0139841616147294	99.8760591350140743
 1215.000000	17.8028556426788498	61.8920679472976047
 1216.000000	15.5381342816413319	94.3875473669792200
 1217.000000	18.3463893238684435	77.7378999837699638
 1218.000000	16.5819297823870890	53.5822164560278935
 1219.000000	17.1937031794019326	66.4646182307331088
 1220.000000	16.5588799430026405	144.2272526538712611
 1221.000000	16.2307154848020900	156.4974254355261962
 1222.000000	15.7208453675742668	154.2240688713107488
 1223.000000	15.8920779072733165	35.8866586832767211
 1224.000000	15.3117704218747459	71.9945273045497771
 1225.000000	17.1030403523283034	85.0797257399964053
 1226.000000	17.3061891147124136	87.0929644647077907
 1227.000000	16.7464279307572070	160.0321244229223225
 1228.000000	18.4703295786321178	163.1870236366913787
 1229.000000	16.4395217057399563	75.0063710183670622
 1230.000000	20.7011755779889270	129.1164665581493409
 1231.000000	19.2747131374680905	128.0229557512269025
 1232.000000	18.8460541158414721	152.1331051093380609
 1233.000000	16.5768935074547343	136.7517263719590801
 1234.000000	16.1918255389832701	157.1980645211013723
 1235.000000	10.8666081537219075	93.2668087481977750
 1236.000000	17.9307810386658915	106.9109359079784838
 1237.000000	20.6261078170387577	79.1426726402169010
 1238.000000	20.4928744147030315	153.4476869246142314
 1239.000000	19.5125118167875300	129.4567326690825269
 1240.000000	18.1207872088418789	72.2444820380201094
 1241.000000	22.4696612318705462	74.8871895691721363
 1242.000000	20.3181247027618959	59.8455464537380522
 1243.000000	21.1190616304287744	136.3237773666060093
 1244.000000	18.1313543287693122	86.5992859023020429
 1245.000000	18.0791852537327777	145.4152988502817152
 1246.000000	23.9251510516022883	111.1936871940886817
 1247.000000	18.8977158636362006	85.6929259711634757
 1248.000000	19.2622892201774825	125.9496473921222730
 1249.000000	19.5302042046519340	141.5038329432586579
 1250.000000	16.6575161625801549	73.0483317119971360
 1251.000000	20.1960400773690090	60.2790800816479901
 1252.000000	22.2313562072614523	73.7560293583817526
 1253.000000	20.2331581034528192	83.4169114075830151
 1254.000000	21.2384429201147533	87.9004314412428016
 1255.000000	25.4177532034545060	92.2485415064134031
 1256.000000	26.3386983256667797	98.0334037054900165
 1257.000000	20.8619053243054395	21.6521704467972427
 1258.000000	19.3880950805057921	118.1154147820838887
 1259.000000	21.0341791036467392	140.2065242921418360
 1260.000000	18.7362073682270420	86.3357460044935010
 1261.000000	16.7042151879877601	105.5678747829771282
 1262.000000	16.7630854909710365	45.9955607494214291
 1263.000000	16.5290203901162336	148.4296747100596860
 1264.000000	29.1975302955588276	92.1539997355390170
 1265.000000	16.0722089314912004	91.8578216271213961
 1266.000000	18.6281041729172472	74.9371090583232728
 1267.000000	22.6249659475982376	75.1338732923319554
 1268.000000	17.4008858953397656	72.6993028359618876
 1269.000000	15.3220890827017353	55.6322273654228923
 1270.000000	15.5496349948832862	59.8868159165661638
 1271.000000	16.1097051554369912	142.5815914039134213
 1272.000000	17.0502979476643546	144.9983753767683652
 1273.000000	16.0357524320950908	161.8282254045434456
 1274.000000	17.1823384114279420	62.6302354684130194
 1275.000000	15.3251407549551981	55.8224325814093589
 1276.000000	20.8425411016260860	91.5104292075739210
 1277.000000	19.3788075365986963	83.1244753493201216
 1278.000000	19.3181720369888765	54.5073145795697229
 1279.000000	16.0715333391747173	126.9015562448514061
 1280.000000	14.5946607383241638	35.3564261096323378
 1281.000000	16.6035188023612150	73.4940247151680239
 1282.000000	14.7974499901794250	116.4282357971960096
 1283.000000	14.1215359498102870	53.3179134386252400
 1284.000000	16.1552329302246847	94.7318286500721314
 1285.000000	14.2166885966998393	144.6470486589123823
 1286.000000	13.7472902038969291	133.9489854189643268
 1287.000000	17.0707600347938993	87.6893825973399856
 1288.000000	14.2722894128707551	92.9842410845881062
 1289.000000	15.3686356483904518	49.6768740640059434
 1290.000000	15.2722125295202140	131.1602603874745228
 1291.000000	13.1023775956371278	104.9131722673276244
 1292.000000	13.9711371214373354	115.4994446160862793
 1293.000000	16.8849246604706060	42.6188524880348893
 1294.000000	18.8535348567861121	71.5268555371073518
 1295.000000	19.7553392204385432	122.9193940457808338
 1296.000000	18.6220152901882052	78.2943521471855206
 1297.000000	15.3902703313261142	126.4679641105377641
 1298.000000	10.5726842528637928	51.9384903395962283
 1299.000000	12.8440613739920941	132.0794138257657551
 1300.000000	11.5480529078679695	127.6020795563953243
 1301.000000	8.9240524816762736	87.8396732398350650
 1302.000000	9.7994036807514586	155.3791726350636395
 1303.000000	10.0014623826291960	147.9824357203489740
 1304.000000	15.8652721815243360	117.5066589109839867
 1305.000000	18.2972658737673477	112.1531218775458001
 1306.000000	15.5440547633606148	25.0215323292701157
 1307.000000	16.8123583783924282	68.3980933152604109
 1308.000000	17.8244333806447912	46.8648661215946447
 1309.000000	16.9440051495494366	66.5860600807611007
 1310.000000	16.7855896147562262	148.6769237466521076
 1311.000000	18.0905784247940531	95.6579647446884280
 1312.000000	17.6201847869361181	66.5944609602032358
 1313.000000	19.3199928697755361	74.7194447468291258
 1314.000000	19.8090389039597774	112.9591970467111821
 1315.000000	15.4823411103374475	151.3937245205623867
 1316.000000	19.3314355248609822	136.0678672552426463
 1317.000000	19.1774937498643254	165.8542681925707427
 1318.000000	17.3901901926934741	95.7357293948179802
 1319.000000	16.6109059816179681	149.1887917840140858
 1320.000000	18.6666320328938546	142.7609246309808668
 1321.000000	16.4836831384042171	28.9353428533359534
 1322.000000	18.6513226439481521	88.3968486635020696
 1323.000000	17.1258231385784541	66.8244131054277091
 1324.000000	18.6097039312749857	19.9855590200484414
 1325.000000	18.1514048809906363	166.9400923925695679
 1326.000000	18.2429442137724678	50.7889526747060813
 1327.000000	19.2845951398243223	160.8404885823396171
 1328.000000	17.3738343048672306	161.6176034320854455
 1329.000000	18.6305071557636559	146.5546670820811528
 1330.000000	15.5763645216854769	97.7366432883601703
 1331.000000	17.4159176349108122	88.1791471508126250
 1332.000000	16.5028903568258620	140.1481556918322440
 1333.000000	20.1776252005618808	129.6744095452058332
 1334.000000	18.8919337822376150	162.4664351096818677
 1335.000000	19.3215915161765750	98.9262434109048314
 1336.000000	19.1263202976095315	46.0748018942478268
 1337.000000	18.8089342052709796	120.5037118402416922
 1338.000000	14.1966219789355979	83.1284760322035225
 1339.000000	14.2822934097168410	140.3968743341031598
 1340.000000	17.4952141141319686	139.8651616494854864
 1341.000000	18.4692273757632179	92.6160919235107514
 1342.000000	20.2995091473198386	146.8443336220760784
 1343.000000	16.9928173130004225	163.2389287696257725
 1344.000000	17.8770046696841050	159.7870245549045194
 1345.000000	17.0350293280176643	127.3500644980556444
 1346.000000	17.1851268590756483	67.7431606984673209
 1347.000000	17.5507894719650928	126.7999133109515810
 1348.000000	19.8528838483765853	126.8586539548316239
 1349.000000	17.8149177204779043	117.7563349961558288
 1350.000000	19.6839791979606353	139.6186640424674579
 1351.000000	19.5542089860422585	84.1832906584583611
 1352.000000	15.4725419735195207	87.5665435560321299
 1353.000000	15.7777087188993619	66.6113115453223230
 1354.000000	18.3154814610908936	170.5105868165515801
 1355.000000	15.9764516522875066	88.3148924135389137
 1356.000000	17.2382117033827491	153.2358170083398079
 1357.000000	15.4675062980322160	135.7087636650788056
 1358.000000	16.8940906246438516	159.8124593132597795
 1359.000000	16.1916442316557116	53.8629368661940902
 1360.000000	16.8782060471330979	17.7636570430065888
 1361.000000	18.6395833576582639	22.4055089317024283
 1362.000000	17.2671136496286692	35.6653045212572692
 1363.000000	17.4054557128287186	133.7810888514441103
 1364.000000	16.4270253656911187	64.9838612185234012
 1365.000000	18.2841627115924439	164.7251428587791509
 1366.000000	15.8137507091241414	69.0983700240810208
 1367.000000	15.9726729588702980	47.1991681879858902
 1368.000000	10.7278726192421097	162.0369976070720384
 1369.000000	15.5505564601351107	129.6011791046575468
 1370.000000	16.3374084147479977	160.2682487680571057
 1371.000000	16.3319252940934021	86.6934296575367540
 1372.000000	16.3444453545878510	139.0275281444926350
 1373.000000	17.4258391773950194	175.5917345434915546
 1374.000000	15.8590285574734597	132.6474581425627264
 1375.000000	16.0023956819514623	133.1107366164300743
 1376.000000	16.6790566202792157	155.9164433217427472
 1377.000000	19.0641428748649666	83.3595622831825693
 1378.000000	20.7056638413976444	92.7503482782735063
 1379.000000	17.2805487529935604	145.2778947197277546
 1380.000000	16.9739251229386063	57.5591074313543913
 1381.000000	18.7802047030720445	60.5005790506734087
 1382.000000	15.9901238651238984	63.8643355552686813
 1383.000000	16.8598555092381694	36.9069198734526935
 1384.000000	16.4511465564755888	70.3371269216075348
 1385.000000	15.2161141016192847	139.6603955007206537
 1386.000000	15.1247388137949397	59.3834451987033276
 1387.000000	17.8186024373521583	144.5506830998929786
 1388.000000	16.9725394784479171	68.8885629431945148
 1389.000000	18.4153273707399769	82.3277185490015029
 1390.000000	16.3164106412997292	136.3091562777730701
 1391.000000	14.6586037637139981	28.2780881813336009
 1392.000000	17.4942864509218410	70.8908265545872780
 1393.000000	16.2104399023438752	141.6966383953491118
 1394.000000	18.4387561797017483	97.1674742519861923
 1395.000000	18.0849795072127257	15.4937605592064926
 1396.000000	19.1994853656255451	37.6387017695401767
 1397.000000	17.8059312653505728	66.1890752661030604
 1398.000000	19.9160656415216479	147.9439795337254111
 1399.000000	18.2869761483653619	125.0515458941695215
 1400.000000	17.5911000093116279	41.0350301458916249
 1401.000000	18.6588190002598360	103.1054006120609472
 1402.000000	17.0592186225316311	61.2434630554357256
 1403.000000	17.7844024434732049	30.1076595388275337
 1404.000000	19.6989638628405679	142.9074047736292243
 1405.000000	18.1733077098510165	97.8102966885897871
 1406.000000	18.2501886972225584	31.1250746347413383
 1407.000000	19.4190761471154296	105.6929801066812757
 1408.000000	18.0862904334269494	24.4472868975342124
 1409.000000	18.3845400244028809	99.1243574017486111
 1410.000000	18.9819420169419892	151.8384063219311315
 1411.000000	18.6400579904507033	32.7811555612310030
 1412.000000	19.5572320877654420	89.7678088767781475
 1413.000000	17.7928258341089602	136.3457761944041238
 1414.000000	18.2114041052678104	100.1612978469094628
 1415.000000	16.0205735311150370	48.7316032226574123
 1416.000000	18.0804835538175190	49.5538371026829054
 1417.000000	17.4890350780932380	42.1089484377862391
 1418.000000	18.7804220857934148	109.8955930418582199
 1419.000000	16.7877371142746270	82.6352492456193772
 1420.000000	17.0637814075271201	46.4865404319064055
 1421.000000	17.6312726845607237	119.8868708887312664
 1422.000000	18.6711857859538775	56.6345041935286986
 1423.000000	15.7789519924692510	18.5167187181455972
 1424.000000	18.2653235201271080	19.2715231885474054
 1425.000000	17.0253622288017645	115.8699670034431364
 1426.000000	18.0289098832772190	155.1325535830738147
 1427.000000	17.9091771602959398	46.8859315052107206
 1428.000000	15.9543278658958645	135.8971154795596306
 1429.000000	17.4789540610228684	129.6059195574579519
 1430.000000	18.5854091206317200	107.0281391796505943
 1431.000000	18.5533502103958767	143.6433734127013793
 1432.000000	20.3981378708710430	69.4752468153261731
 1433.000000	18.0952992074661836	122.4865551389393374
 1434.000000	18.0759647875661038	171.2964216832003501
 1435.000000	18.0425560320556500	87.6783017798259721
 1436.000000	15.5685556334822550	100.9491395001047493
 1437.000000	16.4902657342444030	133.9787829941495545
 1438.000000	14.2661222619701373	97.4570861332889393
 1439.000000	18.6736387601075648	33.7220826275159027
 1440.000000	21.4374625305539190	158.2457503272821953
 1441.000000	14.2103060127677612	81.4883099281223764
 1442.000000	20.3458751118905532	67.6189455825958845
 1443.000000	14.7286843047722371	73.4492911313978567
 1444.000000	21.5794364113873520	157.9184518353030455
 1445.000000	18.3490228194301501	167.4823123388810018
 1446.000000	18.6580107248513904	138.3007314484860046
 1447.000000	20.2653959305385918	101.4533753243667462
 1448.000000	16.5510048662023870	60.6265715372689584
 1449.000000	17.8682072136310879	138.2809289174081187
 1450.000000	11.2040907684109623	143.4275954854363704
 1451.000000	18.3099463978237651	35.8174227343037899
 1452.000000	18.8365336636340288	63.7911083759528879
 1453.000000	18.0494188193462328	73.0887742080900438
 1454.000000	16.9285730215503101	102.9220625951274570
 1455.000000	14.8273421658711317	130.8175903218453584
 1456.000000	16.6793305142087007	85.1847456902416980
 1457.000000	16.5448332513901555	82.7756475476561064
 1458.000000	16.1849680299746694	73.4405903511247260
 1459.000000	19.3694702289489200	94.4773677702227559
 1460.000000	21.3899160178961303	96.5310149501843853
 1461.000000	23.2770179673908402	79.8969894600383697
 1462.000000	13.5398408829360335	69.5217937294782331
 1463.000000	16.8431907069596107	57.9244599653053740
 1464.000000	16.7102385166053224	136.8094310772862627
 1465.000000	18.2546227420507279	91.4014562902809757
 1466.000000	16.4058484008625740	97.5607951141145264
 1467.000000	17.6233424851659173	33.6101866720272824
 1468.000000	16.4459982883928824	49.8282221511886121
 1469.000000	17.5188701865418004	30.2599134199389823
 1470.000000	10.6158085139090446	62.1651151249957508
 1471.000000	13.5984038291683582	86.6148858358769900
 1472.000000	11.7779592446476258	9.7174098947126595
 1473.000000	14.2305465097553867	90.2056270448002664
 1474.000000	13.7433392896717574	57.9934463782112744
 1475.000000	11.5556538735581551	108.3110853005915999
 1476.000000	21.1788268078951631	124.7836612641491172
 1477.000000	16.9514996873327703	38.6495839573620685
 1478.000000	16.1635573762427249	33.9381144467539286
 1479.000000	18.0586215375616206	123.1737608053036297
 1480.000000	19.6413283856156085	111.0637148538002208
 1481.000000	15.8298565376822555	89.3320562335011488
 1482.000000	20.9542294978395205	119.7878918915140218
 1483.000000	15.8506157842713797	83.7393506903206770
 1484.000000	17.9165729980936064	40.9078172552634385
 1485.000000	17.2071446130759931	72.4428439604513983
 1486.000000	15.7738530506839840	36.9635644693025824
 1487.000000	18.1168378176050275	31.5664819023585608
 1488.000000	17.4582325020782925	75.0727264850043241
 1489.000000	16.2742831330189688	46.1785476866400870
 1490.000000	17.5063908610590389	157.2629901176463818
 1491.000000	16.1279424145682952	139.6325061202451252
 1492.000000	16.7216065977948958	53.6274395618430191
 1493.000000	14.4579256928500488	97.3651791188727742
 1494.000000	15.6403824081531848	149.1514245963313385
 1495.000000	19.8560828153224911	162.7379574642652074
 1496.000000	19.5301432006361431	137.3521179653110948
 1497.000000	17.4681810579205390	53.7810316144191916
 1498.000000	18.6615846705296242	166.1501620343908883
 1499.000000	15.6016615548884090	137.4548024066142489
