 0.000000	10.9804367935692966	137.0062550269011581
 1.000000	11.2363553416757060	144.9276738939326208
 2.000000	12.0968104181621285	151.6236185287909848
 3.000000	10.9829866460337850	153.2334996477555649
 4.000000	9.3492631234957138	142.9697079241200299
 5.000000	11.0385523506932550	149.5671236743070835
 6.000000	10.0057900541182416	153.6893961493898644
 7.000000	10.8874717548784528	154.6313651890174015
 8.000000	10.3293230743642592	173.7891847477576448
 9.000000	10.4675493345298207	157.7114530672612887
 10.000000	12.1129398047657357	156.0355650812413728
 11.000000	11.4701352215900165	150.5545382655379569
 12.000000	11.5081024897827291	134.6874393022692971
 13.000000	11.4114060808541158	141.3163583213824666
 14.000000	11.3425453377540801	151.2932026098353049
 15.000000	11.0657346665100746	140.9899220610369639
 16.000000	11.5364014787214071	160.2357367179597816
 17.000000	11.2188118504851371	143.5802641628554284
 18.000000	10.5861877775043052	152.0547578384942256
 19.000000	10.0162299846276337	155.0663502629543586
 20.000000	10.4242956344817372	152.8738068230656495
 21.000000	10.7129430237151126	138.8670279611891942
 22.000000	11.1930628225017372	160.3208935174051533
 23.000000	11.0122579873539923	159.2724034577767895
 24.000000	11.2288192811005114	142.1380318537892151
 25.000000	10.7225749137077706	147.7706526488563554
 26.000000	11.4598630582148822	153.2219288771896686
 27.000000	11.1395403597444798	151.1162472397225258
 28.000000	11.6440913792796596	157.7083875882855466
 29.000000	10.0235655859410269	149.4902280917402777
 30.000000	11.3921634410609744	150.1331590122888997
 31.000000	11.4486584326825831	176.0413306471625106
 32.000000	9.9473713397003021	156.6854492692901317
 33.000000	11.2222554551733751	162.9755392102118776
 34.000000	11.2441444983689500	169.4325347844830389
 35.000000	10.5420716208567757	157.1624482298005887
 36.000000	11.6573738228670916	153.0913996763147509
 37.000000	11.2001679633765097	151.8501717902303483
 38.000000	10.8948342720614075	155.6620412227494228
 39.000000	11.6576352880900238	150.7972476225884293
 40.000000	11.3210532871506988	156.6582698068166053
 41.000000	10.3117632073270578	133.8453667982773823
 42.000000	10.4446035011011702	158.3061233755790909
 43.000000	10.4856755205539098	168.4211864115672199
 44.000000	10.4485192188027263	151.3682463243826817
 45.000000	11.3471684044222023	158.3282015398847307
 46.000000	11.2295558562271633	149.5674694605417017
 47.000000	11.8664648081871587	157.7007910416450613
 48.000000	12.3240985736947692	174.0390641586659797
 49.000000	10.2688318062785893	147.1178443528188780
 50.000000	10.8096502835134896	173.9696592995618687
 51.000000	11.0441176555448859	140.3992998201518674
 52.000000	9.5090304512941977	156.8003698324618824
 53.000000	10.3841244993947566	173.6742409689720716
 54.000000	10.2200202085492169	141.5455699183295621
 55.000000	9.4281748132669385	138.3448825783909513
 56.000000	11.5168305034093450	134.9855359201622775
 57.000000	11.9241457185588633	162.9828507401521733
 58.000000	10.4131155018972432	146.4616768742260717
 59.000000	11.3722900519219348	153.8864193541045324
 60.000000	12.7709799217382614	160.9334438617142098
 61.000000	11.0994307141739217	165.7612714245344989
 62.000000	13.3412244685219559	156.5575309467711520
 63.000000	11.7383548406522049	133.8726454407924962
 64.000000	11.8051783838237725	168.0008728879471391
 65.000000	11.0092668533149638	155.6406915096080752
 66.000000	12.4063074660601629	159.0406402505951178
 67.000000	9.6128340131954193	149.8189257975472515
 68.000000	11.1677821269841147	134.7706375838991448
 69.000000	10.2284094143366850	139.4436483102794000
 70.000000	11.3914278026534088	168.0385117472022500
 71.000000	10.5998492751168616	145.8185291351804267
 72.000000	11.4684116908581899	164.8569182042315049
 73.000000	9.5501691839042344	126.8002908391371477
 74.000000	9.1792786734260172	69.8559703346117402
 75.000000	11.5326438055356650	145.4464016668046327
 76.000000	12.3617424234513429	163.4831426311851601
 77.000000	10.4624624131447170	128.5740979447762129
 78.000000	10.6463899843466763	148.6592394458121476
 79.000000	7.2062799603993763	55.9771523179493613
 80.000000	11.4663809078865384	153.3446504549946781
 81.000000	10.9770394495021453	141.4462032901281532
 82.000000	12.0793288762705711	142.7382452174286414
 83.000000	11.8351093079287217	170.1930336249898801
 84.000000	11.8265649686865313	151.2561687304528562
 85.000000	10.7225085971487299	163.9833800459912823
 86.000000	10.7183404551531769	150.9764806887996258
 87.000000	11.2130290538229680	147.7121992287524108
 88.000000	12.3065265570981435	132.3752250235203860
 89.000000	9.2023545529452218	89.8236018311246198
 90.000000	13.0144966689169888	152.6441663833841176
 91.000000	11.1866431974584462	147.6951042523919568
 92.000000	11.7769936316402113	145.5851807377528075
 93.000000	10.4203592566546543	157.9272805370202946
 94.000000	9.8396284876929876	140.6670986520293809
 95.000000	11.5651248877939388	129.3045793413655247
 96.000000	11.4061382448262432	154.9901843368634218
 97.000000	11.4244729183561358	144.2024293563361823
 98.000000	11.9773400748096019	154.0602293077880631
 99.000000	10.1470780415412136	148.8760027345198012
 100.000000	11.5259855562818228	142.4120387249501221
 101.000000	9.7865403961019020	140.7960837257913909
 102.000000	9.5390232008418252	143.9982870909473149
 103.000000	12.2365180752605216	154.7574043776551491
 104.000000	12.9983523044663016	160.1366680244067311
 105.000000	12.6962706625240003	165.1744950321630085
 106.000000	12.5071714289592659	127.9741906204208846
 107.000000	10.8235837371363601	162.7160782751500960
 108.000000	10.4271647944198911	150.5780973116887083
 109.000000	12.0891668625834026	143.1796723789676093
 110.000000	10.7187530123047452	147.0999341891436245
 111.000000	9.9876920484624510	147.4070485095286074
 112.000000	11.2739943005985968	141.8934110137167863
 113.000000	10.3739062296274511	163.5186306346075185
 114.000000	11.4949152602110445	153.0252483423232945
 115.000000	11.5568924421201018	148.7389793909598552
 116.000000	12.8886795062489892	159.2167160716218177
 117.000000	11.9368727644998902	150.6779633212760245
 118.000000	12.2163950368457375	132.5726027599989720
 119.000000	12.6054635682484140	157.3122553905432426
 120.000000	10.7496753079371032	146.7391819322735671
 121.000000	9.8371169771331726	95.7768212313257266
 122.000000	12.0483333041817477	139.0993030115217550
 123.000000	12.1456208713007356	156.0951075493537985
 124.000000	11.7703137957797370	142.2837792902351737
 125.000000	9.7339926418041198	149.3940010070560049
 126.000000	11.2076044401949382	122.1755981943698544
 127.000000	8.9440135541486718	103.0775671381134657
 128.000000	8.8033371478167108	70.0577036167064904
 129.000000	10.0518174198201855	90.0398895949453930
 130.000000	10.6681797044541380	96.0664820482679573
 131.000000	8.2132361118570447	81.4000996471764893
 132.000000	10.7129323843599433	128.8641011026563206
 133.000000	10.4583314471058912	139.5030911758027514
 134.000000	11.1896315125405508	158.1757004599224956
 135.000000	11.4548500396973534	156.8343494460699219
 136.000000	11.5578032826008705	146.4066030190130050
 137.000000	11.0004310659092859	132.0482517346376028
 138.000000	12.0999557234857100	156.6623002415686017
 139.000000	11.8025406683671346	175.4885866089557851
 140.000000	11.0291135636151623	127.8819096568952745
 141.000000	11.2660494917165792	165.5635796396813362
 142.000000	9.7004230864570058	82.9509836474600775
 143.000000	10.2277054716743709	134.2191618735529346
 144.000000	9.6207719299250289	147.9833680499622801
 145.000000	12.5081609762900534	139.8933317098503437
 146.000000	12.5440259538094203	154.5724330279927017
 147.000000	9.7835225948901918	127.4376021310178828
 148.000000	11.2017634803324651	142.7365413181302927
 149.000000	10.0657783420941396	136.4869698624464149
 150.000000	11.3550855845294283	147.9164024093621492
 151.000000	10.6344416656880600	146.1941188792588946
 152.000000	12.2249501900342672	169.1774673353702383
 153.000000	11.4415527773368400	145.3937960008332482
 154.000000	11.5453176622338471	147.0634367620485250
 155.000000	9.8551596831181545	157.4396290606278228
 156.000000	11.5492777131679407	151.4201579661409482
 157.000000	11.5902329690955508	150.5033301425998786
 158.000000	10.7181693488600516	151.0349985925573151
 159.000000	11.1267925688157820	161.7372114983209599
 160.000000	9.9567636640124437	160.2502645310353842
 161.000000	11.4098952397777094	145.0543776906392566
 162.000000	8.9496916093122909	142.8565265542262352
 163.000000	8.5970042537129476	55.4528011791770012
 164.000000	10.8262008012511171	142.9467384715528908
 165.000000	10.7855359374215460	149.9564185621059664
 166.000000	11.4965655473021648	142.2822273081914659
 167.000000	11.2354663546197315	157.1221736988579494
 168.000000	11.7548238986729618	157.9290555792563282
 169.000000	10.8182193603334103	144.2256910761078359
 170.000000	10.8265909416802018	151.1148298285687588
 171.000000	11.1794635451503055	145.4196399642609663
 172.000000	9.2659015958306163	70.8906382738536252
 173.000000	11.8369113709192124	145.1319089497173991
 174.000000	11.8081890207157105	172.6512419745541251
 175.000000	11.5063360089590248	145.1167395077280844
 176.000000	12.7564901039445449	145.1804179870430858
 177.000000	10.3902856844373925	140.9900650518496832
 178.000000	10.8625706850077250	155.4690212007487560
 179.000000	8.9161400935257582	121.8992065651352164
 180.000000	11.4371699441848502	143.1897551701458440
 181.000000	12.7200962058880513	148.3904342104911791
 182.000000	11.8548733013761147	156.3736192789504571
 183.000000	11.9772833066411106	167.4255912192174662
 184.000000	11.3884948178783016	170.5675370019265529
 185.000000	10.6875393526710507	142.1181740201824937
 186.000000	10.5590748216757397	122.0675737309629909
 187.000000	10.2425155014888460	139.2751125526739315
 188.000000	12.3605393775521222	145.6262401321040727
 189.000000	10.0186292867650906	146.8174955384139651
 190.000000	11.6705023795302587	158.1756873983016476
 191.000000	9.0780280294166182	143.0484176148537472
 192.000000	8.1652238943472710	78.7095022412047314
 193.000000	10.5887308272612888	131.0485053240111029
 194.000000	9.9967714217466597	149.0177831319693951
 195.000000	9.6544386226269054	133.6768791060544572
 196.000000	10.1573571963251243	74.6465474487667251
 197.000000	8.7006521071265261	93.7795723056502197
 198.000000	12.6467854683780558	142.4219992274622655
 199.000000	12.1498862756183819	162.6590081587044665
 200.000000	10.8393646084959361	137.8291032148558486
 201.000000	9.6632368188647604	102.1895693618276937
 202.000000	10.6273933127331137	134.3207963589987628
 203.000000	10.3566844263887692	145.2712705817182837
 204.000000	10.3049686912092433	157.4073407680075434
 205.000000	12.4065040159738196	151.0704196723227994
 206.000000	10.2269946693348786	83.2244645310146751
 207.000000	11.4603785418428128	74.2069250449867468
 208.000000	13.2721680800230537	116.0108399961710290
 209.000000	9.8668820980703362	96.8849731217297290
 210.000000	8.0592235896190818	72.0074393685503935
 211.000000	8.7618753424771452	80.3729508653576090
 212.000000	10.4017200242062788	89.2125346995500621
 213.000000	9.3123427527758178	66.0971079332409062
 214.000000	10.4499538964509924	147.1688841995672021
 215.000000	9.8752909375627738	166.3981559301071513
 216.000000	11.8433623205405834	157.4750952935641806
 217.000000	12.2150179120692446	176.1119224172626048
 218.000000	10.5495814608698808	162.0613146531795508
 219.000000	5.8934245680959689	153.8367106841258476
 220.000000	4.5354673665325747	167.5477563535069407
 221.000000	9.1550605371079303	162.2044627569603961
 222.000000	10.4387884699542095	162.5168581082347146
 223.000000	8.2104117217379287	153.1006298651040254
 224.000000	7.5681016492994830	138.9167760675973682
 225.000000	10.6823746426988269	90.7845867475532202
 226.000000	10.1020351496650260	53.6130465950237038
 227.000000	10.6634924051570934	54.3702143181411941
 228.000000	10.9163364922861632	66.3998580877465372
 229.000000	10.6508198686458702	64.5556142710964025
 230.000000	10.4844265520289319	65.7473183186301355
 231.000000	10.3227425578835206	86.0922495812184678
 232.000000	9.7373338156669735	55.4884929835940142
 233.000000	13.6485977437682315	166.6710926708537386
 234.000000	12.7345490320459582	153.3901765104300239
 235.000000	11.4587846597682592	151.1148318639012302
 236.000000	14.3978922758422243	125.2911583195581784
 237.000000	11.1190788886627683	151.0616838687002144
 238.000000	12.0129495541754796	139.6509422713077413
 239.000000	12.5170268750867191	150.2032536979959332
 240.000000	12.0953276454505136	152.4439390925062980
 241.000000	10.9130208742907548	139.8869602087011685
 242.000000	11.8224760576788270	160.5806690798629859
 243.000000	11.9224547351751529	156.4988267269125117
 244.000000	8.4021681926511427	113.9477165779264851
 245.000000	7.2684889312563925	79.2537167944071257
 246.000000	10.7338870660562513	110.3017348567499738
 247.000000	13.2687869364788220	162.5406123668493592
 248.000000	13.9472526365146177	161.5258776142729005
 249.000000	11.7083867489802973	85.0273602256361585
 250.000000	12.6358675459295693	142.7902861489918678
 251.000000	14.3135912516149411	155.7693241940419000
 252.000000	13.8648300411181165	141.2963780922481760
 253.000000	14.2478258259622184	136.7119594945364156
 254.000000	14.4853645513626219	167.1073678476169277
 255.000000	13.6526390299437281	168.2626543660738889
 256.000000	14.0949487613089914	155.0984066834062958
 257.000000	13.5657883398761872	161.7783098238627986
 258.000000	14.2485012886286100	146.1207202786009702
 259.000000	11.6322594279041098	131.3698028372759268
 260.000000	10.5965249643400981	66.2768059890388344
 261.000000	11.9366259186040491	55.4008513753096423
 262.000000	3.0851382463476287	133.0402404742735030
 263.000000	8.9254881251044740	125.1172397002337675
 264.000000	9.7815119914909339	124.9219451808541379
 265.000000	13.8118596068959345	131.6824061518304347
 266.000000	9.4726900512137409	124.5445320137673235
 267.000000	11.3424023493110173	149.8685961854546065
 268.000000	13.6420861155703221	141.2106010252369686
 269.000000	14.4927716133081628	144.2040382877886202
 270.000000	14.1555211200788644	151.6707890449381466
 271.000000	14.1174691569936712	165.2338699169879703
 272.000000	7.6556975970009713	157.0212364839450174
 273.000000	8.5823983064322729	134.7874010081204403
 274.000000	11.0082466837835096	151.4099727804816951
 275.000000	8.6283120321828388	125.7800668264119111
 276.000000	10.4388090034021896	145.5152975097516617
 277.000000	12.3202568930717042	140.8105519037083297
 278.000000	12.6697875421977120	145.2255683224912275
 279.000000	11.3286362982067317	149.7524603445003777
 280.000000	12.1111378659434035	128.9517592222507005
 281.000000	12.4326776729781763	150.5429666058845726
 282.000000	12.0813936191601119	144.0156847893826182
 283.000000	10.8776827173008090	146.8056291849176205
 284.000000	12.2764924779706579	148.7939435751427482
 285.000000	11.2472972772945319	137.1499165508094507
 286.000000	12.7599391113675971	138.4428262506424403
 287.000000	12.0467135596919928	136.4667271275789631
 288.000000	12.4076601482185804	141.5845696094221466
 289.000000	11.8324142513395980	129.2999922491867153
 290.000000	12.5691267901745327	162.6448853172665565
 291.000000	12.9045270440110720	140.5354279576361023
 292.000000	12.3246139992822563	143.8675471360358529
 293.000000	12.6554375281204159	150.1264105111325478
 294.000000	12.1191122593608558	142.1017786253526083
 295.000000	11.7011857179219909	151.3120737365557886
 296.000000	12.6386292315664264	152.8345393131976948
 297.000000	12.5930626868216962	140.0171240395084737
 298.000000	11.4249568059300639	144.5741078844254730
 299.000000	10.6817008391155106	126.6135243345785142
 300.000000	12.3622518558193430	152.3127802593294007
 301.000000	12.2636035691892911	145.1387496507251456
 302.000000	12.8667003594102010	131.0547242428897903
 303.000000	12.9489375953703689	133.2131107022603942
 304.000000	11.9100519055502456	143.5038995439623761
 305.000000	12.3298459682222923	147.9116757535439604
 306.000000	12.3150448639914973	138.0237652696948487
 307.000000	12.7621958027450511	146.6683830109961946
 308.000000	8.8681784979977980	82.3528883440605739
 309.000000	12.0037203390923821	128.8525898846713176
 310.000000	12.1540064042990021	151.9084105267004361
 311.000000	12.0155337334316510	161.9001723597791624
 312.000000	12.1038907673869556	143.3972169141476343
 313.000000	12.2883617999341919	149.9238636729426730
 314.000000	11.9188806056014993	142.6807851716545485
 315.000000	11.1307701380818287	90.3526989338364217
 316.000000	12.2518398579687027	146.5142844043697892
 317.000000	12.4203224933559984	147.1643355484098947
 318.000000	10.2500118683669541	83.0651348677932901
 319.000000	10.2107230702370000	94.1787082630213064
 320.000000	11.9287333124406647	148.4547428281017005
 321.000000	11.1939470790613989	146.0353452425909211
 322.000000	10.8300771797539017	135.2536648108697364
 323.000000	12.5613486937668686	131.4141483945792288
 324.000000	12.5380910697577530	142.8695101133264416
 325.000000	12.9707515576235917	150.3320205196895074
 326.000000	12.3708609143264390	124.6443793772949817
 327.000000	11.2214056951038348	137.9297546606148046
 328.000000	11.8093517620476671	140.9814905986661699
 329.000000	12.9191318272481297	140.0084612825463068
 330.000000	10.4112613566498347	141.3411135370939178
 331.000000	11.7422803459237066	142.3742284948012866
 332.000000	11.1717645972020474	145.4182643649253066
 333.000000	9.2647314992865617	145.5210434151961749
 334.000000	11.1593329503516863	149.4528376847191282
 335.000000	11.3484460914417031	148.4415949858680790
 336.000000	11.7592869454232680	135.1738873397877683
 337.000000	12.0003388814035521	146.8640943330984499
 338.000000	12.6187502635980113	152.8561738430544210
 339.000000	11.8635678245980767	149.0337053446065170
 340.000000	12.5443757312071504	153.9874698859021294
 341.000000	13.2168165198148007	131.2857008099242648
 342.000000	12.1843305481213520	136.3605755688077750
 343.000000	13.2997050969845638	146.8376011852798513
 344.000000	12.8398977980327391	144.2054123497321996
 345.000000	11.3999860961659039	140.6750596451839499
 346.000000	11.9539554940754371	153.6132967597207823
 347.000000	12.7349760297035957	129.7694912309557367
 348.000000	11.2027770484768521	129.8977371382146089
 349.000000	12.2045490834563637	145.1775596223419029
 350.000000	13.4111492885085273	147.7690754859646916
 351.000000	11.2731113162191061	158.1692083995856422
 352.000000	11.9038980423364880	148.9628810541979078
 353.000000	10.8125590020917013	154.2101925268276261
 354.000000	11.7138928207525552	139.1394398320788639
 355.000000	12.3313253254942463	174.1971976906909561
 356.000000	11.6294873614356806	130.7043710293704635
 357.000000	11.3841190874486564	141.8129712313807431
 358.000000	11.4761475248560298	139.5482747542921231
 359.000000	12.4621794795889222	138.5449075179074896
 360.000000	12.9214859416877168	137.7672608775843628
 361.000000	10.0284198960372013	155.7388107464367408
 362.000000	13.1157761046202896	152.8308905440756007
 363.000000	12.7010247910150333	133.4703889870515070
 364.000000	13.3149271567246057	155.4262175015340972
 365.000000	11.6492544049367002	140.5828814573661418
 366.000000	10.6007661735525858	139.8732814740848482
 367.000000	12.1862274741031733	132.5157718916078124
 368.000000	11.5895661837764408	157.9584541733157437
 369.000000	11.2878572042854994	127.6714528966156053
 370.000000	12.2891303327394326	130.6454512313487442
 371.000000	12.3923164150083931	148.2562935067739716
 372.000000	12.6120778814236534	136.6235470622626735
 373.000000	12.3604961767382111	146.6427543307228802
 374.000000	10.5875867587072907	152.7456528786922831
 375.000000	12.8216869138245855	123.8656863936921582
 376.000000	12.0980775069328210	140.1588199585480936
 377.000000	12.3737863801306709	144.9300641067251547
 378.000000	13.0732519445573150	143.0298174082167861
 379.000000	12.3529553893835384	144.3889993809348482
 380.000000	12.7618084430558962	146.0096010871511680
 381.000000	11.9599758748603673	136.6938026697863506
 382.000000	11.7429617667501809	148.4738119672508390
 383.000000	12.5835121086194057	133.2506323967359094
 384.000000	11.1164741029898000	86.8975164753264551
 385.000000	9.4052044073283110	95.9172149738515856
 386.000000	10.2217155423353159	87.0695192880945825
 387.000000	12.2701344893810518	133.9962210948015411
 388.000000	12.8437736580785007	147.9838104004928994
 389.000000	12.1815837836540926	144.2345434810024187
 390.000000	11.6576734509452535	92.5391526708964705
 391.000000	11.8235994556026647	148.5754754865109248
 392.000000	11.7377011296797562	143.6062506413299502
 393.000000	11.7885840139952016	131.5707186505263167
 394.000000	11.9046559864156194	145.5571613316736261
 395.000000	11.7441673271307536	148.8127870462062958
 396.000000	12.7792881989101055	140.4794572461083249
 397.000000	12.4982254445838876	126.8678448692227363
 398.000000	11.2039825845416079	132.7714043740824366
 399.000000	7.8938821689827670	135.3463104436531808
 400.000000	11.5198150193218378	135.5692053139328834
 401.000000	10.0063241486035288	155.5054799787432671
 402.000000	10.6374927934890096	160.3765885287554624
 403.000000	10.7894439050941511	164.3129411061884753
 404.000000	11.3125388447486053	149.7208873061616998
 405.000000	11.5803603560657589	160.0219938957299917
 406.000000	11.4365177208142796	84.7959506707056505
 407.000000	12.5676804370353441	168.3377254421580744
 408.000000	10.8452205651858904	147.6758944730399890
 409.000000	11.2713889965008427	162.6616871382962302
 410.000000	8.3735484023371534	165.2538291365508769
 411.000000	12.2383687911135866	150.2797016517908446
 412.000000	11.0828511626137107	147.4858820534997506
 413.000000	10.7099316056301976	168.9272418852986561
 414.000000	11.0020092315997804	147.6577241498635829
 415.000000	9.5710173319844483	149.4013867160526843
 416.000000	6.2821209533061024	122.7557476797857703
 417.000000	9.2854794396931410	125.3637258471458864
 418.000000	7.7835091006196881	120.5170927060934787
 419.000000	6.5778532576848852	143.1789086169981431
 420.000000	11.3349410465731033	165.3080641660690162
 421.000000	11.7839765286086227	142.8479836307285495
 422.000000	9.5389169055536431	138.2825608473279431
 423.000000	12.1973931547945433	146.8289709084370998
 424.000000	8.9901127314886988	161.9405037916416177
 425.000000	11.7916875742536718	151.2602558373557713
 426.000000	11.4791692314355060	166.0325397399504368
 427.000000	11.9937050456381940	136.2916417886424369
 428.000000	12.0693842440368790	143.4013165561723326
 429.000000	12.3997702764768043	114.9596390908201045
 430.000000	13.9788223383618195	157.1902362449719703
 431.000000	12.8908275752136312	172.3987605145569262
 432.000000	10.6829760271646688	164.5418399948750903
 433.000000	13.0038012094246440	168.4964973152621042
 434.000000	13.5837238913435510	162.1586873909477049
 435.000000	12.6149989987897886	171.1098420243209830
 436.000000	12.1570563340565538	149.7249179523909959
 437.000000	11.9943823902670221	166.4491023218990335
 438.000000	11.8585643628030457	144.2548471664346152
 439.000000	13.3117650427470444	159.5559183814320079
 440.000000	13.1348712101213945	158.0284341060399527
 441.000000	12.8760977839465163	171.5732563177702446
 442.000000	12.7191263945554507	168.9948164500403891
 443.000000	12.6317748331546795	165.3811479856819346
 444.000000	13.0377664716490589	160.9049477524855263
 445.000000	12.7853802547279845	156.1006272956499004
 446.000000	13.4551719580955833	145.2954611201074044
 447.000000	12.1503113665096034	162.2172495707351629
 448.000000	11.4375010324526141	112.9162648059582068
 449.000000	13.1712202356054604	150.6567949326161511
 450.000000	12.0554451285473334	139.0939391018398226
 451.000000	11.5493692890026143	139.3137236206041791
 452.000000	11.3951999046977601	167.9916465536178123
 453.000000	10.9678381566258203	145.9200405280875543
 454.000000	10.4377346311536030	172.9074666965188385
 455.000000	9.8533881662812970	151.3528019674781717
 456.000000	12.1484001547410561	152.2642057216846183
 457.000000	11.7409439474321466	152.1151943539155695
 458.000000	8.4482389473399717	75.1793583283776172
 459.000000	11.3861323710770481	166.3243908408128391
 460.000000	10.9255283774736895	99.1507032229576737
 461.000000	11.2225342369263714	89.9151293868680028
 462.000000	12.5231517506855550	142.4413082523765013
 463.000000	12.8372397627587649	147.6747971572069389
 464.000000	12.8778983192290131	155.6902287170097452
 465.000000	12.7972107162037538	154.9624344614047686
 466.000000	12.0605682366185363	145.5432874643119305
 467.000000	13.1976745597892755	143.0091245608752502
 468.000000	11.6039780256155414	126.4570081329935363
 469.000000	12.3914073127670523	154.4112744449168417
 470.000000	12.1943579356485809	137.1538444715487230
 471.000000	12.0523804643001959	147.0319532409926069
 472.000000	10.3162128904247741	135.4354911090482858
 473.000000	11.5657432744832001	100.1310455261228611
 474.000000	11.7439375338499108	123.4569272471104000
 475.000000	12.3847498461038601	152.6762323724362886
 476.000000	12.2861271185952905	142.2854114671912669
 477.000000	12.4634600703749854	141.6022413819345047
 478.000000	12.7618148603780313	147.4502657242175019
 479.000000	12.3320070009677369	135.6191178448580104
 480.000000	11.5883870529839221	137.4827951670470441
 481.000000	11.2893777313582842	158.9078690966777003
 482.000000	10.9537659666202156	141.0744203090598035
 483.000000	12.3241022516103094	147.4783606896378956
 484.000000	13.0378007600549548	134.8632751449977150
 485.000000	11.6590550011367196	160.6797077873345359
 486.000000	12.8586778125230872	148.8954642475627850
 487.000000	12.3496463344554392	143.4623912539653645
 488.000000	11.3052223651405921	147.7052441093072730
 489.000000	11.6314435960276512	136.8492441828264248
 490.000000	12.5098815039290194	143.5684968121578891
 491.000000	13.2228123317062085	146.0667473215541179
 492.000000	11.7682178971324678	139.5333051904844410
 493.000000	12.8212528770135723	153.6725994923801295
 494.000000	13.4181255191153053	140.8153689241578093
 495.000000	12.4971517998747537	146.2051617084912607
 496.000000	12.1140042805781114	149.2789210303232323
 497.000000	12.5413823449792510	136.0208518026124693
 498.000000	11.9736884257953200	162.8320276035916265
 499.000000	11.6984982685337808	136.4682227878594176
 500.000000	11.2935962641218417	147.5294583610265704
 501.000000	12.7096296402301920	143.3863505802704026
 502.000000	11.5682080755800261	138.1457613955820989
 503.000000	9.6148041518231224	139.5181209018115567
 504.000000	12.2045834383647982	156.2918315000868574
 505.000000	12.4572296740355632	137.4389951266229275
 506.000000	11.1447590973658581	147.5643511097072746
 507.000000	12.2002904332701778	129.5912826501547102
 508.000000	12.2676640449541043	140.1108696445536168
 509.000000	12.5611131781391343	143.8856490578983198
 510.000000	10.9694886235754563	131.0201803560566418
 511.000000	12.3095429961351854	149.2364973276744706
 512.000000	10.9638951042492625	156.7106486997324453
 513.000000	11.8907041859681470	138.1707733458639211
 514.000000	12.7201830045620206	149.1503008927251415
 515.000000	12.2443809006197721	139.0622981199933577
 516.000000	14.1963091469713696	159.5488840704491622
 517.000000	13.3002322813746243	167.8313467053954469
 518.000000	13.7900309271822117	165.0679451385678647
 519.000000	14.2866084684421253	169.2657771089247376
 520.000000	13.0124311299249680	172.0266184185564384
 521.000000	14.0494681611393641	159.1440540983896597
 522.000000	13.5750914791780541	143.7677260132158210
 523.000000	11.7054486042363610	149.6325009207957919
 524.000000	14.3658085999557468	149.8748328059246546
 525.000000	13.8914483249540215	134.5014231787398842
 526.000000	13.9110963314068403	146.3245235403800564
 527.000000	14.1499859423817913	156.5347009597925023
 528.000000	14.7477662142832315	146.8903836756208250
 529.000000	12.0354935900949247	139.1534727482719802
 530.000000	12.6509999447246582	143.0534878470963349
 531.000000	11.9002870395233273	141.6239978766595016
 532.000000	12.0000136002124176	152.6177383618196757
 533.000000	10.8850854743205563	93.8999005211847617
 534.000000	10.1485821764070643	93.6517288399417822
 535.000000	10.2491049783552555	86.1176721110124817
 536.000000	13.5421955616431262	120.5664993587764684
 537.000000	11.4952339038921902	127.7751922493357029
 538.000000	12.8065591963861944	168.7901065524663977
 539.000000	13.3324412936984871	158.6560330010616440
 540.000000	12.4971776967690307	139.1351611263459347
 541.000000	12.1980856792969412	134.3090186424270769
 542.000000	12.2211452084002534	148.5440397937039165
 543.000000	8.8973242443881873	90.3576811891496732
 544.000000	9.3519582812902211	73.8520937217388251
 545.000000	9.5087576775735645	101.1443407032782744
 546.000000	12.0206989694611117	128.0336097202967096
 547.000000	12.0958864535624677	141.7759506401202145
 548.000000	12.1243753955532814	112.4834986016944782
 549.000000	12.6910000046947697	84.5909666014592432
 550.000000	12.6027155815775735	100.7112445569363359
 551.000000	13.0050037037218580	95.5851778809296064
 552.000000	12.6496454421194979	96.3576962502610854
 553.000000	11.0858834559098778	103.3318099481326584
 554.000000	12.5673420970543628	99.3693015942303504
 555.000000	11.7192727268449097	96.7639579328958064
 556.000000	10.0980350646838613	106.8214076645325434
 557.000000	10.9543740648718249	90.7367611729005148
 558.000000	12.2310552902835425	94.3852769640241860
 559.000000	9.1346935689461279	114.3849411214001179
 560.000000	11.4571694887701874	94.1962314564105299
 561.000000	10.1954878995129707	76.5398728230264425
 562.000000	11.1474920093012333	116.7195622342592003
 563.000000	12.4562875320152955	102.3087468782534160
 564.000000	12.5124361497544960	107.3264190126709252
 565.000000	12.8852899462134793	97.5048456180416991
 566.000000	10.7264737370844987	97.4248790653612105
 567.000000	12.1160659864467686	98.3138364891563299
 568.000000	13.6545346449957083	99.3702328211657147
 569.000000	11.0919430996926245	105.0030462749017772
 570.000000	11.9365260454967288	88.6111122507948323
 571.000000	12.4931519991626292	95.9505064741956346
 572.000000	11.9012787433716376	96.8057035986726504
 573.000000	12.4639764855396074	91.0183839754146220
 574.000000	12.6309192400407948	106.2457956418499094
 575.000000	12.3980433071886722	112.2928207698470402
 576.000000	11.2746969629575684	107.3093203709602221
 577.000000	11.1275177554159992	77.4738589945520744
 578.000000	12.6326111967451808	145.5628661676369404
 579.000000	12.0782188681063598	159.7330165689075159
 580.000000	10.1966788317881019	74.7059259381433662
 581.000000	9.6046390412421694	85.0067503868763765
 582.000000	8.6673201978825052	115.6077275743677575
 583.000000	10.9826423948335474	132.9415527382926712
 584.000000	12.1834275878495948	136.7170724240353650
 585.000000	11.8449878190084732	128.8352457243487663
 586.000000	11.5514503003256586	143.1361316493194238
 587.000000	10.2852895618081863	139.9215378609279981
 588.000000	12.5859348762842433	136.3250393198259474
 589.000000	12.1830238197451237	139.4335677426774396
 590.000000	11.2106592128438542	139.1549121891478364
 591.000000	11.5830685629577506	139.4812498879637985
 592.000000	11.9370205090873984	139.4297174938448052
 593.000000	11.6782705044816435	137.8467294942600745
 594.000000	11.8018877141758090	135.7152868341293015
 595.000000	12.4640031788117422	128.2346822601423355
 596.000000	12.5175471628144486	137.3941001374136306
 597.000000	11.5911507799266236	143.2234589098747790
 598.000000	11.9202228497107026	131.6388092635632745
 599.000000	11.4936902903315374	145.7162221794876587
 600.000000	12.1815504804688608	121.9411487058811474
 601.000000	10.9880789876721394	142.4536987037594713
 602.000000	11.2369003972988732	153.2485250394636864
 603.000000	11.0547401256278022	132.2524078230465250
 604.000000	12.2560532195057643	148.7859099627244746
 605.000000	12.0029776952773535	143.0216268994589370
 606.000000	12.3324482728842071	135.8025990614244733
 607.000000	9.3750995695932140	86.2777652478925319
 608.000000	9.5708365531316701	80.7938361611427496
 609.000000	10.2984933023536662	96.7145858102209388
 610.000000	11.7059763454040890	155.1796981979157977
 611.000000	11.1839409522351207	106.4930237965380400
 612.000000	10.5819827778967870	123.6118898944534266
 613.000000	9.8543251098978022	140.7371291303990120
 614.000000	12.5075983736801373	144.2913066854784461
 615.000000	12.8169471395250110	168.6651593711298744
 616.000000	11.5755593519625286	155.2895551925033146
 617.000000	11.7738046121066287	142.0428843220934709
 618.000000	13.2489530738408074	153.8177226229027781
 619.000000	12.2901422436872743	154.1599433210450343
 620.000000	11.1615654041160255	152.4069688189568978
 621.000000	11.6943784613513717	175.8023141177403375
 622.000000	11.9215530277600408	147.2291206981048504
 623.000000	12.4663297948306493	169.5404766923550994
 624.000000	10.9442895940971656	161.0234694330410434
 625.000000	12.2162901357382925	149.3650832150081840
 626.000000	12.4908946463364501	146.4446567693136672
 627.000000	10.9490548719869754	118.3171637755557128
 628.000000	12.1962635008855518	141.9690206272299520
 629.000000	12.4319206323239726	157.2192431572982798
 630.000000	10.2443041522750935	143.1819706896263824
 631.000000	8.9593525734620574	72.2926732684212539
 632.000000	12.4310961574067029	157.4649226978055765
 633.000000	11.1852770066135836	167.9741887775029454
 634.000000	11.6893444893467713	141.1137455076661240
 635.000000	12.5958210157321311	179.1372262776926334
 636.000000	11.1780458143044683	138.0497077113644195
 637.000000	12.3424243447437210	141.9734295664841284
 638.000000	12.0432185562693554	154.8491350040991108
 639.000000	11.7323202712853210	161.1596949454429648
 640.000000	10.9192569915148461	133.6265528014723998
 641.000000	12.0833851426380114	130.1123173703448970
 642.000000	12.2492084249477458	150.2489712192707714
 643.000000	11.3487028983066995	154.0860156992422105
 644.000000	10.7957667320752542	164.0605302606479938
 645.000000	9.7138932249509544	155.9262550376259355
 646.000000	10.3746516659305055	131.0269655483513986
 647.000000	11.7076612665979560	162.9056927673272526
 648.000000	9.4164124183815083	158.4834045269587079
 649.000000	10.6286045958729254	164.7736757518000275
 650.000000	11.3085631873959258	155.2241676419984344
 651.000000	9.5233712342758299	141.7465221845826591
 652.000000	11.7584387729205879	154.1942775823088709
 653.000000	11.5189317572486729	147.7028940117691889
 654.000000	11.7090074997283438	143.2950035257594550
 655.000000	11.2971237244898877	171.6803499991688966
 656.000000	12.1965992983495681	158.6509945340142735
 657.000000	10.2077665444111876	122.8133028689074706
 658.000000	11.3264615153534205	153.4523552587419601
 659.000000	8.9407135413985568	82.1534779199978118
 660.000000	10.1532394678416082	146.5333524260943250
 661.000000	10.8170805116953233	151.3040484905629341
 662.000000	11.0615436723907923	136.3407109382351905
 663.000000	11.0366417988607655	138.0297587216070667
 664.000000	10.0598506090923507	140.3650481901471494
 665.000000	11.8076054707287632	175.0141036706144462
 666.000000	12.3836843279790720	157.4247806905053437
 667.000000	11.5696128591747964	139.3502777114003379
 668.000000	11.6908092040710425	152.5533095443306877
 669.000000	10.9766200858192278	141.6055689773049266
 670.000000	11.0151893244839219	145.2566065054316482
 671.000000	11.1122589704641737	147.4755764410656695
 672.000000	11.4078939205190917	168.0461739227347948
 673.000000	12.0001289030758667	159.9970272462854552
 674.000000	10.6726084576965405	173.2770484595381788
 675.000000	11.2153806058487344	147.2201458620977519
 676.000000	11.6931341198523491	151.0003102640186228
 677.000000	12.2342386705981685	162.7697118237986160
 678.000000	13.8873810077065922	156.9799637282118852
 679.000000	12.0713291367119400	163.1940537273152927
 680.000000	10.2233332555471712	151.4921545443494892
 681.000000	11.3115021872581547	156.4177878814050757
 682.000000	12.0757222224586567	160.0529523360249300
 683.000000	11.2991883253661225	146.1890623833650409
 684.000000	12.1770469612730761	140.1066617348572834
 685.000000	12.0870581738113412	167.0207450182355728
 686.000000	12.1368400894238970	169.0140762466293722
 687.000000	11.2121070740432245	147.4976000163681533
 688.000000	10.7946358758871312	132.4568515126990462
 689.000000	12.2483478411304993	163.9325655762892779
 690.000000	12.0190122592569608	158.0832157392520969
 691.000000	12.2410077907993777	157.2053040392470109
 692.000000	10.7062300878077856	165.1198703038570841
 693.000000	12.3171556649720895	151.3988055094895628
 694.000000	11.7599196751418926	156.5247012366461377
 695.000000	10.6756897386217453	165.2287565970055141
 696.000000	11.8857869816871702	172.6666642342409830
 697.000000	11.2313286866478048	133.7905868811402001
 698.000000	11.6942293954050811	159.6568726357205605
 699.000000	11.4724019758066973	153.7320088384866210
 700.000000	10.7107833250764681	143.3922418665796101
 701.000000	11.8445856557232467	155.6317281130664867
 702.000000	11.5669358569051237	145.5300430386145365
 703.000000	12.7481428477506711	160.4719224842173446
 704.000000	11.7525959114479992	148.5624685401911620
 705.000000	12.0105673986569048	176.4946142617990006
 706.000000	11.3238882502324518	154.9840523346317696
 707.000000	12.3000659581586120	169.2868570296560904
 708.000000	11.4648856254192957	161.5746537519205503
 709.000000	11.9335601094843327	155.0001130180797588
 710.000000	11.5480491028757069	162.5627016318828453
 711.000000	11.7189609686216656	162.1429192783918438
 712.000000	11.7788564267898543	172.0469220528713663
 713.000000	11.5927393755778922	150.5825729186511808
 714.000000	10.3576927629554607	139.5978802686632037
 715.000000	11.7162736327160957	149.7024759218455472
 716.000000	9.9702512439737880	149.2819799558354816
 717.000000	11.6244962638451987	173.0760764876224584
 718.000000	11.3643485511090745	162.6860126621213283
 719.000000	10.9344297306348661	153.7517526338296534
 720.000000	11.1292211173305926	148.8783450334726410
 721.000000	11.4013016435962040	172.3740603649995649
 722.000000	11.0720785699400874	151.0145770910129386
 723.000000	11.9730745921770687	151.6741833766891148
 724.000000	11.4722681395040134	139.0329381938721269
 725.000000	11.9155078381222754	164.9161226683378061
 726.000000	10.4496131028542365	160.5126720747154536
 727.000000	11.8948663682754905	172.0583817122122809
 728.000000	10.4201946908744674	163.5863733791278491
 729.000000	10.6869530750086277	145.1446731830609451
 730.000000	11.2003072094730065	156.8590452199014464
 731.000000	11.2217561239074382	163.4564379545733743
 732.000000	11.5177281418071491	154.3559232502784084
 733.000000	11.7132788649997899	166.5345326063240350
 734.000000	10.9650117709861306	147.3049698648742947
 735.000000	11.8644016952745037	142.1035121388331390
 736.000000	11.4021894814590201	143.0848126363857773
 737.000000	10.5063315622794544	145.7851279593591869
 738.000000	10.6921005135062064	145.9885753842871736
 739.000000	10.6999741464883389	147.0067148548060345
 740.000000	10.7209669114556405	161.9801273062061568
 741.000000	10.8331246105924954	147.7008925149183369
 742.000000	11.0978667217496536	174.4804764566473523
 743.000000	11.8221619621878968	173.0502204455930837
 744.000000	10.5178603360657483	158.9529310289345005
 745.000000	11.7066230202634092	158.8779758812957539
 746.000000	10.9539626856211019	166.7505963261383499
 747.000000	11.7183087179490162	150.4261027896718872
 748.000000	9.9604617662285744	151.1042130969054824
 749.000000	11.1262802116910109	162.3886323592082306
 750.000000	11.9437929448385578	151.6076809417227764
 751.000000	10.4983951698603590	135.7380079507285586
 752.000000	11.7360419300084011	140.7517398524445298
 753.000000	11.3065717770633043	136.4540647215282831
 754.000000	11.4750468466609181	159.5778679135203788
 755.000000	10.0897514105068549	148.3252753886622202
 756.000000	11.1777149451571134	162.5514404340595433
 757.000000	9.2660442396609977	140.7970341453569745
 758.000000	9.4436079897529659	155.3679813650499284
 759.000000	11.9699971377755237	147.9593324737890612
 760.000000	11.1510862122907639	160.7094420067501233
 761.000000	10.1901528184377259	150.3692833061124645
 762.000000	10.3358115822041832	148.9163457407928775
 763.000000	11.2318836987770823	164.1992073854490855
 764.000000	12.0896457681493548	151.6738995860064279
 765.000000	11.0441836461583822	163.6134439526038591
 766.000000	11.2268516111512753	149.0993810678643285
 767.000000	11.8963992907154310	162.2040233711280166
 768.000000	11.3092169421831272	143.4011775006395055
 769.000000	10.3523336497739606	144.4337381404502594
 770.000000	10.9665091716682692	165.5347450922040480
 771.000000	10.9759445963901836	151.7437284354818416
 772.000000	11.6902445259020435	162.7137909274466097
 773.000000	11.7195183895227046	150.3604267684919762
 774.000000	10.0995637621241592	138.0041626257100518
 775.000000	10.9249862465114056	148.0868495690817781
 776.000000	10.8053900510849665	152.9022815650546931
 777.000000	10.8760548062238840	138.5563772944009315
 778.000000	10.9075123341256237	140.1928182728982222
 779.000000	11.1058282718994015	167.0382267278866379
 780.000000	11.2405369166333404	163.4897125302847485
 781.000000	10.6199910966592519	153.6126087294593674
 782.000000	11.8651652614335390	171.1991205099002684
 783.000000	10.4261589781932180	167.9117938963211145
 784.000000	12.2308535984304587	160.9570314970351603
 785.000000	11.0500328451566201	155.0412769404427991
 786.000000	10.5436536256186741	159.4167595095672141
 787.000000	11.2446989045485584	132.2776099599262523
 788.000000	11.6987623944379209	148.7362918193186658
 789.000000	11.1182588114804961	168.9366911241457387
 790.000000	8.5998857199324874	119.9772261628836816
 791.000000	10.9581072984957668	141.4387713789952556
 792.000000	11.1059967436016773	148.7954742759304168
 793.000000	11.6253858565706683	167.5296453182920686
 794.000000	11.3438759409611389	170.7673723988147572
 795.000000	12.0410278291113020	150.3530828651098545
 796.000000	11.9526658227319800	157.9666284937333955
 797.000000	9.7141310258941722	162.4274139240857835
 798.000000	10.4045761230225242	148.1918637108038013
 799.000000	10.2700458947829940	165.3977839261379472
 800.000000	9.3188061736401107	165.8256797000333336
 801.000000	5.0454368491116011	149.4073271416889099
 802.000000	8.7453332478859913	174.6512514856296718
 803.000000	8.0873636856991862	168.0895883968287308
 804.000000	10.7359048493970359	157.7058458846163376
 805.000000	9.5078149494660611	134.9832599305438521
 806.000000	10.7694848235270122	138.5835438652926541
 807.000000	8.9563892759059360	161.3242987599238916
 808.000000	11.5495508224607413	172.1672165031329484
 809.000000	9.4074318015525638	126.2221479395910535
 810.000000	11.8475854116165316	149.7105400162915885
 811.000000	11.1726789827572777	150.0871293332559446
 812.000000	10.7412045436340780	151.6061396009833686
 813.000000	10.9743376147233800	166.9609791658314748
 814.000000	9.6981263907600184	140.8674879136056575
 815.000000	9.7736463857348603	146.6587148520525830
 816.000000	10.1609731040856950	151.7657137859497425
 817.000000	11.5364680331237537	139.2869161169469123
 818.000000	12.0962649493748646	156.2459376788056318
 819.000000	10.6143733181306654	135.3925526119246570
 820.000000	12.1220788533942496	164.3640666680566937
 821.000000	11.8147196641545982	148.9465184908594324
 822.000000	11.5324547702179689	147.1770496034294240
 823.000000	11.0843525813779529	144.0722340439737650
 824.000000	12.7000425643522199	165.4467409160951661
 825.000000	11.7780608952674086	153.3405248481392960
 826.000000	11.6333517020034307	158.9990917975639206
 827.000000	12.2416399909552034	161.6958371231012848
 828.000000	12.5993234621289272	149.4736045363709991
 829.000000	13.2556513024512963	142.9657400848741418
 830.000000	11.2293476495391715	167.2494548271032215
 831.000000	11.1369907614022896	177.7262392263165225
 832.000000	9.2969606893132521	142.0953924103079942
 833.000000	10.1820435936000688	141.2611394831543805
 834.000000	11.1123603724701550	152.0353995989381133
 835.000000	10.3696179692129125	151.6730203089905729
 836.000000	8.8963655355052040	65.5288416877343423
 837.000000	3.9799947864188745	62.3588464452123930
 838.000000	8.3371843271862272	66.0789587327883083
 839.000000	5.9536103060679899	64.2983479918787424
 840.000000	3.3385862393639627	23.2850707994201400
 841.000000	3.5921936308779894	131.3227816209775938
 842.000000	3.0344643245471676	126.5542507183454859
 843.000000	10.2728720074073383	169.9209869541125215
 844.000000	10.0090076361172589	118.0952390110821284
 845.000000	11.5938763825516702	140.6288037108986941
 846.000000	9.3589071731732787	143.9806874227797948
 847.000000	7.3569719261739968	60.4824213048009938
 848.000000	10.6318727378913778	151.7521821639469408
 849.000000	8.8244075207163188	74.3485534628857465
 850.000000	7.5993575852114095	82.5125985185039355
 851.000000	9.5874932602051555	152.8130613258691142
 852.000000	9.8839084608930943	166.3278149006511342
 853.000000	9.9426818058644688	163.7744049631738505
 854.000000	10.5543912805812248	153.8346026633489032
 855.000000	10.8915036176624938	167.0509260981891941
 856.000000	9.2992692304341844	113.2172416802581694
 857.000000	10.4573563730882064	161.0200880396575087
 858.000000	10.2907984818168377	169.2309138705319924
 859.000000	10.9047052798753796	162.5296135295171780
 860.000000	10.9589425687088386	132.5907067327883340
 861.000000	11.2030676674959722	155.1557429356344642
 862.000000	9.0623952155593379	79.4953123952069660
 863.000000	9.0384263408782743	85.4940932100672200
 864.000000	9.7218753681377663	93.4289391554201956
 865.000000	5.8400935891561652	66.8012839390257795
 866.000000	10.1877814425300777	133.6769242531815962
 867.000000	9.7581799538671383	152.3973294683797803
 868.000000	10.9134246098668157	161.8270663764318158
 869.000000	10.1159124146522661	151.8492423180883009
 870.000000	5.1918961038418399	137.7175027392626134
 871.000000	10.5481435506681809	128.1719154093474629
 872.000000	10.0709790763179221	137.2452117892699448
 873.000000	6.4545573436877692	78.3032966256769498
 874.000000	8.7508423774118000	74.5863403892196999
 875.000000	9.7803269754915050	150.0806550617640198
 876.000000	11.2384088165937399	144.3487679626333602
 877.000000	10.0213271115320399	149.2059850224267734
 878.000000	10.0519639108289365	137.0481614358041043
 879.000000	10.8324864455820276	163.6234315250833333
 880.000000	10.3484409608081780	143.2518520066461178
 881.000000	10.3562735564762711	151.4689173939038085
 882.000000	5.0466422474796184	56.1087936422224658
 883.000000	7.5721564694005421	61.2144740849102220
 884.000000	8.2941034369025779	78.3348497115356110
 885.000000	8.1669223918901803	78.6575290800242470
 886.000000	7.7274386910696391	74.7448090503700087
 887.000000	6.7078185803929982	68.6843196355715691
 888.000000	6.7839085299139361	57.9758837480579245
 889.000000	6.7046820272386514	60.6255119197832215
 890.000000	8.5454969353614985	78.0994205499192446
 891.000000	8.7699782854209953	69.7999958612861491
 892.000000	5.7792303851339470	55.0815634728585195
 893.000000	6.4358447291549483	50.0463468359670287
 894.000000	6.7382073506083549	42.7532037676856191
 895.000000	7.4409525732961832	70.2381702078588432
 896.000000	7.2705169701607124	67.2992761486631252
 897.000000	8.9897010016280703	68.3851905089477583
 898.000000	6.9489968421106640	74.6455234432672796
 899.000000	7.2640767389304521	82.4171755087556051
 900.000000	6.4890173518471546	78.8779455901060942
 901.000000	8.5186748455697678	80.9843864052650702
 902.000000	6.3130096229465051	44.8442901452739591
 903.000000	7.1288510196611377	70.0111545248332447
 904.000000	6.2787733604389633	82.1648789737693050
 905.000000	8.7394399754529530	168.3595359407165120
 906.000000	10.6068154690727265	160.5194558012161963
 907.000000	9.9266926939166122	102.4229209148326305
 908.000000	10.3437140913312948	148.5248500170263526
 909.000000	10.3542324056282027	140.6317979889351477
 910.000000	9.3367783231890282	154.3194825838194788
 911.000000	11.3757457559244735	156.1017156155990051
 912.000000	10.1871325034127000	135.4712335994516081
 913.000000	9.4586082995444158	156.4835074864925275
 914.000000	9.2409470717100124	147.0582091909624864
 915.000000	9.5779014008196128	141.2275637351148703
 916.000000	10.4650986017535619	147.2128203571526228
 917.000000	9.0144794059042361	64.7152356899106707
 918.000000	10.1714942323746200	126.5465510373565508
 919.000000	9.2927479919370430	120.9371032275023481
 920.000000	8.4301589609629985	68.1574483641851288
 921.000000	9.6034177850152069	161.9254032220679562
 922.000000	10.9194790694765391	145.0141956113008064
 923.000000	9.9587713150363495	135.7717189542300389
 924.000000	10.5036870838835235	149.0301994525091800
 925.000000	10.8624198356344017	143.7880826245244634
 926.000000	10.6263487448270642	161.8762559407296067
 927.000000	8.7701278253467496	142.8774364409052566
 928.000000	11.4141511606028399	140.5211711841413944
 929.000000	11.1893030572261019	135.7990561494519852
 930.000000	10.5200043967753256	157.1076684444326474
 931.000000	10.9110926965573221	149.0091944672589648
 932.000000	9.5392703726957944	153.0467856633482029
 933.000000	8.6659885102898322	144.7300505459626265
 934.000000	8.9397686046337004	153.5816861190873226
 935.000000	5.7761539650156726	147.4257371696578502
 936.000000	12.1087570181653774	160.4672838522388645
 937.000000	8.6940157141287493	149.8940209476031100
 938.000000	9.3168723173282064	146.3120101609912069
 939.000000	13.1247192469756033	163.0902941951103458
 940.000000	12.5658191184972061	155.2961604189914055
 941.000000	12.7184889157822045	156.9524158165992560
 942.000000	10.2349813261599447	157.4128395063874564
 943.000000	10.1057829532473935	158.7368068851148450
 944.000000	9.6529985267294869	100.3739536068969755
 945.000000	12.3809585627043095	143.9257578942270470
 946.000000	12.4949377774116801	154.2107724713279424
 947.000000	11.5320272148634206	175.2104154289349083
 948.000000	11.6675513326962168	150.6608584673635676
 949.000000	11.4544908390303881	162.0138067242756108
 950.000000	11.2384881806506840	148.2289932103950889
 951.000000	9.4058848247700180	148.1914215477051187
 952.000000	12.8056378758869762	151.4365463029230625
 953.000000	11.8042550539451163	171.7174087287045552
 954.000000	12.4100331503341561	135.2976923107445941
 955.000000	12.3002815573685034	154.5691505332421798
 956.000000	10.6018137588062551	107.8772227484208059
 957.000000	11.7796530305445817	126.0534632859098565
 958.000000	11.7268112274390290	143.1404603438989227
 959.000000	12.0284817562104198	141.1578185535679779
 960.000000	12.0546565916663262	156.8757086862120502
 961.000000	11.1340048268147669	141.4773389603477085
 962.000000	11.5744901439729713	145.8781175737412070
 963.000000	11.2618200410201688	149.1794537795238966
 964.000000	11.5058022374893696	153.8106602727492600
 965.000000	9.0398031537951429	38.4363869720138780
 966.000000	8.9622349956933540	89.4847038246789310
 967.000000	10.0753696049383858	52.9815569505653343
 968.000000	10.7568259338292354	50.6273025726814296
 969.000000	10.0577934364593311	63.3266596457756208
 970.000000	11.9930136701595895	78.1817997721937843
 971.000000	8.2934828465289172	38.0734579692566797
 972.000000	10.2263643184564206	107.4398922233454385
 973.000000	11.8172006150348459	106.6253394001491586
 974.000000	11.9856963583242919	107.9804775243946722
 975.000000	10.8122581566239280	108.1634332943618944
 976.000000	11.6938769289123670	103.6772035570577231
 977.000000	11.2351496081407394	100.5133248292036683
 978.000000	10.9042208547049597	61.8571094541982376
 979.000000	10.5491114147699268	51.1426021742488786
 980.000000	10.5744493082649580	70.4274151520296954
 981.000000	10.2932061066477925	67.2643724313316369
 982.000000	11.8863834982458236	96.5487911992791368
 983.000000	11.6524515557865183	105.2579420421848511
 984.000000	12.1001002621730382	102.4743776935129631
 985.000000	9.3019103118111275	55.3147768069850372
 986.000000	10.9593259936418761	77.7339658855683666
 987.000000	11.5321350049334974	45.7775990839277256
 988.000000	12.4404840910750423	102.7518901149757937
 989.000000	9.4361883835955709	27.2458682568688744
 990.000000	9.6380137404317630	90.3442648666138552
 991.000000	12.0586244821920729	77.5889607125704401
 992.000000	11.9416949497559592	82.5679980631851578
 993.000000	12.5150388101198153	79.1595109209957570
 994.000000	11.4957640899046591	57.1846344376401134
 995.000000	11.5553369678760554	79.2728850630664397
 996.000000	11.7843933122295077	64.4250626367528838
 997.000000	10.0205463081014585	68.5623488376911752
 998.000000	12.5473808865651364	109.7974267042743008
 999.000000	12.1849300298441428	59.3831157573838055
 1000.000000	11.7494632751924506	58.3353451936750389
 1001.000000	9.2433587760163114	107.9532722708373740
 1002.000000	11.6739888713588567	97.7612278722315864
 1003.000000	9.5021384669112692	46.4637016545175925
 1004.000000	10.5003796780593941	91.1016319859313199
 1005.000000	10.4425366762571787	41.3119173379241715
 1006.000000	10.0548582821771024	140.7040736259001505
 1007.000000	11.0649903136421468	50.1616643567635379
 1008.000000	12.0706747430142407	44.1784394238419793
 1009.000000	11.7499299814381502	53.0145146675628069
 1010.000000	11.0970528585220496	53.1795566798119381
 1011.000000	10.0922599088370841	55.1038214918624760
 1012.000000	11.2935260248021958	66.7258172196857515
 1013.000000	10.9143682230937760	83.1128981338113988
 1014.000000	10.8948396647152510	93.9922976634953216
 1015.000000	11.5033767531005022	54.9938563248064298
 1016.000000	8.0777186309331537	62.1463647962461891
 1017.000000	9.2510181885109066	136.3749996522710148
 1018.000000	9.7038660870523241	42.7611485434665326
 1019.000000	10.7881896629140783	97.2498923335454180
 1020.000000	7.3613281742533490	105.7098109634218588
 1021.000000	10.3288422460004714	67.2055074914207040
 1022.000000	11.3320088583219647	71.0126236097314489
 1023.000000	11.5422874384262908	104.8894853368557989
 1024.000000	12.1778479171337768	81.8010374058072642
 1025.000000	11.3888658540578174	39.0473483175502167
 1026.000000	11.5719029118834040	42.8466501754549540
 1027.000000	13.2743155336066945	79.3773834608085309
 1028.000000	13.4284910086777955	75.0948935796719326
 1029.000000	11.6067250855828874	87.5332012555029451
 1030.000000	12.0412044052865337	74.0482073939501220
 1031.000000	11.9996683072952877	91.2853433000750840
 1032.000000	11.1372730605797763	82.7431589913165908
 1033.000000	8.4413455703141675	26.7611892048356879
 1034.000000	11.1025610725387001	100.3422539838678205
 1035.000000	11.4638986175981952	57.1865678651497262
 1036.000000	9.7750646937782548	61.6579690244643928
 1037.000000	11.0489311497507714	66.8208524219076310
 1038.000000	9.9795479716528064	46.2730634410290236
 1039.000000	10.2034488835639365	48.4360076331120695
 1040.000000	11.6292272980675335	64.8598532124258043
 1041.000000	10.6407115085155581	47.1864437890733655
 1042.000000	10.7005611736577286	36.1845711210435752
 1043.000000	10.6627052174984431	54.6474117203367911
 1044.000000	10.7395177274964073	64.7016615083280868
 1045.000000	10.1014262185549057	52.7676683240881346
 1046.000000	11.0243753391979453	73.9086724937464652
 1047.000000	11.9794266860776109	62.7933387306943018
 1048.000000	10.2286672221390784	48.0304550854597210
 1049.000000	11.8890301801620879	49.9474652081097759
 1050.000000	10.6735135105553507	59.7955454649988667
 1051.000000	11.9253712305438615	59.9360945948046009
 1052.000000	10.4353045676358374	64.4698129697997331
 1053.000000	10.8871668932307522	51.1979896505588954
 1054.000000	10.7058952273024559	62.4657253460930519
 1055.000000	12.5370166520144455	72.7655390837236808
 1056.000000	9.6515110297821209	137.9224062199628520
 1057.000000	10.6824250399347669	57.3409548929453905
 1058.000000	11.1012621239531484	74.7438641959412422
 1059.000000	12.0699638045026720	80.4037680383633102
 1060.000000	11.1694169449004654	55.9222323963670931
 1061.000000	11.6404956955226950	75.4739349339314174
 1062.000000	11.7708385271836740	52.5758290272781181
 1063.000000	10.8888754646190513	64.9989019374651633
 1064.000000	11.2444400591316711	61.3898864199660181
 1065.000000	10.9219343284124459	46.0228939489968809
 1066.000000	12.3209682119577373	64.1355240525670780
 1067.000000	13.2719690982912439	77.0356226534860298
 1068.000000	9.9602501874128659	57.4468784021280214
 1069.000000	11.8446507832157994	58.1540895699761649
 1070.000000	10.7786875104995250	54.1648330806418130
 1071.000000	11.9695840775353375	48.1660479614741064
 1072.000000	12.2172990210785137	67.2338802544674081
 1073.000000	10.5604065514739016	49.2732572466053966
 1074.000000	11.2889050655832310	66.5731776244175251
 1075.000000	11.8713488999080656	64.9199687592258385
 1076.000000	10.9468653297559548	53.1113447627268584
 1077.000000	12.0336172633689245	110.2445820898069258
 1078.000000	11.7772646372238299	99.1336312001735536
 1079.000000	11.5617332096906580	53.2869252704083607
 1080.000000	10.2273702851276695	85.3339512946317029
 1081.000000	11.5834945625246206	61.7016765721485712
 1082.000000	10.8469702132742629	53.2520188460594426
 1083.000000	10.1026512184430732	64.1222007813032349
 1084.000000	10.3423178208792024	37.0093110950128619
 1085.000000	11.3061511465944751	36.0689525467450665
 1086.000000	9.5959521828166174	75.8945615517794607
 1087.000000	9.7559532884118045	64.6986142068301859
 1088.000000	10.0805249810573017	64.8405599514495776
 1089.000000	9.0994026148425977	59.9841144789208727
 1090.000000	9.9360774354189765	64.4233632058182053
 1091.000000	11.5782561889757538	81.1945445663594541
 1092.000000	10.9662305517486391	74.5757830225264229
 1093.000000	10.7774024760577110	64.4315367991494270
 1094.000000	11.6981290018303277	42.8250926655037176
 1095.000000	10.3680223361423138	76.1509007452113309
 1096.000000	11.3777024259891917	52.6975109232554644
 1097.000000	10.8084187762350314	51.9657564820371078
 1098.000000	11.0897968662144581	68.7317563201049069
 1099.000000	8.4826522827483295	36.7407397246007008
 1100.000000	11.3499035757862945	67.6362488002566948
 1101.000000	11.3148345273115627	87.6532364102881445
 1102.000000	9.7836377844667428	49.2977230334758758
 1103.000000	11.4423080197044555	72.4877331042966517
 1104.000000	10.3987789363226089	44.0981236105712640
 1105.000000	10.8720720582126198	44.6138799817279335
 1106.000000	11.6137993622632134	102.4622455805114924
 1107.000000	12.0375325005121265	51.1818730954386183
 1108.000000	11.0409898395203516	66.5992479376798769
 1109.000000	11.0156354879689218	54.1669080296476295
 1110.000000	12.5336221538562338	68.6846590407703559
 1111.000000	10.9008604846714050	51.5177920234990268
 1112.000000	11.1279608743138017	61.2783023260706727
 1113.000000	11.2051578775745408	47.4777423561176306
 1114.000000	8.4518783205957746	78.5868488029064309
 1115.000000	11.7197604363436056	52.8023910241058445
 1116.000000	9.2926866577213776	50.4654824106001172
 1117.000000	10.6845031573515463	60.5457203102130279
 1118.000000	10.8208145559552271	106.3350148770624486
 1119.000000	12.3299444450962810	61.8368815132946423
 1120.000000	11.8199892102388588	54.4858236633254620
 1121.000000	10.4390199239679475	67.4578017366417271
 1122.000000	12.7119673141350251	102.4946657345494145
 1123.000000	10.6187090135058710	90.1629229674555575
 1124.000000	12.6218237337330450	90.9790825206079745
 1125.000000	12.0513190646960826	72.9716056776681086
 1126.000000	13.7807295888547028	82.9733336864271251
 1127.000000	13.7838538604161407	75.9707074692900051
 1128.000000	13.3613747996138805	47.4624602463603367
 1129.000000	14.2506732685863966	91.6026495824781790
 1130.000000	13.6556471064660414	170.4216511236380427
 1131.000000	12.9863402748134789	148.3649186780012883
 1132.000000	12.9731432301504093	143.6544104946495963
 1133.000000	11.8364200386185630	177.1679319577817466
 1134.000000	11.9958995851308856	156.6466608434487569
 1135.000000	11.2150620627278954	156.6640084034530958
 1136.000000	12.4927114729204156	154.0827728547294271
 1137.000000	11.0207632459991007	112.8122852593342458
 1138.000000	12.1005176434391171	114.9293272278707576
 1139.000000	13.6945303724021077	151.0991331464161931
 1140.000000	12.9339108192187116	143.9282836322701371
 1141.000000	13.6700296829352297	168.2558615878534169
 1142.000000	11.8812553443784754	153.8662069979770308
 1143.000000	12.9627865577794186	172.2514741171499679
 1144.000000	12.5979072496538222	161.7658533752729682
 1145.000000	11.4198380635918717	141.5770819662114945
 1146.000000	13.1549997629672681	162.3357304081415862
 1147.000000	13.6050419265379503	157.9919374737090720
 1148.000000	13.4275228958925776	146.9819482965108079
 1149.000000	13.0323432297090367	154.1206816352975295
 1150.000000	13.2561778439666362	163.0605124040200735
 1151.000000	12.8069757379772433	165.6748805318168536
 1152.000000	11.7599267978157123	133.8519080121908189
 1153.000000	12.5620940017538860	105.1409104846287192
 1154.000000	13.0454938920184933	149.8682488578195660
 1155.000000	13.7642525909535465	151.2722570627140897
 1156.000000	11.9586014773003946	118.0840493599646095
 1157.000000	12.8869420709341416	166.6860039857956508
 1158.000000	11.7357130240924210	91.6703460792852951
 1159.000000	11.9719299281211917	81.3501658745835527
 1160.000000	10.9175314353274509	100.4508796591730828
 1161.000000	11.9194962305188312	79.3684081532022958
 1162.000000	13.3181012034681281	96.7830019935462786
 1163.000000	11.8349398445739933	93.8822559766481248
 1164.000000	11.8211121138428918	38.2269874996322585
 1165.000000	13.3211599538294934	71.3562946490042407
 1166.000000	11.1010060696667257	91.1821637889314758
 1167.000000	10.3696512749794199	51.0857088394575385
 1168.000000	11.9927944194146878	107.6188156213117963
 1169.000000	11.8275066666807405	50.6794135836027806
 1170.000000	11.2583237221063488	35.2148335285683629
 1171.000000	12.1190964863535005	58.1242026435588457
 1172.000000	11.7069597391127527	74.3470484287638840
 1173.000000	12.0149776120584768	86.9049571520097430
 1174.000000	12.3311336314457627	65.1853219604244032
 1175.000000	10.3872487441990877	51.0050757815458553
 1176.000000	11.9766891792787558	83.1753704701156522
 1177.000000	12.1052490296564610	91.8521863500087647
 1178.000000	11.3948960990525059	45.1741047093878194
 1179.000000	11.3891238785847726	103.7090923665792701
 1180.000000	12.8301507750949391	92.2608167329173483
 1181.000000	11.9496771223926679	106.0313021823658204
 1182.000000	12.0931913901042698	54.6466281695989977
 1183.000000	11.6651196580307683	50.6566288744389510
 1184.000000	11.6213139924418858	92.3999025693090346
 1185.000000	7.2862786966421060	100.7762080978842647
 1186.000000	9.9483805383761705	68.8742519052301105
 1187.000000	11.5825747602686970	94.2498726494917349
 1188.000000	10.5066264988934357	89.8657327468147855
 1189.000000	9.6338766244604965	82.3504844005550893
 1190.000000	10.9569415900064850	64.5039973929967516
 1191.000000	12.4593642892859577	85.4818976547485647
 1192.000000	10.9989110346374961	93.3179533656014542
 1193.000000	10.3991886238443421	61.5342695507708015
 1194.000000	11.8584203253270779	86.9701656979573130
 1195.000000	10.8628685732220251	111.4776881611208665
 1196.000000	10.8205511545239705	51.8152830734079259
 1197.000000	11.7738104164042099	100.5607674328886105
 1198.000000	12.2782331077304558	80.6984760502812151
 1199.000000	11.7005173388383970	44.2372288275374501
 1200.000000	11.2869217551003374	91.4657891671725878
 1201.000000	12.1303661819976085	83.3182890844634301
 1202.000000	11.5947436641409762	47.1976028140630319
 1203.000000	9.2397239320507740	87.5668795412221783
 1204.000000	10.8481603196428917	55.0217078959415602
 1205.000000	11.9943131559878768	110.6928636495685652
 1206.000000	12.7189350955896181	155.4437222125964126
 1207.000000	9.7298158400305645	144.3414533258025472
 1208.000000	9.9762682225563921	168.7286195472473196
 1209.000000	11.0450322100951421	128.0124944545638641
 1210.000000	11.1582242227400954	164.3248811630094792
 1211.000000	12.0366177710410032	155.7141442103801126
 1212.000000	11.0019880848464453	163.7317620944741066
 1213.000000	9.8967558176531671	143.3599519643250346
 1214.000000	11.5822593809398100	170.2451944180978387
 1215.000000	10.1061869468729171	157.2214545549647653
 1216.000000	9.9970825406645840	165.9762435180557247
 1217.000000	9.6595651617166141	166.9456227076591972
 1218.000000	9.0577773063984655	161.8980790853140377
 1219.000000	10.6747749665694958	137.8749239029147589
 1220.000000	11.0935144149137859	140.8859925083487781
 1221.000000	11.7022900873920381	150.8765465589851260
 1222.000000	10.8602761855775931	145.5842523090227019
 1223.000000	11.6540467073600684	139.5022283493545956
 1224.000000	9.4241541601705450	172.7485862582002767
 1225.000000	11.1483504420921484	155.9860361910122606
 1226.000000	12.4159945112633103	155.1165533186133416
 1227.000000	9.5467947125747568	165.4157248808825216
 1228.000000	14.2730932705891220	139.3689826583441231
 1229.000000	12.6363580795888808	149.0113749687411371
 1230.000000	12.6693536764955450	94.6777120918306565
 1231.000000	9.7226658515964903	143.0783230257175376
 1232.000000	8.3659510202323375	127.8054838787903122
 1233.000000	10.1738533317656472	137.7051584642418902
 1234.000000	10.3942745475490490	112.9631947586497063
 1235.000000	7.8810815215865579	108.4274292432308044
 1236.000000	11.6331291975473938	158.7649600492043191
 1237.000000	10.8725803641065486	139.9586732096002777
 1238.000000	8.6901239617630157	134.5614867553649390
 1239.000000	6.9740647515363321	38.8485173139980589
 1240.000000	9.4100281284381779	64.6222285423822314
 1241.000000	7.8007637375734626	87.6603510895770484
 1242.000000	9.1746077242083306	128.8914495248222067
 1243.000000	10.5612210906834356	144.3594317527633279
 1244.000000	11.6686434469789049	123.8620277162634693
 1245.000000	11.2935485280222032	121.7414910849831529
 1246.000000	11.8210684727671946	162.5128991838447519
 1247.000000	10.3145649290642378	100.5631559151213139
 1248.000000	7.5661091430051712	78.1496033178340639
 1249.000000	11.8721993857442580	162.7087294185787698
 1250.000000	11.5554034033549105	138.3990187583271450
 1251.000000	11.3160666499978131	141.4567555717048322
 1252.000000	10.0442315382558913	141.6579980255926046
 1253.000000	12.2577801033075566	168.3471634497161631
 1254.000000	10.2412480234540553	138.5711369351458302
 1255.000000	11.9020111714136974	164.2900231343154189
 1256.000000	11.8612807614880573	166.3212241753932688
 1257.000000	12.4407356450070097	163.9889634886426109
 1258.000000	12.4516699183785313	177.4784593406575084
 1259.000000	12.7033340199235880	158.1332054882610407
 1260.000000	12.0495467987863769	171.0104882892711657
 1261.000000	9.4202328911604916	87.9605244521763012
 1262.000000	13.8312328966620353	146.0852905486147506
 1263.000000	14.1307730125783166	161.4640561904731726
 1264.000000	13.3408508937583274	161.4798446144304762
 1265.000000	13.4663718607841094	165.5547559034281448
 1266.000000	13.2915514573683495	161.6084886003255576
 1267.000000	13.1295249133972973	146.4499107173813570
 1268.000000	13.6387704847528450	149.4752318414856802
 1269.000000	14.1614295575164189	167.2884900116602296
 1270.000000	10.7362325579699416	150.8337103675845299
 1271.000000	11.1732652501091199	157.7012463540899319
 1272.000000	10.7963091567422822	138.7075539919423761
 1273.000000	11.0544808396346195	153.4499519581884499
 1274.000000	11.2338138204371951	156.4336201815847005
 1275.000000	12.1456293415310306	166.5826493244372841
 1276.000000	12.6730186462578089	155.3824792255061880
 1277.000000	11.3750355335155131	158.8134184372059110
 1278.000000	10.6844901512114667	146.1930256280502647
 1279.000000	11.6025229196416948	168.2279907951509017
 1280.000000	11.7912167516142024	138.2972120683455444
 1281.000000	11.4295063495735221	145.1719966948055287
 1282.000000	13.3635787562730908	155.9364346558473642
 1283.000000	12.4376668150123564	160.5176166144837282
 1284.000000	10.3032692945255526	149.9850285049256513
 1285.000000	10.9425386174893688	118.3212993688272405
 1286.000000	11.5813576644654166	138.0126758861327971
 1287.000000	11.5368501128363601	112.8684390161712656
 1288.000000	9.4708799973929150	110.9738014659707517
 1289.000000	11.3581618819699717	142.0498035925863860
 1290.000000	10.0842425857428939	133.9783655394116693
 1291.000000	11.4293361286486732	125.4628906380239641
 1292.000000	11.8676241146280983	122.4853429351482816
 1293.000000	11.8214220995727377	123.6726250718957374
 1294.000000	11.3550115654740722	117.3599227476866247
 1295.000000	11.2479111813880017	133.7073527807669961
 1296.000000	12.4034765973970682	117.3209139212389687
 1297.000000	12.0186992449699570	141.1511054249611163
 1298.000000	12.0771724963400136	160.1264449138100758
 1299.000000	11.2314297344959417	122.4994801785605887
 1300.000000	12.8980811293232520	165.0812602295268334
 1301.000000	10.9570798621953589	152.0937352958599149
 1302.000000	10.8913460321948286	160.0456661477347780
 1303.000000	9.6522700127853120	156.3314485293240921
 1304.000000	12.0012065709690177	149.1701192501129185
 1305.000000	9.5127109324630386	134.4915737815340719
 1306.000000	9.8929708095246305	151.1462692120717293
 1307.000000	9.9665797285657867	171.9112987426003372
 1308.000000	12.1984453041995398	161.7974235216759951
 1309.000000	8.8553949569049966	138.2379304462606342
 1310.000000	10.2889000467477114	149.6827606245224445
 1311.000000	10.9539725178865446	158.0905365925479487
 1312.000000	10.2897453430344932	156.7677715930737463
 1313.000000	10.7190970447325942	141.4382230776460005
 1314.000000	12.0220763382617868	170.1710686887271038
 1315.000000	10.4940989485424705	135.1309527275362257
 1316.000000	11.4780021295333441	153.0845818820207569
 1317.000000	9.2508001796202599	142.7610542954878099
 1318.000000	11.9502576500934552	153.3927571354319355
 1319.000000	9.9466201342344291	146.9223835163425633
 1320.000000	11.8486170545190816	171.1288528708522279
 1321.000000	11.2698120653493525	151.8151779187853094
 1322.000000	11.1142641251374759	167.8163531580236736
 1323.000000	10.8937858608456928	159.1409843171226157
 1324.000000	11.0619306534237047	146.4083956020492678
 1325.000000	11.1172351705175050	135.2882092792598598
 1326.000000	11.1352214021982050	147.2109948474084433
 1327.000000	11.3144487006751220	163.2449871356276105
 1328.000000	11.5069329957237976	151.4208117510838747
 1329.000000	10.5304187651849617	123.8441307459474672
 1330.000000	10.9033823610023966	124.2239379182914121
 1331.000000	11.0470898319896325	143.4563712930161046
 1332.000000	11.6373932120816175	154.2292968192557794
 1333.000000	11.2109658158310612	156.8379391359638646
 1334.000000	11.9387178168647097	157.9354465463926545
 1335.000000	11.7272632657830993	157.2854968050461366
 1336.000000	10.6340449910267534	159.8872690752806989
 1337.000000	11.4714166150436512	149.3506229507296155
 1338.000000	10.3377499642687454	143.8465312085651249
 1339.000000	12.4102559204780718	154.5344584269703319
 1340.000000	10.1231600907863317	155.5688908554903094
 1341.000000	12.2880716724199210	161.2584147966530850
 1342.000000	11.2703622775091752	175.8691436429192265
 1343.000000	11.1592904879120756	146.1617940154075939
 1344.000000	10.5859781377330329	153.8994147774978956
 1345.000000	10.8371294728473355	143.8596752005756798
 1346.000000	9.8978511970121570	142.3809786348701323
 1347.000000	10.1705634053828557	139.3094546599921841
 1348.000000	12.0082994761686290	142.5762344012348422
 1349.000000	10.7435195572715045	150.3036727336079252
 1350.000000	11.6431549881273231	141.2988278905424693
 1351.000000	11.7250783661347313	131.3693986731139205
 1352.000000	11.9358988516194326	163.2802721062999467
 1353.000000	9.9042990864625811	149.7000113254734686
 1354.000000	11.5253208356232211	159.1976726359411316
 1355.000000	8.8585783956202384	147.8650578635081558
 1356.000000	11.9260509186110966	139.9773436833952474
 1357.000000	10.8699518676714710	138.7470503511260347
 1358.000000	11.7189680158549923	120.7379999036052993
 1359.000000	10.5003892580699301	104.8911087231078341
 1360.000000	10.3297409630930819	144.8294349686386226
 1361.000000	12.0091407565008623	159.0900483954331435
 1362.000000	11.4871837929076328	156.2885870824671883
 1363.000000	10.6548886562151051	148.3899220701727586
 1364.000000	13.4140921817540608	142.3370146657011901
 1365.000000	11.4910692084836938	134.7214626771560688
 1366.000000	11.6472661725824036	136.1369652568225206
 1367.000000	11.7015566675698697	136.9872103294465262
 1368.000000	12.2395718736518582	143.4398837428551587
 1369.000000	10.7952410753240766	149.0065228172565810
 1370.000000	11.9576838106880015	154.0701958506949154
 1371.000000	10.4946960835208838	148.6998660985704532
 1372.000000	10.0378694385862737	132.4843027151104593
 1373.000000	9.5080270371228437	151.8293449129305941
 1374.000000	11.3383559190639005	157.7439183029202354
 1375.000000	10.7543148602254721	148.4643432219357067
 1376.000000	12.2004812402223628	160.6815685329036683
 1377.000000	12.9059427587551792	172.3570182891340323
 1378.000000	12.7821812839146549	161.0703970045348115
 1379.000000	12.9567905150566887	158.2801886761685921
 1380.000000	13.2991977029361479	177.0799127854248809
 1381.000000	13.4607586560184913	159.9824340891005932
 1382.000000	13.4560456765689871	153.8560880877224122
 1383.000000	13.6172229813536525	160.9716866102659480
 1384.000000	14.4482456243554793	167.1812635602655348
 1385.000000	14.1418733897126447	161.3247054826939291
 1386.000000	13.7879915082306965	172.1984418686106153
 1387.000000	13.9220476462944482	169.0288003184259367
 1388.000000	13.5175360311728276	147.7818660445882983
 1389.000000	12.7903556584508014	158.0596938470358168
 1390.000000	13.9572148936436200	156.6742456839334352
 1391.000000	11.5838796705642118	135.8563126189027344
 1392.000000	11.1299991228915776	141.0403252822543720
 1393.000000	12.4451892918972415	154.4384254946179453
 1394.000000	11.2533981238794532	151.1995296992850797
 1395.000000	10.8478963096493235	161.3065635448938053
 1396.000000	11.9354406887301465	160.3653216012382927
 1397.000000	9.7624706317676448	161.3118025120284642
 1398.000000	10.5532894765558876	161.9770430238312144
 1399.000000	11.0680369871351267	144.5096699472032640
 1400.000000	10.6838652894938164	160.9792849151855307
 1401.000000	9.7454810519712325	145.8118110011593274
 1402.000000	11.1524696988760805	150.9238170984469321
 1403.000000	11.6283180979328353	140.4468552680531275
 1404.000000	11.2539037124996710	176.0286598063263739
 1405.000000	11.1834714331806691	153.0049024260273143
 1406.000000	10.2085343038878911	149.6986931794708084
 1407.000000	11.1390454074883998	161.3565618453417869
 1408.000000	11.4215779395331314	156.8587472647379286
 1409.000000	11.3101879208082696	156.7884459201103482
 1410.000000	10.4736151654374687	157.8071742837584281
 1411.000000	10.1217437940910884	141.0643001641553269
 1412.000000	11.4132757040469954	155.3534725985884393
 1413.000000	11.7855398009894738	163.9265062828736745
 1414.000000	11.6855315330242497	145.9387061629354037
 1415.000000	9.8664210025517889	134.1481737288786178
 1416.000000	10.3078772694992207	144.7869470500814373
 1417.000000	11.5444008315874829	173.1413848835923375
 1418.000000	11.5838270081097594	156.0795352666684437
 1419.000000	10.8175095211577315	141.4010970725739753
 1420.000000	10.4769605216360997	151.5852242052873748
 1421.000000	11.5077733637394211	162.6424432382534917
 1422.000000	10.9081040322850438	176.4083818644615462
 1423.000000	10.1947208843351369	137.8118888951980239
 1424.000000	10.7525186706619458	156.9394666258337736
 1425.000000	10.8781881930511144	136.8409423965798624
 1426.000000	9.5162936214573541	147.8620202176842042
 1427.000000	10.7793437058886283	137.3896587304513730
 1428.000000	12.0224288983200527	156.5596741222012724
 1429.000000	12.0971359943722518	151.9738863273247773
 1430.000000	11.0097893064737953	158.0378048289603612
 1431.000000	11.9284052052678167	148.8069191363630921
 1432.000000	11.4459419553810999	164.3026371824100238
 1433.000000	12.2820514040703301	161.4359176203662685
 1434.000000	10.3835901901551448	138.0263198924369590
 1435.000000	10.7059360616725137	156.3599907191677403
 1436.000000	10.0845846099250931	108.0017970244969945
 1437.000000	10.0125998221535006	130.6567264758653550
 1438.000000	8.4772054185021766	122.3902720471999146
 1439.000000	9.3155503244813076	107.0077014787809162
 1440.000000	11.1784294340028119	169.3293903854527400
 1441.000000	9.7452800298315321	175.1035281168300060
 1442.000000	9.8896770279908814	153.5956950772904293
 1443.000000	8.4228441003458858	160.2915748818196562
 1444.000000	10.8076931029339782	168.6777169430967831
 1445.000000	13.9518511263523735	149.2947604372817523
 1446.000000	13.4301580561752800	152.6266079710324846
 1447.000000	12.7767018137732205	158.0766297560208216
 1448.000000	13.8234651155029535	170.7087807400060910
 1449.000000	12.8963761066165254	175.9449617821716743
 1450.000000	13.5359740501234036	170.7291634419491970
 1451.000000	12.8929262218917096	165.7140144688093528
 1452.000000	12.0288147344307657	161.2439961243330231
 1453.000000	13.7989478207964869	152.0077977441435451
 1454.000000	13.6772272052175232	160.2901956746409269
 1455.000000	13.5900691001553895	164.3662861142133522
 1456.000000	13.3260604599786774	163.9025703888090391
 1457.000000	9.9253578110763776	144.8743689529424330
 1458.000000	10.9525671961872568	155.0273176492457594
 1459.000000	12.4820317148521003	152.7154653879528894
 1460.000000	9.8558331774817507	170.7945486467152989
 1461.000000	8.5943147822824457	136.2559528447596335
 1462.000000	11.4412653813827205	69.5550427075555291
 1463.000000	11.9805680079310122	59.0767842851024056
 1464.000000	11.4009928013942332	52.0434079402817815
 1465.000000	11.6379436317594571	73.5386528899364578
 1466.000000	11.3790720821597038	50.5020885525908909
 1467.000000	10.7159553064452489	46.2646793417914068
 1468.000000	10.6031137712429757	65.2600657858596520
 1469.000000	11.1490833159566485	38.6591945339729932
 1470.000000	9.2727373312625385	74.0979462448103874
 1471.000000	11.3659825527383394	52.6019012876248269
 1472.000000	10.4941759857296049	66.0594048065971862
 1473.000000	12.0412794993572980	59.8363110263195921
 1474.000000	11.6237744202053719	50.2171651505525745
 1475.000000	12.1778417155721463	78.2735697891641138
 1476.000000	11.1328234482942268	35.0748659774681357
 1477.000000	11.0422922160871924	82.9941089321231544
 1478.000000	11.7206211388620698	58.1511269755182241
 1479.000000	11.5799435974338216	83.6702629792499835
 1480.000000	11.3096366522911502	31.8410171824874908
 1481.000000	12.3302388310211857	57.3630975331099506
 1482.000000	10.5512497153337890	37.1943896845697566
 1483.000000	11.0844324246519381	61.1036820002140360
 1484.000000	10.4840987536475172	47.6335211332120707
 1485.000000	9.9002464511821007	67.6439957597176260
 1486.000000	9.8198209297480492	55.6245539317604312
 1487.000000	10.6252451637038021	49.8232636646006881
 1488.000000	10.4232029862363937	43.1781178347941363
 1489.000000	9.8240577380448482	51.5224867711242780
 1490.000000	11.7191840030638446	50.2636361340609596
 1491.000000	10.6154561571124848	90.8873194247220226
 1492.000000	11.0806355058505215	52.3887412814726616
 1493.000000	11.4922453072616033	101.3486055117561335
 1494.000000	12.1787640484451583	87.1328083907776971
 1495.000000	10.4666149661836236	90.4083000371754082
 1496.000000	9.5487312389787515	47.7815738898298434
 1497.000000	12.5861160075380205	108.4010498336017605
 1498.000000	12.4861972941637518	81.5856646830049783
 1499.000000	13.1307691340478847	73.9461715313574786
