 0.000000	9.7719869209887396	153.4872027574019739
 1.000000	10.5155221507312611	146.9641883126065807
 2.000000	8.3721969844271236	107.0001791152496935
 3.000000	10.0001242484141635	142.8994122289032020
 4.000000	9.9745906398331492	142.9624252238453437
 5.000000	10.9427720977280494	130.8734357254612632
 6.000000	10.4137572868543629	142.5671532602749210
 7.000000	10.8361377258643792	147.2432824144667336
 8.000000	9.1415324337318076	155.5967361514628919
 9.000000	10.1330975311533553	143.1385474335588697
 10.000000	11.3697375704410586	153.1893204120404732
 11.000000	10.6951463294985416	134.4864759322865666
 12.000000	8.9479310789008135	130.4668214580381402
 13.000000	11.1267396341331732	137.8100499019917038
 14.000000	9.9558936602224488	93.8533557523642230
 15.000000	6.7669928266495969	66.4077781126959366
 16.000000	8.7321347387026940	86.6774174995332203
 17.000000	9.9609261567102916	132.8330099719503323
 18.000000	10.6711135102362764	146.2058641118106550
 19.000000	9.3082240547770638	156.5899892432238403
 20.000000	10.5722487483251566	136.4136001487518115
 21.000000	8.8564366312170879	129.2605573285648006
 22.000000	10.6901928188549462	146.7846270722677673
 23.000000	11.0760619025379601	154.9745748416899005
 24.000000	8.5397941252826737	145.2287387988522482
 25.000000	10.0062128471369949	121.3100051103046155
 26.000000	10.9340433635646743	146.7367122275512941
 27.000000	9.6855182124267944	145.5709806747834705
 28.000000	9.8818069542063913	149.1612363812114950
 29.000000	8.6937227167574491	103.4592507101862964
 30.000000	8.9059808466313637	98.9839904163595747
 31.000000	7.7507618578668467	92.7527941852936380
 32.000000	11.1272661464222455	154.4216316307489194
 33.000000	9.2501727047754745	148.3796438727829354
 34.000000	11.0249686944838370	155.3433465846665342
 35.000000	10.5688622984733254	156.9163024862980080
 36.000000	8.9523848896272327	129.7041915567547505
 37.000000	11.1890692277897301	147.1794975510776737
 38.000000	10.7829518810179312	164.1102480485626245
 39.000000	11.0223036495593689	145.1429213705960990
 40.000000	11.3018203807601392	153.4733523704977074
 41.000000	11.0726489785097222	150.2295473351371697
 42.000000	9.5624528631155279	142.4352110576474786
 43.000000	11.1356405155206648	163.4519873820334510
 44.000000	11.1217728734160577	157.5323294311776579
 45.000000	10.8958494334761227	143.9299241099834035
 46.000000	11.2514462579165144	168.8320533236753249
 47.000000	10.4798077032491879	136.5191149868067839
 48.000000	10.4400968977175559	159.2817009582122409
 49.000000	10.2838672762217023	141.7269259444069007
 50.000000	10.9473646392152091	151.2899428114679949
 51.000000	10.4671199585512227	166.8019744240245075
 52.000000	9.8236197612346920	124.2812121190201395
 53.000000	6.9053005244767602	103.0296635198950099
 54.000000	10.4909132695108145	126.4122114047603702
 55.000000	8.8389960812464405	98.8771366297523429
 56.000000	8.2820095224143451	137.0277489447358619
 57.000000	7.0852920911390092	97.2770777609448771
 58.000000	8.1601018145712256	107.6956782728963304
 59.000000	7.7952757852190890	78.3248512632594611
 60.000000	8.5425181656252640	91.6279854484848784
 61.000000	8.5758969796950399	103.7446053417714467
 62.000000	7.3238282667538517	126.7691644679138108
 63.000000	9.7920954382347070	144.0641351563054968
 64.000000	7.9169212656634844	141.9086300871269088
 65.000000	8.1431506560887215	152.0360430010541961
 66.000000	5.6874132348568223	113.8524345622496270
 67.000000	6.8472109355720852	153.0084579258507347
 68.000000	5.8859624116947700	157.5616732995420364
 69.000000	6.0980700924156954	144.9364382946239402
 70.000000	7.5137312797888036	174.8033870447826246
 71.000000	5.4147228973418304	140.5362649011372582
 72.000000	7.0191079675165691	102.7987765150289192
 73.000000	6.9062944329631648	122.5011378061080904
 74.000000	8.6592364330760336	150.8660236961186740
 75.000000	7.2864420342532599	131.2166025746787170
 76.000000	5.2027166468318802	87.8672481418184788
 77.000000	4.8974161201959427	136.7456399181685356
 78.000000	6.3617319070285223	122.7594011197087553
 79.000000	3.2434088262037881	129.9712519731617419
 80.000000	5.8880599238026488	165.7054699919618486
 81.000000	3.1137233680544534	124.1244029894725855
 82.000000	4.8106947175456929	93.8957922487279433
 83.000000	4.6754954207078265	100.3581945605925796
 84.000000	7.4675725349204818	130.8626205206074928
 85.000000	6.9214871785033862	139.3556176858685944
 86.000000	7.3719902839157623	143.7254707395931916
 87.000000	6.0741822347675276	143.1692061010699035
 88.000000	7.4286163528173432	125.3017674745588295
 89.000000	5.4687044627881356	149.0147607986677372
 90.000000	6.2161344576477990	94.1914074253222253
 91.000000	11.3137406259426108	135.2428072693557510
 92.000000	11.6290621952969726	137.7352114259358302
 93.000000	7.8098830101409211	115.4475901551341508
 94.000000	6.7157357616570099	140.3691655354729733
 95.000000	7.5443312666550764	124.1253458581659572
 96.000000	5.2844815982157165	144.3502191025684169
 97.000000	5.4415331748791358	137.1996138030208385
 98.000000	7.4709634194131445	102.8273174064373450
 99.000000	7.1731902243539682	137.7786856261589037
 100.000000	5.5880474845435915	129.7213454331194384
 101.000000	7.0981632894039146	137.1864860105367825
 102.000000	6.9055614475752822	122.1509707587511286
 103.000000	6.4271854796452530	123.9434353353486529
 104.000000	9.4028069328636565	121.5076317094492424
 105.000000	8.0050435550194265	105.0807211200801987
 106.000000	7.2099824295835058	125.5464632626283503
 107.000000	7.0107632664508426	125.6692496283212677
 108.000000	7.2909579261944533	128.4369635567662158
 109.000000	6.4335473149294202	140.3101341982017516
 110.000000	6.9416091418496544	133.4072858174498606
 111.000000	7.0776892143192107	154.1758720603326367
 112.000000	7.6173395371743009	126.4467175710946663
 113.000000	6.5126578335778849	141.3722246701389054
 114.000000	5.9425363950701602	129.6660189535274412
 115.000000	10.6634252895115544	113.5320254592796090
 116.000000	10.9815533377432786	113.9405287279713406
 117.000000	10.7299503122009074	110.6131691961833639
 118.000000	11.3622594750919923	122.5760506099911993
 119.000000	10.3590173738291291	114.6839682138269296
 120.000000	6.6607944491081064	124.6338034816530751
 121.000000	7.4791056848283120	165.1114761650294156
 122.000000	4.8673666216630602	120.8238582184754080
 123.000000	6.6251174495155221	107.8673587903818571
 124.000000	6.3752654497785937	137.2314561133862014
 125.000000	7.0882046933826448	99.1124617196289961
 126.000000	6.4735590940858092	107.7989791254834273
 127.000000	5.8541976788828851	131.4932430284335396
 128.000000	7.8523191633698097	63.9326428803212394
 129.000000	7.3695863249933407	120.0291285883702983
 130.000000	7.1019312162615371	136.7789392433521414
 131.000000	7.2871049551601361	97.3431640631229982
 132.000000	6.0908870264144150	68.8798696311215934
 133.000000	7.2823240668101885	79.5672074761356498
 134.000000	7.3705255155797014	98.4038549709677000
 135.000000	7.7724981593594054	110.4448506815069209
 136.000000	7.0697330479378158	117.0697995869642796
 137.000000	6.9818374108692902	49.5190437338448817
 138.000000	8.5313807063526532	124.1255474648917669
 139.000000	7.3304048608348413	135.4292448047497430
 140.000000	7.3983941482773909	105.3806972584719404
 141.000000	5.0252340077650706	13.1331872093749382
 142.000000	5.2472115258665619	34.3786805947057985
 143.000000	7.1782972102435396	56.5241935696500519
 144.000000	7.1468504374252477	100.4893738404732630
 145.000000	8.3739340285187112	111.7458087982194996
 146.000000	4.0283197382570712	56.0755248163420390
 147.000000	4.9818572933847340	40.1979972247014246
 148.000000	6.9304665594655050	113.5078157370311374
 149.000000	6.1284211696639668	135.0345451839658324
 150.000000	5.1613721797002805	87.1607570568971397
 151.000000	5.9042400648284632	19.0579216286140252
 152.000000	8.9356204666157275	75.8183048349077069
 153.000000	6.1616123843410415	33.0234403121230571
 154.000000	6.5667099978947645	122.9808971408485263
 155.000000	7.2105698300469738	52.4997566890701108
 156.000000	8.1345762431159514	125.9833835737856020
 157.000000	7.2021612427436512	121.1705569356403487
 158.000000	7.2575380487179624	101.3526373707530013
 159.000000	8.1036409948340768	109.2698993389956996
 160.000000	6.2600418021623510	38.3563183210202396
 161.000000	3.5156493738778449	22.7070763757969019
 162.000000	6.5423462164067274	40.5650765073787625
 163.000000	8.9492894172071900	105.0719130201722038
 164.000000	6.5199918968490689	70.4838224650475098
 165.000000	8.3674844026387269	109.9780045173299072
 166.000000	7.9838877774778423	67.4371639849417335
 167.000000	4.0280567127146281	43.0866539813344787
 168.000000	5.8646330415380756	44.1164269726220937
 169.000000	6.8831973899340628	116.2398187965558805
 170.000000	7.1325751648799853	117.0525428790719502
 171.000000	7.9789478256125550	111.4856715137296277
 172.000000	8.0266553913856100	106.2035414311703789
 173.000000	7.1372884599551680	30.2883553525665832
 174.000000	8.4437663591437975	126.0843208772794384
 175.000000	6.0860997521650937	48.6774180094323583
 176.000000	8.2431076225668729	139.2316314429961324
 177.000000	3.9269823564927804	116.7558548713830220
 178.000000	3.2938672283329322	7.6376296154300007
 179.000000	3.5627474265337513	8.0419197364936110
 180.000000	5.5829437964069619	56.2797770439697871
 181.000000	6.4585846238428095	108.5409537531492674
 182.000000	5.1300178896577693	14.9997416294323216
 183.000000	8.3596666774163211	109.7763655464022037
 184.000000	5.8968169750074582	23.1272513321484610
 185.000000	7.4214352881404313	114.0067193658825175
 186.000000	7.5770882413797978	114.6429325877169987
 187.000000	5.7106781007203544	34.9934950935002007
 188.000000	7.4577718427439939	142.9336137845176324
 189.000000	7.1197782788619790	85.6582725540186800
 190.000000	7.2240514478144053	134.6849687755793639
 191.000000	7.5073454901892536	104.7669628822805237
 192.000000	7.7757534254345657	110.0437807445477318
 193.000000	7.4656057979214943	107.9024566044604398
 194.000000	6.1644324663571037	23.4894404378381125
 195.000000	4.5068070857954901	98.7170939759854349
 196.000000	5.9812559038521016	81.7140543595200199
 197.000000	4.4885539791800664	99.3459539776288381
 198.000000	7.2330642897235808	87.7131644949977414
 199.000000	5.3594505242669799	66.8582853371569286
 200.000000	7.4492091709795227	110.7586021802455889
 201.000000	7.8963804715050268	114.6245796116603373
 202.000000	7.1214934250978850	119.4556585506241788
 203.000000	7.1385753697714405	89.0537480921999816
 204.000000	7.0267389138960477	117.5000702303142219
 205.000000	6.0042992905417387	51.7251506241915138
 206.000000	11.2033383750614739	84.8853371434114337
 207.000000	10.8005571249317232	110.3885546402772633
 208.000000	9.9164897789884048	57.6495282743934894
 209.000000	9.6600927590415768	65.6483729361504658
 210.000000	3.1898725395341390	12.1683984886265080
 211.000000	4.7817674150620215	71.3407230399692338
 212.000000	6.6526210167797561	143.1069208012812624
 213.000000	7.1935774590305810	50.8093620830565271
 214.000000	5.0455705292850537	18.1493059156889842
 215.000000	6.4405286262421217	56.8873513529203336
 216.000000	5.4418279588124809	46.7210355823722523
 217.000000	7.6339281984790368	136.9921621765078044
 218.000000	8.7675573767460300	149.9162511082882645
 219.000000	8.8555598358216230	92.9099847931348108
 220.000000	7.4900433881753647	73.1996282626647172
 221.000000	9.1275015655086893	95.4125716378325563
 222.000000	8.3682334184598712	122.9062549720183313
 223.000000	6.2670642440742759	106.1205462083768651
 224.000000	7.4674134445765139	115.6640584999138071
 225.000000	7.7913757769836725	140.3259695226775534
 226.000000	10.7692833290469299	81.6669703471661279
 227.000000	10.9245407621657424	84.6189327205454305
 228.000000	12.0524748146942731	122.1410582549826529
 229.000000	12.1457684217363191	121.6088244215479932
 230.000000	10.0561603874312198	137.2220230920588619
 231.000000	9.4773011645570229	152.0431409162668785
 232.000000	9.9940364456700159	69.9343278989092738
 233.000000	11.5927802863200764	105.1096709188151266
 234.000000	10.1523604480861724	50.2371838578161203
 235.000000	10.3418367958164072	121.9037037052779766
 236.000000	9.9570018547453163	18.7652542085802736
 237.000000	7.9996312125841680	137.1360758432291505
 238.000000	6.9697444881729922	145.7780101027026660
 239.000000	11.2893166739433468	89.9078647306255760
 240.000000	9.8158395100817124	28.8864734657952056
 241.000000	9.1265852483259842	27.5606193787787959
 242.000000	9.6131951946013583	83.8663245647413049
 243.000000	9.1751343169006212	35.9526889997485455
 244.000000	9.8773185239507910	63.5677951912450965
 245.000000	9.5724907796554728	62.3831261904913390
 246.000000	9.2651070902608872	28.0548323325774049
 247.000000	6.0792572965719369	153.0908006151776135
 248.000000	7.3244779107436591	61.7549332128797062
 249.000000	10.1604622392666943	155.6938872488591130
 250.000000	12.0773910033106677	96.8634237563300502
 251.000000	11.8098073405740234	97.9190750236031704
 252.000000	11.8333743814050774	90.6444976738322055
 253.000000	11.8596624191645503	99.7981452164247003
 254.000000	11.3852877592778228	109.1982708821282699
 255.000000	11.2962191109265593	102.5242226507997714
 256.000000	11.8594772818111398	108.8027156353787888
 257.000000	11.7151473185324431	133.7582039258984423
 258.000000	11.4715638243353553	102.7556824235379906
 259.000000	11.6615018184060624	119.1405839456324713
 260.000000	10.5346444755951971	105.6664994005079734
 261.000000	9.1349407935704292	43.5574091926486062
 262.000000	9.2829552605012555	136.1258301637539034
 263.000000	7.9179081097525961	158.1082955733589586
 264.000000	8.6167433711756338	98.2484199192590921
 265.000000	9.5365366472611779	157.6383246187498344
 266.000000	7.2988334358255491	134.0614885570709021
 267.000000	9.4124215325069791	96.5383974020780187
 268.000000	10.4512409251937584	82.9645016043069035
 269.000000	9.9450989404541534	76.4672235377844771
 270.000000	10.3610347169777484	62.3125611492312856
 271.000000	10.3405663214637702	13.3996384399514170
 272.000000	6.9814601388647679	60.8181376404922673
 273.000000	8.4505561808134235	74.4941996196932195
 274.000000	5.4867160784718871	86.9696380462294627
 275.000000	9.3282520724829876	93.0159211385390847
 276.000000	7.0387683687864557	98.8375842526981927
 277.000000	7.8950696246658376	101.8468851683128094
 278.000000	9.8259504150485490	103.8215643038148670
 279.000000	8.5764533455116521	116.6738296491520259
 280.000000	10.5130494455479457	107.3119265468810966
 281.000000	9.6949691681426753	32.5877757154904941
 282.000000	9.4425980366941484	26.7699907159691577
 283.000000	6.5200152835427785	88.2201077835790102
 284.000000	7.7525630751534704	167.1899230263109928
 285.000000	8.2205633128333258	142.3195209583232668
 286.000000	10.6752490437802958	76.5364278219596486
 287.000000	9.9167723121465414	46.7744531845337406
 288.000000	8.8282990875887606	24.3223677252760524
 289.000000	9.2646244227538830	31.3571029564667754
 290.000000	8.7589980782363117	16.0656718496551321
 291.000000	9.7485682570304046	42.3760270580170300
 292.000000	10.7925694660021119	90.1023805527651689
 293.000000	9.2662633555708549	38.0948526916250785
 294.000000	9.8556101085484737	85.4243002075404405
 295.000000	9.6203631482393668	96.9696144730264535
 296.000000	10.0614296349618932	90.9632863357286539
 297.000000	10.5439348154368453	92.5134171464511894
 298.000000	8.6792898421388838	45.7158970188745855
 299.000000	9.0564116714114462	47.9333827682966387
 300.000000	9.4693427621734614	46.6783107753783497
 301.000000	9.9863573894898110	89.3898621067363024
 302.000000	9.7989530620199812	47.1829959415175040
 303.000000	9.5891409330463784	33.4040835028096978
 304.000000	9.4266795272651471	39.1965906638566537
 305.000000	9.0734185856603133	34.1205272611989869
 306.000000	9.6408680831432410	39.1663971939557882
 307.000000	9.1720701421872235	28.6109029064141112
 308.000000	9.3294999663478180	110.9647306165829121
 309.000000	10.0481982612546403	85.1956250466657821
 310.000000	9.8709596861610081	48.3286523200086151
 311.000000	10.2828775044589076	85.4385497129553215
 312.000000	9.4474229306681377	75.5562370867882862
 313.000000	10.4672841472037135	72.5668879704984704
 314.000000	9.3188701167193866	25.7478164765875874
 315.000000	8.5478066166443654	94.0413020043323655
 316.000000	9.4558517410296155	66.5796116536802458
 317.000000	9.6834698337736960	40.6117932803901169
 318.000000	9.7944150913310253	55.6785444615998983
 319.000000	8.8247607395334260	26.7785850723774388
 320.000000	9.1994182496125667	38.7198411856348912
 321.000000	10.2290037441425223	40.0659744223097505
 322.000000	9.1456398702492265	37.3412611269825732
 323.000000	8.9063753101132654	48.5597974154921985
 324.000000	9.6005310065344034	46.2408425875131854
 325.000000	9.1981923470394804	24.0013353326248478
 326.000000	9.0714676130886680	38.6908822117147508
 327.000000	9.4950206351458704	32.7662026228490220
 328.000000	9.4509156579051741	43.5959560950800835
 329.000000	9.6440398033744064	35.5405192007471555
 330.000000	8.4355670979258974	117.6629081324179538
 331.000000	8.9348690781355007	111.8901218866517411
 332.000000	8.5989471933947446	133.7954264252500707
 333.000000	8.0246290619516092	92.5056770063956861
 334.000000	10.3831936396272297	81.5957894190032675
 335.000000	9.2307372215531132	50.9617384939072338
 336.000000	8.5311856158565007	32.0119904735189493
 337.000000	9.2714816098673527	34.5527106945806111
 338.000000	9.7947189449967524	45.0880423953737193
 339.000000	8.9333433759366354	31.5980533387378273
 340.000000	8.8009075480604970	29.2831714347031493
 341.000000	8.6686935553183417	37.9825932754026212
 342.000000	9.1923970018289118	45.3247134026081255
 343.000000	10.2242771833949817	73.2122720429246101
 344.000000	10.5851881543447348	92.6036655477778652
 345.000000	9.3596677788301648	47.3370161709596005
 346.000000	9.2729405483274672	22.4909039918182145
 347.000000	9.9810760135218466	28.3989502001356300
 348.000000	8.7145480423779702	59.7026031772788883
 349.000000	10.7147605787957492	81.5337480126624712
 350.000000	10.1120685900539033	39.7860550642202497
 351.000000	8.6856086922497404	25.2432622611230215
 352.000000	10.3009836957417935	63.9741953036090649
 353.000000	9.8497730816354743	104.9237598181393594
 354.000000	9.0654576991300218	39.1588590422251741
 355.000000	8.7742932934914926	42.4695072507082045
 356.000000	9.5047274066124050	46.7429202463588354
 357.000000	8.8553422411866602	25.1525792947979880
 358.000000	9.6843672799310916	48.3882451523557791
 359.000000	10.4702070646536907	58.3968742338485640
 360.000000	8.9490228344663549	55.9778501920623484
 361.000000	8.4843869271904904	29.6793837362617978
 362.000000	9.2112750156461836	46.0503796319680418
 363.000000	10.3028423876463791	46.8153187983939461
 364.000000	10.1631367878115917	118.8118396147029898
 365.000000	6.4244493867152119	173.1253584248236450
 366.000000	7.1403513241587966	135.8942055880946214
 367.000000	9.7847407034017131	135.0855754228749674
 368.000000	7.6610213673847518	82.2560703096153389
 369.000000	7.5966515074507193	135.6539850128752676
 370.000000	9.6209296167281870	31.8722102956472213
 371.000000	10.1968732676327178	52.0444047680271638
 372.000000	9.7993247818573064	43.2392390412059910
 373.000000	10.0393641771820423	108.6983157947016423
 374.000000	9.5683304115464907	41.9152884867643820
 375.000000	9.6943082604021455	62.4376059145360927
 376.000000	9.4369353809246643	31.2642219683773703
 377.000000	10.1485970743916258	61.2016994246136505
 378.000000	9.8784902358471633	32.2983386356104631
 379.000000	9.1442559200364961	40.6174383504416596
 380.000000	8.7372598940459874	30.0903825264273337
 381.000000	10.6534714433063886	100.2887721282428117
 382.000000	9.4567673320040342	39.1746592496795074
 383.000000	9.4635515180993863	41.3793757443164623
 384.000000	9.6552230400333752	48.7389933344936139
 385.000000	9.0841172275748487	29.3247887165329644
 386.000000	10.4657307164427102	77.0548139167888593
 387.000000	9.7158091635111479	54.6604314447635602
 388.000000	9.5804989398314166	38.4040185090396449
 389.000000	9.7762303089829157	73.6810166124625283
 390.000000	7.4569637783013780	137.3443466939958171
 391.000000	6.8950795317443765	155.5347829025995168
 392.000000	6.2081664698550725	154.9592553981568983
 393.000000	7.1982528978941964	150.6046167041994295
 394.000000	6.8184858530810661	120.5330822498705174
 395.000000	9.8480050551255420	36.4264689039139853
 396.000000	8.9897018405036349	33.4117267209400950
 397.000000	9.3914169502715428	20.2128933101583073
 398.000000	8.4568700736374094	55.6620304744565004
 399.000000	11.2130324088090596	75.2574912539681549
 400.000000	9.9208712415997038	63.2874370979687626
 401.000000	10.3032378029124221	87.0543169453863754
 402.000000	9.9624884467964225	113.0130951412431273
 403.000000	9.1115918839440333	60.9811569476157729
 404.000000	9.7928918305920174	40.5303707793550529
 405.000000	9.6009763058905246	66.8425201064484042
 406.000000	11.2243089977316259	98.4763579724081808
 407.000000	6.9807917972688580	126.7300985396963426
 408.000000	9.0406493052537016	137.7515113521924945
 409.000000	8.4564719871342700	140.5953213025058517
 410.000000	8.6659301648180591	153.2338547919352720
 411.000000	10.8699695308058590	78.4221936090114013
 412.000000	8.8582191827240244	98.6647241655516751
 413.000000	8.0558843990770868	130.6787073362451110
 414.000000	7.2316145312018101	51.5335291855988942
 415.000000	8.7744494878023147	131.8175893232028670
 416.000000	8.5236505442601729	124.3387827573341440
 417.000000	6.9907136760064095	132.1993128310885481
 418.000000	8.7766239071524090	135.0769074657156352
 419.000000	7.6387969393204100	95.3795674009645325
 420.000000	10.4089706386817298	139.4713743274313629
 421.000000	6.3218410183575875	162.1730655346106573
 422.000000	8.5711160647600177	154.0128801210369431
 423.000000	9.4185306925838024	50.8305717241730974
 424.000000	6.9123711333338997	130.0843346663704381
 425.000000	8.5247538721698000	129.4190340663448637
 426.000000	9.2504825407845015	146.9049940506678240
 427.000000	9.1245583754416675	110.9480135420681250
 428.000000	6.0972908537185253	67.2724961011569036
 429.000000	9.0263636342698153	132.7785626337905853
 430.000000	9.4908098202155244	122.9237179091579719
 431.000000	4.8959336605270947	125.9778433839696987
 432.000000	7.5283826056246284	119.8341419549779943
 433.000000	5.7746169523778246	133.0967335249913219
 434.000000	6.8442499710346016	31.4336818946943879
 435.000000	4.6603920702522394	113.3000973670192906
 436.000000	6.1835322065154372	122.1908023901724221
 437.000000	5.4662149215700566	21.5631342407336888
 438.000000	6.5313524931723954	118.4451805283881356
 439.000000	4.8410152064177305	58.8204188520782907
 440.000000	6.8735125227546323	46.2262587279286095
 441.000000	6.8779642659871252	51.8004483203108066
 442.000000	6.6845698708356629	43.6956771822527514
 443.000000	7.7805449514627361	68.2670012386908667
 444.000000	7.9813610557650403	47.7814681084592507
 445.000000	4.9145722527355895	81.6058056267976752
 446.000000	4.5017946221040237	27.3003089890867727
 447.000000	6.2050127248835549	132.5348507086553695
 448.000000	6.5977540978828433	113.7842557826427452
 449.000000	6.3971602789588680	177.8805324891129374
 450.000000	8.5874765847633743	161.1750600456160498
 451.000000	9.5863821898126620	33.8108690460986168
 452.000000	9.4865764153673933	48.2860186698255518
 453.000000	9.8190376558361141	54.1950512786862220
 454.000000	8.5774130257961065	134.2665602841419741
 455.000000	9.5060418709115719	109.5712097795139641
 456.000000	10.5409290744250388	42.5676626538078438
 457.000000	10.9269847479386559	89.4037437590972388
 458.000000	11.0395387442173725	72.0126198953331738
 459.000000	11.0647780700388374	109.3635467608777532
 460.000000	9.2655277382259875	36.5999069241963184
 461.000000	9.6151628132903344	31.8547933943196995
 462.000000	9.8612911335852171	41.3298228610618708
 463.000000	9.6669721850623560	44.9442651260859805
 464.000000	9.5794117967996026	39.6175338647678643
 465.000000	9.1882040423107352	23.8331273512027906
 466.000000	9.2530727907022303	26.3716907265623490
 467.000000	10.6094893402540915	98.1469726114488310
 468.000000	9.5485044279444846	43.7474093588152186
 469.000000	10.0747176600775425	110.6768036403943682
 470.000000	8.2447072190388297	21.1447492222788753
 471.000000	9.1011331461689178	52.7922630994362407
 472.000000	9.2695222558379431	49.1061539477394717
 473.000000	10.1215154914871590	85.0960742227887152
 474.000000	9.9502485949793655	109.7936217213574395
 475.000000	9.8046687604012508	68.5333144768109577
 476.000000	9.6421627619085282	64.0347880313779854
 477.000000	9.7111119581923866	39.4654696804119851
 478.000000	9.3135280761092716	41.9216334272495601
 479.000000	9.7298075313557995	47.2676895626257760
 480.000000	10.0841779324424046	85.3329407242069777
 481.000000	8.4536320957322975	25.5113896550868446
 482.000000	8.9341569649605521	30.0562951354260974
 483.000000	9.0183770467481104	28.4698076300181526
 484.000000	9.5662475663438507	33.5870839890318962
 485.000000	8.4620837933350384	22.9299533191617684
 486.000000	8.8054178759716066	41.8844139817818473
 487.000000	9.7997538604866641	56.3964037739557966
 488.000000	8.6494230085060018	56.8083048994321018
 489.000000	9.4254369304523884	49.0587126164415963
 490.000000	9.6789825637797637	95.8242937819718037
 491.000000	9.6488089430728667	41.2410443264493836
 492.000000	9.1953563618315002	58.2876921570657913
 493.000000	8.1776626406644368	17.3716005708487273
 494.000000	7.1596259429964775	69.8739681758432596
 495.000000	10.5595880310675678	28.5031868115924283
 496.000000	9.3888158229590317	55.1426707879344633
 497.000000	10.5041278151250701	116.9551413978067274
 498.000000	9.4583126067361274	36.4923144160487141
 499.000000	9.7455004694063394	59.1174647164480405
 500.000000	10.1902305889119233	48.2515623333451060
 501.000000	8.9530848929228295	45.5652793972287782
 502.000000	10.0076724066023903	51.8840827744841135
 503.000000	9.2955198336082212	36.2333495602188407
 504.000000	9.4617890156466800	71.2579375215439939
 505.000000	9.5054944721336412	40.1627692206055542
 506.000000	8.8111170540435673	34.9117483700770777
 507.000000	9.9137738229323062	63.0463071419263485
 508.000000	10.2544490558665533	50.0343135502028531
 509.000000	9.0139961560327091	43.4165324014887233
 510.000000	10.2220117924987992	89.6363568078892428
 511.000000	9.5906834872209004	38.2624104098949260
 512.000000	8.6075997203922157	86.6108034275123941
 513.000000	9.0195446948885696	145.3371081875667699
 514.000000	9.1829637775225539	53.5717265185923281
 515.000000	9.0498361919852250	22.8482135949752490
 516.000000	7.0225244442429640	21.7736847352453253
 517.000000	3.8090354626953138	98.7261609977888099
 518.000000	7.7775308299483132	60.3695202979195784
 519.000000	7.0694774522097008	10.9823049408178122
 520.000000	7.9638043173040067	117.7177551769621289
 521.000000	6.6278183116814704	11.7450496207472952
 522.000000	6.8307058154322773	57.5847663810284587
 523.000000	6.2642103442043480	27.7347783450136944
 524.000000	6.5736077407708118	58.8269700776176023
 525.000000	5.3336707556483853	31.6590583146289930
 526.000000	6.2402011758556135	28.0037986184278225
 527.000000	5.1911743021308832	46.6259178900606344
 528.000000	9.2537839914469924	112.3836670725353173
 529.000000	9.4239672973852198	43.3442749217255425
 530.000000	9.3456533441021907	34.5048832181714715
 531.000000	8.5228773612633972	34.2766980735413256
 532.000000	10.1090309347480396	109.7313027291437493
 533.000000	8.9977367783966713	23.1222212825728946
 534.000000	9.1599144858817318	34.5734340932371822
 535.000000	8.0820926296466649	31.2466430141556089
 536.000000	5.8533118565152078	50.2244295804982244
 537.000000	7.9280510546652847	143.0908334472317165
 538.000000	5.2123721401170906	51.7170664233670720
 539.000000	4.6943505957822396	59.0107381530958861
 540.000000	8.7919105564621400	18.2637151086808274
 541.000000	9.1784092714395200	22.8105536611697914
 542.000000	8.8675225538070173	43.8403353939455656
 543.000000	9.8223224950659471	79.7628206094853311
 544.000000	9.1123418902609910	36.8913946426062012
 545.000000	8.9400075830428474	37.3001113013643817
 546.000000	9.2090310809618998	33.3838746825523174
 547.000000	9.7895281967101369	43.4652569327338654
 548.000000	8.8091639123438412	49.4890481938340088
 549.000000	9.4170746307564119	15.8249150690571412
 550.000000	9.6510160050582012	69.1897133782138525
 551.000000	9.6538383919723127	115.7190316116241462
 552.000000	10.5868742822540352	58.2266733260510989
 553.000000	10.4020221004166658	106.2755336832323536
 554.000000	9.6671137424727434	46.3612619364714931
 555.000000	9.8897004985255386	50.7836830642676205
 556.000000	8.8085859032250902	130.5128007933287222
 557.000000	7.7220011973412381	159.2714088048981580
 558.000000	8.4342975321853455	129.1623095935899528
 559.000000	8.3819182887770705	76.8826663133717574
 560.000000	9.6485763226380534	131.5564560655329274
 561.000000	7.6329948270046630	121.4090627809671901
 562.000000	9.3417119124840333	44.6123029188221949
 563.000000	10.1141486877037767	88.0623377828027571
 564.000000	10.1344758133737596	32.9168975371196950
 565.000000	9.2015329894048765	32.6950123762964608
 566.000000	9.0170428340199340	54.9854946417743662
 567.000000	9.2313522109854222	55.1815802677329827
 568.000000	9.5059662208866929	33.5628236141036780
 569.000000	8.7158899635835123	13.1403171327170867
 570.000000	9.4413074132223809	45.9514517567440066
 571.000000	8.7746841495725985	50.1656524390077720
 572.000000	9.9730079618394001	50.0322891827500200
 573.000000	9.8621907112597409	56.3832291692050944
 574.000000	8.5550775267256807	9.1659724277889723
 575.000000	9.9480304201496015	41.4857979556601890
 576.000000	10.3807458585930590	60.5232450202613137
 577.000000	10.8082938487487148	70.2960428980932761
 578.000000	10.3865029882161153	56.1584104381035161
 579.000000	9.2494770972497644	37.5373084287607242
 580.000000	9.8099787924904138	38.3743434788270861
 581.000000	11.0592797497317754	97.8950869633991658
 582.000000	10.3800808196037817	116.8535298674268290
 583.000000	7.8530379227102944	94.3806025414116618
 584.000000	8.0395870080110257	153.9895662052278738
 585.000000	8.6364129935543907	89.2936819419588517
 586.000000	8.2495673624405441	144.5982329305903136
 587.000000	8.8474626759655326	127.8634382272068422
 588.000000	6.8294530492706844	154.0726505301788052
 589.000000	6.6693787076589750	165.2164891007856227
 590.000000	6.5543010532951573	155.3978791122163727
 591.000000	8.3290270271600892	153.4984873970719264
 592.000000	9.4529593320955474	148.1395771173424976
 593.000000	9.9668175898419058	57.8225128131830246
 594.000000	9.5505297633042598	36.8579175019024774
 595.000000	10.3067007176449881	92.1399929545756891
 596.000000	9.5705111031716896	28.0982491392225882
 597.000000	9.3681708401500625	78.3817372916045940
 598.000000	9.0510772887091182	53.3081666595690962
 599.000000	9.7743993475706574	56.1183516914922933
 600.000000	10.3462775569355987	80.5806874519724232
 601.000000	8.2953745165342916	53.6914715151012700
 602.000000	9.6230226173186111	61.3534406537562944
 603.000000	9.8116379365810591	80.4085801059790128
 604.000000	8.9106134641838395	38.4014191362217616
 605.000000	8.3783675570468947	66.4170427081263881
 606.000000	8.7389104162721960	71.5624160359944597
 607.000000	10.3117043339689811	42.8316243828000438
 608.000000	10.1868941463276670	66.2736657271241683
 609.000000	9.9147289652242065	78.4323697704585072
 610.000000	10.1140531261435580	95.5779976223379180
 611.000000	10.0231763108590428	82.8877188455916070
 612.000000	10.4641128282029321	67.7363229250139227
 613.000000	9.6170599893138657	112.3096454508926030
 614.000000	8.7708739250484822	80.8368513988062318
 615.000000	8.7031979742502195	81.2546842848950490
 616.000000	10.2318732215055803	101.6060436289263436
 617.000000	8.7323865416598743	158.5450987742142388
 618.000000	9.2148003899952666	140.9918465111827288
 619.000000	7.3738625010116872	65.1762855333942923
 620.000000	10.0029510851170684	130.7188840264620353
 621.000000	7.9676187113348345	165.4856130590129055
 622.000000	8.7958719043120652	134.6115769819429886
 623.000000	10.4412850761514928	71.3729427449626428
 624.000000	9.9079924902866576	90.6791049604618991
 625.000000	10.2269870110960959	78.0919639306926143
 626.000000	7.2731126862639845	77.2766281792815164
 627.000000	10.6127371661027468	99.9511050723314014
 628.000000	8.4485959433304885	152.6585055646181956
 629.000000	8.6679189876988012	169.2020601620593538
 630.000000	9.5836319268350572	131.5936531389423294
 631.000000	8.9061266356541395	33.6984793667478755
 632.000000	9.2466373097187233	118.8112155422426497
 633.000000	7.7573695435556580	137.0315558728871110
 634.000000	8.9024300819605475	129.8047566042867231
 635.000000	7.2804713506706644	67.7100558763779645
 636.000000	9.3492218664768032	132.7061425200921008
 637.000000	9.3706905872459885	155.4784582220497668
 638.000000	8.2410053435756812	116.5871251232339603
 639.000000	6.6636897241433202	163.6513727501338167
 640.000000	8.9121485273541818	148.4697494689149266
 641.000000	8.2817846736930036	138.2784507378067360
 642.000000	7.5670842237255176	62.1102438039111178
 643.000000	9.0781698698319779	157.5408173134321430
 644.000000	7.2513733148433852	86.9056629436142458
 645.000000	8.0091085458724027	141.6809719487922905
 646.000000	7.5195564148920813	95.9671903984458794
 647.000000	9.8077304644266370	50.3073939886927803
 648.000000	9.4805844363787202	28.0558659546565252
 649.000000	10.8285728174083129	101.4105102351528416
 650.000000	9.9776706730455480	105.2119136422649888
 651.000000	10.8723401153349322	87.8325452860810998
 652.000000	9.1147103987694784	44.1016472160487751
 653.000000	9.4558510736937418	45.4164724534004733
 654.000000	8.5269854799185989	91.4049082156404467
 655.000000	10.8189009270029342	99.2270148266480021
 656.000000	10.8457455022453022	87.7086967424159951
 657.000000	8.8349692702891929	49.5785187184080769
 658.000000	10.1700468380266322	77.1299239794859517
 659.000000	10.9717534002257224	89.3633257710070268
 660.000000	9.1807907457358500	55.6411773009292290
 661.000000	10.4323225245881197	92.7473362641272843
 662.000000	10.7282119752570626	103.3744753841077681
 663.000000	11.3556016149811718	86.9484902714962260
 664.000000	10.9244871687845873	87.9300777473389417
 665.000000	8.4747177110553160	62.3035739890136000
 666.000000	10.6067290249351593	95.5716551247536756
 667.000000	10.4128928783117960	80.9339821144746594
 668.000000	10.5009613462029705	95.9494648262423482
 669.000000	10.3267371076889347	89.4061300317095657
 670.000000	8.8803228694647434	21.7297263415402711
 671.000000	9.3619854667451055	39.9664749388258258
 672.000000	10.7145794177253801	83.0404517310743131
 673.000000	10.6135970352616695	101.3212890653314417
 674.000000	9.6650736209004968	84.0730553429190337
 675.000000	8.6955105844440137	46.5957313686380132
 676.000000	8.8391707701672093	66.9157242340220080
 677.000000	10.7699647424736025	95.1214188315565821
 678.000000	9.6435502529843316	43.9015283044217313
 679.000000	11.0495337030184899	103.2844366977211337
 680.000000	10.8387779424731576	97.3163036399090373
 681.000000	10.4597926295036388	81.5069934134928644
 682.000000	10.8644328321889834	101.2414469416791292
 683.000000	9.5479456277071701	87.7845648798942477
 684.000000	10.6155324711967243	108.1626112529046111
 685.000000	10.6881503642137243	89.6685593774526097
 686.000000	10.4838288065751897	93.4949417349792213
 687.000000	11.2784540131146738	96.6978541529171736
 688.000000	10.5344486872412695	87.7442926071036169
 689.000000	11.3671866498643990	93.4873509945176977
 690.000000	10.5733038445151415	95.6669740741718186
 691.000000	11.0812517588671255	97.9081708592105997
 692.000000	9.1139045315292595	37.6853072842436916
 693.000000	10.4148923465511558	97.8289077757653871
 694.000000	9.8932979345194187	63.5592709756204215
 695.000000	10.3827148755897873	44.0146522105354165
 696.000000	8.1755521468528372	71.0632870269247121
 697.000000	11.2244242263905658	88.7407994855041551
 698.000000	10.5851426827157926	83.4389847868095842
 699.000000	10.8120242931326160	106.5872870537776009
 700.000000	10.2954853176298791	94.0731032158448670
 701.000000	10.2877840189408296	75.9033806495880015
 702.000000	9.2804790366072591	14.7712662162597326
 703.000000	11.2160752656729912	103.4489900670096603
 704.000000	10.5958857910953395	88.3291721446457103
 705.000000	10.7986173284839140	93.5442799854431257
 706.000000	11.0938655807139757	102.7056544907579934
 707.000000	11.0811144033912914	100.3473750313143142
 708.000000	9.0892187619059737	33.8636661869333011
 709.000000	10.4508943340846816	98.1444126784615349
 710.000000	9.0102367278902680	32.6144383159446249
 711.000000	7.1935994413517914	123.3373141353050926
 712.000000	7.3346525996467999	110.9761114380877984
 713.000000	10.9869863181880554	91.2990975865732821
 714.000000	10.9109453179999285	94.7432983702762499
 715.000000	10.9184813501747122	95.5393193514521641
 716.000000	10.2671373273693884	92.6214246720933545
 717.000000	10.7754504286559190	86.9868599379530423
 718.000000	10.3747087350636704	93.1396935831659079
 719.000000	10.0886987477475305	37.8480790226964245
 720.000000	10.8790669005582856	89.0003968204227505
 721.000000	10.2110785245949263	95.0454884543535741
 722.000000	9.0399651786256499	26.5576123394977515
 723.000000	8.2281405986879950	72.1424341868091261
 724.000000	10.2499468238679867	97.8797221094044119
 725.000000	10.6550956019762211	94.8760509858811503
 726.000000	10.3518372422216558	107.9715947069633017
 727.000000	10.1701724788416286	77.2172089058160225
 728.000000	10.9314803276295791	90.0024588539082231
 729.000000	10.2601074698172017	36.8579034548625373
 730.000000	10.3364053994090952	111.8446776484028788
 731.000000	11.0293585099637390	91.4106856484792871
 732.000000	10.5748819293413376	116.4071692285959614
 733.000000	10.0858631745963905	84.8888386477431567
 734.000000	10.3989318679001048	90.2454518147453797
 735.000000	10.0355910808490858	115.5339414967320266
 736.000000	9.6836152087237402	38.5109161644795961
 737.000000	10.4605067844832291	99.8347671863941883
 738.000000	10.8100639882109757	77.1364899293863573
 739.000000	10.9454008535931706	91.2039955401613867
 740.000000	10.4629550976968027	83.8869659796541214
 741.000000	10.7446832753635722	94.9400345454497341
 742.000000	10.5752652736602055	74.2928487659785759
 743.000000	10.5298852986734754	88.3352527426993248
 744.000000	10.9491136222863616	87.4478345579031782
 745.000000	9.6401936499184995	32.3974655416327266
 746.000000	9.6414784721000188	153.3309492219157733
 747.000000	10.7112563414278981	143.8412664128522636
 748.000000	10.0218821775146836	132.6111413245769768
 749.000000	8.5836965387045936	122.6876936989575881
 750.000000	11.4075221964986611	143.9626601311865670
 751.000000	10.5198593177114592	162.8539489303115602
 752.000000	10.5845544898731898	148.9949519000239491
 753.000000	8.5925052271232634	144.8945543831648592
 754.000000	8.2978364273941345	135.3017357826421971
 755.000000	10.4109281431335816	154.9722548563948408
 756.000000	10.5461801697755231	129.3676221971227278
 757.000000	10.2337945595937452	158.3646145155578040
 758.000000	9.1624061191999395	151.1369545068955915
 759.000000	10.4855474832438720	142.7684218232641911
 760.000000	10.5729145895673540	141.7820506143616512
 761.000000	10.4282631068867833	153.5541594720902765
 762.000000	10.1128203968625918	160.4583633375042382
 763.000000	10.1318862093777380	148.9982144727801767
 764.000000	10.8000894129050327	142.9194986908275098
 765.000000	9.5977509308637980	141.8350419564610263
 766.000000	10.9581586878758781	148.2637420467194431
 767.000000	9.1839446925289678	145.6463767509857234
 768.000000	10.5770113005410931	152.4231406288586186
 769.000000	8.3453608033798687	95.5880590011752247
 770.000000	6.7102986381517420	75.5317818168537798
 771.000000	8.7985928994128404	89.2920655381004735
 772.000000	10.5931809561114747	140.2206448105714856
 773.000000	9.6951821806429557	147.8614882383120630
 774.000000	10.6919367841790756	144.0774782554920250
 775.000000	9.0694275646160829	143.8382342420631801
 776.000000	9.2559136264071320	145.9923689762921413
 777.000000	11.0226305676380036	150.7389565704225447
 778.000000	10.7349141832792334	139.6177051229976485
 779.000000	7.9404144019516556	131.3137265518639083
 780.000000	10.1656068793408192	130.2288005707385423
 781.000000	10.7338693803737399	164.7656471139321468
 782.000000	10.1100915089559429	133.7184179094319632
 783.000000	10.1793472710943824	167.0471443086937313
 784.000000	10.5577822597384490	145.2485867145410339
 785.000000	10.1184180217736319	137.4410530966442252
 786.000000	10.7242599431676844	147.2272937911435235
 787.000000	11.0671417336358680	154.6362156428033074
 788.000000	10.0444016205641748	106.2928252737071517
 789.000000	5.3068807407359957	72.3288852549303840
 790.000000	8.4428118263333971	91.9542863182095260
 791.000000	8.5040342381793934	94.6489261060693821
 792.000000	7.9776318729606608	85.3768500075147756
 793.000000	5.9741036813225570	68.0419978454917214
 794.000000	7.2474932597544832	76.8098073419976544
 795.000000	6.0409613241031437	74.8531384994690825
 796.000000	6.0726271511809911	68.3293838392359731
 797.000000	6.8885995306232441	89.8606672765838397
 798.000000	8.7986914785707864	92.4690872245210045
 799.000000	7.7244388496545282	74.1082971599962690
 800.000000	7.6294142569153411	107.2508384945461302
 801.000000	8.8644553164440669	122.6306201169473695
 802.000000	6.9574690284849741	85.8461655781981960
 803.000000	8.4629338043703193	91.5779383369557252
 804.000000	7.7163166316347036	96.1775212208947323
 805.000000	8.3928821522622705	92.8711396983440096
 806.000000	8.6306468209270779	86.5223572198253095
 807.000000	8.7355777705875326	105.2123316592036559
 808.000000	6.9901660052736023	81.4687527723245921
 809.000000	7.5613181516162511	67.3513759373108343
 810.000000	8.9823780765968593	137.9755781797035752
 811.000000	10.0825161236918035	137.6321011869741540
 812.000000	9.1212488261178244	137.3947944175404814
 813.000000	10.4783781334319883	157.7537109640880431
 814.000000	11.1875058955779672	157.3120430082805399
 815.000000	9.3015537087476634	157.2234808047894603
 816.000000	9.1672937347709418	151.3208702348788961
 817.000000	9.0402408220306452	144.0929571322118363
 818.000000	9.4992684331128352	117.7280718098606371
 819.000000	9.1202267688330689	134.8141272252841532
 820.000000	10.1386557797239103	128.7682276737166376
 821.000000	9.2330902751731170	158.2600109942435154
 822.000000	9.5467151707787714	90.1803266635994021
 823.000000	9.4474073409309671	148.3985412087412499
 824.000000	10.4691157042073097	124.6260176917394062
 825.000000	8.8055343597976545	138.5055674307653817
 826.000000	10.0340381327365851	144.2076931246851927
 827.000000	9.4222137540161803	156.7710956947333329
 828.000000	9.2684925629253900	147.4109344921918137
 829.000000	10.4473900603223004	151.2703888434075452
 830.000000	9.9776566045519122	153.7981670682723632
 831.000000	9.3018383351089060	131.5482891630441031
 832.000000	9.4258061688468455	144.8076246290683287
 833.000000	10.6576045151971925	127.6309860903554352
 834.000000	10.2906448080036768	166.6191412691249525
 835.000000	9.7251188044192816	144.7566630587305383
 836.000000	9.8090121000613415	134.4584795300738449
 837.000000	9.7015253238297419	115.9429174060237386
 838.000000	5.7767042520717942	107.9215754038940958
 839.000000	6.8637214926226067	105.5115131579942016
 840.000000	10.5188177285459883	151.0057908884769233
 841.000000	9.9128161469359153	151.9114605926081367
 842.000000	10.6995635210876880	140.2062762013013355
 843.000000	6.4691343753690083	136.5301051308451861
 844.000000	7.9852704495289277	134.0295729450191970
 845.000000	8.3825270029617016	154.1479401054114078
 846.000000	8.4809249908903102	150.0920413697372737
 847.000000	7.8684536214516632	150.0764364713428449
 848.000000	8.7561150808400399	137.0737529898853779
 849.000000	6.3426719215556577	125.0417732318650366
 850.000000	6.4211861165905599	160.6392390091233153
 851.000000	7.8246188194547832	129.9529984012501131
 852.000000	8.1753618293008437	130.2723358596307150
 853.000000	8.0073816784490983	133.7093162345816495
 854.000000	6.1038227324732812	148.0283705584818961
 855.000000	3.2103740755510546	124.8493040033254999
 856.000000	5.8664786428734530	156.5719188600451730
 857.000000	2.9013042200598327	129.2988861695415892
 858.000000	5.8049673607493322	145.9751795891132815
 859.000000	7.6663104347719964	157.6845187208423908
 860.000000	5.4363258108942647	121.5252919427357625
 861.000000	7.0795003416138753	139.5396412373821988
 862.000000	9.3544842260464502	135.9048923350653411
 863.000000	6.3054828714207511	139.9094254199317220
 864.000000	9.0190415271581372	140.3775189014540388
 865.000000	7.8736116789815940	155.3689062393011966
 866.000000	6.6459345532318794	144.5439144940834524
 867.000000	7.2479513480011626	138.3323038982170488
 868.000000	7.4197786125715997	134.2200895281016528
 869.000000	4.8622927995259673	107.5481740713899796
 870.000000	6.9246386803923592	163.3210116443341917
 871.000000	7.1740922653753305	136.2596743733934659
 872.000000	9.0852555458886961	154.8543703686810886
 873.000000	8.5303501263031389	161.1426760228187618
 874.000000	5.2129375178626374	102.5647582160867870
 875.000000	6.8726746146920590	126.9224689706680635
 876.000000	9.0931235233099823	124.7389402238221976
 877.000000	6.4428565382908793	148.2906794128308263
 878.000000	7.8415939358139219	129.4353232906439644
 879.000000	7.8814944897050836	136.9646705366116919
 880.000000	8.4062632972403115	137.6860761577310655
 881.000000	8.9668072835126651	136.0630876584259568
 882.000000	9.3299599822452564	166.4086113769724022
 883.000000	10.0990412288335385	150.5044050220847396
 884.000000	8.8500584727258449	140.9868556269764497
 885.000000	8.7541973780794446	149.9542209068854675
 886.000000	8.8486110909325895	151.2490127627493735
 887.000000	9.0663273622531744	153.0798590439937357
 888.000000	9.8203912447870820	155.1010253200647924
 889.000000	9.5914639984020749	157.2458656863985027
 890.000000	8.5826207972436457	146.6802219727618990
 891.000000	8.1078320698912858	154.9024703414907833
 892.000000	9.4838815165217394	143.4615025298941191
 893.000000	9.0950387863696651	156.9721343254138901
 894.000000	10.5889878694409276	142.1751100088133057
 895.000000	8.5565299487614617	141.0297744466672327
 896.000000	9.0684765029464653	145.4543711244563156
 897.000000	8.7038413646337141	138.1792354359653245
 898.000000	10.1752922421791077	139.0087520553088893
 899.000000	9.8612842464720991	150.4121303292700986
 900.000000	8.9381123258583823	146.6602368936287917
 901.000000	9.3280797662441550	141.2256666789371025
 902.000000	7.1122943631248665	120.0559601686928772
 903.000000	9.5459760047192681	138.7872017319180884
 904.000000	7.6710098849174058	137.9118750738998074
 905.000000	8.2293637539962070	152.5005101687166018
 906.000000	7.8836273488376669	157.3148911171599025
 907.000000	8.3444944595875210	131.1655489298858015
 908.000000	7.7275715860274286	136.2330648933014743
 909.000000	8.6104220366340538	141.4119564990193112
 910.000000	8.8140152450523459	141.2941937438087621
 911.000000	7.2021513861411730	153.1987037229273199
 912.000000	5.6898687943616411	109.6713627785238430
 913.000000	6.9273795411323986	151.8419403799343286
 914.000000	7.4908579013939462	143.6490604465240608
 915.000000	7.7123247004554614	152.0953895473113562
 916.000000	9.2037171523302579	171.3483648024261754
 917.000000	4.2129441425880918	38.0124468214331444
 918.000000	7.2691004946218225	124.2847425008741311
 919.000000	5.2059128378739947	138.0995224782513162
 920.000000	6.8481463645271319	135.4778456633488872
 921.000000	5.0534480142039300	140.2417739210097807
 922.000000	3.0956639549722906	123.3458709193065772
 923.000000	8.2315226854596748	142.2932390615979443
 924.000000	6.9374419293287337	123.6347517165866350
 925.000000	5.6218704336189376	127.8776198361612160
 926.000000	5.8935590186338720	130.2909861458807654
 927.000000	8.8635942081627910	130.3062038009514367
 928.000000	8.4964067218331376	138.8520900631458517
 929.000000	7.9865321101018933	153.7160909209013369
 930.000000	5.8659069174782932	125.0295336907379351
 931.000000	3.2974296443433668	134.9062272656226185
 932.000000	7.6064626823997070	110.5027302137390990
 933.000000	7.5588319078966544	161.8495009711767807
 934.000000	10.1533749173480707	113.3828207980046869
 935.000000	9.4372234920976812	114.7189502978722828
 936.000000	9.8398985727065043	144.1760533952765968
 937.000000	8.7593699699423091	115.4463324470792003
 938.000000	7.3525372474041548	66.9068304290667442
 939.000000	8.7742658815876524	89.3221436140841121
 940.000000	7.6736630922213918	59.6753967093022908
 941.000000	7.4380270140319826	47.3800086011340511
 942.000000	9.6299307966302230	115.6797876290573441
 943.000000	9.4106880441196594	141.0188376609581837
 944.000000	7.5672863691289649	150.5200465722114700
 945.000000	8.4348814615023890	126.5620213684990887
 946.000000	6.0171938619937198	61.7647251894742197
 947.000000	7.3214254091897653	150.7714631498259905
 948.000000	7.3810618857602703	42.0699873025423869
 949.000000	8.9316683012215901	137.7281780394436907
 950.000000	8.8465812986640522	142.6050817465024068
 951.000000	7.9944414696890487	123.5401194044049760
 952.000000	8.3225043743727305	129.5664497630066592
 953.000000	7.9094439824476348	160.9545196640407596
 954.000000	7.9532948318485861	142.5075311164746381
 955.000000	6.3749969813785237	76.5903670307971538
 956.000000	9.3133236211451269	158.3868858813539475
 957.000000	7.1131681154278308	73.1583915666850828
 958.000000	9.1363471031413699	119.2862436391872336
 959.000000	7.6672877034452611	127.9612470878971777
 960.000000	6.1662493759726109	74.9328965525009636
 961.000000	8.0561722551387689	123.0496382824787247
 962.000000	7.0698522261296448	77.4304550590931626
 963.000000	6.2338310080235928	139.6496444055266579
 964.000000	8.1895078810243849	86.4290885758920524
 965.000000	7.8349928194940430	82.0069467050370093
 966.000000	8.8311782490498132	133.1295306758309778
 967.000000	10.4074161724148571	113.6315547387177247
 968.000000	6.2486199834995189	97.8613579827556350
 969.000000	11.0606896229372200	88.9352962024646132
 970.000000	9.5094113462719800	46.0326814018462471
 971.000000	10.2425581783611968	81.6423910441636309
 972.000000	9.8436731473307102	105.0131845866578857
 973.000000	9.9534290214066097	86.3990485417908758
 974.000000	8.7622384438097125	55.2696024558819516
 975.000000	8.5559631895503863	139.3280828797367121
 976.000000	7.4769547250351627	113.1354204319044214
 977.000000	11.0981284062873495	109.3590715897407222
 978.000000	8.5176894227833024	164.2844379856196610
 979.000000	8.3015239517504078	126.8690090962360983
 980.000000	8.6523172186554120	130.7592622298697904
 981.000000	7.5458018071899708	157.8510140967474058
 982.000000	7.1237772001351543	93.7787845659974550
 983.000000	7.4621548270900497	88.6076775581472020
 984.000000	7.9309540295737451	150.1276542594084447
 985.000000	6.7221718746639239	79.4620871062864751
 986.000000	7.4312153124134497	89.7205139947993047
 987.000000	6.5397798639071834	57.5542415748100353
 988.000000	9.5076964587062740	137.5347592095619689
 989.000000	8.4316689782023726	78.2525884951298849
 990.000000	8.6018537923475993	145.3040172731394364
 991.000000	9.7186839310250441	53.8774664255001881
 992.000000	9.8119525317682132	52.1747442469112173
 993.000000	10.7328123406694651	84.0032773211411552
 994.000000	10.9850384038644400	95.8369078631556306
 995.000000	10.6258543606494484	91.8980705946985523
 996.000000	10.7817069441029592	87.7916934987277529
 997.000000	11.1223038962613927	74.4547427946320255
 998.000000	10.2377572968887218	56.6023645803687714
 999.000000	9.2626253962525276	22.8559221796543568
 1000.000000	9.3493262023720529	40.9002067102001661
 1001.000000	9.8487643612747657	78.8205010684061449
 1002.000000	9.5333442947877050	35.5632696048342041
 1003.000000	9.7178438502180651	61.4684238202968203
 1004.000000	10.7119287087488129	80.9536956514649262
 1005.000000	10.8593220717812944	81.9522453451182145
 1006.000000	10.7598118966963092	93.0495204740753934
 1007.000000	10.8703192207822354	105.4870730617305696
 1008.000000	10.6001581866579624	93.7562657020405368
 1009.000000	10.5124529124068946	111.7610190478100520
 1010.000000	9.2125366326489981	36.3512636269431084
 1011.000000	10.7799976136228004	80.8676387403899923
 1012.000000	10.0435100303017872	87.7747440318485985
 1013.000000	10.5108015929585523	96.2389458396468598
 1014.000000	10.2268153580351875	104.6408458543726709
 1015.000000	10.8393090806255881	77.0083199698772063
 1016.000000	10.3082187102849083	75.3326862677668316
 1017.000000	7.5794093385861707	97.4470508376805498
 1018.000000	8.7726100045454736	87.6430108155360301
 1019.000000	7.8041910607203215	119.2797239497779742
 1020.000000	8.2342387580476153	133.2896780846788829
 1021.000000	5.9675294375493246	84.7813904650732866
 1022.000000	7.6016116943887013	73.4631402355782939
 1023.000000	7.4836086868215714	74.3304692758738383
 1024.000000	10.0128030235387904	118.7348753262072876
 1025.000000	9.5700573637716548	58.0662581643227043
 1026.000000	9.0193689018778471	75.9118537800493698
 1027.000000	8.8866370605126139	44.0951343514422547
 1028.000000	9.8844270091344324	88.3786566071124753
 1029.000000	7.6654990731055062	16.3514720198978978
 1030.000000	8.9051697455304311	30.1297354628194398
 1031.000000	6.9458588757677049	124.4777029630847665
 1032.000000	8.2872488545144947	92.2483914539556196
 1033.000000	8.9521565400779135	80.8490071227549549
 1034.000000	8.0929379509391115	141.5680794871952344
 1035.000000	7.5134814592899595	152.6654240787881918
 1036.000000	9.5809568938849008	117.8774224330045968
 1037.000000	8.3407219275438091	119.8288753626900132
 1038.000000	10.7180658646209963	93.2161697070030471
 1039.000000	11.3571743037625819	91.4946733509428185
 1040.000000	10.7898562493742247	101.9325477556953530
 1041.000000	10.6513692057780371	93.1849260139671571
 1042.000000	9.5019640525229008	43.8288848699772018
 1043.000000	8.7856444500462079	34.7334094747583038
 1044.000000	8.7667714440478441	42.7890098874340481
 1045.000000	10.6977701946922075	84.2284457752197824
 1046.000000	10.9158331595067146	82.0992917161410247
 1047.000000	11.0544646805232460	89.5458422045943365
 1048.000000	9.7358037094568548	89.9367141219551200
 1049.000000	10.6643958558573875	103.1604158552376163
 1050.000000	10.3512913223149035	81.3880188301600214
 1051.000000	10.3858008154453234	92.9966248434844118
 1052.000000	10.3377483963809595	105.8587695883665560
 1053.000000	10.2308577745763394	93.6780688462572328
 1054.000000	10.9225258686254474	95.0193377744138274
 1055.000000	8.7899229002236972	33.0882763159321485
 1056.000000	10.1841770863160139	83.1435815668203020
 1057.000000	10.8056157945528764	77.7853790630528863
 1058.000000	10.3488138980970170	94.8802246712184143
 1059.000000	10.4356968397736445	93.0416178772603786
 1060.000000	10.4514328835713091	98.0316940437426894
 1061.000000	10.6998732957166851	96.1383496481985844
 1062.000000	10.6500536341952312	112.0189753274203781
 1063.000000	10.9794455245346736	95.7578769241852399
 1064.000000	9.1953213453875797	36.1514140506812964
 1065.000000	10.5766163967969842	87.9211055267532515
 1066.000000	10.1851784876837126	94.1442974817630613
 1067.000000	10.9107570921978123	118.0010592187575185
 1068.000000	9.8702737291399707	90.6000703617980747
 1069.000000	11.2601553629796616	94.7423974362893944
 1070.000000	10.4893766421684909	85.8231998526921274
 1071.000000	9.7254866512414537	28.8171896196253670
 1072.000000	10.2210798337787256	100.6632043781782642
 1073.000000	11.4515895276175890	82.4029893162930591
 1074.000000	9.2010763077029978	36.7043405707271972
 1075.000000	9.4576943518170129	16.9282163553967564
 1076.000000	10.9757518775597607	107.8909516145700422
 1077.000000	11.1788647610984011	81.4224961028148044
 1078.000000	10.6499509515377415	105.9943005406753969
 1079.000000	9.6509126808160612	107.0003522735579082
 1080.000000	11.1434038319526927	83.7866181630483879
 1081.000000	10.4826963251109930	93.4826920057476229
 1082.000000	10.8710075330674449	90.1501860706095641
 1083.000000	9.1616023487649478	24.7207984411489008
 1084.000000	10.3457227682347259	76.8015589012789945
 1085.000000	11.0277848865230759	105.3188873143513149
 1086.000000	9.2027036498247146	37.9208293716471019
 1087.000000	9.6040118907917407	34.9007995349886073
 1088.000000	10.2139355564237846	99.5615942671359591
 1089.000000	9.3519471581931413	37.9748406190215348
 1090.000000	10.8778444245349792	87.8735038687260896
 1091.000000	10.5887994091096900	95.6188339887809491
 1092.000000	9.5032173686118817	39.9125973519617787
 1093.000000	11.0731600373295009	106.2784972840425155
 1094.000000	5.7767809885884782	170.3324248954116058
 1095.000000	7.4038190987142851	158.8286154945650992
 1096.000000	6.2418995133966684	140.4402039154887802
 1097.000000	7.8064626482135342	107.2782180429187662
 1098.000000	6.7740147175093766	160.8735527946811885
 1099.000000	9.2439423188305714	111.4023732517697880
 1100.000000	7.1191973289631152	168.4945521166197580
 1101.000000	7.9930085780427218	151.4624753531677754
 1102.000000	10.7138777403325420	88.1305136653819545
 1103.000000	9.6589358659382984	85.8642526850793502
 1104.000000	9.4225631220189836	31.8618693530530948
 1105.000000	10.7384227381263422	93.2051724241049016
 1106.000000	10.7038913880050508	98.6260153654388319
 1107.000000	10.4642103352763467	102.3338634677182455
 1108.000000	8.6103221813047828	39.0372483458593820
 1109.000000	8.9567154618287947	52.9334123570794475
 1110.000000	8.8739135781304235	51.1550348897278582
 1111.000000	10.6854940590280023	94.2982857462970685
 1112.000000	10.9441897528801118	103.8151322506038952
 1113.000000	10.4369704642721395	104.8330892107143342
 1114.000000	7.6748855769199684	152.9767526949654552
 1115.000000	6.6602872163970188	170.6040954419844411
 1116.000000	7.1653578517514749	120.8612124111713797
 1117.000000	8.5883644775974304	150.3780547840892723
 1118.000000	9.3543847279483021	61.2190355626862868
 1119.000000	8.5463270379209710	106.4970793131039102
 1120.000000	7.1908394522736341	82.7913670490370066
 1121.000000	6.8638975951080177	168.7784155201643728
 1122.000000	6.2938501080925944	175.0898711628156263
 1123.000000	6.8165745834086184	171.2073012228907771
 1124.000000	7.5540552896046957	155.3060586518109005
 1125.000000	9.8959361036152949	75.7662076342281807
 1126.000000	6.6676088837925533	48.2159441249278018
 1127.000000	9.2266964585338460	130.1925968140830605
 1128.000000	7.4733716598836981	159.8437043564791509
 1129.000000	6.5105059463936170	165.8935342921484732
 1130.000000	8.3548853651914889	138.1579289831428241
 1131.000000	8.4627820349181899	126.7176491435461543
 1132.000000	9.8376020677626634	135.2486574854153218
 1133.000000	7.9156537024071048	141.0132988379201322
 1134.000000	10.6298888078371174	145.5081253162323378
 1135.000000	9.2091163519181691	150.0880623582329463
 1136.000000	9.7060453919281056	139.2141094669788117
 1137.000000	8.7657115006719888	132.6151160915811147
 1138.000000	4.8231369926496761	101.5263293638965649
 1139.000000	7.1675316082249640	114.2535750250476099
 1140.000000	5.6813820421394965	112.3596656623206798
 1141.000000	7.8570650579359613	111.3275224451311516
 1142.000000	7.0881848211160632	140.2747065691061721
 1143.000000	5.2774556561563122	84.5039257482961119
 1144.000000	3.4678174996437159	117.0184090007640805
 1145.000000	6.2163281371607368	145.7851619662494329
 1146.000000	6.9581174902574627	155.0619358147625917
 1147.000000	7.2489276226846044	134.9399106615987023
 1148.000000	5.4323497414932822	98.7447266733653493
 1149.000000	7.4564979948707482	100.2463033855819390
 1150.000000	7.5108294008176033	102.2476605996166938
 1151.000000	6.2263196223202968	157.7775860127656813
 1152.000000	5.8781954329522579	153.4653850598521672
 1153.000000	9.3460760720002902	140.7068147176903494
 1154.000000	6.6170901086520511	98.9776798764595753
 1155.000000	6.7254404072693044	108.9892643573486311
 1156.000000	8.8383619205079995	141.1822907719264322
 1157.000000	8.1118268359539929	167.7701304752174565
 1158.000000	8.2847857456389864	163.1556952252701933
 1159.000000	10.1120188614923645	128.6975116828463968
 1160.000000	8.4981804911182781	149.9619002628970179
 1161.000000	10.1945551140137205	154.1112378648445826
 1162.000000	10.4988374230257993	150.8661455761886145
 1163.000000	10.9641884850899967	139.8648469987088561
 1164.000000	10.2823626325402362	138.1155396926872072
 1165.000000	6.6186063794575851	114.4175608909434629
 1166.000000	9.6860958314812802	151.8702783164919481
 1167.000000	10.2090339505064343	156.4636848332814054
 1168.000000	8.4133019096357184	147.8190342329188240
 1169.000000	9.0636423571456515	139.6722283406842280
 1170.000000	9.4057250733452786	137.5115932904224962
 1171.000000	7.8759187785099511	105.0767882474023054
 1172.000000	8.5465948598959933	128.0134526033810971
 1173.000000	10.2495894114105432	129.7203910246680039
 1174.000000	8.9473976345069310	138.0191777003951188
 1175.000000	9.0169215629088555	107.4430836737355293
 1176.000000	7.4483761357409239	94.4891540604171354
 1177.000000	7.6648930382430978	85.1637824490319559
 1178.000000	7.4293136586261763	95.8139178084444438
 1179.000000	8.7825959988545232	116.1019970893960931
 1180.000000	7.7455583199478557	99.5645647950141068
 1181.000000	6.8157707004253947	78.4909265729781680
 1182.000000	10.1966585002816537	137.7044621388525627
 1183.000000	9.1021067742731336	107.7826704541333811
 1184.000000	7.1170048577100067	99.3607399203049653
 1185.000000	9.3441799503443530	96.4247067628216570
 1186.000000	8.8164596518041378	96.2013154336780474
 1187.000000	8.5543198640310596	97.4406571815338509
 1188.000000	7.6790094127731008	87.1899268156358858
 1189.000000	7.6011640281679078	87.7514381950251874
 1190.000000	8.1115574047140502	87.8000986578729368
 1191.000000	7.0314188516613374	85.7926148469822607
 1192.000000	8.9485160336643279	84.9007753443303983
 1193.000000	7.4392665434654068	91.5786520255532253
 1194.000000	8.5588882083400808	149.9059069542652480
 1195.000000	6.3157851626769954	61.7460885197317282
 1196.000000	6.3730509789396761	78.0070296473993636
 1197.000000	6.0254854519893026	84.2359113194816729
 1198.000000	6.6359014702175703	69.9281362494103860
 1199.000000	8.7570758542054090	83.5536207296172790
 1200.000000	7.2599191951057920	92.2283581809063264
 1201.000000	8.2343444042912193	66.9781201770185532
 1202.000000	9.0671837377967055	88.5404944389549229
 1203.000000	10.0207479207839274	104.9232902604909583
 1204.000000	6.3205176734163784	79.2609757340215850
 1205.000000	8.3759514543627791	85.2593162856021820
 1206.000000	7.1455417060691850	93.2865199248564636
 1207.000000	9.7393701329101479	150.6155442772322886
 1208.000000	8.5610384957533601	94.4688287546838836
 1209.000000	6.6749147636763775	82.3954216101998753
 1210.000000	7.0661140631324209	65.8165575210236398
 1211.000000	9.0331280734204125	110.7684475254469305
 1212.000000	7.5769626141646391	107.4727203956079222
 1213.000000	8.7618285906577107	94.7398387557353772
 1214.000000	7.4459025551104032	91.8775010505258933
 1215.000000	6.7765418986762977	93.4099343727504987
 1216.000000	7.3355773329975724	103.3442995925654913
 1217.000000	8.0589815472120456	127.6983053856745016
 1218.000000	7.3943431711704442	93.7609132684762159
 1219.000000	8.7788682631642097	106.8780622940011966
 1220.000000	8.6334390887940486	77.3457382713903172
 1221.000000	8.1201367067065089	87.1043521208110718
 1222.000000	8.3383125231985158	87.1318040477772229
 1223.000000	8.1121538809541232	74.9957677323221219
 1224.000000	7.3420784527130731	80.2932387025757492
 1225.000000	6.8498918859242233	78.3482781279661396
 1226.000000	8.2270704725854014	91.5645961655189069
 1227.000000	7.5488535200388398	93.1254936143416074
 1228.000000	9.9677551277364778	119.7344150881275766
 1229.000000	10.1506388275315622	100.3488049919419751
 1230.000000	11.7151109845227808	102.0770245779501266
 1231.000000	11.3912109933652950	144.9385031960329400
 1232.000000	11.1436825646684206	133.7897190048576874
 1233.000000	11.7942444707156984	129.0349491664299819
 1234.000000	12.0081634800085286	123.7014439023810439
 1235.000000	12.4181279349894655	151.2477712420425178
 1236.000000	6.8693224616965942	37.1643218937311701
 1237.000000	7.2945476026597573	52.8734049373603767
 1238.000000	9.4989845771070396	150.9220708232597872
 1239.000000	12.1114090687046119	141.4920021205610965
 1240.000000	10.0305288551731007	148.0698625257965091
 1241.000000	7.2756866905079782	129.9575609079555534
 1242.000000	5.2414345680503249	102.3440776368025666
 1243.000000	7.3498749086789426	133.5792609858985145
 1244.000000	7.3092272559936697	119.5342238087090720
 1245.000000	5.9356969818753056	108.5765240080562393
 1246.000000	4.9611885128926447	112.5192898527182876
 1247.000000	6.1675317862743357	121.4106384575023156
 1248.000000	7.5825254764561842	140.5970653179118415
 1249.000000	5.6911607997206071	116.1010419589642879
 1250.000000	4.9550861588059441	129.6111043208831290
 1251.000000	10.2489364490686796	122.0271487890937294
 1252.000000	6.1743799173453180	158.4435255098611322
 1253.000000	5.6945141968964563	143.9993946371781419
 1254.000000	3.6356078581626852	131.3245241832462114
 1255.000000	7.4179550749057501	125.3502654584098650
 1256.000000	5.1425697554278313	103.7139044341224690
 1257.000000	9.7472529614528991	116.4619593821137755
 1258.000000	5.7211834543749900	128.7455482141954519
 1259.000000	4.6029126856983575	126.0919295513334077
 1260.000000	8.1951024227691658	97.5022410277442759
 1261.000000	8.9107099609560532	77.6981977207768466
 1262.000000	10.2439379029665893	104.6082483397774041
 1263.000000	8.4149551044342417	93.3629832742053196
 1264.000000	6.8264087563441462	94.5594101121733388
 1265.000000	8.5659340424687667	111.4890639809178765
 1266.000000	5.7189825841317852	97.7473961302828798
 1267.000000	5.5027883864522034	116.3718930122146560
 1268.000000	7.4050069824912788	119.7880244637999283
 1269.000000	9.5589263456840179	107.2973276447736879
 1270.000000	7.9904948165483356	106.7466057891158187
 1271.000000	6.6745027699270603	89.2103699993780737
 1272.000000	7.0662423516155295	82.6334468756452054
 1273.000000	9.4399062906059754	99.8044027251089716
 1274.000000	10.5076098548513475	131.0252360145575778
 1275.000000	10.2680117512672808	154.8746074854197161
 1276.000000	9.1639084261829655	146.8422618734760476
 1277.000000	9.8875203781269914	149.1973769966286341
 1278.000000	9.5348667189793019	155.9134936827081788
 1279.000000	9.7612136189375391	144.9246767642605960
 1280.000000	9.4992790428208096	140.8477185276521766
 1281.000000	8.9578094711743681	149.4586341838366650
 1282.000000	6.4031772889045087	61.6019953430944867
 1283.000000	8.1745792418167227	109.0323640883897127
 1284.000000	8.1557609602056544	109.4679697986941562
 1285.000000	6.6275483785470515	94.1553631971843288
 1286.000000	8.8083676010894418	94.1413115695545173
 1287.000000	3.8898384893619777	52.7755001115101692
 1288.000000	7.2726475052526975	97.8181771464526832
 1289.000000	7.9324013257668424	101.0548205857469668
 1290.000000	7.2055063725314854	79.2765777695731089
 1291.000000	7.0936406683654400	86.1197932977391503
 1292.000000	7.6526506377422994	85.1034904929714600
 1293.000000	7.5617984809610208	89.3165798828233477
 1294.000000	8.9669481410719403	89.4196450737394599
 1295.000000	8.2354426114886508	96.4552673203884581
 1296.000000	7.9943985037274956	96.6758756250802946
 1297.000000	9.1682728494462076	106.5223185786840929
 1298.000000	7.0296478359680021	68.0495479013067808
 1299.000000	4.7984835133776302	55.0328264203841115
 1300.000000	9.0070715852590428	85.8653664870619480
 1301.000000	7.8347055181147773	68.4971370556225310
 1302.000000	7.0466942027285233	166.7797782064716898
 1303.000000	7.4424086584634868	140.5934575642661173
 1304.000000	5.7330227838654428	166.6076502846677556
 1305.000000	7.3499600427311984	158.3920757217175606
 1306.000000	6.7939334258620185	163.4618082698670776
 1307.000000	7.1273188793020212	95.2962434389163633
 1308.000000	9.1073674397620330	141.6663711843341673
 1309.000000	10.0925622244036930	59.4813404154209167
 1310.000000	11.1087440353969562	112.5295386981624546
 1311.000000	9.6171124908889709	29.6145096506904792
 1312.000000	10.4656365089539420	103.5682655422828162
 1313.000000	11.1180559011041638	93.5399997623398036
 1314.000000	10.1176276421413984	70.3294202560760198
 1315.000000	9.5810883265298408	66.5054594358030045
 1316.000000	9.0466595566673327	33.8589564896099944
 1317.000000	10.5169759918853600	76.7502937324670853
 1318.000000	10.5341311927619525	113.1894202845268183
 1319.000000	10.7987461909467637	85.1302698757329352
 1320.000000	10.9676548613212521	98.3458298310142993
 1321.000000	10.5399448095509403	98.5426232857833355
 1322.000000	8.3564827379015121	23.6684043754668210
 1323.000000	10.4518283083501995	89.8583712283655700
 1324.000000	10.6392047882400202	81.0449646196935731
 1325.000000	10.5955709461000076	83.1864563640000227
 1326.000000	10.8243359680824209	94.3066151718511065
 1327.000000	10.8129225562366500	98.8581284165722280
 1328.000000	11.0535935348048149	81.6923816782036738
 1329.000000	8.9054296539191728	34.1789049982084521
 1330.000000	10.7846490850063805	102.3890930371939163
 1331.000000	10.7236445662965458	99.5565741081874762
 1332.000000	10.2850560470816070	104.1440462007203962
 1333.000000	10.5492970157358030	91.5244846011762974
 1334.000000	8.7583458566033094	23.9728762804753046
 1335.000000	11.1865398198057591	91.4380774877467957
 1336.000000	11.2236849555334608	105.7465365872710095
 1337.000000	10.7116946761356058	89.8070655723376348
 1338.000000	10.2322981859835629	99.2355961317769584
 1339.000000	8.9477621120290678	29.3903191012451828
 1340.000000	11.0531969865709865	101.6440626874735500
 1341.000000	10.7793573183095734	110.3768483375219915
 1342.000000	9.1524603473944062	50.9612274148985875
 1343.000000	10.8345045017770527	82.3577601229777940
 1344.000000	10.9177696453404245	95.8480498903804801
 1345.000000	10.3072757607097145	88.3889234107434447
 1346.000000	10.4142539965202570	96.8275576529119206
 1347.000000	9.5342331323207663	40.6997406959899308
 1348.000000	10.9711609232233798	93.2427954751958765
 1349.000000	10.6129807536788583	97.7058999472283318
 1350.000000	10.5663739099564111	79.1689200361621914
 1351.000000	9.3851634743589898	34.9070941186162997
 1352.000000	9.5202520575455889	40.1905069568686883
 1353.000000	7.4250362387521962	109.0842172418997933
 1354.000000	7.9279360943803185	136.1297282575301040
 1355.000000	7.6912660718399968	108.4303918752643483
 1356.000000	6.0306767273254236	132.1092484322513201
 1357.000000	8.7836231799859679	115.9163468922803730
 1358.000000	7.5540137357131680	88.4382352215680783
 1359.000000	6.6730895017672562	143.0830263617756373
 1360.000000	6.9933285446945872	102.3704553754968458
 1361.000000	6.3038765554473724	116.1527236985363913
 1362.000000	7.1724466324351415	101.9414761875399904
 1363.000000	8.2381973443294108	143.2065940558612738
 1364.000000	5.3056241022747130	40.9615643269850693
 1365.000000	8.9380531277341930	159.8017865459847826
 1366.000000	9.4559042375339875	105.5207201961259500
 1367.000000	7.0860670586589078	74.7349769615310038
 1368.000000	8.4745221714228585	149.4483884945339298
 1369.000000	8.3961050283691527	143.5349105314288920
 1370.000000	7.3358026042573874	38.2241512044638796
 1371.000000	10.0100217909809714	142.2869189512614980
 1372.000000	5.9870358394105621	86.1118119486880573
 1373.000000	9.2162664356806925	95.1093418479525923
 1374.000000	7.8775548920564242	95.7206805460753145
 1375.000000	6.2022943970512658	169.1223477476957271
 1376.000000	7.4830382704132834	60.7875147433219212
 1377.000000	5.8639814203406093	29.3794744618608377
 1378.000000	6.7231034037991835	20.7937307798875679
 1379.000000	6.0340021920037481	25.4882866660140337
 1380.000000	6.7377554538713262	50.2264446663335775
 1381.000000	7.8466449230102144	106.6495904843177129
 1382.000000	5.3889950856116302	86.1672290244916326
 1383.000000	6.3939840998278399	67.8892682396397760
 1384.000000	8.9490844566528391	141.5159890285790425
 1385.000000	7.4403775326203299	22.1486764080557919
 1386.000000	8.1840136996795252	129.2366218654300383
 1387.000000	9.7134395494505998	129.6371682767362472
 1388.000000	8.7481229065789101	123.2886139888652224
 1389.000000	8.3941362069554426	75.2954448402350067
 1390.000000	7.7763489721611210	126.6371937472186744
 1391.000000	9.1733594015861044	143.8399002419881469
 1392.000000	7.9650400040180909	159.1909030567861123
 1393.000000	9.2420984610701424	140.6770279540389765
 1394.000000	6.4925276243652004	171.4842693010303094
 1395.000000	6.2997429117781563	158.4182978790563823
 1396.000000	8.7051596602845009	102.8136646360905644
 1397.000000	10.5174507358667952	83.9512397557558074
 1398.000000	10.2698810680905854	83.7618496192596922
 1399.000000	10.9757756269145901	91.9244403341436254
 1400.000000	10.3710223965221431	91.6764668353387719
 1401.000000	10.1869448630249462	102.1530214162299330
 1402.000000	9.5590651565505205	31.7729762911746718
 1403.000000	11.2333202107956609	97.3067017547255517
 1404.000000	10.6985587634645487	102.1762819519865673
 1405.000000	10.2601819854742864	102.7516098914279894
 1406.000000	10.5607379175197114	101.8728217551847877
 1407.000000	10.5763566796966550	79.6085721149593155
 1408.000000	11.1538649663572560	98.8131880622654251
 1409.000000	10.5852377567119973	110.2072632812323292
 1410.000000	9.7191455402295812	42.5070322586170164
 1411.000000	9.9207926179831549	83.5557128014501416
 1412.000000	8.8709140357802578	79.5892855875191287
 1413.000000	10.6384431716904881	98.6658829579900214
 1414.000000	9.0540585101157696	46.4303707753663275
 1415.000000	9.5937256708628755	48.3393627987419734
 1416.000000	10.2708550417835394	89.9042489314989695
 1417.000000	10.0541698231450560	85.3768251700698926
 1418.000000	10.3482557272125302	89.8548937433503738
 1419.000000	10.5342129435759055	77.2960285556019784
 1420.000000	8.8426619377632445	35.0142257835366308
 1421.000000	10.2259870494742238	89.0501987576723906
 1422.000000	10.3718341403639069	73.5166194115945899
 1423.000000	10.1562009034752521	109.6917396553917143
 1424.000000	10.0045888978197866	91.0980463239728380
 1425.000000	10.3996950994463830	79.3404449279070150
 1426.000000	10.9908755671359675	78.8917148419967447
 1427.000000	10.7815463586706848	103.9996810278945816
 1428.000000	11.1477218405308030	91.4838669472220403
 1429.000000	11.2914518848723855	89.9440980792148821
 1430.000000	10.6640501883226051	81.3961778456028355
 1431.000000	10.5378716140843274	94.6423446603852767
 1432.000000	10.1648829103711389	97.2896483426307555
 1433.000000	11.5743849518736592	101.3519379984309694
 1434.000000	9.1433459842464639	33.5121430767871402
 1435.000000	10.9428566354158878	92.4844161301220993
 1436.000000	9.0566881268068027	32.4577232794602253
 1437.000000	10.8662404740837069	112.5111809385515897
 1438.000000	10.2826402583258538	76.9430429801084017
 1439.000000	9.0628436950576710	127.1749171898416648
 1440.000000	8.1408844934102937	87.2842409878170287
 1441.000000	9.3849270280918020	124.4195720684881792
 1442.000000	8.2416484789781510	129.1163909281451936
 1443.000000	8.2507847946101442	161.8405501163219640
 1444.000000	7.3441675343974708	112.5413412455400817
 1445.000000	6.7917529431672072	11.9449761328504280
 1446.000000	8.5103520085708553	71.9870030965909393
 1447.000000	5.9822470615846903	125.4058763323018013
 1448.000000	9.1408775068695860	129.2426529944086724
 1449.000000	3.4304852376956676	95.2613943677182391
 1450.000000	5.7425671857478404	71.4168729435093752
 1451.000000	6.2287367706129508	126.1419584343912135
 1452.000000	4.5106370755489253	54.7004862301199211
 1453.000000	5.8566448573545724	89.1329964029979891
 1454.000000	8.6654984674396065	129.4633305777942951
 1455.000000	6.6905797158527145	17.1310704031772048
 1456.000000	8.9190574756242089	129.9900069233953275
 1457.000000	6.2627917676834839	95.7907967073226132
 1458.000000	9.6722858913217422	117.2316844536983638
 1459.000000	7.8730816913632333	158.6534637296796575
 1460.000000	7.3792325219886168	124.0939306506345758
 1461.000000	8.8226939613385937	86.4234410465028873
 1462.000000	10.8060448352835010	93.1619416351771861
 1463.000000	8.9757153023947609	53.7944130520412074
 1464.000000	9.0095481860089510	17.6154424259366635
 1465.000000	9.4933900158665185	54.8564156915202403
 1466.000000	10.7032268679844513	113.9901310466933495
 1467.000000	9.5602764753773268	42.4804509430329631
 1468.000000	10.8395601012512870	87.0336638722420020
 1469.000000	11.0806230756183766	86.0979627320167111
 1470.000000	10.4827548906822408	81.2802640577382220
 1471.000000	10.3913444726498501	90.5018789336089498
 1472.000000	9.0918099601507834	28.2204161168411929
 1473.000000	10.5717988098175439	88.4911075009750761
 1474.000000	10.9825186262931656	97.6693996198823697
 1475.000000	11.0643969379207974	93.8139401371066981
 1476.000000	10.8872650276552640	108.0085395082757316
 1477.000000	10.9375538468646951	97.1106823607799328
 1478.000000	10.3566338548659953	54.7014287151498166
 1479.000000	10.8229045594316151	105.6723216082278327
 1480.000000	10.8516842296762110	97.4102673827855909
 1481.000000	10.6752326334643008	109.3474211839527044
 1482.000000	10.2283641013567674	90.2313332456879920
 1483.000000	10.6412236047137103	83.6358422249614222
 1484.000000	10.4241688253807645	90.9982310656760944
 1485.000000	11.2052972758795342	94.1739599709298432
 1486.000000	10.0022611643214301	71.2137610098202600
 1487.000000	10.4736645067898060	87.1979272090270427
 1488.000000	10.9989618304830330	85.4552042053340415
 1489.000000	10.7388846692046283	75.1521512137052952
 1490.000000	11.0006851200674465	88.4100755037804333
 1491.000000	11.0201350681970531	83.4840378762219473
 1492.000000	11.4367710849256294	112.0835867127628944
 1493.000000	8.9512981593240877	128.2290849395450607
 1494.000000	10.1404478509945282	76.8153249555849698
 1495.000000	8.3629440717969334	106.5107269091670474
 1496.000000	5.9341868165029981	127.9254169034381903
 1497.000000	8.5777751829121129	126.6428406751603859
 1498.000000	6.1581199328114655	155.9212052561370001
 1499.000000	7.9432985097419238	51.6875804674100152
