 0.000000	10.4042531508648679	131.8871534200324618
 1.000000	7.5567306858541770	120.2698724106500663
 2.000000	8.6994541234996241	124.6951528106570493
 3.000000	6.2610861777758062	101.4952267193517770
 4.000000	5.1404892603859356	106.3511384170583653
 5.000000	3.0051339663696992	24.1261181693342621
 6.000000	3.5313903203740469	102.5339287628084577
 7.000000	4.4597502088713883	95.2585774918394605
 8.000000	8.7275008304895199	126.6688595578378909
 9.000000	6.6913966550654020	135.5202065941093679
 10.000000	7.5272641559101450	150.3394129200811449
 11.000000	7.9375388681180770	110.6125606544389655
 12.000000	7.8357465771565646	130.1343930716547845
 13.000000	3.3058351536762731	80.0334567345521748
 14.000000	11.0438792452879238	122.2797792190550297
 15.000000	9.1558017283195259	75.3800013332701440
 16.000000	8.6855040753534762	45.0210794870394864
 17.000000	9.4768327898853286	119.8816163453063552
 18.000000	5.8492786632569453	117.9342251114388205
 19.000000	9.6570223416332013	149.9050655617045038
 20.000000	7.6556357626993314	134.6765695758886636
 21.000000	8.3829306638011865	136.2295565477294303
 22.000000	8.3180330217673006	155.9058907457386738
 23.000000	7.5846879308637352	127.3983521942176935
 24.000000	8.1596748185222836	116.9158378736133557
 25.000000	7.2668299816935713	96.6622437039461033
 26.000000	8.0154512829092894	117.3624502709445778
 27.000000	10.9006486092673676	97.3803781927338008
 28.000000	7.2615577430791163	14.7380049170234599
 29.000000	6.3898621618923910	23.0296813006057448
 30.000000	7.1690320248905453	28.0228652888777958
 31.000000	12.2473554133208680	118.1981767213654848
 32.000000	4.9984539758655604	17.2003486335970024
 33.000000	5.5628581831826498	33.4318574997849964
 34.000000	9.5390867145499456	149.9049278621910162
 35.000000	7.3350541793294539	119.1504179004950856
 36.000000	9.6864980058986259	126.3512351103951090
 37.000000	9.5811221004944560	146.9519226346280902
 38.000000	8.6978610207828542	141.7419461955324209
 39.000000	7.6053745353039242	135.0865194593276044
 40.000000	7.7207462740179071	128.5613020975289942
 41.000000	8.5590325632872428	128.2548538572711152
 42.000000	9.0322761039105011	113.1833502055760903
 43.000000	9.7710610973128382	132.7568816026883383
 44.000000	11.0099834041503026	145.8177932125587972
 45.000000	9.2475770133183026	144.1125704739690434
 46.000000	9.1091480158382012	154.0340917775550906
 47.000000	8.1102951137166475	121.8628264804971906
 48.000000	8.5931625839543546	122.6462314004251368
 49.000000	8.7153723481914600	152.7345688946334406
 50.000000	9.2937726726069503	146.0325410352816391
 51.000000	3.6702158427818872	107.4714422197192647
 52.000000	7.9941239920639227	112.9668044981785897
 53.000000	10.0916711846379972	87.7736791834512502
 54.000000	7.3526860054305709	99.7436879704835491
 55.000000	8.0907274669886036	83.5903221829403549
 56.000000	11.8328815876929152	117.8390935307397172
 57.000000	10.0986167829568707	65.1904870905286487
 58.000000	7.0076391969041536	46.0237115296028776
 59.000000	7.9494655732765560	66.5715523704618164
 60.000000	8.6436057913130746	70.3086827280713464
 61.000000	9.2323285134328845	70.0791228754588360
 62.000000	12.8737934814300647	109.3268839824365415
 63.000000	8.8802426215659853	124.1404192243741846
 64.000000	11.8190207620027437	109.3500530950999519
 65.000000	9.1409092540109995	77.8016037522096155
 66.000000	8.3785491287637264	80.9180413273577130
 67.000000	11.7772337787410439	92.6440723216326347
 68.000000	11.8393306891452781	142.8191659617821188
 69.000000	10.6960617312709054	110.5662851095846548
 70.000000	12.7290037285439777	123.3660709943394522
 71.000000	15.0820682033395741	143.6242308959743923
 72.000000	15.5626584431097381	106.3042285560325411
 73.000000	14.7822670658588109	120.1043366482702908
 74.000000	14.5636053477907712	123.9870683072553845
 75.000000	14.5458457439538584	128.1851531981010623
 76.000000	15.9650324596948483	91.4146330856934242
 77.000000	13.3486604729637044	122.2378328140311083
 78.000000	15.4701114634664627	120.2066507257048471
 79.000000	16.7743512788114515	116.3490482579442613
 80.000000	13.4195585808190785	133.2066060117966799
 81.000000	16.5537242392535227	142.9911632270330699
 82.000000	15.7592625530052413	126.9842126668310840
 83.000000	14.6698311010377882	144.6266146651236681
 84.000000	12.5400236034386978	123.9166102248464085
 85.000000	15.0190624434952014	129.8948379084875739
 86.000000	14.8187422493094001	130.3570001584168949
 87.000000	15.8776695476664766	114.3333397615606231
 88.000000	13.9606430883104853	119.2938685044321119
 89.000000	14.7393764826209779	128.7707129983341190
 90.000000	15.2863401623072228	138.5261834002714352
 91.000000	15.1233644078551759	145.7210785765825563
 92.000000	14.9671262641421325	150.9646645892184722
 93.000000	16.0479631817611050	134.6890444240123657
 94.000000	16.3745041313627873	137.9621001088643766
 95.000000	15.0918381474352632	132.1097926031858378
 96.000000	14.6792287529294576	144.5306469944877961
 97.000000	15.9182204734464836	150.0270990543505150
 98.000000	16.0804330635989281	140.0962851840474173
 99.000000	15.3244785954799880	127.2721220763399685
 100.000000	15.3430051655265647	123.4916246328262730
 101.000000	14.1302872786797913	135.8227271091581656
 102.000000	16.6683174966048320	123.3835290323123672
 103.000000	14.6671020550882378	125.6386895731204731
 104.000000	14.7032900897244030	154.9507285967259804
 105.000000	15.6981063817438411	144.1950393069956249
 106.000000	16.2333145552859115	128.7201462925030455
 107.000000	15.1316463754137125	125.3937138760253731
 108.000000	14.7586055909765683	144.1998077172818000
 109.000000	14.0490815496779664	151.2535102514123082
 110.000000	15.3212655611141511	119.6873847767851373
 111.000000	15.5660518091554732	125.2378857380877974
 112.000000	14.9017431730942249	134.6113600680644993
 113.000000	16.0371914339503583	154.8054054336757019
 114.000000	16.1120975552441053	158.6459767695016581
 115.000000	16.3278819145549328	137.8571110296004463
 116.000000	15.2435413408684344	114.1223039037700175
 117.000000	14.1003945332637510	112.1116796736358623
 118.000000	15.6006352331158222	131.9300030272571860
 119.000000	15.3899675289897040	122.8683543634957971
 120.000000	17.0964304639873390	149.7853258870108277
 121.000000	13.9805159968558463	110.8470344838709707
 122.000000	17.3001485127177688	138.6951699585845859
 123.000000	14.8416407340417464	122.9982572987641731
 124.000000	15.0427443571034782	152.8416483720908445
 125.000000	14.8211912635433620	135.8103521310193287
 126.000000	15.8703993490603352	142.8662177975767804
 127.000000	17.2362338339450964	134.8980140810737112
 128.000000	12.6417571581398249	132.4820120005852004
 129.000000	15.3850677707405552	126.7998531011303385
 130.000000	17.0456987053038844	121.8178724203823435
 131.000000	14.6659698207653566	140.3704943970876968
 132.000000	15.6943892966645713	120.7262598388967945
 133.000000	15.2416922320439578	119.8217094638892348
 134.000000	16.4387756436790227	146.6813093487151889
 135.000000	15.2251632658100213	152.3318602210000847
 136.000000	15.8879858081278069	119.6289714780770339
 137.000000	15.7643185802025698	140.0432263201845160
 138.000000	15.1596353835361857	135.7324995873985927
 139.000000	15.2919689341622291	120.3242067863795484
 140.000000	16.6383359653823710	150.4534628453222354
 141.000000	16.0983795802853855	133.3250382191513381
 142.000000	15.2567837341750874	139.3983097478792956
 143.000000	15.3128894834505687	115.2328184067726937
 144.000000	14.9698576447281315	154.1270125278974206
 145.000000	15.1383083711463939	161.0412824614232647
 146.000000	16.6937551646576452	151.7063162778260903
 147.000000	14.4222439825505671	111.6480853946038820
 148.000000	15.4066838498440202	115.2783352980269456
 149.000000	16.6478355739620127	134.9161598576438621
 150.000000	14.1848187383317903	126.5136531307758645
 151.000000	15.2732851151356748	124.1769308613638998
 152.000000	15.6527444191978304	142.0503696796962458
 153.000000	14.8170368721081296	122.9046757115446127
 154.000000	16.3454734325697615	144.7384586090328185
 155.000000	12.3953501878863630	101.6808482372334339
 156.000000	15.7452542270657574	120.2371218041024719
 157.000000	17.2490844759110971	121.1535056303939513
 158.000000	14.4004795540634198	105.9491398164184517
 159.000000	15.3703214329257420	125.8518468009104510
 160.000000	16.3747610961677701	134.9880459810219691
 161.000000	15.6237065680282576	122.3853806156627684
 162.000000	14.9007764281712412	126.5716170735176718
 163.000000	15.8642996213962739	135.6734264952952458
 164.000000	15.7945370641271836	154.3792189688450947
 165.000000	14.7637788765662012	119.8019297064282966
 166.000000	14.3690584471857257	140.6476241011263539
 167.000000	15.0025101070454774	135.3396803865512652
 168.000000	15.7129580753795128	150.3590165279337043
 169.000000	14.1560686230393724	139.7339279375401020
 170.000000	15.2041308774777502	113.7952546724295928
 171.000000	15.6046141261610387	132.5878168781302975
 172.000000	15.2652741474859450	156.8972244624924883
 173.000000	15.9746515449236455	126.4720525495166186
 174.000000	16.1764304717820302	168.9075865652094706
 175.000000	16.9587982796325392	114.7850762239227720
 176.000000	17.1195825896294771	113.7982128966138902
 177.000000	17.5430086991976886	128.1472019316955198
 178.000000	16.3099567223297974	112.4896793335194616
 179.000000	13.9551958574447372	123.4949784015657883
 180.000000	13.3730836312724168	115.7669517174551856
 181.000000	15.4839195251509203	103.8452680685966101
 182.000000	16.3832181976305264	137.9688294062359546
 183.000000	15.7430399937134258	126.5585299424754453
 184.000000	15.3125472244401486	130.7441754910668408
 185.000000	15.5889323885223288	131.1088645446729970
 186.000000	15.5552656392898072	150.1806554436244028
 187.000000	16.3313947897900071	144.4347360860754179
 188.000000	15.2826684496557146	141.5674257644616887
 189.000000	14.4006654330685482	136.2578761814530992
 190.000000	16.0189651563120776	124.5084369894259595
 191.000000	15.7141285214313271	136.4441390155701299
 192.000000	15.0145714001382586	100.2869032057866150
 193.000000	14.4022473914190776	138.6752668395317016
 194.000000	15.5099766046709409	164.3956186241176169
 195.000000	16.2780766897788993	103.0314504347420836
 196.000000	18.1008786641986852	118.7164902458739277
 197.000000	17.3519408803407060	132.8522317263065702
 198.000000	17.9903961210193337	139.8691521303708214
 199.000000	16.8743683031157019	99.2153774162691491
 200.000000	15.8754230618313468	140.4755342062442764
 201.000000	15.6982713739839124	130.2223203132725189
 202.000000	17.4646471487815873	149.8828892051950845
 203.000000	16.5300948005222814	160.0485804296728531
 204.000000	17.2105175764208163	160.8033037870211217
 205.000000	15.7382841931380959	109.2004229250205753
 206.000000	16.4644771492247308	107.4202023618069148
 207.000000	15.2878649029613634	109.9483782190511931
 208.000000	18.4701975578928632	178.7009770670095179
 209.000000	18.5555492141126273	139.0660703845061335
 210.000000	17.1488812288560908	124.9651104390082708
 211.000000	18.5148308564337434	146.0119560645692900
 212.000000	13.0782065701291579	103.4543542487651848
 213.000000	15.9350832915871958	129.0418806582159164
 214.000000	16.8410424708552746	170.5920023350077486
 215.000000	16.0729338038284695	103.2576348197304412
 216.000000	14.6541966717488190	130.8419525756984285
 217.000000	16.1254127329185373	116.1797998670945162
 218.000000	14.2160305833448479	83.2188257836588292
 219.000000	9.1530632429266774	126.2620392598217904
 220.000000	10.5912222277658792	108.1673416004571209
 221.000000	11.0075406820576838	158.8118128034140284
 222.000000	11.8047463769599705	115.7081501793199863
 223.000000	13.2610807032013263	98.5125022810749869
 224.000000	12.8487309749868128	97.8323418301801979
 225.000000	13.6960856509690228	88.7054644993444299
 226.000000	11.2472345435498191	118.1465258434824648
 227.000000	11.8857949850127724	106.9662307099165872
 228.000000	13.3608971221204378	103.9665619486586081
 229.000000	12.3926982541048591	141.0331451457542471
 230.000000	11.3283293160541181	116.8716543079396217
 231.000000	11.8095567694838426	116.3821440701710657
 232.000000	14.2029555471258320	115.3683194109080574
 233.000000	11.8808121742665040	120.6194069237701001
 234.000000	14.0744999097631336	141.7983604190040126
 235.000000	10.9841332562119938	114.9575239436101270
 236.000000	16.6247502741301005	125.9914326411656731
 237.000000	12.0289383621830943	95.2689975571985457
 238.000000	13.3413615095332183	111.5462669402036227
 239.000000	9.8797896816846542	122.5831237450629487
 240.000000	7.9583199004970986	96.9824238346905219
 241.000000	5.3090574259195167	15.4783905213992341
 242.000000	5.4409324079426646	30.1996447257886302
 243.000000	7.9510745569981438	144.6476444756248441
 244.000000	8.9354568986990941	108.1790941198586751
 245.000000	8.0129484264665845	100.5641303533846127
 246.000000	6.5946729988681021	71.7877601808403938
 247.000000	6.7434484553458134	59.9693949432495828
 248.000000	9.0390305640791020	16.5783971775343275
 249.000000	11.5332878399353760	130.3316323421862535
 250.000000	10.7634922903975134	126.5139494185241205
 251.000000	8.1831950527232511	94.7339906587953493
 252.000000	9.2581611872836493	140.9632433601855155
 253.000000	10.6222267239870831	159.6658644515825927
 254.000000	11.0536246719564399	132.5652547231743483
 255.000000	9.1232870637234669	131.6322093738376111
 256.000000	11.9419505741082190	136.4240835851677218
 257.000000	11.2103029576844229	118.9107311146499910
 258.000000	14.9840076307344692	97.3947320204447209
 259.000000	12.1091143205512566	140.3048744947488444
 260.000000	8.9183306986687789	126.2267598590679540
 261.000000	11.1882402134196557	130.3602850091711503
 262.000000	12.3352076555040391	130.3361815128593832
 263.000000	7.4691695224909065	136.5077594228041562
 264.000000	6.1375700439153995	131.7057396757930974
 265.000000	7.5949633879865388	134.9824612827799513
 266.000000	10.7626289444340575	130.4922439041204996
 267.000000	8.0785422056626039	7.2820285492571202
 268.000000	11.0544581258207089	99.9197563738192969
 269.000000	9.1944284746563216	149.2513203247905835
 270.000000	7.2817731945622484	141.8686484126819778
 271.000000	12.7479761993305285	131.3767347325957076
 272.000000	10.3283420391762260	143.5698221503660363
 273.000000	7.2993358191577489	109.1295318869391906
 274.000000	9.6682818839150464	100.4997628952380211
 275.000000	6.6407415773854677	83.7006283978152510
 276.000000	9.6673485087851123	100.0553518551434706
 277.000000	14.4177959704503333	121.2819394792286971
 278.000000	9.5191749419309915	128.4822123710222854
 279.000000	9.5739750813893618	107.5118894012542654
 280.000000	9.8831394479298869	106.4189931772428253
 281.000000	9.2190346225916873	143.0108753114060960
 282.000000	8.2996240762569542	97.5667194773422182
 283.000000	12.0419783443406345	107.0939990158681638
 284.000000	12.1059029044547142	107.6251025588421868
 285.000000	11.3765385657900104	128.7213064056865051
 286.000000	6.7742497285284111	145.8314399480241832
 287.000000	9.4507251669405523	125.3966332924333642
 288.000000	7.4311514630532827	122.5509978560742468
 289.000000	7.4667296747308658	140.2353824063268064
 290.000000	7.8634815397050106	125.5772934560575322
 291.000000	9.0121551828919522	122.1668955328402717
 292.000000	7.9591059323851292	136.3745747991924588
 293.000000	7.7843817420531947	136.5416035248250637
 294.000000	9.2526301201761818	127.3945399242672494
 295.000000	7.0558084256032734	135.8839569068053947
 296.000000	7.9861243002647662	112.8566588188594011
 297.000000	7.1272201774263966	112.7477568035872366
 298.000000	6.7359980133326562	125.9307670003902757
 299.000000	7.6705157552100136	135.6306420483770125
 300.000000	8.7184159293981836	132.2851923074463798
 301.000000	7.3050641174214332	107.1690232844663342
 302.000000	10.9977608111934693	127.9858022563847442
 303.000000	8.7764648639238292	153.1750840264653277
 304.000000	10.2844304954276566	158.1805370628236744
 305.000000	9.0391794744292682	152.6364667753742026
 306.000000	8.6793903885390566	96.1868051031814701
 307.000000	7.4778595957181642	108.9720169447114273
 308.000000	7.4658211037691595	114.8808719246083001
 309.000000	7.6299140695192698	102.9543300508648116
 310.000000	9.2892629035073497	131.2162356612637950
 311.000000	8.6327890262407081	91.2096466719047214
 312.000000	4.3604716981052212	18.4303500097795734
 313.000000	8.0937478463378341	146.4150932220251207
 314.000000	9.0636463330770738	128.5259822667337914
 315.000000	8.4189998948109093	57.6150916127537442
 316.000000	7.6174732055912306	52.3639093129399811
 317.000000	9.2124502794208603	103.5498479708984689
 318.000000	10.1437349327301085	123.2169390253846757
 319.000000	8.3459886806979089	131.0647187704335010
 320.000000	8.7447698493396473	116.8851807409825057
 321.000000	9.4463760396621712	121.7258878742706827
 322.000000	9.2014310723209789	122.9464984861652539
 323.000000	8.7712560733697131	138.7400403498939454
 324.000000	8.9360601242632374	103.7026343119253653
 325.000000	7.6769032205606100	132.1865093425140572
 326.000000	9.0688595079020331	129.6165194980032140
 327.000000	9.0457045480551201	122.8711352620114212
 328.000000	9.3198063346795745	87.0607347848477389
 329.000000	8.4094611924875977	103.4588592543459100
 330.000000	9.5727724015800089	105.4846849891946476
 331.000000	10.1193158705761448	104.4602454271392844
 332.000000	11.2680963084817805	106.7778570475293378
 333.000000	10.0203840534793702	87.9616496503441851
 334.000000	8.3096034344950400	134.5277072448312481
 335.000000	9.5069419879264494	121.4360388215892925
 336.000000	9.1323615913466991	136.7600493306983367
 337.000000	9.1355112097683673	137.6681190693544181
 338.000000	9.3099430150288995	127.6766140140126140
 339.000000	9.2234408034547037	118.4427871866355844
 340.000000	11.4789596627270125	142.3840226252343939
 341.000000	9.1475769432484650	119.0779533963813890
 342.000000	8.5743516616608417	122.6792137833643039
 343.000000	9.5348005032101995	121.2116082113668654
 344.000000	10.8328431603712545	120.1846531506930660
 345.000000	7.9254979047098875	130.2419875427767124
 346.000000	7.7527309257284225	100.3211650253854259
 347.000000	10.6065969613112649	127.6032189023106582
 348.000000	12.2566677018110894	139.4385627580920186
 349.000000	8.0150456549508515	125.9620448320663115
 350.000000	9.4793645694823176	130.8161663302700219
 351.000000	9.7830589884724617	140.5037751004646225
 352.000000	9.6096239468365923	124.4851401061382887
 353.000000	9.9282738913829967	138.6314269448348853
 354.000000	8.1491955835020065	146.9546149901553065
 355.000000	9.7225982844905161	142.4564070079817384
 356.000000	11.3689819379591324	128.2154072875367490
 357.000000	9.2709561107388883	141.4923406657702003
 358.000000	6.1730220965897393	38.2400350862264986
 359.000000	8.4118958733269782	122.5200174845005279
 360.000000	8.6926092320258075	145.2808278194827665
 361.000000	5.9908539847305669	122.3657578736791720
 362.000000	9.6477593716051402	106.7744048919471425
 363.000000	10.1256929960641635	142.1176373370438455
 364.000000	7.5440198092433848	95.9543103411931497
 365.000000	10.0444015788319518	112.4864200411982864
 366.000000	11.4567168521555161	102.0741370852096281
 367.000000	12.2838418053572145	125.5742435727972435
 368.000000	14.1607634903718278	146.5185178937276760
 369.000000	10.5090399107224552	105.7953537487465496
 370.000000	11.4564163333056310	101.2837039807554476
 371.000000	11.2652776325664199	149.1013394053995000
 372.000000	8.5383959888593157	118.9068012259595264
 373.000000	8.1598538607049882	120.1660052544156940
 374.000000	7.9080904242033228	125.6808003289166038
 375.000000	8.8965979120015586	138.2913894159026142
 376.000000	9.6103687287101867	123.8635385412108008
 377.000000	8.2035822264575433	134.3993635484049207
 378.000000	8.2834129639559890	123.0529963126156048
 379.000000	10.3395326500523570	138.8888099647140564
 380.000000	7.8583431505467223	135.1751149242509769
 381.000000	7.4263518751500825	116.0660301253106610
 382.000000	9.8974013015944724	110.2153313025381181
 383.000000	8.7933525263876717	120.0272498886935750
 384.000000	10.4685719312168715	150.4357181442323963
 385.000000	7.8429527317605885	120.1437498207561987
 386.000000	5.9840699099959878	118.5843418812285819
 387.000000	8.7480042071841222	136.4000250898233730
 388.000000	9.4306228647227961	129.1645873544064784
 389.000000	8.3393011660536853	123.7295434356448851
 390.000000	10.8281269854795941	104.0139467391473289
 391.000000	8.8637551529114695	41.7516871202433322
 392.000000	10.3845071715496768	89.3332925918381875
 393.000000	8.2703228413035177	84.1192028076873868
 394.000000	10.5445802901144035	97.1481596601225448
 395.000000	10.6456979185630569	111.7435981156420581
 396.000000	10.8100403245994752	133.5612182875980807
 397.000000	8.0523738913247609	141.9159404354508069
 398.000000	7.9035182911610393	125.0445209520623564
 399.000000	5.4762123924703845	53.5859302781306610
 400.000000	5.3061084753786716	22.9430750185957777
 401.000000	8.5037358102769591	116.0928777741012823
 402.000000	7.0137924034406298	129.1175645399855512
 403.000000	10.2937824963986913	96.9742185183844185
 404.000000	8.4045827735997687	133.8300359462391214
 405.000000	7.2838834717718877	128.5136534327117772
 406.000000	4.8584104005478217	23.7402469659486997
 407.000000	11.6990757100862304	100.1527261318518214
 408.000000	14.2464541831616422	108.1469392574489348
 409.000000	14.7277170515245839	145.3813769498827924
 410.000000	12.7466512181097720	116.5679445128639884
 411.000000	13.2688286377833276	153.9659393066328050
 412.000000	14.0692130302717828	119.7364576987430240
 413.000000	13.4103988227169637	118.3137929151039600
 414.000000	14.7792887129892261	109.4253651121290005
 415.000000	15.3746871079147454	86.0229648317585003
 416.000000	12.3074245222750509	116.4643891863932481
 417.000000	12.9891240869347442	100.0975754404859117
 418.000000	10.5547128090576905	78.6036170170195305
 419.000000	7.0567889344083463	88.3042671090487232
 420.000000	8.6297533374528044	42.7663207203781894
 421.000000	13.5672534350126064	131.5263050896251116
 422.000000	11.7681198757202150	123.7605862261507639
 423.000000	8.6666715364762297	95.0461260107183250
 424.000000	14.4792249739471917	138.6920249164177505
 425.000000	13.0747537376224585	89.6465705274786586
 426.000000	13.9534432326930737	100.0846311401680282
 427.000000	12.6068337754816699	99.2786343506468114
 428.000000	14.9127437550707089	107.2934279256743224
 429.000000	8.6967253737457391	87.3991659359308812
 430.000000	13.0695164405905793	87.8363391813314394
 431.000000	13.8588131169194497	120.9240124748155409
 432.000000	13.2573208494007382	110.5816709854636173
 433.000000	15.2204531170402753	132.8206727814912256
 434.000000	13.0576715903019771	104.5462502336346091
 435.000000	11.5150275241968405	119.7981182649771199
 436.000000	13.8264481133399091	91.5393099968141541
 437.000000	12.1622435032723786	91.0676547239735328
 438.000000	9.2525467907053827	123.6880408071454269
 439.000000	7.7428915420331546	109.5789733499663470
 440.000000	8.1913521950901966	116.3500199717496173
 441.000000	10.7987536036597724	117.1203740233731594
 442.000000	8.8579377022870851	121.6037100011131713
 443.000000	11.2496503323548396	134.0371347267768272
 444.000000	10.0727732597489030	134.2933166140151400
 445.000000	8.6736968935070600	125.9104769779944348
 446.000000	9.8367883257337585	108.4318994030951444
 447.000000	14.6070234008541888	102.2461899556228957
 448.000000	8.8855178062531763	74.5559752228685113
 449.000000	10.4619765117316597	74.7570490891438482
 450.000000	11.6567351907420171	94.9625749308098932
 451.000000	8.0809288901878595	134.9315888244483972
 452.000000	10.1798290999718724	138.2743778260141596
 453.000000	8.3197557383851759	109.7175860621945560
 454.000000	9.9236048390295029	96.8599430752380215
 455.000000	5.1517153118389736	24.4718462489064450
 456.000000	4.9891902352442505	37.5098526946444508
 457.000000	8.9508085476920733	142.8765293705553177
 458.000000	9.8339672302690726	149.2709007039791231
 459.000000	7.9062852745377779	115.0703474744474164
 460.000000	8.8558676349085008	137.5431203592127360
 461.000000	10.6448654514036338	131.6628235064704313
 462.000000	8.7835301342980294	138.6329526923817639
 463.000000	9.7460885746329193	113.9210310946524487
 464.000000	7.6030539280689045	114.0495619714397151
 465.000000	8.6336179450382371	157.1891329786925837
 466.000000	4.6385791407102603	88.1530771279192038
 467.000000	8.9590798561269072	113.2939230024808950
 468.000000	6.7231103222915731	93.9699418901333701
 469.000000	8.6861650793959306	103.9975033429767848
 470.000000	8.1148277391033332	112.5793101539066754
 471.000000	8.0386622195879323	113.6642649967781011
 472.000000	10.9604225081641253	126.8001438358062529
 473.000000	2.7790114037033735	10.5647421728487245
 474.000000	10.0328854211253091	148.2987153398649696
 475.000000	9.4979219913031496	128.9842004073916542
 476.000000	9.8789710595246412	148.3633877358609539
 477.000000	9.3982839054975926	141.2933451722207678
 478.000000	8.7995048911261140	120.9403755136098511
 479.000000	9.2134103807230421	117.8355214502265653
 480.000000	6.4283451388985933	130.6086221868381472
 481.000000	8.8094252575734213	153.6862006993604268
 482.000000	9.0361642638221777	112.2622280127892509
 483.000000	8.7827850765945872	137.3571787355212166
 484.000000	8.1550802438720780	112.5484952985582510
 485.000000	8.9423149531689106	128.7421577480652672
 486.000000	8.7629568913230358	121.5868499620492287
 487.000000	9.3359173069415622	141.4553343929997595
 488.000000	9.1171445793897643	119.6477436542483019
 489.000000	8.1835047950307764	127.9642992718195700
 490.000000	9.1196078331595896	108.6083351523463563
 491.000000	9.5203153151061830	146.7213750264630505
 492.000000	9.6757064084714823	129.2943700682739063
 493.000000	10.8132055402169396	122.6972561790359748
 494.000000	13.3060887702220132	112.1819899363973576
 495.000000	9.5133105302883791	121.1619164765794494
 496.000000	8.1973236761840038	127.5437546287381281
 497.000000	6.7803802035963221	108.8742206064941058
 498.000000	8.4243486731160591	167.8439497317160658
 499.000000	9.5599932270839503	128.3196471771789788
 500.000000	10.4056509494029292	108.1702270005153821
 501.000000	10.3266408310860154	147.0852792090869343
 502.000000	10.2944960129432186	137.4990243706909041
 503.000000	8.3586648244222541	101.3509290351339160
 504.000000	9.8136120447121584	88.7293785162126625
 505.000000	3.4301812960332825	42.1115303010678872
 506.000000	9.4439864313201234	129.1766156389924163
 507.000000	6.3034403403266275	117.2935605017511307
 508.000000	10.2410087124444775	137.1434753218141509
 509.000000	9.4950114422659677	123.6531738589858662
 510.000000	7.5926325455210986	108.1051621704547046
 511.000000	9.9068787415905160	141.1356176434879899
 512.000000	9.3447437557911144	119.7716755814165310
 513.000000	10.1474777273497665	118.7587840126092118
 514.000000	10.9836725397580945	115.2218268997387014
 515.000000	7.6444209706420052	144.5254680887574352
 516.000000	5.9161660674845979	11.0029990015080159
 517.000000	9.3180903778933590	101.9839332191659338
 518.000000	10.0024170650293609	147.8805851867993510
 519.000000	11.0208923934531580	139.2800522819087803
 520.000000	9.4443684911739805	100.1761579707853258
 521.000000	8.1085099394332438	118.6367703298687104
 522.000000	10.4936155713223265	133.5297292005770373
 523.000000	9.5737166539006218	128.3647178883786921
 524.000000	9.5313554243837171	124.6821375671034389
 525.000000	8.3371882108251061	128.2710668929609028
 526.000000	9.0330603307636981	119.1394715668057529
 527.000000	7.2524829529119801	134.4018199392270105
 528.000000	7.4569791801148275	137.2557376795629125
 529.000000	9.9069303301031226	124.5348243970628346
 530.000000	8.9008579704137247	144.4893701838333868
 531.000000	9.9933861138060571	123.8548181937990194
 532.000000	7.7909710545748290	110.0517714929412136
 533.000000	8.0188053427442068	127.5787578381550986
 534.000000	8.0424288883388382	149.2461092335854005
 535.000000	7.9499457684932855	165.8957262069803846
 536.000000	10.5967532896961263	125.7257278823601894
 537.000000	6.5002667285914022	111.0223647155669369
 538.000000	8.0281639735491552	131.1131708779700489
 539.000000	5.4586788613420119	88.8865188962248425
 540.000000	8.9654821205445128	115.7522725192303170
 541.000000	9.0332982847551389	165.2606452107109760
 542.000000	9.8292953136960843	131.3108566388997929
 543.000000	11.5780349873374071	137.4454566992877744
 544.000000	7.3919536222920579	149.1416689031084388
 545.000000	8.0700880746614310	135.3220076533828831
 546.000000	7.6808497886821270	147.4249790513852076
 547.000000	7.6862835302188044	125.6563601914166100
 548.000000	4.2153257093313945	74.3377767221100783
 549.000000	8.8455654229786607	141.7522165944626806
 550.000000	7.5103140949787335	141.1113050711493315
 551.000000	8.4227890260843701	103.4870197501624887
 552.000000	10.5998304890916657	113.9843110391184098
 553.000000	6.6257685198135778	119.0667060989486004
 554.000000	9.1378507794639745	127.2138193343209167
 555.000000	9.5461021112361450	135.3276800576198582
 556.000000	9.8056053671193393	89.5197216400370337
 557.000000	9.8860104963731796	113.2744572992567669
 558.000000	6.9860896812988056	98.5009983588772116
 559.000000	11.9244670314054453	101.8489259531541933
 560.000000	9.2833162225554045	81.4957945010939824
 561.000000	10.0730012167995806	89.9657020449246829
 562.000000	3.2718662650598525	64.8993067492285007
 563.000000	3.0818750630200880	40.5706207944735979
 564.000000	11.2127198531252841	136.8410334986654675
 565.000000	9.5211240157333492	124.5072189260397408
 566.000000	9.0960479814653770	119.7426211136675818
 567.000000	8.9437515985415459	128.3761873145685968
 568.000000	9.9528994087729039	121.8336511334002807
 569.000000	7.9567865228130410	140.0936435581472779
 570.000000	8.9951333341555113	128.9315561352746329
 571.000000	8.3756393862209411	127.7166925847843402
 572.000000	10.0081897905827493	126.3346466964618173
 573.000000	7.9711509412707153	124.4744502379102187
 574.000000	7.8271350106426469	119.5319064951092400
 575.000000	9.0481134247742681	145.8599264224787078
 576.000000	10.5643744613725055	125.0965921371044374
 577.000000	12.3382671217267532	152.5462768228137236
 578.000000	6.0057966128434570	87.1422595130348157
 579.000000	3.2765383107982986	14.1094265615656411
 580.000000	7.0175802892564692	120.5491766480276823
 581.000000	8.0904521687584321	131.3182509784073488
 582.000000	9.4186976853365483	99.6738748424419185
 583.000000	9.7382692590967928	89.2076748746465000
 584.000000	9.9223543590376817	94.5585983510538028
 585.000000	9.6581861968970983	110.9850426682764066
 586.000000	9.3696565575096749	133.5346352225567728
 587.000000	10.2862514085723618	85.6125512524948391
 588.000000	11.7600636438771868	98.6732962205036301
 589.000000	11.1545255205500098	137.6402252047551258
 590.000000	11.1342472955018970	97.8738982496979304
 591.000000	11.2256929397754419	79.8829513536246196
 592.000000	12.0941558902231794	117.9844018175710119
 593.000000	8.7975007166074146	92.3501716923368718
 594.000000	9.1194810407986111	148.3859383589814058
 595.000000	9.8436760856857290	133.6511886864034580
 596.000000	8.8777236418409302	130.2048465919856994
 597.000000	9.9540896627710058	153.0171857590730440
 598.000000	8.1839928208740549	108.3176472080867825
 599.000000	9.1055503528366959	133.5895803710798475
 600.000000	7.5301572309763367	140.8517489746798219
 601.000000	8.3846991494528194	136.5161055581742744
 602.000000	9.8149708436742262	137.6228322833945015
 603.000000	10.3067927022983206	109.1424205257202544
 604.000000	10.1817383916024937	135.0736875106496200
 605.000000	9.6406469454980943	152.0865878819925285
 606.000000	10.0328950835090840	130.9098611776730650
 607.000000	9.3330554944646664	143.6101786639587203
 608.000000	8.0289069655606387	137.0915650565908663
 609.000000	9.9339653202962701	129.7944345441562461
 610.000000	7.4975403569213146	108.9071673601428358
 611.000000	11.0842122856422449	119.6100368930540583
 612.000000	9.6936950370188200	123.0502267034521253
 613.000000	10.4256745106181619	141.7116925104900531
 614.000000	10.6690907354424294	124.8614196414431063
 615.000000	10.1523971707552523	130.4342991028593985
 616.000000	10.2519828213355346	134.4610987043545549
 617.000000	13.2469375919944881	148.2369337665931255
 618.000000	9.6546196306919487	74.0334465920092413
 619.000000	10.4531548741267457	48.7974807576551939
 620.000000	12.6024423645126955	105.8741444341926865
 621.000000	8.6441420594025402	34.4280002092284292
 622.000000	9.3411163023848633	83.9295914775772474
 623.000000	9.3947010926171810	137.7923116984985654
 624.000000	9.3756003059204325	104.7654706585084057
 625.000000	12.5364533475024356	97.1192187462652328
 626.000000	13.7022606278956776	95.6882534433875094
 627.000000	13.5061330888022155	123.7827402888185304
 628.000000	11.6403890806139110	91.1677629450043270
 629.000000	12.2651894572102460	112.1352616578214025
 630.000000	7.1917699840446367	94.7922175090395598
 631.000000	7.2804189705088458	147.4414492642335404
 632.000000	10.3634491207195669	84.9683611091803641
 633.000000	14.1379150999122114	112.7597760728633602
 634.000000	13.2073418426336406	109.6486713487609279
 635.000000	12.8390076287570754	101.3372953525979057
 636.000000	10.3013677506828500	70.7681605544759833
 637.000000	10.2833143519837940	99.6801436225336914
 638.000000	10.1922849063289096	99.2993690850376112
 639.000000	12.6300425116927855	138.6815280478264754
 640.000000	13.1809773538177932	108.0754077845949865
 641.000000	13.2286384337750267	110.6160563670232477
 642.000000	13.5599600709714299	97.7259652922728890
 643.000000	12.3242306287343180	116.7075897164095721
 644.000000	12.9890086538895826	109.3209579549501456
 645.000000	13.0576755340464867	100.1001470620248455
 646.000000	12.5805932416384234	123.1129453044848390
 647.000000	8.9491785831989521	142.7551967748999289
 648.000000	9.1938249917379089	106.8448987185467161
 649.000000	7.9385615627832768	153.2853331279611666
 650.000000	6.3845225452710919	117.3470365803246978
 651.000000	7.1109750444022177	115.2425291689806812
 652.000000	7.7375011376280822	123.5409276283755844
 653.000000	8.8228903588991301	101.6040396914393256
 654.000000	11.1465166080458165	116.2368465761579159
 655.000000	9.5021656978297333	147.9066940784135795
 656.000000	7.8299149219737849	119.3230523649621944
 657.000000	8.7639797497524494	153.5998247277811402
 658.000000	8.7075110451195865	141.4203604572065558
 659.000000	7.7526411903259680	141.8739762869255685
 660.000000	5.7170244348029788	90.0033468180212282
 661.000000	8.9607094421581035	154.5638954135676499
 662.000000	8.0224341459927597	125.5281727354516619
 663.000000	7.5981861766543073	127.5794360775294933
 664.000000	6.1962836599730364	121.5559680001413909
 665.000000	4.7118704555478201	43.8968660073973354
 666.000000	6.5558789614301434	87.6453693134644283
 667.000000	6.7307916858386090	119.2041770308461821
 668.000000	6.8045116124023641	124.6082945894684144
 669.000000	7.9542089075045830	105.6016825989552927
 670.000000	10.4917913536682779	130.8257334882178498
 671.000000	9.0972742123765666	123.5561336006650492
 672.000000	7.9371683272439517	110.8897129330935627
 673.000000	6.8208518076276299	101.0691027623103793
 674.000000	7.7334437220962462	121.2042393081868852
 675.000000	9.1899959413683767	116.8006414885554705
 676.000000	8.8125568501683915	140.8937394342409561
 677.000000	9.5818469625626683	121.8459876093488958
 678.000000	7.8158994053545854	94.5899834873175820
 679.000000	7.9559312623811254	133.7530070452455959
 680.000000	6.2149427203295682	107.7813335225784783
 681.000000	9.3435737914121901	159.5511964591895264
 682.000000	6.9160755680445067	142.5427945363216793
 683.000000	6.5080870502293253	141.1388084105028042
 684.000000	8.9432862125833505	112.7297081461382504
 685.000000	7.5944965048968376	139.3617524975921640
 686.000000	3.8710898623926031	93.3473906173000927
 687.000000	6.8470879441459385	96.3375051888605753
 688.000000	7.8575475814283378	97.4003433902086329
 689.000000	7.6936560573617472	122.8703732326977018
 690.000000	7.3830209390616108	122.9219917196152494
 691.000000	8.6481809386578252	128.8671261080239105
 692.000000	9.2053407186957017	143.6680128475682636
 693.000000	8.4321782975758666	140.2587051703529539
 694.000000	8.8945181832262836	154.3727750443559330
 695.000000	10.0861443638882076	146.7869384528283376
 696.000000	10.2392038006765596	148.8349380572790892
 697.000000	9.9213342374137614	142.2225781193973830
 698.000000	8.3383264926362184	138.8203159941977276
 699.000000	2.8684914972074909	38.6934651564162948
 700.000000	2.9431794695236704	24.0065841751614926
 701.000000	2.8281924637781466	21.2679563598115919
 702.000000	6.3811552663959921	94.5561522443931750
 703.000000	9.7733516493843204	151.1088574239999218
 704.000000	5.0919503936707970	89.9393836766291912
 705.000000	9.2539421157393686	161.8993429169768206
 706.000000	8.2211357495459527	133.2425167253993834
 707.000000	8.2298404804487628	141.9681841586030373
 708.000000	7.5313612752357386	114.5733350991336863
 709.000000	7.0672963738140355	125.6335419205374393
 710.000000	9.1291473113742185	125.3818806571193818
 711.000000	13.3847716877066407	87.5691193371174421
 712.000000	9.0668941524377829	85.4623946055756676
 713.000000	3.5132907397891424	21.4730205720854883
 714.000000	3.6015338200091445	9.1695615867566573
 715.000000	6.4615981380804168	127.2302803466325827
 716.000000	4.1213525424422111	106.8525094873388923
 717.000000	7.4834093017358887	132.7708569374688068
 718.000000	7.9537335664170472	110.5017530870486837
 719.000000	7.9750165175723735	133.8454460741630214
 720.000000	6.7770081260968418	112.5726673332724062
 721.000000	8.1627058332846030	129.5261429045160639
 722.000000	7.0880033747402669	108.1608642307007102
 723.000000	12.2464708080024884	118.1536723749444064
 724.000000	8.8015816619287222	114.3775723095730541
 725.000000	9.8002935855857416	118.3604978936646575
 726.000000	7.9167049427593499	120.4820022714716004
 727.000000	9.3228641537587400	140.2779260983811582
 728.000000	9.1789751118097183	109.2189309080380184
 729.000000	7.9654115892402224	106.5809019702272167
 730.000000	8.9191659362906854	132.4313483212630445
 731.000000	6.7204133013801082	120.4655151894851315
 732.000000	7.7999420012370511	142.3036627760130841
 733.000000	7.2946010769303546	137.3164138804803827
 734.000000	8.1151305013254742	119.2301207852472089
 735.000000	6.5732549244076663	121.4284795008944400
 736.000000	8.7364624773227550	126.4314552297958016
 737.000000	3.0173657505946085	5.4441251633084278
 738.000000	2.7848403565548385	40.5537000569785562
 739.000000	3.0195397714600158	28.4321252388318726
 740.000000	3.3334660228178872	27.6234113172450009
 741.000000	7.0989212495326681	114.5664074618566275
 742.000000	7.2458283561922698	121.6674664426344918
 743.000000	8.5766469764841080	122.5164873668152978
 744.000000	8.3455741518406725	141.6536754781934633
 745.000000	10.5199184810242041	135.4378813382131170
 746.000000	8.4106799106416528	149.0005710208467633
 747.000000	7.2838133389610675	92.2249872422981269
 748.000000	11.1377042520481044	157.3894492798827400
 749.000000	8.5006059936991711	133.4905183095584391
 750.000000	6.5670125046290888	84.7454331622888049
 751.000000	6.6524318988091915	130.4860537055496934
 752.000000	7.8424533842153359	133.2437733758081038
 753.000000	8.7002809884480747	130.3456121115906683
 754.000000	8.8680195706981770	114.2396833260725515
 755.000000	7.9207102994250338	107.8393763984518472
 756.000000	6.9269298269603787	123.2642708645425387
 757.000000	7.7561099384594980	150.9711997075644376
 758.000000	10.7119821487336342	133.5696414750350982
 759.000000	8.4938176429147667	145.2073807026899317
 760.000000	10.4508236486306476	140.4740154460776012
 761.000000	11.2393778325545970	128.8425259580182285
 762.000000	7.1119033764657420	92.9059296899968530
 763.000000	2.9054852029638676	69.7658702557775143
 764.000000	7.9093244947656007	109.5046065078307009
 765.000000	8.0646076446701613	163.1307930587904593
 766.000000	7.4537461127279290	146.1182750299950328
 767.000000	9.2084086431846170	143.6171736478707999
 768.000000	7.9987618577281845	130.7098137738246066
 769.000000	9.6282315862673951	125.2628929469293126
 770.000000	8.6231361651627463	81.3275078946715269
 771.000000	9.1662060130906546	96.6584290499334031
 772.000000	6.5489700341302921	136.4663422952165774
 773.000000	9.0082192824488327	147.6728193051925189
 774.000000	8.4043679120925283	160.5099733872706054
 775.000000	7.5853902685145771	133.9089263500461300
 776.000000	8.3302884966805255	134.6959410306064626
 777.000000	7.6502733474689881	121.6448887487192394
 778.000000	9.9077409069026761	147.2140582283136325
 779.000000	6.9952426454607259	111.7475946132279745
 780.000000	10.0967651231186473	119.0016454998186077
 781.000000	9.3886912814128323	146.2538452185591211
 782.000000	7.9185120832870179	131.4249437964334675
 783.000000	7.3661017619417244	111.0544630142277356
 784.000000	9.6496305862433598	147.0376533200598033
 785.000000	6.9972203899385139	122.9091614444140390
 786.000000	7.1662942261249958	130.1204341429237274
 787.000000	9.3496306185749205	121.8145516717278269
 788.000000	6.6388261162470021	98.2180963281738713
 789.000000	10.3636281043617569	106.0733852071320200
 790.000000	6.6160483816322460	101.9652829162475030
 791.000000	8.4184423203650169	113.6564046876551259
 792.000000	9.7216881735234839	129.4268457932708714
 793.000000	8.1703737794227891	102.9768125829561427
 794.000000	10.1088970515127663	94.3537864518324909
 795.000000	8.7371947348104584	128.3243584706051195
 796.000000	9.9743937281813650	103.8307501082750122
 797.000000	7.8080820537641609	85.4773423225669973
 798.000000	8.8503769381325768	114.7855104190467586
 799.000000	6.1816721290738919	82.5910436278621205
 800.000000	7.2182841722936493	93.0451928890346665
 801.000000	6.6047383074164818	92.1081990875752297
 802.000000	7.7795489771189210	61.9917710097518011
 803.000000	9.3419689741571013	108.4919813935304376
 804.000000	8.3926060465262449	96.2637135272484841
 805.000000	9.9946791825678876	107.4245670303180873
 806.000000	12.1496470652311661	110.0978655741173213
 807.000000	8.1096134648529432	101.7300648756663293
 808.000000	10.6029233555330009	102.8583110054766223
 809.000000	9.7838697587273060	94.5532409183418849
 810.000000	7.6630046019713864	139.4543157634249155
 811.000000	7.7750211720830960	149.9369340268592339
 812.000000	8.2127996954325528	140.7595603897949559
 813.000000	6.5856498681982636	106.5527141535782647
 814.000000	7.6133073291475268	127.0256642764697688
 815.000000	8.3789490388679688	145.9734741668221432
 816.000000	9.6670755650170950	129.1138059694972071
 817.000000	8.0360493293275503	133.3431891564674174
 818.000000	8.8755929388881789	133.5987240904410385
 819.000000	7.9028246507324873	99.0727941714432774
 820.000000	6.9377423434632917	136.9219305289275894
 821.000000	7.0905473226349010	146.3612267325289622
 822.000000	12.0142055918571469	129.7936136609541222
 823.000000	5.9010787303666872	123.5844128075422788
 824.000000	6.4861257579441460	132.5863019170966766
 825.000000	5.4536542561544268	95.2583224121517134
 826.000000	4.1227095440790915	69.5078079544160516
 827.000000	8.7137534401322014	121.6186156860370318
 828.000000	8.6313284034578892	143.4278269996031838
 829.000000	9.3204958514002119	152.9488680851516165
 830.000000	9.3846397003256339	118.1263550901443011
 831.000000	6.3618376826925838	120.6486136849627258
 832.000000	8.0198301299658787	140.2491224576755542
 833.000000	5.3140298323296049	139.5274435732330858
 834.000000	8.2848404830279208	152.7089801721414233
 835.000000	8.5200465173248325	159.3876683038613180
 836.000000	8.8333153167272798	161.5541850602751595
 837.000000	11.0115904959817161	123.2118975961080309
 838.000000	13.0015588348833226	91.1185919761241649
 839.000000	10.8170282051318480	77.5234481431486984
 840.000000	11.6410273425785604	100.7706482296328403
 841.000000	9.4967317896490719	118.8892991995988240
 842.000000	11.0112462234997039	126.2711533048243666
 843.000000	14.8373013506028943	114.4924084303879113
 844.000000	16.6176089515335086	93.1465385736556044
 845.000000	16.4761282909892941	117.9458402392541814
 846.000000	16.7299188068846121	102.9820448237237258
 847.000000	15.2171752551142241	102.8183374137183534
 848.000000	17.1731918524937903	137.0222672165812696
 849.000000	15.9892881427815645	115.8514961505745759
 850.000000	17.1556840506197759	119.8520713483856355
 851.000000	16.4815566973859617	126.9799812375658803
 852.000000	16.6089227555675372	125.6554401173784044
 853.000000	16.5876907514995544	133.3740331760529045
 854.000000	16.5233668933064024	121.5312922155888202
 855.000000	17.2518724721087615	111.6809997608177127
 856.000000	15.6509269529566115	107.5816842184621862
 857.000000	15.7594504384360796	125.3939274765825758
 858.000000	17.6091701740857722	126.0462918564756762
 859.000000	16.7358299323095849	118.2634764425949925
 860.000000	15.8560070868031087	107.7783704313532098
 861.000000	16.5992402688118084	114.9347821544455712
 862.000000	17.1206410837939664	118.8647860468552722
 863.000000	16.3884715748575083	111.9631658836452033
 864.000000	17.2698110765359658	132.7864861082514949
 865.000000	16.2294620068681645	127.0689965751889190
 866.000000	15.9303813561174117	134.4540266363894716
 867.000000	14.8825661131376528	102.2794370554221928
 868.000000	11.5779505111281757	112.9891712485792539
 869.000000	12.9488958207829743	18.9500124947170434
 870.000000	14.1344402359228543	92.0340189584964037
 871.000000	13.2510541617205355	91.5130280908022229
 872.000000	10.8271741309873857	32.4789836279100541
 873.000000	12.3853651804179385	93.6638667394052788
 874.000000	14.4177655839855579	133.8553408732398680
 875.000000	15.8848966927482014	124.4390268588909407
 876.000000	14.3596617730775193	152.0607256064220394
 877.000000	11.7168920448584188	101.9259880450273386
 878.000000	12.3861178977531026	126.6450637531315806
 879.000000	15.3384731759254365	105.3992116321511645
 880.000000	14.7387016435916536	128.8449333660739740
 881.000000	17.3884097657316694	126.0985411640605633
 882.000000	13.6847510211394479	122.6274290446492898
 883.000000	10.8385711884975517	108.9353719134992247
 884.000000	14.1423004122076676	128.3264018892371041
 885.000000	13.5595377768252074	131.5804158086150153
 886.000000	13.2762645874938912	110.2398616981439261
 887.000000	13.4054284196000690	120.3492451963719390
 888.000000	13.5384339172004076	142.4411265147651307
 889.000000	13.4935309837647637	135.8695423570235050
 890.000000	16.0662099399431426	106.8517855974385355
 891.000000	14.5238151517335581	125.3917428394957483
 892.000000	10.1405262781550398	26.8887218081269737
 893.000000	9.5439828489601091	16.8010628547171166
 894.000000	7.2000242937579895	28.8592910721706630
 895.000000	10.0327524541699251	50.8495856848991536
 896.000000	10.7699380650917931	10.1601752622608501
 897.000000	13.0614522086946483	50.4399554930648719
 898.000000	12.2683667907890577	130.3648737217434075
 899.000000	10.8018942954182045	97.4071023159672649
 900.000000	14.2753497457801792	114.0939946542057868
 901.000000	13.0413942934525267	120.3358334988136562
 902.000000	16.2284624591900872	119.8744304377918866
 903.000000	12.3868100045613616	133.1005626640101696
 904.000000	14.1400016062463347	100.1344661180777962
 905.000000	16.5607248156753109	106.9755439070035266
 906.000000	11.7990694442464665	97.1187940030004739
 907.000000	14.8723045084527108	128.5160512511904187
 908.000000	13.8487240569172148	124.7367281853758243
 909.000000	18.9781547304913545	130.0055980241682505
 910.000000	15.6163982033300730	118.1619400073893615
 911.000000	17.2522796686156461	152.0867789453185992
 912.000000	15.8502348486968732	129.1656942164938187
 913.000000	14.8613293491787370	139.0735268431822931
 914.000000	15.3419015931139509	122.4595015580671600
 915.000000	14.0427646031446756	102.4107628561847321
 916.000000	15.1351047851122811	136.7820355572980020
 917.000000	11.1952500319250632	109.0499568884323764
 918.000000	9.3553729601013469	134.8297370846880767
 919.000000	8.8749663397635281	103.4727782681375459
 920.000000	10.8973930158179559	102.7361025286863025
 921.000000	9.6606725007630700	134.7735649798960651
 922.000000	15.2723211728325694	107.0249723409537523
 923.000000	12.2470023207812151	136.8700314535624614
 924.000000	12.0669219962765428	104.0482301354049213
 925.000000	16.1782990732916652	134.6494514509624878
 926.000000	12.8863381828210031	148.2699094594260885
 927.000000	11.6590154556976699	123.5384898280985055
 928.000000	12.2942470940855273	141.6934351675100459
 929.000000	12.8639596125325451	101.0303492798827847
 930.000000	13.3836572443876420	100.1602144312998917
 931.000000	12.2463766720737741	87.4972903913376427
 932.000000	13.4773243748114844	121.1166389045462921
 933.000000	12.5880321862210103	110.6579039546609522
 934.000000	10.0596694814239829	127.7037284485393229
 935.000000	8.3412365400232868	118.9982481076353764
 936.000000	9.7647019315698778	101.3019882292139187
 937.000000	9.4953901157554732	118.2231627034992982
 938.000000	9.5286233481269438	112.8024675428529235
 939.000000	12.3422467897591019	94.2168531813400421
 940.000000	12.9486176823682317	97.7538464654449513
 941.000000	10.9501433964996018	89.2057942139902877
 942.000000	10.4039833128814685	108.5746285226792622
 943.000000	9.4634198030270653	123.0618905335448687
 944.000000	9.4076464385688627	89.0850447974971473
 945.000000	10.3789095159793323	97.1280780673017148
 946.000000	14.6039750742203793	118.3034852210592192
 947.000000	14.0097963749333161	96.2670291940451790
 948.000000	10.0356034935929195	88.4240181420093734
 949.000000	9.3520996790184920	82.4360953587058134
 950.000000	10.0840685280302527	117.9363421015974041
 951.000000	12.6409255605317128	108.7948149052642464
 952.000000	12.5873800808521352	110.4529775191290639
 953.000000	11.9042106901910891	98.5740747323719120
 954.000000	10.1693563209878697	118.4247786602828114
 955.000000	14.0103198881945161	105.4985542602035054
 956.000000	8.0565594861693324	24.8909741029435168
 957.000000	11.1137999904257949	93.5462429971561278
 958.000000	10.7883298290544936	95.1173852199387682
 959.000000	10.4776528262282262	108.6924103684421254
 960.000000	13.0835718099041269	110.9414449725305190
 961.000000	9.0567170751886721	106.3290654815440774
 962.000000	9.2404147823732341	113.5014373254032307
 963.000000	13.8465489125132404	119.8431654981087746
 964.000000	8.1977125142805765	79.1122872850638856
 965.000000	11.6256807998978857	123.8070486407117130
 966.000000	11.1306210883605434	99.0884895168070159
 967.000000	9.3179683736417331	80.2017379792363130
 968.000000	9.7387092932165142	88.1579089105543261
 969.000000	7.9778222278295825	123.1173298387321893
 970.000000	7.2985604364511749	98.1600841844449974
 971.000000	8.0025492105216909	146.6720621439295371
 972.000000	7.3081342483992655	121.3101588531830544
 973.000000	7.4081931108020127	95.9135789314685496
 974.000000	10.0347906798198423	117.1287068955834627
 975.000000	12.6994415728548500	117.1094383383718593
 976.000000	11.9362729814297026	120.6721034624032995
 977.000000	9.1551399423556354	107.0344087936713322
 978.000000	9.7398294485878232	76.7384714700153836
 979.000000	11.7475962352783103	112.9460400053907847
 980.000000	8.1855780913445297	118.8803700059755357
 981.000000	7.8682771822164250	92.2679610111214714
 982.000000	11.0673217015892433	62.8140057523400230
 983.000000	10.1916277594774627	122.6549254986110782
 984.000000	10.0141039374767367	73.9577256743681914
 985.000000	11.6373894550968338	142.6226425989093514
 986.000000	13.3248175066585137	128.7274337066103840
 987.000000	9.2673034061401669	44.9558681642295426
 988.000000	11.7916957837779073	131.2314377701499097
 989.000000	5.6602455850214559	107.9695538326280371
 990.000000	9.2437496810560873	90.5936984978204833
 991.000000	9.4658152830469930	127.0249307529803673
 992.000000	7.1805397021895105	136.6305908968664653
 993.000000	5.8610666126168747	117.6546826133506727
 994.000000	8.9001846563968687	136.2572189867039185
 995.000000	9.2653915280537156	127.1276411085381142
 996.000000	2.9589524929947126	41.2389132059927022
 997.000000	8.1416705580442930	156.4389684160834122
 998.000000	7.0082938316288672	95.2895885271091458
 999.000000	9.1204783208941791	78.6870811288410152
 1000.000000	8.0600878260695961	114.7999673813260131
 1001.000000	4.7351958614268277	119.4109288190281717
 1002.000000	8.5922344101201240	124.0179762785037099
 1003.000000	10.1151236957681387	142.3699660965619955
 1004.000000	7.9379576809358312	147.9256314954896254
 1005.000000	7.6255443166045911	141.7047619694525338
 1006.000000	8.3917234085630810	133.7500163898188248
 1007.000000	7.9704781265278246	123.7911167620577260
 1008.000000	6.9282796424857489	136.2518690927217335
 1009.000000	6.3279183857955301	126.0249526424018143
 1010.000000	7.9115970742344857	118.0245854769523390
 1011.000000	7.0642984829188320	88.8255934855091880
 1012.000000	8.1148245164680510	117.2420214940634935
 1013.000000	7.0095624849109210	100.1870729716448949
 1014.000000	8.5483013424214267	118.6536076086013338
 1015.000000	6.7175493181615096	122.8100159922588830
 1016.000000	6.8375083547861095	113.9946199517001872
 1017.000000	9.6532463404075166	90.0359571974219364
 1018.000000	8.8524786187200739	105.1484812611896302
 1019.000000	13.0936149236878219	130.8340786688812045
 1020.000000	10.9135611688331089	93.0125103685869448
 1021.000000	13.2155635980039161	117.6437301870406742
 1022.000000	12.0636271169667815	96.8831034547111614
 1023.000000	9.7261094735873623	108.4467884511538927
 1024.000000	11.2760240565409866	119.7205256020255604
 1025.000000	5.9895568007279154	108.2949654821921683
 1026.000000	11.3041938398590052	125.8723844912085923
 1027.000000	8.1140354171966997	127.8755803801143145
 1028.000000	10.0890423286553101	142.3988274509186738
 1029.000000	10.1336371045344844	85.0955324071434660
 1030.000000	10.0548332016836603	75.5216196275257801
 1031.000000	11.0595441601228046	74.3359158849822990
 1032.000000	10.9144138497403862	99.5918042960113610
 1033.000000	11.4136092363332899	112.1228129143593577
 1034.000000	11.0386478104397856	127.7724461671276970
 1035.000000	10.9065915443045203	117.8012468785767908
 1036.000000	9.3788836620862384	123.7242595068309186
 1037.000000	10.3686369268252445	101.0933422834994388
 1038.000000	9.1392881569428948	140.7801636541523465
 1039.000000	10.9362572563085862	138.7557569163798803
 1040.000000	7.6645344371136339	119.3519397317997459
 1041.000000	8.4533722357434407	145.7359133031027909
 1042.000000	10.3274333253326027	118.4142372507758552
 1043.000000	8.8208021034487398	156.6326125974626393
 1044.000000	9.8476470753445735	129.5019509119205452
 1045.000000	8.5459420993873447	144.0968726423104158
 1046.000000	8.1532503743078664	105.3697432056168850
 1047.000000	7.6597867047789521	168.4355671944987591
 1048.000000	8.4270033369873989	133.2546422397602441
 1049.000000	8.7639833694103331	143.4934205910603566
 1050.000000	8.0551500861450762	111.5489554703488437
 1051.000000	7.7676510027763799	112.9508117490714909
 1052.000000	9.0027229800060304	121.4913409676752849
 1053.000000	8.9331708588925096	140.6083073357585249
 1054.000000	9.8816136163828645	135.9584978377324944
 1055.000000	9.7612659025797885	125.0344136797673684
 1056.000000	10.0675116271979732	126.4129656706179503
 1057.000000	9.0712430240892576	130.7574908260918960
 1058.000000	7.9646048743006999	132.9461596784566666
 1059.000000	9.5598194203436133	116.5713725246825447
 1060.000000	10.9617777054163028	125.8517082353414622
 1061.000000	7.8728340803309607	92.7456199828768320
 1062.000000	8.4182294802179971	93.6543451643609046
 1063.000000	9.2726329818665771	122.4749669191857180
 1064.000000	9.5906658965798641	115.8323969560866544
 1065.000000	9.8477295373324889	146.9446841888479298
 1066.000000	8.4064811944629909	119.2612205078952172
 1067.000000	8.1411032967178247	100.4994222095873653
 1068.000000	8.8471212707215621	119.4492837088001522
 1069.000000	2.9206692691822198	35.0914296138721227
 1070.000000	4.9230337036402281	54.9516525891351790
 1071.000000	3.6755311351081126	73.7433655335368883
 1072.000000	2.9029990327279256	29.3708101075708328
 1073.000000	7.9416221705616543	139.3963385522089595
 1074.000000	8.8949516773614921	123.1389485151827188
 1075.000000	8.6706265889879077	130.5782694213207549
 1076.000000	9.7377232085113192	137.3807907330803175
 1077.000000	7.5302984842966936	147.6761692076580346
 1078.000000	8.9588851821490909	133.0347719912298032
 1079.000000	6.5106037017984209	119.4213158329370827
 1080.000000	6.7621890216432181	129.9755307124985961
 1081.000000	2.9183522344437018	15.0584670136755676
 1082.000000	3.0235032926227814	20.8114135065378889
 1083.000000	8.3322100189698176	136.8328228650454719
 1084.000000	7.7046899035687586	139.3794905895887268
 1085.000000	8.9300761667243265	118.7272335240304812
 1086.000000	8.8719151773951914	139.8128073590512201
 1087.000000	9.0546341306968827	127.4810837849772440
 1088.000000	6.0973219797439020	28.0660757937701248
 1089.000000	9.1062174690613400	114.4801244003606939
 1090.000000	7.5483857455699566	137.0989888126877361
 1091.000000	8.0370589500530940	124.7823773363971753
 1092.000000	9.0073750681530260	140.4309181580666746
 1093.000000	8.6931132598644112	109.4250583936323551
 1094.000000	12.8881445150373199	136.2914972697934388
 1095.000000	8.5273253423139312	89.6794401499438436
 1096.000000	10.6756840650677862	101.7590988938837455
 1097.000000	12.5007054387127159	109.5406650173544847
 1098.000000	11.2333925655051790	106.9059852648634461
 1099.000000	8.8825125715343898	112.3055157872292966
 1100.000000	8.4585130355154803	55.6719705120845418
 1101.000000	10.4513512525203183	50.3470890105151909
 1102.000000	2.9668741886552090	20.4881691477035019
 1103.000000	7.4484302583265700	117.1409285335910226
 1104.000000	8.9175793017837339	155.8544320884012393
 1105.000000	7.2103069423662420	129.9751956815967731
 1106.000000	9.6584983319763875	94.9040666593959514
 1107.000000	8.4377833129807023	103.9964632015779387
 1108.000000	8.2278871167877394	122.0365527561311012
 1109.000000	9.7918250192659091	117.0568978301673297
 1110.000000	8.0745907189063750	98.4141213716420822
 1111.000000	9.2961427818408602	104.8085912269016262
 1112.000000	9.2729503249410605	140.3809520750391755
 1113.000000	7.9833632227585065	123.9465012753892807
 1114.000000	8.9836535451172157	103.9669510180652026
 1115.000000	10.3700896827440108	121.3512858076817480
 1116.000000	13.5937150556541066	142.8221720611735464
 1117.000000	13.0478623102767735	84.9130430729584020
 1118.000000	9.7327622332371746	97.1490723001355860
 1119.000000	12.2432805962720810	101.8890938553665109
 1120.000000	12.8900863782206709	122.2056558328021794
 1121.000000	13.1109424916501354	104.7934240418976088
 1122.000000	11.4987034567589301	150.5351654828822063
 1123.000000	11.1351729734532263	110.3952192651008630
 1124.000000	9.7314135427823771	47.4780422471880570
 1125.000000	10.2449843530547113	123.8581637068510588
 1126.000000	13.6947127953540111	125.9337527029298087
 1127.000000	12.8178250163808034	100.7072911177235142
 1128.000000	7.9139069709795606	96.6115178504916798
 1129.000000	10.4526057365211589	132.5428460560651160
 1130.000000	11.8167533511346612	100.1384556899247684
 1131.000000	17.2124830037925705	148.2350567448950756
 1132.000000	11.5464194477036681	103.3854894516516794
 1133.000000	13.4803468609691492	118.7810670319290125
 1134.000000	11.5987509849121295	143.4822796642208687
 1135.000000	5.4115287453506173	59.5537169781702715
 1136.000000	11.3851676775817765	115.9546611038704498
 1137.000000	8.9237636646612657	133.3892731674015977
 1138.000000	10.1509135324062338	92.3516221457398103
 1139.000000	10.8893200876216163	89.6724799697525299
 1140.000000	11.9269014431714293	103.2792787034630777
 1141.000000	10.6311759838549200	98.6218426328806146
 1142.000000	11.5603092005009636	115.7114462349418034
 1143.000000	8.6226463888202396	103.2590914949087733
 1144.000000	13.4637469608458531	99.9221276385824666
 1145.000000	10.7200623281902541	97.3428911195820774
 1146.000000	10.8443832613289715	95.6958710373094590
 1147.000000	11.1075729469043942	121.2646166554938674
 1148.000000	16.6526374594106343	102.1268792518326336
 1149.000000	15.0446514398085114	119.6729570399653539
 1150.000000	9.6255261626341095	138.6886921719001577
 1151.000000	9.7990516517892257	80.8561171970385431
 1152.000000	11.1030535420995751	114.8479608394747373
 1153.000000	16.3326066984482594	105.7229818786459390
 1154.000000	14.0634108867665386	82.1789107671449983
 1155.000000	14.0580016373512198	111.7485182339561902
 1156.000000	16.2310257516813579	103.4349363420627981
 1157.000000	12.1835198364844750	96.5648551989623627
 1158.000000	10.5101158585499945	137.5300509882909523
 1159.000000	9.6061740377043527	98.3422144526390696
 1160.000000	11.1305294396048708	115.3525793964141712
 1161.000000	10.5617997298762916	142.6591926865635287
 1162.000000	9.3561281136225372	109.1554790775756345
 1163.000000	9.9002948660793049	132.9785755340471667
 1164.000000	9.1197990604502550	126.5089692237015413
 1165.000000	8.6445188369029715	109.9449975761976503
 1166.000000	9.5540547306701740	138.2730903611889062
 1167.000000	6.7257227179992416	153.4613117670151325
 1168.000000	10.5965693499792586	127.2852818977139009
 1169.000000	7.5229480784479108	112.2982149737684949
 1170.000000	6.7319182297684650	104.7687477802932676
 1171.000000	6.3412920939083603	62.9808470064621417
 1172.000000	9.1195486861409378	108.9290391872639248
 1173.000000	7.2055317335647020	95.5504586434571195
 1174.000000	11.5954199104237308	107.6276683997372601
 1175.000000	9.6593432281305756	99.7587167953843164
 1176.000000	12.0989408545778883	102.8560569246543679
 1177.000000	14.3728968650481548	93.6550204758522682
 1178.000000	13.5579014901814752	109.9130637319637316
 1179.000000	11.7260242211791823	125.0530426926265477
 1180.000000	13.9063776601974833	104.2964982447878839
 1181.000000	15.0102894040489634	129.4226572464329763
 1182.000000	10.4375884507635117	96.7796198524523987
 1183.000000	11.8381346131464671	75.2227947996719166
 1184.000000	11.8365860001198548	99.4871307007663717
 1185.000000	13.2915329980243246	108.2845598680944761
 1186.000000	13.1725223861918970	97.5179312915083329
 1187.000000	11.9066660024370812	91.9631769767757703
 1188.000000	13.8571272693468970	104.8546526610885081
 1189.000000	12.6654806854330939	93.1197992627767377
 1190.000000	12.4257716701499774	89.3119719835583794
 1191.000000	11.4297095691471569	101.6839450500821158
 1192.000000	10.0635605422230245	121.8179693836052877
 1193.000000	11.7693024287936296	116.1216866291688063
 1194.000000	10.9607722179242693	122.1870238573261247
 1195.000000	8.7767062464012824	122.0919861775052766
 1196.000000	11.2364609839947338	114.6262341241305762
 1197.000000	13.4044026157654077	139.3690116557115459
 1198.000000	11.9757945900566423	137.3270543657434644
 1199.000000	12.4303608423101757	98.7071750115603663
 1200.000000	15.4748075751317966	149.6864229263277650
 1201.000000	10.0116992716119544	114.3931078286034477
 1202.000000	12.2525608888870234	89.5656173004611702
 1203.000000	12.5275054088331750	114.6945746269178841
 1204.000000	11.2671079471003317	132.8753390556295813
 1205.000000	11.5100132697449631	100.4799932782447627
 1206.000000	13.7424344909087797	100.8150432383740025
 1207.000000	8.4009261758603007	114.2912142167484291
 1208.000000	12.2701033274745388	100.7496934016188419
 1209.000000	13.0954973902857930	127.6311047751819387
 1210.000000	13.6592429077523967	110.0321472999499974
 1211.000000	12.2036668501349865	86.6676576161623018
 1212.000000	14.1040446082512307	101.1368391116256618
 1213.000000	7.0103386209259666	70.6661200416318280
 1214.000000	8.3116052231060955	41.7670708271524234
 1215.000000	9.7299294641348109	128.1703310916206249
 1216.000000	14.1691107327218120	131.0220029488788498
 1217.000000	11.4423455170107911	121.0441304594168201
 1218.000000	12.7434415340519820	102.7091228690355251
 1219.000000	13.4458694156328082	88.0276031344382801
 1220.000000	13.4887318318204823	87.3723519111622267
 1221.000000	8.7301135877974154	92.0765133653703458
 1222.000000	9.6999336664381470	83.3641651852091314
 1223.000000	11.9322108034681200	125.6631544614337201
 1224.000000	15.5349366734876266	112.5991590845062547
 1225.000000	14.6332003478779296	115.4892190541983723
 1226.000000	15.3598891359416072	111.8039938185857807
 1227.000000	12.6118146369699140	120.0274163432294756
 1228.000000	15.0252516909503679	127.2196657937517159
 1229.000000	12.4814558088439185	101.9198691249489599
 1230.000000	10.8243305398647109	111.4629089969859592
 1231.000000	15.6464169007723051	128.6520740422039637
 1232.000000	14.8204781644585921	110.1477097321660779
 1233.000000	16.3928918142830575	131.0777358536537633
 1234.000000	11.6176018850512346	137.3195690156904050
 1235.000000	12.4999678195284414	138.2016011362356949
 1236.000000	12.9201148783658155	152.2850287841563386
 1237.000000	11.2530731608796390	123.3377922978815349
 1238.000000	16.7464954268385213	135.6107845164015941
 1239.000000	16.1983780744133021	125.7983336475690095
 1240.000000	15.4711063445940784	141.2062758649472869
 1241.000000	14.3765850291957431	135.7977395099067337
 1242.000000	16.5560316637616936	128.5869825155929504
 1243.000000	15.6911733542931948	149.2956543781120899
 1244.000000	13.6788254376812901	141.5239200448777126
 1245.000000	14.2849180554870454	110.0328953680761828
 1246.000000	15.4594377349212486	106.0616608834587851
 1247.000000	16.3495312491601226	144.8847412592925821
 1248.000000	13.9217357468067355	133.1260865409311407
 1249.000000	14.8178775325238057	157.6064543878162567
 1250.000000	15.3915096231425483	125.2230346466399595
 1251.000000	15.6896530810567487	93.0446789158916943
 1252.000000	13.9032721887490034	107.6561721345663329
 1253.000000	14.8186050254067609	143.0761488476252339
 1254.000000	13.6522277860048931	98.3452819404294445
 1255.000000	14.6100635033127926	110.3267619357470437
 1256.000000	16.2451539081927336	122.0957660359692767
 1257.000000	12.9211711299247547	101.2246445314841026
 1258.000000	14.8879495067155805	155.5279236817156630
 1259.000000	13.0167985574877747	108.3746315134758333
 1260.000000	13.4811055126371624	84.7868127225157195
 1261.000000	13.4067162508396436	98.6257160817754936
 1262.000000	12.3791191220399952	122.8459166281125192
 1263.000000	9.6898796363700530	87.8649150522139166
 1264.000000	13.5702237393255842	99.7088737682889530
 1265.000000	14.6345630579447725	105.0213802525486813
 1266.000000	4.7468859198461129	79.3526927972283431
 1267.000000	5.7007687120000723	88.0151148093204085
 1268.000000	9.6393639695180333	92.0185278355356360
 1269.000000	8.7374463013900048	92.8222765998005030
 1270.000000	12.4385823537208591	135.5613577406685977
 1271.000000	11.6099188350644713	96.0762482184750297
 1272.000000	11.7492818915019850	78.6756898164395295
 1273.000000	11.7777744160267765	108.1325698975580565
 1274.000000	10.9531665721482323	131.5773118229675731
 1275.000000	11.6009651445251123	133.9424941216492471
 1276.000000	12.6020875031547508	138.1004161391315108
 1277.000000	7.7054907728414515	121.2835652964541708
 1278.000000	9.7092780019805627	138.2226152005724771
 1279.000000	12.3255113906429337	125.0133307274180225
 1280.000000	9.3517453000514941	114.2545773779335150
 1281.000000	11.0279494867993648	94.6369567936025362
 1282.000000	11.7585280508799137	105.5233942349132690
 1283.000000	12.6085511711025049	103.4822922389818274
 1284.000000	13.2631202643006372	117.2007903471650536
 1285.000000	12.8111109509960297	103.6025039772884639
 1286.000000	10.9219998260929962	118.0763271688843190
 1287.000000	14.8496157536878233	119.4523246352010517
 1288.000000	10.0556927611470890	137.1905117204546798
 1289.000000	12.1266343845250475	102.0670756446344569
 1290.000000	9.0621558735845884	61.0910236615575002
 1291.000000	11.0542804916064927	103.2413117497369228
 1292.000000	10.7040693921442944	91.6927991537096716
 1293.000000	12.9014078255374312	112.8832223762496199
 1294.000000	8.2022050353834217	96.2775880059154048
 1295.000000	10.0692927017083864	115.6303520648896210
 1296.000000	10.9937711099768247	137.2803612380595837
 1297.000000	7.4391945522861214	78.4894319852471227
 1298.000000	10.4744676220902697	137.4380753118163909
 1299.000000	14.6897340505123086	112.7805821272942808
 1300.000000	15.0211426319835724	131.4860217756041720
 1301.000000	10.4457504362979741	117.2476091885861393
 1302.000000	11.3451535121837814	112.5159820927620586
 1303.000000	7.3906344172807694	91.7381895825580216
 1304.000000	11.2079527295226438	89.8171246061375541
 1305.000000	10.6302513025615006	98.1273125706658647
 1306.000000	9.8095308698156316	99.6525666114741284
 1307.000000	6.4719969406526268	79.6759620865810660
 1308.000000	13.1697822942243405	110.9256659315613831
 1309.000000	9.1995843814714746	122.3413083336571674
 1310.000000	8.6485838068189924	116.9042397025872333
 1311.000000	9.8484925407573627	112.8655710315997851
 1312.000000	6.6670757938476504	107.0160009661631335
 1313.000000	10.0918650353647799	134.6698723908008617
 1314.000000	9.4133981112766545	133.6546433898418229
 1315.000000	9.8066515135122359	133.1182936597691651
 1316.000000	8.4841315393785788	131.2908378234608051
 1317.000000	7.7071054072386387	130.3390321579558986
 1318.000000	9.6484302504256902	119.9526452036027990
 1319.000000	2.9247432941262685	8.8560873192161864
 1320.000000	7.3371866043738692	145.3010800821057273
 1321.000000	6.8416248983460868	118.7637916100643452
 1322.000000	8.2675645718565107	134.0772432231522089
 1323.000000	3.3251734214230524	21.7557871050762515
 1324.000000	2.8349878019796795	9.4398654662658430
 1325.000000	3.1296633562079430	19.3925240166589390
 1326.000000	3.3160398205017061	62.3336599295087410
 1327.000000	3.0435341670861127	18.5580253871283674
 1328.000000	3.2763934982658598	72.0498231680525834
 1329.000000	9.5768841448361464	134.5888271953647291
 1330.000000	7.4665719523814644	127.8508450548010842
 1331.000000	3.3373252943649536	15.7608638380695254
 1332.000000	3.3361130574597868	105.7568081887749969
 1333.000000	2.8921629751608999	31.4482557710302615
 1334.000000	3.4848052715514419	77.3050596242010215
 1335.000000	7.4431243822551405	140.7890078532051632
 1336.000000	7.0508956747312777	103.0864397264260361
 1337.000000	7.6561976196742849	129.3947420322091659
 1338.000000	8.1799554715519580	129.9581476604471959
 1339.000000	6.7693920243333228	137.6341553695960442
 1340.000000	8.0198957189965796	144.7226740183698439
 1341.000000	9.2908437323557322	131.6864170014696640
 1342.000000	7.1516084011350847	120.0461192378735120
 1343.000000	9.0694588280343726	116.7864151122034144
 1344.000000	4.8364150387273170	107.4043158844557695
 1345.000000	3.4721232569422615	102.9146694459527538
 1346.000000	5.4188352425840831	91.3625833793150122
 1347.000000	7.9501075266417338	131.4891824263955868
 1348.000000	7.2150924874005797	137.9655260800257111
 1349.000000	6.0683750710113733	99.4063835908874438
 1350.000000	7.5916270210383168	134.0982506992737058
 1351.000000	6.9656530065036115	125.2306077302093144
 1352.000000	7.9911704512914250	125.4933454615453456
 1353.000000	12.5513759400142106	85.9393629704753863
 1354.000000	9.6110775658875944	76.7417932432522036
 1355.000000	10.7104288920529900	102.0595232966171864
 1356.000000	10.1666915660291597	85.1747526943549644
 1357.000000	10.1892263769897884	107.4747883938862856
 1358.000000	8.8691974387505077	105.3389154775859140
 1359.000000	9.5376035619186688	88.4896120428183934
 1360.000000	12.7711827032421734	106.1904111786216731
 1361.000000	12.0452422678478079	110.3903291945924678
 1362.000000	10.4123353170495019	111.4838737995444404
 1363.000000	10.7412516142555514	104.6350436537439776
 1364.000000	14.0916204079015088	100.9811553065155323
 1365.000000	9.6750631091348147	86.2023850709941968
 1366.000000	9.5163391546830294	103.9945984292847498
 1367.000000	10.3250410893762492	93.3201602588533632
 1368.000000	12.1292476294963745	74.6217582234631465
 1369.000000	11.7901203739806864	109.1293250915087327
 1370.000000	10.4019617724633218	94.3673557342501255
 1371.000000	9.0072765446603711	110.8040885944372604
 1372.000000	12.1180732648311196	90.5161604541570455
 1373.000000	10.2905501097346210	111.8798745005375963
 1374.000000	11.1019321563812703	89.3462515351579185
 1375.000000	12.5579051290050998	104.2882336083551280
 1376.000000	10.5771628159461741	82.9891183066769571
 1377.000000	11.9271360869920731	113.9971645340247477
 1378.000000	14.1698408446651687	115.4066040908497683
 1379.000000	10.3114407309184557	67.9643267880450566
 1380.000000	10.5559662058477706	90.8742870070585127
 1381.000000	5.7104108423845661	140.8816166670797543
 1382.000000	9.4959953007587128	114.0061022636191126
 1383.000000	11.7011504720161632	115.2420672179273708
 1384.000000	8.6206666041938149	12.9919086615466028
 1385.000000	8.9374971598873962	115.7721737596030351
 1386.000000	10.5205771637687739	109.0230242370975446
 1387.000000	10.8502594126257055	85.7073801946107778
 1388.000000	11.8600219838333754	107.9831924257270970
 1389.000000	8.5755687814088581	31.0756007469283020
 1390.000000	9.0597944591907282	44.6617107111665064
 1391.000000	8.0648462474650486	36.2441892348308272
 1392.000000	9.4415283403474284	46.5534534400801192
 1393.000000	10.5915336265963269	86.7237387853425474
 1394.000000	10.4131363010880609	118.1206725108368971
 1395.000000	8.5174930227901253	60.7207158116418952
 1396.000000	10.1867016581358936	116.0912770215043963
 1397.000000	3.1181586425700845	23.5409904708797058
 1398.000000	2.7329184725981719	16.1104894621072958
 1399.000000	6.2037128753058477	122.3602712446547969
 1400.000000	7.7684511373053882	89.4837943797053299
 1401.000000	7.6463747529455208	131.1554106372916237
 1402.000000	8.7375374351060433	112.1246218099639549
 1403.000000	6.9704379733929018	135.2624627386041425
 1404.000000	6.2904413021669603	129.4221535718739631
 1405.000000	5.3787029069682122	125.1004442728201838
 1406.000000	5.0329950020607770	119.0377267575659346
 1407.000000	7.0615530492952390	151.5777523346708620
 1408.000000	7.2421037446530523	116.5960747038024010
 1409.000000	8.5399594232432783	138.0315749525273645
 1410.000000	8.8245007806531905	135.0497255733164081
 1411.000000	6.7857058556871639	129.2380044419457761
 1412.000000	9.1006437130603093	135.4830714844112833
 1413.000000	6.5774060524667108	109.8333920502060863
 1414.000000	7.3634003071348397	105.2299742084337453
 1415.000000	8.3571506326949319	145.3123710870234788
 1416.000000	6.6949896369649355	132.8431458880958758
 1417.000000	8.7542029452574237	134.3512372035410181
 1418.000000	3.5044913824889030	83.5262994138844732
 1419.000000	3.0552925941896891	21.2312439674092559
 1420.000000	8.3413813551635965	144.2895592890860144
 1421.000000	8.0621070289298107	140.3978571338781762
 1422.000000	7.1879071021707865	120.6638050985697532
 1423.000000	7.4163328550030680	141.8045992493154586
 1424.000000	6.9288007390799695	129.2305272231381537
 1425.000000	7.5143340303050747	115.7856001359745761
 1426.000000	7.4042293575563445	130.8213233130535400
 1427.000000	7.1384894813887474	95.2685429012272351
 1428.000000	7.8761051169189100	106.9219122350870066
 1429.000000	8.1428595488954514	116.7610137317191459
 1430.000000	7.0763436113333631	104.3241271635893384
 1431.000000	3.2488948005456590	45.7644781444222133
 1432.000000	8.6273011860295590	138.4720703536814312
 1433.000000	8.1597368772476138	142.5790366341315689
 1434.000000	9.2068436426635802	121.3644548327059454
 1435.000000	5.3905845796348251	98.0839483932098091
 1436.000000	8.3195008007930085	139.6827361271678853
 1437.000000	8.1570125515034526	108.2045249542694307
 1438.000000	8.1900550931193479	108.5607575389216208
 1439.000000	11.1496654856275246	141.4033715489976544
 1440.000000	11.8272984539472290	115.7120319778146325
 1441.000000	9.6750101721697632	124.7902160548333654
 1442.000000	9.5994148344098917	109.7595229961957273
 1443.000000	5.3347858699064057	118.2813213601402822
 1444.000000	9.3053974051075183	55.7071942886884131
 1445.000000	11.8068900841482218	103.3851068543974776
 1446.000000	12.3750953039477096	112.1260613246098075
 1447.000000	11.6719215284453739	119.4604173779178637
 1448.000000	12.2743523102687586	131.8764767585943787
 1449.000000	11.4596144818486945	114.5452043831467250
 1450.000000	12.3656652329331980	134.6644744469136867
 1451.000000	12.5891602900112272	102.7272012184333079
 1452.000000	11.0108963715536827	87.9247632480947487
 1453.000000	12.9035894100025210	98.4729569645105585
 1454.000000	13.3169063307554616	102.4135751114374386
 1455.000000	12.8163744636298773	93.0886357960765025
 1456.000000	14.3617074911171105	124.3012823310297392
 1457.000000	10.4507264864078397	96.4250337437079139
 1458.000000	10.8175804639432709	121.6053525734642875
 1459.000000	10.6352424156889143	116.8954333564847445
 1460.000000	12.4545439977962893	107.1246818846384343
 1461.000000	8.0421876956958585	56.5926168219400409
 1462.000000	10.1792091391560611	133.8305745338442421
 1463.000000	10.2303281236075936	108.7976359135834912
 1464.000000	7.8310226723540737	132.1695464046651409
 1465.000000	8.3004617846431721	148.8390089658371380
 1466.000000	7.6604898848797243	144.0173245840433367
 1467.000000	8.1298375656534621	150.1809458430980158
 1468.000000	5.6940224359655343	112.3100903334654248
 1469.000000	2.8499327549157827	5.9670339536013159
 1470.000000	8.0630987256211419	146.3377291102117113
 1471.000000	8.6081955891215536	122.4949216610966971
 1472.000000	7.7101983529889395	128.3073019986444478
 1473.000000	2.6023954559971929	24.0749744852409719
 1474.000000	3.0352045777367693	17.7598036585868897
 1475.000000	3.2292713924658787	24.2132874413513264
 1476.000000	5.1328714228137562	63.5057612504514850
 1477.000000	4.0895128227409794	75.7873255542847630
 1478.000000	5.8820602661022612	66.8593489198567994
 1479.000000	3.5957691666844260	17.1227013158895147
 1480.000000	2.7980795242845029	18.4878902803867788
 1481.000000	7.8710875432026448	117.8718395297089501
 1482.000000	5.6069470857201242	129.5825395790555490
 1483.000000	8.9001213505617578	146.6771330977023808
 1484.000000	8.6901152060681177	121.9634146705689375
 1485.000000	6.7146158639678655	114.4721083038033527
 1486.000000	5.8024013183429464	12.7585313960477720
 1487.000000	3.1122257131397033	33.2732473665509190
 1488.000000	3.2000954086222464	54.3456235925184075
 1489.000000	3.3034796073182009	10.5475876461876510
 1490.000000	8.9622075722275536	108.3753899447232811
 1491.000000	10.6479982399192536	153.5763739317117711
 1492.000000	7.6747090878083855	129.5196219642749895
 1493.000000	8.6268580515509434	77.1074801045628391
 1494.000000	10.4192762650892519	114.3614240472304004
 1495.000000	8.5241911462807121	81.0697021657641415
 1496.000000	8.4424718230096989	76.0233173939725191
 1497.000000	13.6920352806448022	111.0532725482684668
 1498.000000	11.6446859214802654	84.6922674376192361
 1499.000000	13.0683400573591175	116.1171489164823925
