 0.000000	9.2932063187468987	93.1857215625791326
 1.000000	9.1908242029219025	44.8369184660843985
 2.000000	8.1117242085485177	119.1944929153750792
 3.000000	7.2718317079913080	138.1390669363496784
 4.000000	9.4071752100324275	83.1576425852618826
 5.000000	8.0916002914143856	128.3126064074738508
 6.000000	8.9945316021864148	129.6748140970619829
 7.000000	9.4856257040863117	69.1436935865114037
 8.000000	7.0513026583170664	58.6763515904088422
 9.000000	8.2688570206569967	130.8758529847319778
 10.000000	12.4913454520431806	103.4118791651451943
 11.000000	7.8841251047094358	101.6285628459707056
 12.000000	5.3908989709854733	83.2243751185709471
 13.000000	6.8841935926507167	121.3063826122721593
 14.000000	10.3532535843557181	140.8318482034480610
 15.000000	8.7484682450271176	35.8295072281021021
 16.000000	6.3808527949554623	48.6106684658365680
 17.000000	6.6157908635997442	41.5738005139144775
 18.000000	7.3354123007383780	164.3236580753001306
 19.000000	6.3856877861370718	124.2173655600203972
 20.000000	5.8354913100360859	112.5316645811673197
 21.000000	4.2573815219811815	130.5105222463893710
 22.000000	6.8233965167999111	131.8128029863430868
 23.000000	5.2507273811680220	118.6218159913575505
 24.000000	5.4753812671775997	116.8639616274960815
 25.000000	4.9913431053388022	155.8265960535377701
 26.000000	5.6148582948884558	119.6967450521364356
 27.000000	5.8635189425663139	86.2395363763482123
 28.000000	7.8704943137423227	167.9608892290121105
 29.000000	6.5431442187565132	101.6045011913841023
 30.000000	6.7420286091667636	111.8016488011526093
 31.000000	4.0579293971593522	146.0036532180363622
 32.000000	9.1048951417535946	97.3259729910101328
 33.000000	7.5990169599908102	93.6095237126661175
 34.000000	8.2145364472513478	81.6102391128547140
 35.000000	6.3379893926971196	157.3657935672365511
 36.000000	6.8613577236835726	118.6662729569091397
 37.000000	7.2693648731037310	122.1731949375099191
 38.000000	11.1235978093212395	105.8197736051276081
 39.000000	12.8832168850741375	47.6573138011623598
 40.000000	6.8114250264415279	138.9625556533398196
 41.000000	10.2357258348768756	106.1975062026738499
 42.000000	8.3116948118759808	161.0184157576621544
 43.000000	7.5905496041297571	61.4469028376599482
 44.000000	13.7950058505709912	29.0316766118927205
 45.000000	9.4781678383557733	102.0134565248015122
 46.000000	6.2047626379241283	116.1147461156823510
 47.000000	6.2321096607206714	144.4006204401630953
 48.000000	4.5450028410208771	156.0311438295327378
 49.000000	4.6034249034991355	112.3454515514659704
 50.000000	7.5682553115148909	130.8659478636418214
 51.000000	8.9649619394674502	46.7854067562205387
 52.000000	10.8673878273065103	153.0129813113842090
 53.000000	9.6073805531825585	80.5193700224842104
 54.000000	9.4284248910575759	108.0805793263290724
 55.000000	8.5088238044594604	144.0480759229801606
 56.000000	7.9834432488930585	148.7032798219670440
 57.000000	7.4951286184351114	111.7404943129637900
 58.000000	7.6003486158282572	136.0037730918643319
 59.000000	8.3157658445852523	135.1331870367544070
 60.000000	9.5989480148499045	78.7798020662760905
 61.000000	5.1321567618159794	128.7804056039383624
 62.000000	9.9562701567135061	143.1298351024202589
 63.000000	7.5944198973150465	121.9459341480136061
 64.000000	4.5783812879201937	87.0126278168294931
 65.000000	2.9969774432883716	125.5878211724891145
 66.000000	4.9339877972433968	153.1137627371134897
 67.000000	4.6102872369768004	77.5260256100593494
 68.000000	5.7105897172151368	126.9556523977521749
 69.000000	5.4674207805240140	145.2051854694839221
 70.000000	4.3184495507816498	47.9207643746056249
 71.000000	5.4896494438596930	131.3251342172816294
 72.000000	5.2725846265451981	82.7561579731034982
 73.000000	7.3358965816513253	119.4482880097071131
 74.000000	6.4537934978071432	102.1530602361652456
 75.000000	8.9031526793290396	149.1101932571055784
 76.000000	4.7211407465757000	34.1230482370546042
 77.000000	6.7427411533815285	62.7810797364525115
 78.000000	12.4608377032071918	159.6200448438498540
 79.000000	8.0869465442586872	49.8133868895301646
 80.000000	7.6579817506561447	102.5619369363381139
 81.000000	6.4875002042195673	126.6008105343039603
 82.000000	7.0051880629520715	143.2584357502240096
 83.000000	7.8298916973100070	80.0723272541497693
 84.000000	6.1324158252511181	108.8347583779903971
 85.000000	8.2608570653575946	95.8773195946724428
 86.000000	11.2660083940354507	111.7732398676851204
 87.000000	5.7049443324719071	101.7558444628249248
 88.000000	7.3652595860631900	89.5290366829529773
 89.000000	5.1609166748980160	75.0750910744743862
 90.000000	13.4395036503965066	86.3002707221537548
 91.000000	10.0320298823553689	87.7486311986711627
 92.000000	8.6469527591584328	80.7013656239942065
 93.000000	10.2798634159353863	116.1798755191584860
 94.000000	4.6505146691939663	136.9923894257555332
 95.000000	10.1653496167230610	103.8534916297211907
 96.000000	4.0509239038666252	149.3406552203184958
 97.000000	6.9390003551028681	116.0181556856443308
 98.000000	11.4457107609338351	118.4361672329286677
 99.000000	9.1698507487756853	144.1387498819874793
 100.000000	8.0149312136063902	128.4972408781229944
 101.000000	3.0902513496684438	103.6051621691623694
 102.000000	10.5784561496434613	165.4753230502817587
 103.000000	5.7367895001910041	90.7225252076858624
 104.000000	10.2399328496013986	95.8852091675211682
 105.000000	10.4346080294088921	123.7983972078998107
 106.000000	8.3931540937943385	74.6154680112211821
 107.000000	10.4529261472584363	115.7169451912660492
 108.000000	6.5198460429144847	111.0510143795317646
 109.000000	11.7685825210804307	122.7290376198650961
 110.000000	5.7128793613415647	122.5620730555434079
 111.000000	7.3898019711440641	79.7294734318836618
 112.000000	11.8693909445920021	142.3501438406810848
 113.000000	5.1178998743271835	96.4303950827135168
 114.000000	6.8455038975049813	116.6640140838671300
 115.000000	7.0245132369330117	85.5450002359902442
 116.000000	6.5617230610355302	73.5599143264654174
 117.000000	14.2908667558458138	102.3407122884964053
 118.000000	16.7802665574811449	132.5286428881903191
 119.000000	16.8227893867685943	104.5555687030663563
 120.000000	9.5887373585238080	112.4196426375078062
 121.000000	8.4461179065209517	152.8634797378491612
 122.000000	10.0500728713996423	78.6917421162291788
 123.000000	8.0410325796308744	126.4960930631753513
 124.000000	7.0715081592073155	109.3413178069197897
 125.000000	9.8334632574369163	117.2250388720996170
 126.000000	9.1802509283779372	118.5973246791110682
 127.000000	11.3964362339939349	96.5749062482934875
 128.000000	7.0709297884266320	115.7904344767824512
 129.000000	6.2742435909795793	83.3984376002354395
 130.000000	9.1406148159901317	151.3181751295562663
 131.000000	7.1614442714281736	106.5294312854482968
 132.000000	7.0661207775793375	99.3539914168252380
 133.000000	9.8287124201118701	107.7692395853904515
 134.000000	6.9638718004247284	128.3024406079983919
 135.000000	3.0222516601770857	24.5380789495826264
 136.000000	5.6612148216836742	80.7156685906890203
 137.000000	7.8994835053059500	87.4662395459060491
 138.000000	13.6950148166512324	151.2115891186913927
 139.000000	13.6141163360226951	142.8900183210017190
 140.000000	9.1382187358775315	104.3010034813749201
 141.000000	7.4221907166315626	101.9428737338585620
 142.000000	7.3059161898196159	88.4795248424086367
 143.000000	8.9491807838967699	129.2005501340352396
 144.000000	7.6221384699633763	123.5965021205182666
 145.000000	5.3931354049012601	63.3175833377214445
 146.000000	5.5397190206520301	138.3942701565058258
 147.000000	5.8815660420579201	113.8598288039007400
 148.000000	9.7455308904898779	143.6395782061776742
 149.000000	11.2674313362046146	97.5516232251657414
 150.000000	13.3982947778013859	85.1881708613785804
 151.000000	7.2481346479039388	67.9394737540635987
 152.000000	5.0863826897266859	176.4447546455159852
 153.000000	5.1852717495811538	128.1419418155902292
 154.000000	8.0466757837443659	122.1315237126838724
 155.000000	13.1043892090263157	14.5458803732612978
 156.000000	14.3138889304588499	103.5568671580609248
 157.000000	14.1516202577027332	104.7859908608562449
 158.000000	14.5317733272525889	97.3287752533633039
 159.000000	8.4030962548240034	74.8584048337180832
 160.000000	14.3585184712573213	130.2736057039686273
 161.000000	13.5276690375148689	136.0563024803593066
 162.000000	14.5684019832662432	117.4901806638799115
 163.000000	11.1380704708777323	92.2197864570585608
 164.000000	12.6069377380076251	10.8958582558747139
 165.000000	13.2571374188819178	77.2297428770112333
 166.000000	12.1823650114348379	88.4387386449831752
 167.000000	14.1586399389005546	124.8852180702181585
 168.000000	16.5118088412583504	95.8415858872062074
 169.000000	13.4674779008391425	102.7190129044789444
 170.000000	9.4943371756455459	10.7991203863616363
 171.000000	10.1109921369314204	32.1264499335158291
 172.000000	13.9271636957105969	92.2707671287803635
 173.000000	13.5408022773170629	96.3125146657223752
 174.000000	8.4253339843103046	86.0822589058986694
 175.000000	16.4935631294385630	149.8885888819116872
 176.000000	8.3318741425251961	74.3096773881120782
 177.000000	6.0038602908873857	116.6653037889165319
 178.000000	5.1041266729131411	165.0804066416947080
 179.000000	6.0128788534072406	126.5092557100748820
 180.000000	5.0452374919083312	126.9830481333628285
 181.000000	12.4854773565630452	164.1107646902663078
 182.000000	8.7353329990318436	106.2169028267465762
 183.000000	12.4690340010176985	78.5373040873124779
 184.000000	10.9244924434709887	75.6722633577327031
 185.000000	7.5732611819152584	133.9447942980620496
 186.000000	9.6182929038994747	110.6705185095327835
 187.000000	6.7353616060620416	127.2693042105404402
 188.000000	4.5451587997053506	147.4723027599573868
 189.000000	7.1585364012610428	173.1961080862595281
 190.000000	5.6618682205566992	134.6311407635120929
 191.000000	4.3778497587142011	86.0373387217616283
 192.000000	3.3375120801756575	79.1105378071316210
 193.000000	4.7988106829066783	134.8063381496295108
 194.000000	4.5674206025809445	130.6499748743841565
 195.000000	5.9332011114817114	145.1905679300384691
 196.000000	9.0362256740554461	77.9058489688855644
 197.000000	9.4892422900719424	135.5637542173785164
 198.000000	5.1913272277215610	136.7219368347834347
 199.000000	6.5348480361244796	113.0791646179128946
 200.000000	7.7837427994564043	126.5580685545333637
 201.000000	10.9056622321751213	133.7232803607179505
 202.000000	5.0191072838755799	113.2637112794087670
 203.000000	7.0457111083696349	67.3748354130892011
 204.000000	7.7155386866924518	133.8111355149638371
 205.000000	8.9664819376933664	106.8276151756453203
 206.000000	9.6378756392240970	117.5048869507801186
 207.000000	12.6252133622501681	165.3584063432329003
 208.000000	8.1123352142548182	104.1965980731893211
 209.000000	7.3893085732977646	142.9468473105413864
 210.000000	17.5212243891091646	55.9707415067655916
 211.000000	9.2050132014531147	119.3579011183799707
 212.000000	6.9174122245603948	127.3049153122108805
 213.000000	6.1862565936260339	113.4530498336257551
 214.000000	12.5171153469462357	99.7415246631479988
 215.000000	12.2892978340181500	112.8105856866167045
 216.000000	10.2799136273937304	17.6725487202074305
 217.000000	14.0340305348375924	120.8364739928761225
 218.000000	13.8743436930776483	107.6843002707655899
 219.000000	15.2951747783104288	125.4440037241844266
 220.000000	11.5489485905997977	55.9833178787684460
 221.000000	12.8475979054344265	16.4444828138720425
 222.000000	11.7683763560252821	154.6270839898994609
 223.000000	9.7464776871841838	84.2166835488251593
 224.000000	6.9771918857369126	109.2811365050446284
 225.000000	5.0716568545786043	89.8810885514688493
 226.000000	5.7106630482227905	102.6457825547715714
 227.000000	6.2112621475895438	135.9183001346383151
 228.000000	4.1385525655702793	161.4751812461737472
 229.000000	6.3460047602765162	122.2455624665517746
 230.000000	3.1442559135571391	106.2598970792568025
 231.000000	4.3572847839241806	90.4884268388346698
 232.000000	5.1219211506467026	129.8289148712705412
 233.000000	5.4704145845405243	159.9218107531274029
 234.000000	4.0967231268769444	41.4108318678760838
 235.000000	7.3015942913003640	109.9822674701324559
 236.000000	5.8499387969975976	60.1640984823644942
 237.000000	5.3872684188775777	86.7496586614237657
 238.000000	6.6753295616821324	127.5926668922117528
 239.000000	7.2443893255356953	116.8740192625238308
 240.000000	5.1296683987302840	148.8424027727652401
 241.000000	5.9619296710627108	94.4901617780154908
 242.000000	6.4877767536033932	40.6339829056192627
 243.000000	3.3325987494806482	62.7918352924888410
 244.000000	6.8650172270714869	59.3037811358618399
 245.000000	3.1596960332791548	69.5965092847525710
 246.000000	7.9486993190227979	47.3200505435513321
 247.000000	6.4233655175388309	108.1768052642893991
 248.000000	5.3550520747289898	87.3394183631344276
 249.000000	6.2456934825607240	152.4380436953790081
 250.000000	6.3995287666746830	122.3125437684366261
 251.000000	6.8851869770099450	86.1698290619251281
 252.000000	10.5118687171959593	142.5243279061921271
 253.000000	4.6234448357458202	53.7446760418693685
 254.000000	11.6350181328302504	154.3427996381508933
 255.000000	6.1902776167848366	104.0774073939732318
 256.000000	8.7061399992194790	88.2322869507539878
 257.000000	14.3932656418924498	95.1499864031160314
 258.000000	10.2262068532773664	143.5228314359433170
 259.000000	6.0839556292318635	98.4870928526861604
 260.000000	7.8174261361681818	150.8622736274277827
 261.000000	8.1683481417195498	66.6655194668804398
 262.000000	14.4739489298965101	146.2748844251621563
 263.000000	14.7713358640797168	120.1671035437328783
 264.000000	15.0096499284044427	78.2670947895408062
 265.000000	13.7457874408357643	90.3108961436221307
 266.000000	11.6887755997544573	138.6688679185911326
 267.000000	13.5699543251753223	158.1622455432221273
 268.000000	15.6969482185075844	70.8596928033860678
 269.000000	12.8536948766053953	137.9237290023816911
 270.000000	9.0109901728985040	166.0533596260389970
 271.000000	7.9029369506325793	126.8974188247544532
 272.000000	14.2645254804993300	126.4316926157986245
 273.000000	5.5591515080865568	96.6342409475092126
 274.000000	9.9505859708667401	78.2271515150009407
 275.000000	12.9334703863658032	162.7384372098600522
 276.000000	12.5239657400948534	84.6074238537877790
 277.000000	11.7925830185722642	59.0385948081494405
 278.000000	12.1662871058341615	86.6306050009939383
 279.000000	7.8272181962316063	98.7424918507858109
 280.000000	5.3291734528085861	140.5041012871436408
 281.000000	8.0189796459574207	115.5234638150706559
 282.000000	4.6460807746411881	114.0796471159503369
 283.000000	11.4175192095706119	114.5198973263511135
 284.000000	4.7708244378092459	108.3323516915567382
 285.000000	9.5389211298185490	129.5615483854133743
 286.000000	7.7501576985394731	92.3163824566028381
 287.000000	8.5564961248509785	158.8403765400828433
 288.000000	8.8616823626309671	73.6951771005678609
 289.000000	8.0377431935400256	44.4076424366943456
 290.000000	10.1317036755394678	54.6823872688103307
 291.000000	9.2528948746175104	84.1404207239533690
 292.000000	12.6383576810136642	112.5123420971142565
 293.000000	7.6000103148106914	92.3790901799620059
 294.000000	9.0929236460145919	114.0454680901265618
 295.000000	7.9377810507241700	128.9680643216216254
 296.000000	5.9608698391582031	116.8099151545519021
 297.000000	7.3250284230905649	120.8386445524557473
 298.000000	6.1877788970837253	112.6091446837757388
 299.000000	7.7040635551103147	72.5429834761800123
 300.000000	10.7149936513959947	154.4010017493525027
 301.000000	7.3987122744629250	124.1123322288817974
 302.000000	7.7794466823584800	119.8488794443236714
 303.000000	8.0651480339899848	99.8537135079503884
 304.000000	7.0960884901525247	69.7952185400529856
 305.000000	10.9593084154414324	145.6360956498068617
 306.000000	7.2889590239673883	127.9836842122953442
 307.000000	7.3564549268878947	127.8531962432079041
 308.000000	7.8634617492537799	114.1560672077127094
 309.000000	7.7723189450939323	118.1076490135704660
 310.000000	12.0981379756564049	106.5110546631544963
 311.000000	10.3029822672920464	83.2167361969232644
 312.000000	10.1878958885844781	87.1077625685940120
 313.000000	7.4668634461051937	110.5568073375026330
 314.000000	14.4588460907803569	119.6756193037536775
 315.000000	4.9889973554658384	77.7817309045089473
 316.000000	10.1046604154543065	91.9262738989235260
 317.000000	10.0764670042103361	77.6413620806194871
 318.000000	6.7108723215008146	142.7833704925646146
 319.000000	5.6632295238663968	137.4077029972026764
 320.000000	5.6027081983322677	101.2916680663492741
 321.000000	4.9010612770173498	124.2119430609795927
 322.000000	5.0713262469262705	149.4188498541780632
 323.000000	9.6935137212457825	89.5890368075874193
 324.000000	6.4776988784330918	111.8115014153812155
 325.000000	4.7662918693259124	137.8395809035191348
 326.000000	4.5266706657641160	84.1665743891258273
 327.000000	2.9659064867957570	126.5064494356217466
 328.000000	10.6717775504910062	52.3355933864231559
 329.000000	9.2497773129204575	158.9168146225973146
 330.000000	11.2899232912794183	97.2309751979775143
 331.000000	12.6128962885749907	107.6366932166118318
 332.000000	6.4776844077683737	134.5283581409336193
 333.000000	7.1255493406938220	152.6008743200897015
 334.000000	14.6318307679284647	98.0439103600738378
 335.000000	12.6724335954699345	40.3318437361635063
 336.000000	13.4610984226610277	136.9566455455744460
 337.000000	5.9792100032321596	137.1070496830774346
 338.000000	7.8546291611607444	102.6360967980782988
 339.000000	5.4783279826083158	102.6378726742881184
 340.000000	10.8199539886419522	162.7456677155302032
 341.000000	5.2573242678317458	94.5207720357711025
 342.000000	7.8826668295842648	146.5871629181425533
 343.000000	8.7271098715313506	102.8444977603903965
 344.000000	11.5214995789279460	172.3652467821582093
 345.000000	17.1884961278774355	140.8045427119670023
 346.000000	15.8830058867006674	136.6194214483150517
 347.000000	11.3083539127193244	161.5387319807700521
 348.000000	11.8875084365286252	5.2728573654213733
 349.000000	16.7864559385099952	127.9780848517154936
 350.000000	8.7168647397911396	67.4691288920865020
 351.000000	17.7094385151726428	148.8816779208634102
 352.000000	15.1726637828121991	95.2241117483438160
 353.000000	13.2847096273499492	115.9387332255018777
 354.000000	11.9471379960891664	83.6271133244734983
 355.000000	17.0932459679524094	105.9571689248250550
 356.000000	11.3953796599622592	112.1879249352318197
 357.000000	8.1376829102212742	52.3936217980209591
 358.000000	13.3483859696935561	104.8096649766382029
 359.000000	15.6654518850732067	63.7333799342270027
 360.000000	10.7386739075753752	44.5276951896639730
 361.000000	11.9967314895072619	115.3972240129385796
 362.000000	10.8164219841593123	82.0561425138304799
 363.000000	11.2967945486400740	78.6622104495936725
 364.000000	11.8459994377398505	51.5746447349571895
 365.000000	9.1152131776746437	38.7993541962236179
 366.000000	12.8472211118418258	121.6324066471908623
 367.000000	16.8515244515876823	64.1299709949089873
 368.000000	17.9010654348517591	94.0777711542051662
 369.000000	10.1347895185324166	45.2756202767648404
 370.000000	13.6202343713767480	112.2862656984574841
 371.000000	8.3513856516653320	166.5309949792368229
 372.000000	8.8662133461647112	119.8619127965834821
 373.000000	5.6719385078601308	127.4828357681318778
 374.000000	4.7515812375305639	105.2059146266915661
 375.000000	5.9638621745067431	94.4495038100906470
 376.000000	4.0099605911241225	132.3516688254260316
 377.000000	7.7524700621947851	86.6629870394646815
 378.000000	9.1077077894231699	62.1531129134272788
 379.000000	11.4878824019508645	103.8150492699757876
 380.000000	6.7876861472991701	76.0974348867157460
 381.000000	11.3643170007117789	85.9179592383843413
 382.000000	12.8561863616880228	81.4004843759064016
 383.000000	5.5742543344953503	103.7067596903507365
 384.000000	4.0647660953137263	167.2894719213020096
 385.000000	8.6408955297309245	126.0171185351257037
 386.000000	3.1009522399972536	72.4412427301646460
 387.000000	4.9932480728737811	86.5568816382561010
 388.000000	5.4189769485923041	69.1951891077839463
 389.000000	6.7722362744611067	177.4560947357364000
 390.000000	7.5134304846040445	142.1666014828655307
 391.000000	7.0264813768898904	120.1824242533874383
 392.000000	7.4799428503135763	148.0056897849903805
 393.000000	5.8368439627751343	155.9913281599364154
 394.000000	3.6974376034841949	78.5049459202816990
 395.000000	12.0135363588430018	122.7628928119384568
 396.000000	9.5101191016345936	43.1063539728059482
 397.000000	10.6691285079630571	31.1863270591029789
 398.000000	12.3356783243354329	140.3943655063417282
 399.000000	15.2327087700157211	108.8432202457511693
 400.000000	13.6074398673633201	43.0966208125985588
 401.000000	13.8964661029227337	44.7074293365161850
 402.000000	9.0104803807005744	60.8385649017570529
 403.000000	7.3885067452240287	86.0983558346708122
 404.000000	14.5346507887544885	132.4719291982214600
 405.000000	7.6453176743568196	122.7454188297893722
 406.000000	11.5383533958134237	119.7322050590180709
 407.000000	9.8593892727265651	148.5917321066026489
 408.000000	6.3398296994923005	151.9281458704920453
 409.000000	4.4869031882285357	115.5559322169440861
 410.000000	4.6361860923004894	88.3037089063171265
 411.000000	5.4392965955800499	109.0441478591188087
 412.000000	4.6144666876432598	118.4172900075367920
 413.000000	8.9977067643571207	28.6708517625613979
 414.000000	3.0358024509891299	115.9075512545764610
 415.000000	7.4560840113584064	127.5769457981141954
 416.000000	10.7214804000140926	23.2113419567760673
 417.000000	6.3630072645580782	149.0818226490119400
 418.000000	9.9406303532828577	14.8179635184055485
 419.000000	13.6823809729124957	138.9665623332374764
 420.000000	10.9622795703247853	132.3819975233926129
 421.000000	17.8969313032550836	123.0243064470184891
 422.000000	17.9798674250538753	98.7007934468047239
 423.000000	13.5703776920029071	39.8428247286666704
 424.000000	13.6245553549595524	101.1861241072734146
 425.000000	8.2393454691487502	163.1089690619037356
 426.000000	10.8766497138295630	72.3449601480039917
 427.000000	12.9019048453046494	124.8969176901897953
 428.000000	8.7184775408366590	135.1492108638404659
 429.000000	11.3946062152215362	128.6707579257512180
 430.000000	9.3945774425182691	44.3915304584492389
 431.000000	12.5830787367658044	24.6690622390752594
 432.000000	10.1177394414585535	153.6300564195917104
 433.000000	7.0580891710675422	154.1560788219192091
 434.000000	10.7555610704921971	135.9112314563350310
 435.000000	4.4856296841438557	81.5918955676535660
 436.000000	5.0662336222281503	97.5274133126605278
 437.000000	6.8719253717667739	132.1682536583849412
 438.000000	3.2749630087235828	166.0615555375684664
 439.000000	14.4078041772322667	135.3781856520717497
 440.000000	18.0922263219729516	100.6244243634791786
 441.000000	12.2937046305262072	80.4718857943547476
 442.000000	12.4036913758984841	122.0352122561710786
 443.000000	15.1371558780105460	45.0065464141268876
 444.000000	15.8919515299204654	75.3402058075795793
 445.000000	14.5831051557406628	41.8066200306656981
 446.000000	19.5663400093699735	144.7433161329257132
 447.000000	15.4234003667421202	51.9855091978709254
 448.000000	12.8842688945303347	169.2015696714078672
 449.000000	16.6581025941668699	120.4299028683747821
 450.000000	16.4632818013672590	131.0629091349090061
 451.000000	16.4890850465931642	49.8256850498645179
 452.000000	18.2877193098094040	61.4420866844460107
 453.000000	17.9519349771848731	99.6074400386262369
 454.000000	18.5778315607927560	142.2662007482707054
 455.000000	17.9709967875987395	120.7079661463919820
 456.000000	17.7560534434591020	53.2343505350385300
 457.000000	18.7107045710969793	103.3698837377504702
 458.000000	17.4516712504118630	97.0052343313157479
 459.000000	12.5938031827574139	126.8853275577577051
 460.000000	16.2542898704748922	126.9986735159471039
 461.000000	16.9402181165806311	121.6818579865870618
 462.000000	15.4210059194638109	86.5038807378775374
 463.000000	12.0191655545600948	118.6736498802566189
 464.000000	13.0837053355261599	125.0627828836975226
 465.000000	11.9891550204704007	93.7562030837411555
 466.000000	13.0165030651748683	99.9375892946668500
 467.000000	11.3332097753158560	80.0091859946363400
 468.000000	7.9926680927805780	123.6622976394316424
 469.000000	6.8564245065135925	105.2333089824433188
 470.000000	10.1383028563234667	103.0186302801792522
 471.000000	5.4547387170109101	93.3194381165722433
 472.000000	12.4104705862444895	84.6526097327018334
 473.000000	9.8113957838557333	134.5889553775147078
 474.000000	6.6723669969737323	168.8286561720816792
 475.000000	12.5167280475524461	154.2510361655820645
 476.000000	4.8112784033213076	122.1610713783836104
 477.000000	7.3791671322886261	108.3593574084718938
 478.000000	9.6117467796747320	152.7607413292839169
 479.000000	7.1994821700706080	97.8382773044061622
 480.000000	13.1628472945911845	150.1818710245328248
 481.000000	5.8124199666084460	30.6930883182251932
 482.000000	10.6265926553072010	109.9780016906344429
 483.000000	9.8908750930651586	105.8482268221062270
 484.000000	10.0937474716614943	88.9194566092126308
 485.000000	11.0897175659557323	119.2803885503660695
 486.000000	7.3481650460917951	95.3935697139956034
 487.000000	8.7451070064036074	173.7950044996065628
 488.000000	6.4309519298093294	143.1483081925176464
 489.000000	5.4760107560497406	108.8969808174804115
 490.000000	9.5635540295835479	131.0817369507198293
 491.000000	8.4781528714989314	42.4453384342424727
 492.000000	10.3607983743755128	35.1571526486744403
 493.000000	8.2859261612371995	18.3410824467879650
 494.000000	13.3780113560707896	89.3553278853575961
 495.000000	13.0730866256762219	78.2983398507340098
 496.000000	5.3226514205763475	129.9496032597670307
 497.000000	7.4985628820154018	73.0049751338757744
 498.000000	5.1949713228080281	126.8782426875048657
 499.000000	8.2110637822251498	96.1279805156307674
 500.000000	10.2917430158553920	145.5518963354595599
 501.000000	6.3107185229730174	130.6894991162440931
 502.000000	8.0206824525319558	19.1060370455263069
 503.000000	10.8731908679775167	126.6046871543974248
 504.000000	12.5019722258211345	85.4199740003421795
 505.000000	5.8598615877401112	46.4973929725966570
 506.000000	9.5783466905292904	16.5777646256532591
 507.000000	11.5908386538206063	113.0428483491512139
 508.000000	7.2716396319610981	135.2788208334556259
 509.000000	7.4418785889548946	96.3817333159779821
 510.000000	12.1479450148335157	118.3787374802724912
 511.000000	7.6355844599131073	119.8049520833679509
 512.000000	13.4752583676365134	127.8514906618933935
 513.000000	12.5238763187288686	106.5296510402060193
 514.000000	15.3556575712797976	88.4518112841556530
 515.000000	9.7589256631320698	98.7296299860520605
 516.000000	9.6345342536308376	145.8532661915898245
 517.000000	7.1721117789345197	90.8531630820868799
 518.000000	11.7251593707862813	126.6856601712154600
 519.000000	8.7721422164019138	55.4308637458078266
 520.000000	9.0180651903695441	147.3782581593277428
 521.000000	9.6269409574958456	110.8229397336440627
 522.000000	6.8724581055738359	112.4894838511177966
 523.000000	7.1344302910396866	23.3673821847070258
 524.000000	13.4286363712934023	93.7203804947475732
 525.000000	6.0175443269050621	77.3940500378402447
 526.000000	9.2276961644561908	99.9893297259926896
 527.000000	7.0539064389663277	126.2631980340772060
 528.000000	7.8699378999146612	134.8222885140178562
 529.000000	6.3491649905835574	99.6334829873177483
 530.000000	9.8008157290223981	77.7791028465540677
 531.000000	9.4269460083852650	147.7203041040469031
 532.000000	6.7705483672513918	136.0212667639344772
 533.000000	4.9770961953664505	106.3840912564715211
 534.000000	9.4145943653138620	108.0747167753646778
 535.000000	9.9809000701447648	161.0085998845727318
 536.000000	14.2305949557364730	125.2160693489729226
 537.000000	15.7717153508834969	21.1639076262043204
 538.000000	11.9227975756892395	94.6695690469633746
 539.000000	13.2178901224208847	82.6539228962393082
 540.000000	11.1070401786342714	93.7338280682579352
 541.000000	12.9050756537440705	107.3467163907276500
 542.000000	12.5063836118510192	130.3208756544190692
 543.000000	12.2964701883356220	113.0675465276937217
 544.000000	11.5986236590692311	69.6865241290494453
 545.000000	12.7804358315856792	92.7199849874922108
 546.000000	6.0281708610444298	57.5474613237192898
 547.000000	9.8817072941222470	131.0366051918933579
 548.000000	13.6753271288605340	107.5929030498304826
 549.000000	6.2292489710474017	158.9479823571045074
 550.000000	12.0642693830828733	141.9217229689306521
 551.000000	9.6448982305678950	73.0974751462316448
 552.000000	8.3516652654637529	60.1483944563352395
 553.000000	9.9183398945877119	66.3595668921781225
 554.000000	9.1855699042713823	82.9399246793772846
 555.000000	8.2742459787231724	74.4702740203376123
 556.000000	9.6888794479610461	108.8112939133913244
 557.000000	8.8344918963074850	129.7489672826173432
 558.000000	11.2476830075002656	151.1016207880312265
 559.000000	6.8882097363564245	93.5537113275571670
 560.000000	7.4433186094843933	100.3157153300121536
 561.000000	7.4674190034687893	140.3718779651443924
 562.000000	3.0972695570060358	85.6548323783667058
 563.000000	13.2371771737164394	125.7361045944742273
 564.000000	8.3874700796901109	140.2250522819522303
 565.000000	3.8694855842256008	158.7723169187995040
 566.000000	10.4636768572758019	106.3040131914734445
 567.000000	5.2669767687058755	18.5437143189399194
 568.000000	7.6244782949618388	76.6861148700872945
 569.000000	6.3943928074384653	82.1718968469065629
 570.000000	7.9651886914427301	93.5645223199453113
 571.000000	6.1585355129390109	108.3874226998994175
 572.000000	10.6390103337095852	141.1375697944299077
 573.000000	5.2513379365569364	105.5100952709118900
 574.000000	6.1763298860148304	147.3212148198711873
 575.000000	4.9433296417548087	105.1560972170267405
 576.000000	6.3351654946432241	68.8004716017754134
 577.000000	5.0689858767070177	161.1448100773442320
 578.000000	12.9327067956419928	106.3516927765318485
 579.000000	13.4513318346910520	131.3054307464143164
 580.000000	12.6323040470456380	69.8406767744407944
 581.000000	17.0592395606092389	124.9852073494779603
 582.000000	14.1466337494623087	139.9928636361982228
 583.000000	10.7374622069152910	76.0527882789994578
 584.000000	11.8140312169611796	96.2799940437305537
 585.000000	10.5075928919052402	71.9091272692471790
 586.000000	10.2279822670093807	75.8758996800351753
 587.000000	11.8182926493997389	160.4886594524166412
 588.000000	12.6776071094728806	126.9418839602532501
 589.000000	11.5187786477392677	59.0098960068468870
 590.000000	11.3213878185047943	66.3117172763255667
 591.000000	10.7064374778529423	159.6843183048896719
 592.000000	10.1603208367074540	80.5838434367135790
 593.000000	10.4294877900104979	97.2196088842894994
 594.000000	9.2783802682215093	134.9636173121951401
 595.000000	9.6899571746754170	154.4363058435604330
 596.000000	9.9184310562474636	135.5382505757547165
 597.000000	10.0903911540800166	101.4287151578047599
 598.000000	7.9184987332288541	66.8489451954027771
 599.000000	11.5087691777811418	163.6503566504139258
 600.000000	11.0206044473215101	117.0579451264876241
 601.000000	10.4749214184181394	123.0069001977493883
 602.000000	8.2244287768160920	92.5646069861918761
 603.000000	8.7098951111194030	91.0335889036283987
 604.000000	12.1049289275042327	116.4749604384598740
 605.000000	7.7673745465658817	134.1434685437104122
 606.000000	14.3941432512341319	103.3177199068277048
 607.000000	6.8566191397399106	116.7670344407990228
 608.000000	7.5315900489021725	136.3874610702140728
 609.000000	10.0379361327965064	115.4663785966367868
 610.000000	7.3664354956582061	32.1261602999815921
 611.000000	4.6780280236327485	94.6379466111825707
 612.000000	7.4162563240296535	108.4558326373443151
 613.000000	5.2467507516606151	22.5972855486981530
 614.000000	9.5614625685629182	90.2826572593408230
 615.000000	8.9521989343679724	79.9395005121259885
 616.000000	10.9779783906696000	10.0991976804659771
 617.000000	7.3752902835271952	155.2099245641792322
 618.000000	9.1788557748026101	42.6448590853069618
 619.000000	9.2645239846995402	159.3818991014662743
 620.000000	8.3381309647150132	94.2383315592935560
 621.000000	7.8790788147634920	146.3270052131668422
 622.000000	7.4229021451417845	94.5842787295928531
 623.000000	7.1154868090635111	61.3009113533957759
 624.000000	5.5794674399493918	12.6511239511065128
 625.000000	8.8843008055684525	96.7700587084827362
 626.000000	6.8396885709894111	146.5299392462774222
 627.000000	5.0246451988551684	100.6349431029474033
 628.000000	9.4633263616260255	101.5446788107191480
 629.000000	11.0765799425840203	49.2494833598704531
 630.000000	6.9353076882443236	38.9444336357148586
 631.000000	5.5090625092806267	173.0110275383550800
 632.000000	5.7903301249077668	121.2057718733342710
 633.000000	15.7850577274848405	106.2167733500946412
 634.000000	14.8236673699665680	118.6270104839934021
 635.000000	10.9708617861004143	115.7674301726125208
 636.000000	9.4653303843878955	121.2752812410833485
 637.000000	4.6902860354498124	147.9648740776165425
 638.000000	11.5115655943697508	87.4588745250880777
 639.000000	5.1026802281712023	138.8951758214427059
 640.000000	8.1160447354398357	125.7008332895595402
 641.000000	8.2509178577047848	127.2614900144098726
 642.000000	9.6126025976627947	152.4782071296652930
 643.000000	7.0723811281228368	153.9767030691363061
 644.000000	8.4891867828730962	102.1685264261920878
 645.000000	6.2174486556165389	108.7535986249010591
 646.000000	8.4642207215211247	93.7974832184453220
 647.000000	8.2340247476509862	96.1862556547995666
 648.000000	9.6705216403874008	20.4494443636414474
 649.000000	5.4937461547029525	66.2229881575494232
 650.000000	5.2770000427913084	47.1462351089300000
 651.000000	5.6754957361514276	143.1073791275060785
 652.000000	4.4402268649329608	76.6067762005098132
 653.000000	8.4177406919537709	149.0000357139400649
 654.000000	9.0926607734172578	145.3831335776037577
 655.000000	4.7385380658463880	123.3351733139857913
 656.000000	10.9274923919629856	130.1415588872910121
 657.000000	7.7560844432507858	87.0036635928980786
 658.000000	7.4809010249564665	121.8186695542352851
 659.000000	8.6531284335041860	95.5341960720367211
 660.000000	9.5516167748361873	85.1563066395941917
 661.000000	7.6059628806910675	49.0455188878704575
 662.000000	9.0492051909484115	136.4112101429525126
 663.000000	4.7548394027560361	148.1219209908015841
 664.000000	8.4169744065277765	144.4473922471293008
 665.000000	14.7158401699309671	121.3990031999197754
 666.000000	14.5195239801560501	107.6193649281715778
 667.000000	14.3028287358222297	162.4714853043121821
 668.000000	10.5191113374489831	57.9707341353030188
 669.000000	9.3721740319237892	76.5550315831306136
 670.000000	9.3835898658573065	80.7285333003629404
 671.000000	14.3641260767961612	88.6421485488074552
 672.000000	12.4379506900415144	22.8914756672109547
 673.000000	12.2863412499883200	109.0832431342845155
 674.000000	15.4106294171314975	106.2204809318576224
 675.000000	17.6768387057527292	122.9708965172934541
 676.000000	16.7372535377989777	145.3146218486629664
 677.000000	19.0589980145960567	79.2300315723034458
 678.000000	14.6698374831703777	86.4249146126956305
 679.000000	13.4871599076561655	88.5967093582022045
 680.000000	11.4603626169588821	110.1793910750539283
 681.000000	11.5936456461784179	24.1981683344810961
 682.000000	13.4579734920863139	96.3524749582410465
 683.000000	13.7199204629451277	76.6926080947526998
 684.000000	11.2495651835865313	101.9303597763476006
 685.000000	11.0327201189538560	154.2381428378430996
 686.000000	14.7244745875871157	114.1719005576199208
 687.000000	14.2406118887138167	76.8622810401539311
 688.000000	12.7762923764316252	17.6623381955009791
 689.000000	13.8017895180359407	18.7433594847233849
 690.000000	13.6931852449722840	79.0396459400241582
 691.000000	13.5720246372108946	159.3825924103472573
 692.000000	15.2619477265263281	90.5176698230422119
 693.000000	14.1116298897358270	138.5025721178325853
 694.000000	14.4670529372306742	108.2318855807840521
 695.000000	13.8108599252703641	87.3295093346285114
 696.000000	14.4761679248722537	98.1433945868264317
 697.000000	14.8994090772096950	76.2530227899308812
 698.000000	13.5538422108828112	83.3453226871406514
 699.000000	11.0087999529163376	60.4735491822242466
 700.000000	13.6849661818605046	156.2815449497516056
 701.000000	13.6212297411281522	132.2134710253047842
 702.000000	11.2558855568569580	150.3411546284215490
 703.000000	14.0334301515504407	80.8644691813103975
 704.000000	10.7468224642757839	98.7617419309167417
 705.000000	12.0026268680237838	143.8886489574458096
 706.000000	10.6549192040111436	100.6847482987435711
 707.000000	10.3075469403551185	101.3812906773208198
 708.000000	11.9433378131641650	121.6787715611294232
 709.000000	13.9821063321019778	120.3321367277901430
 710.000000	14.9535476346016445	57.7707195589748608
 711.000000	15.3598951646186261	40.1471934674052875
 712.000000	13.0215187544280990	140.3447849451495131
 713.000000	13.5091951016041723	118.5890851782794897
 714.000000	17.6057944437366949	94.9655925996478771
 715.000000	18.3753711481188517	100.6399312702537543
 716.000000	14.9410234383064005	123.2257004896561767
 717.000000	15.2580092336591093	82.1125844588740108
 718.000000	15.3936752550688709	125.6326554942102831
 719.000000	16.0684011827282589	104.5365599930078560
 720.000000	17.1202569956579609	118.1282771991781146
 721.000000	18.4169640911270101	117.5078659723826604
 722.000000	16.7596182138817937	81.9267134089967044
 723.000000	16.2294412167481887	111.9566872208214505
 724.000000	18.5793013049937414	118.5065166845541853
 725.000000	15.7510682548083807	55.9153533028852934
 726.000000	17.1133600568604720	79.2948508802481058
 727.000000	16.3494531053999239	32.6800997735246028
 728.000000	16.7458989322797365	132.9213903045422285
 729.000000	15.0509728627536088	129.5261618015368015
 730.000000	15.3663864670237995	79.9589256082441437
 731.000000	16.5472566942845596	139.8862032413248357
 732.000000	14.9697479669623732	76.2187038418919656
 733.000000	17.8173848396215533	152.5507051376856680
 734.000000	17.2233472146645852	80.7673484089831959
 735.000000	14.8682689812511697	105.5907707666924722
 736.000000	13.2690659646592408	126.1206076724930369
 737.000000	16.2478664439901586	127.0602179944436898
 738.000000	13.7043620580276198	79.0463362099648919
 739.000000	13.1573611268788238	129.1403078447458483
 740.000000	13.1631061241732112	132.8573951170349403
 741.000000	13.3693306675499795	108.2337977796801027
 742.000000	15.3357045213944172	154.7671743286389017
 743.000000	15.7344628409486038	106.6444990925567424
 744.000000	13.9577371531855992	83.1503802352184067
 745.000000	12.5602730883545490	128.4263412725710793
 746.000000	15.7986248730445027	114.2749116573461095
 747.000000	14.3045440554608181	97.2030457790330615
 748.000000	13.6572520995839231	105.5101882558286093
 749.000000	15.1641854417874402	105.8970738993979097
 750.000000	12.5169139957700430	111.6745419693292973
 751.000000	10.8030455431672721	74.9923434982313211
 752.000000	11.6945678012848173	150.4285111395191450
 753.000000	14.8730343346059950	66.4803653301882491
 754.000000	14.2604330850121315	63.7499974958285378
 755.000000	12.4243642843864279	112.2162897864221378
 756.000000	16.1229205858420386	85.6953173475885990
 757.000000	12.5453080789550153	99.9123805367523516
 758.000000	13.6629530124326362	143.5945379258292860
 759.000000	11.6905586510455635	52.6320117997995567
 760.000000	12.7805964526656890	148.9166766298000368
 761.000000	13.3068891108139677	142.4276031902933539
 762.000000	11.6701720512910700	106.1199554024840381
 763.000000	13.2257406260054129	101.6525426583448848
 764.000000	13.9303394805865448	165.5728083854219221
 765.000000	14.9653620488630956	121.2496130698953323
 766.000000	10.9221993454164927	143.3518682261412778
 767.000000	13.4180073116082106	122.3032743712593344
 768.000000	14.4761773565182299	114.9352825587286446
 769.000000	11.4946579831014333	26.4556853047609764
 770.000000	14.1380833137971234	105.8679345617798191
 771.000000	15.1327874782329754	135.4654795390617039
 772.000000	14.8821565878711759	155.4287667918881368
 773.000000	13.1371885885958584	98.9210946687018691
 774.000000	14.8830222255980296	101.9295455869697236
 775.000000	13.5020105926648686	77.0224961624709579
 776.000000	14.1823741479638290	67.3766650408854844
 777.000000	14.7675453871057947	102.0580284971931349
 778.000000	12.4374337679371596	103.6417881232730878
 779.000000	9.5384276759113131	88.4653717715571588
 780.000000	15.4737607068060203	145.8865497628812022
 781.000000	12.3672377366771009	90.4663994814239487
 782.000000	11.8395026961763108	125.7764144952325012
 783.000000	13.8286478155138610	87.0531895547024419
 784.000000	15.2879419745545206	139.1872799237256118
 785.000000	11.6356646350099577	75.8758525806429276
 786.000000	15.1012712923505674	116.9019857227785337
 787.000000	11.6424574705789556	76.9455353334127068
 788.000000	4.8402218345030956	151.4827470741804234
 789.000000	5.1418851546338518	143.5337340601965366
 790.000000	5.6403072993405052	53.6562194946959039
 791.000000	15.1124884747064137	64.2387228534249459
 792.000000	14.1461297028563493	127.3593968927764735
 793.000000	16.3761750408345321	91.1798054147123764
 794.000000	16.3960432216407810	139.9569124026004374
 795.000000	12.6181885654680563	91.5229337813128723
 796.000000	12.7066954156766627	149.9162134996857958
 797.000000	13.3697023948018554	158.1006199468911291
 798.000000	12.2076341107373061	60.7170631401342717
 799.000000	10.9713925756217190	45.9586016134983311
 800.000000	12.9781716135780929	90.1330193043341126
 801.000000	12.3926945361760072	127.3187248186062561
 802.000000	12.2552432118726795	160.4515557313881686
 803.000000	13.5526846814180164	55.1725586587922834
 804.000000	13.6887768445073466	155.4810916541372308
 805.000000	13.8225456343961799	53.9092595863250494
 806.000000	15.1074219983103593	133.6605457112653426
 807.000000	14.2561762460927497	117.3659346211472325
 808.000000	8.0396675521061400	115.9875872871490969
 809.000000	13.7754276807266329	55.9937372996236178
 810.000000	13.5552825032705577	87.1495215983184863
 811.000000	13.1664440343878191	27.4896076275572057
 812.000000	15.2821728269469279	100.9566817737554629
 813.000000	13.4729680131518066	115.3158653038587715
 814.000000	9.0278343144463165	122.0152802338452034
 815.000000	14.4340342788045461	94.1751203301516426
 816.000000	14.4331292319171585	153.3869717689444485
 817.000000	10.9987386442891282	38.5721272821246259
 818.000000	15.9883434344399440	131.6942084791598404
 819.000000	14.7212809751346185	158.1032985871633230
 820.000000	14.4738647599921748	89.7714330602647692
 821.000000	14.2030123553877523	67.7814003521255586
 822.000000	7.0916344068457500	81.9824821016857470
 823.000000	7.9698459808789517	92.5322439504294181
 824.000000	6.6826493857553988	123.4199996327348146
 825.000000	7.7333520540164855	115.2499111247820167
 826.000000	8.8324031009017467	117.1278640569790355
 827.000000	7.7974207810264851	120.9281464353282161
 828.000000	7.9670477028697695	127.2010983481692108
 829.000000	7.4576299880933643	110.4686683546749748
 830.000000	5.1757094090647442	149.4515435941585793
 831.000000	6.8195501439051425	58.3385044555253245
 832.000000	9.9676949949703975	134.9520455359773621
 833.000000	13.2355955828319587	143.9464157626109113
 834.000000	11.0042880050936400	35.2775489566451199
 835.000000	13.0768386981155729	100.9067017655129632
 836.000000	8.0888941349521257	121.0176707835403818
 837.000000	4.7423445381431444	78.8352839066465663
 838.000000	3.8297878840620676	172.6244807240468333
 839.000000	3.8442804087467586	74.0751346332654919
 840.000000	4.8943415878107812	122.6582912259584077
 841.000000	6.4109765391206981	85.7408348025603999
 842.000000	5.7258274391216286	150.4453894718128595
 843.000000	10.2673740179791313	107.5159548936145342
 844.000000	6.6344866292706568	149.3011934588314489
 845.000000	5.2150903330761942	105.3646596953204835
 846.000000	2.7124520785235293	129.4550755064266525
 847.000000	9.5140269229634722	121.3830902209471532
 848.000000	13.4463465425526305	80.1053746585699713
 849.000000	4.9122574686387352	148.6334112605450457
 850.000000	10.7935489587226421	63.3147379323124113
 851.000000	11.7348249714686617	133.5222276805970978
 852.000000	10.9449504243298108	128.9164036100078476
 853.000000	9.3812952059512345	116.7356066293774717
 854.000000	11.4084082031213470	108.9360944773096804
 855.000000	11.2340041529702521	160.8042195572437834
 856.000000	11.9598026670564259	97.3212365221967701
 857.000000	10.8922610483526299	151.8940193747199316
 858.000000	11.5225703014671197	86.0681235083720537
 859.000000	10.8548540476392841	104.2401827214487611
 860.000000	8.1057079474928102	102.6030844741448078
 861.000000	4.4504977443990521	105.8174234736415684
 862.000000	3.8095397230750501	121.6856025942207680
 863.000000	8.0681829409326458	89.1286201461273180
 864.000000	6.5659877489529315	51.0063128507171939
 865.000000	11.6923616324246940	71.0872859974316924
 866.000000	6.8228354211384836	140.4149113407355003
 867.000000	12.2124780163094453	72.3848923157661943
 868.000000	15.0312312593609860	159.0020873033549833
 869.000000	14.0813898688464523	108.9062061362447196
 870.000000	9.2373016097380134	103.9087821093543056
 871.000000	8.9969522179497847	144.7130465771790284
 872.000000	7.7077966006682912	134.3762867030354755
 873.000000	5.5811955206976407	54.4364698629077424
 874.000000	4.4873194314937681	104.2082791668991746
 875.000000	6.2943527885989869	101.6901405976748265
 876.000000	9.4104270277368158	172.8391602587306011
 877.000000	7.7147821463599318	87.1708499766609464
 878.000000	10.1076639031846138	159.1686008031658446
 879.000000	9.2396858043049850	147.5743273895907350
 880.000000	11.0134868613370376	132.5138094102935611
 881.000000	5.2428343578227885	110.8960251012348976
 882.000000	8.2780055207177572	126.5107985444634977
 883.000000	5.1455765107727283	40.8265633121421843
 884.000000	8.5229419783234945	99.0960471393837423
 885.000000	7.1595208012153497	128.8438620137935402
 886.000000	8.3756829584921064	155.0315733456844498
 887.000000	7.6369517910951377	120.7711693912981303
 888.000000	9.7020871256499124	58.6242324382717186
 889.000000	11.1262638986038045	164.8570049966827185
 890.000000	10.3424692348415377	94.8684253201878676
 891.000000	7.9180593964103432	147.6692444661118770
 892.000000	9.8210484583580921	90.9544613742486234
 893.000000	10.6207317800756940	73.1939233215340721
 894.000000	10.8307020727318406	21.3509062988118785
 895.000000	10.2534737832204339	101.8157076169427029
 896.000000	6.6182094558979445	71.8417822674765176
 897.000000	7.0164046495247314	118.6991545953589338
 898.000000	7.2263918874822259	143.4535899548450857
 899.000000	7.8117384997608790	106.1632551687059021
 900.000000	4.5388124767604880	116.2783873232361884
 901.000000	4.9235440862604083	97.1322833075607264
 902.000000	6.6726407911464021	46.0808036021427085
 903.000000	6.8541155292912173	90.6474388832856306
 904.000000	11.2177619000095952	153.8001801514159013
 905.000000	10.3401507284753524	142.0154288323171272
 906.000000	9.6624593604691622	79.2897216368666733
 907.000000	12.3137684523423623	112.0177952602990530
 908.000000	12.0291156723573280	93.5303693534500127
 909.000000	7.6516356204017306	130.2846477327304342
 910.000000	10.2459586044975755	28.8547236078540550
 911.000000	9.2528501377118157	82.8129676430117456
 912.000000	8.0933320653918930	147.7848644242894238
 913.000000	8.0431666321903901	122.1635361111266036
 914.000000	13.2552109748956486	103.0834857606283776
 915.000000	7.1328792304426862	148.6079965162030874
 916.000000	5.2955079155505720	134.3975273634003145
 917.000000	10.0716051792954939	111.0699458922848351
 918.000000	7.6930845661033116	115.7752586820917173
 919.000000	5.8225150737580949	11.0242722552989107
 920.000000	5.5767361179059760	104.2368600265586878
 921.000000	8.0410334466570621	116.5778039081240820
 922.000000	9.2333610687679499	131.5284522007422936
 923.000000	6.6191493152309180	130.2413166714528643
 924.000000	7.5260811310065732	47.1483414303122288
 925.000000	10.8922941936070039	93.8444214125036353
 926.000000	5.1964053303060531	143.8830270134716329
 927.000000	7.0821542063840788	100.8273197943890409
 928.000000	7.5722123054778701	70.8446419303020178
 929.000000	11.6864427972172980	156.5425834202549140
 930.000000	7.2440073825072906	121.0057132088346918
 931.000000	7.0326439428270406	98.0914163913058985
 932.000000	5.4554377529862208	17.6117113375782139
 933.000000	9.1645751590933351	73.9180337658788318
 934.000000	7.6361519064888945	108.6137907629196064
 935.000000	7.1093099365651460	112.2302467120174896
 936.000000	6.8718705069500956	77.2972318130741201
 937.000000	11.6186008802387875	121.4899264548809583
 938.000000	6.6780207964677407	121.9311787433695997
 939.000000	13.6082151621296603	93.0268081937388018
 940.000000	14.7120445973858676	115.3111970106253494
 941.000000	12.1531259919733365	103.2928620900143528
 942.000000	14.1997915763425322	70.5190455724762728
 943.000000	6.5648297256420740	126.0518741658744943
 944.000000	7.5027385559702422	99.0362435843879751
 945.000000	12.0842127325761250	45.4022487942396538
 946.000000	9.7253843189819502	68.2623661842533380
 947.000000	6.9619755357823818	157.7103109831140841
 948.000000	10.9334149726299472	115.0246594578197801
 949.000000	9.8433274798634613	138.3047864811599936
 950.000000	6.1177089114172034	92.1876267529759161
 951.000000	5.0413452031871966	97.9755483755453298
 952.000000	5.2550317891036080	152.7131909065717537
 953.000000	5.5658695818515431	158.6695051084224417
 954.000000	5.4876522071932916	114.9201925125163370
 955.000000	11.2968826290087350	72.7032994506096344
 956.000000	5.4054779909744726	44.6888021039565899
 957.000000	9.1286235192155729	59.6904891755414297
 958.000000	8.3526471655289924	123.0127710904884708
 959.000000	10.1763089778991560	74.4251916286414854
 960.000000	10.3758529583597312	84.8749775960163220
 961.000000	11.5332279077842532	152.0660796818702067
 962.000000	11.7666026340053946	138.4655744640782586
 963.000000	10.5611247812984725	121.8587665233139035
 964.000000	7.6388118388048341	99.3229803801976914
 965.000000	10.6679658411057865	139.9922084628317123
 966.000000	7.7328057999771449	147.4787143067397608
 967.000000	4.9791075279084103	163.0719646658085651
 968.000000	5.6465193038249142	74.3470968958848033
 969.000000	12.4123349890823995	101.4194763161189599
 970.000000	8.5072738206605809	148.0525904699734099
 971.000000	7.8750206924093726	92.9378307577289604
 972.000000	8.1657791139702365	119.2060965742375913
 973.000000	4.5236921065663811	67.8411089448788545
 974.000000	7.5051455196020562	136.5823055301029285
 975.000000	6.9411583054433592	84.9190900964293149
 976.000000	9.8600825885801040	105.0600762573649689
 977.000000	5.2282973185500117	64.5539495942012991
 978.000000	7.9585013526838253	166.0840730818098052
 979.000000	8.0046063036380577	68.4538816347105552
 980.000000	6.9419867656544758	66.8948566594317242
 981.000000	7.5818590603784353	95.3197289277331947
 982.000000	6.1226582368368048	161.6144655282842564
 983.000000	5.7243104562270082	88.4971961060181371
 984.000000	9.7257690682685638	165.2641596328208209
 985.000000	11.6259209871684845	116.0763964653179698
 986.000000	11.3243560783108386	78.7143437348472759
 987.000000	7.3255418581881964	89.5367700461247864
 988.000000	12.2458146941112336	41.1422584186351799
 989.000000	15.7909086742695628	128.3133942052760688
 990.000000	7.5647110796560835	119.6013286233028339
 991.000000	11.8538869392360446	147.8223787828404170
 992.000000	9.9630166735087613	113.0206710353807864
 993.000000	8.7401346919559941	95.9103565659985975
 994.000000	5.9726845469240812	116.3191250520654876
 995.000000	3.5595080932292520	37.8660792372563151
 996.000000	11.1918937079296494	43.9568337250288153
 997.000000	13.0440046487611649	95.7869335191000175
 998.000000	11.9223802997073118	177.3540431114885791
 999.000000	11.4816457712800837	61.3162113296494340
 1000.000000	11.8010103936336552	69.9076254869845002
 1001.000000	12.5836357289652199	118.1438132834321664
 1002.000000	12.8834243850178503	159.5270056570219595
 1003.000000	13.6096909639941082	75.8004489692984862
 1004.000000	13.9152750212602641	92.3979998134164902
 1005.000000	14.6070016042807183	160.9697494882026945
 1006.000000	14.0871517530866832	92.4310821011083448
 1007.000000	14.2963445489153997	154.8014611763221353
 1008.000000	11.4499362291432671	126.0973075954755700
 1009.000000	13.9179957193286494	132.1135270653865916
 1010.000000	14.6554711058441942	131.8441448176358790
 1011.000000	13.4120604330417255	92.0551613548613261
 1012.000000	13.3756627085584938	23.4305408960785826
 1013.000000	14.3262618840559757	116.5359449481235856
 1014.000000	14.2368250207312652	92.4090336047785570
 1015.000000	12.7175065634245357	106.6548439585000949
 1016.000000	13.1374665888083388	62.7795191401822308
 1017.000000	12.0192370791389891	114.1292057986675985
 1018.000000	10.8777499373230189	65.2357437910057598
 1019.000000	11.9026254187327254	152.5867554900748644
 1020.000000	12.1109258076468116	111.3892788289809062
 1021.000000	13.5785201503187256	70.7234994206222041
 1022.000000	5.1238123423565698	135.9490671397763322
 1023.000000	7.3799746402108193	42.4982346262085571
 1024.000000	9.9989876360210292	95.1460390525732436
 1025.000000	2.8711022639115416	25.3621766755831004
 1026.000000	4.5013679767327375	82.8726839436880454
 1027.000000	10.0537473901659382	105.8064784241440606
 1028.000000	7.2185072504842802	118.4370139861450753
 1029.000000	6.0666257664067524	107.1971935678499221
 1030.000000	4.0692636465712084	84.4408011002110470
 1031.000000	5.8331568231865596	172.1346913339035325
 1032.000000	3.3137982885548056	103.6297028856087081
 1033.000000	9.6342093327354821	133.9715393246676740
 1034.000000	4.6423487693290451	150.1132037312323746
 1035.000000	5.8295510437947646	34.6016377770512236
 1036.000000	12.3181976893065102	133.6603025914854470
 1037.000000	5.4010340934903374	117.3515545065543506
 1038.000000	6.5460482259399164	128.4419186715012984
 1039.000000	6.4933386508411326	143.5334405753565363
 1040.000000	8.6852959457427978	103.3836632124036470
 1041.000000	7.5714202178551160	75.2321447656669164
 1042.000000	7.8545555614595521	134.1466976549174888
 1043.000000	4.9225937127628550	144.0463765546106174
 1044.000000	4.6005320559540133	141.8343566263174296
 1045.000000	8.1927311089324242	170.3020901735482937
 1046.000000	8.1545876669447264	31.1022044074423150
 1047.000000	12.7137456937485815	58.8836622088413577
 1048.000000	12.7492894749777790	91.9109968914295195
 1049.000000	15.5163298801785441	165.8497390722872069
 1050.000000	13.6349471617908460	94.1273267550051855
 1051.000000	12.1171996757299318	160.7572193597086994
 1052.000000	12.9313500208071428	77.1198817369073311
 1053.000000	15.1592768816626808	62.1879287617853151
 1054.000000	15.2807780024075655	66.0634611006664159
 1055.000000	13.5081791369283213	82.8099775096912794
 1056.000000	13.0744391641694229	139.4160004456121840
 1057.000000	17.4430302887693998	89.9561291103252785
 1058.000000	16.1556456749156752	150.5295479188974070
 1059.000000	14.9759501024723587	136.1383840559242344
 1060.000000	16.2874661708596555	171.8190112176159801
 1061.000000	13.9739017124392451	66.7224743995059697
 1062.000000	13.6047150162749020	154.3175421832171708
 1063.000000	16.1672948797689315	66.9735216598971022
 1064.000000	11.9558456113461968	121.0504871230975112
 1065.000000	14.7375016525659923	130.6078978160638258
 1066.000000	12.6355243577154948	100.9209615927000669
 1067.000000	16.6269526951551860	31.3190106619762787
 1068.000000	18.0396924552993632	117.5999677471027667
 1069.000000	17.0254670864261293	65.1086481974378160
 1070.000000	18.6350933541117065	87.3881327522162081
 1071.000000	16.7721810776120392	115.5013918103823585
 1072.000000	15.8320364916325182	75.0276615657724761
 1073.000000	18.5874227650724642	100.3696130159767392
 1074.000000	16.7490471493616226	105.5767276505600023
 1075.000000	15.1702109090376549	160.8285014524104213
 1076.000000	17.7887703571169880	82.1965375262627305
 1077.000000	17.8918658082704454	133.6183050813561124
 1078.000000	17.0980008348260384	58.3318098560368981
 1079.000000	17.9023223101235658	122.1157757709215730
 1080.000000	18.4184381481134523	138.4459556299235032
 1081.000000	15.4488743329462039	100.9237413551327052
 1082.000000	17.1328880161823989	154.1474634109168278
 1083.000000	16.7481619520977247	56.7293462503527763
 1084.000000	17.2322601871076131	126.3507202034005701
 1085.000000	14.3320847883675722	80.6098069756102404
 1086.000000	14.6726303232086330	93.2486826768103754
 1087.000000	13.3913390374225241	88.8088770273542565
 1088.000000	12.8350253849524787	123.8250386511715249
 1089.000000	18.6250015137540323	112.9968332298942215
 1090.000000	16.9560709480238003	126.9653736565088593
 1091.000000	19.0098667686057219	97.2419090286089869
 1092.000000	17.7978457893313475	133.8616783867128675
 1093.000000	16.1475413366919227	107.3682451508304183
 1094.000000	18.5305724356224282	143.2164055924851596
 1095.000000	17.9699958587193329	113.9735378084656219
 1096.000000	18.4221643709137766	157.2621398602355782
 1097.000000	18.1844440968265673	79.5404545799034963
 1098.000000	18.5501540722757134	141.6931528858111449
 1099.000000	12.4456011916154559	116.7940641850229895
 1100.000000	10.4947387621553876	54.9302769348186501
 1101.000000	12.9425954507265395	55.9084132475194622
 1102.000000	17.7516520515552969	82.5085628820500858
 1103.000000	15.2194130959497969	151.5954119544074672
 1104.000000	14.5059305549630597	143.3637230902933766
 1105.000000	15.3285968729182063	77.4053138994692631
 1106.000000	15.3504947933412073	134.1910226181797441
 1107.000000	14.8133149529648733	96.5568599087108765
 1108.000000	17.7024968225947568	116.4885905894012694
 1109.000000	17.2054519867371845	137.7180563599007428
 1110.000000	17.2071678017574285	125.3223563348765026
 1111.000000	13.9681467303193791	56.6720159729187856
 1112.000000	15.9159967566139127	120.8648458150933607
 1113.000000	19.6267267113839807	91.5961846015989352
 1114.000000	15.3544618200772209	44.1859431309166837
 1115.000000	16.2265446248350571	89.3782715613161542
 1116.000000	17.4596635339112858	109.7811042848083503
 1117.000000	16.3760924915919972	72.5103261575277429
 1118.000000	15.7261450825794853	137.3373895454749629
 1119.000000	17.0948735682977109	64.5946650115345022
 1120.000000	14.0939421082870400	138.3761984829417031
 1121.000000	17.5910687887059645	143.5427750372488731
 1122.000000	15.4814370065743780	117.3377676011964894
 1123.000000	14.4330685660138016	30.3156096397366639
 1124.000000	14.8400421685915092	105.3775970682207088
 1125.000000	10.3925640438923121	168.3041761701658459
 1126.000000	11.6196879031889289	120.9814139681016911
 1127.000000	12.0429039364859332	60.6018448187357563
 1128.000000	11.9643536299491213	137.1908164481661743
 1129.000000	12.7602425029649442	120.3944098776375000
 1130.000000	12.5494077426824155	94.9171629593232780
 1131.000000	15.1009702083311232	66.9913071449647219
 1132.000000	12.2658547882134119	138.2595795003885257
 1133.000000	13.2700980571689264	153.2892305718247883
 1134.000000	12.8424008102316485	103.7317200768866030
 1135.000000	14.3184818937729474	121.1557187884470892
 1136.000000	16.2122158618430738	108.0864799226597768
 1137.000000	17.9883878874993144	58.1533475551729140
 1138.000000	18.0174991334745442	120.4429274382706581
 1139.000000	19.0946194085765164	113.5401309664283218
 1140.000000	13.8261795157101144	62.6693107016988051
 1141.000000	15.9057969728104638	149.6942418745409782
 1142.000000	14.3189545972615289	121.7747449090285983
 1143.000000	18.1061394306264916	93.2915544821491522
 1144.000000	16.6779695236403924	80.6878117847483622
 1145.000000	16.7048202512418094	105.1539421999456181
 1146.000000	16.7969428694811143	117.8408217990496070
 1147.000000	16.0400436030452269	116.4011626030939226
 1148.000000	16.1299032286480326	85.6764752695006280
 1149.000000	16.9314829287349333	94.6550736674393107
 1150.000000	16.2351433686379316	108.0507214217134333
 1151.000000	16.4680991979266267	98.5202080239264717
 1152.000000	16.8665617798247602	65.9933109317275211
 1153.000000	15.0844549883808536	113.6927435632917280
 1154.000000	15.8117957863277994	90.4034568233334710
 1155.000000	15.3235803439323330	78.3977269964095882
 1156.000000	14.7142042734715730	57.4027569961125295
 1157.000000	14.5375932031000072	165.2194644507600572
 1158.000000	14.7247013865733560	141.1289866154857577
 1159.000000	17.4140479776087247	88.7399097445941294
 1160.000000	14.6858363713379703	52.8880128770316702
 1161.000000	17.2901619156684525	145.4463898326271760
 1162.000000	16.3118032135243887	146.8166853506725715
 1163.000000	18.6864850875943915	132.7513593266822909
 1164.000000	18.0264029107707380	80.9035263716946247
 1165.000000	14.4791948063213773	156.1806949985116262
 1166.000000	10.9408841782147128	84.5617694175158618
 1167.000000	11.4389092464840694	131.3332356680361386
 1168.000000	14.4313907555151655	67.9276298856961205
 1169.000000	13.2810294587817559	33.0077785624115165
 1170.000000	10.9993012283518130	91.8866270568025385
 1171.000000	12.5778354431406161	91.6615362635388493
 1172.000000	13.1196484034750682	115.4243636884914679
 1173.000000	15.0185950185186119	66.5918837327524500
 1174.000000	10.7579507062007327	137.0979509895383330
 1175.000000	10.3201486424409925	91.9602361947599007
 1176.000000	11.9648981154729945	77.8344253303213236
 1177.000000	17.2130637658167096	45.8001281484337994
 1178.000000	14.8789905813714984	117.7287618259575623
 1179.000000	14.8156659168414073	97.0394656912935005
 1180.000000	14.5825783975935650	75.7861678059296224
 1181.000000	15.0200878461756275	79.8153917516888782
 1182.000000	17.3298829396085274	124.4554248872083235
 1183.000000	16.0300180526623706	162.2342033831521348
 1184.000000	12.2357028872576468	88.6336679417689481
 1185.000000	9.1928962907028815	86.2627096489429306
 1186.000000	7.3017234287837729	154.3043042777106848
 1187.000000	6.3846353686852053	69.1975342889642349
 1188.000000	6.7744191228273039	139.3354825622328974
 1189.000000	6.5692322445021594	89.4102181793244739
 1190.000000	4.1623767539865639	115.0522275328934398
 1191.000000	6.0713633284775019	139.2490804598381260
 1192.000000	7.2346272801849922	103.1756543244135855
 1193.000000	7.2134961508140458	105.0374187972121263
 1194.000000	10.1019692426918546	146.3604337402709064
 1195.000000	11.5565258429633797	168.9585763520704802
 1196.000000	8.4206255230644089	67.1757320030120866
 1197.000000	8.8322833229935291	67.2158890828998494
 1198.000000	5.3569820307126932	98.6968281201835680
 1199.000000	11.3646271098437150	89.8139519667562780
 1200.000000	11.9277045048786015	81.2578188968144559
 1201.000000	8.4117141199942758	132.7403953922405719
 1202.000000	5.0273423451156196	67.4542407408318496
 1203.000000	4.8474533393274477	88.1827113213572460
 1204.000000	7.3664693789266504	66.0653047554491337
 1205.000000	8.0569806208571908	133.8927029257287131
 1206.000000	6.8483159016980322	124.5317738542597681
 1207.000000	9.8096380363965334	111.4094136259520269
 1208.000000	6.5406741550632077	98.5517164870270790
 1209.000000	8.3638896392957669	104.8673313188332230
 1210.000000	11.7638621553176534	120.9515489119311269
 1211.000000	12.9984327181690311	117.2990107185500079
 1212.000000	8.6642885184822234	127.9563096748316866
 1213.000000	8.1658845279887533	126.4027720098703469
 1214.000000	7.0370675886774752	146.8211687559246741
 1215.000000	7.1821248006056031	84.7780660956685637
 1216.000000	10.7672750083424358	170.8838160413806122
 1217.000000	9.0313351172997187	97.2458627875123938
 1218.000000	4.4247621306663101	88.5652628341055959
 1219.000000	12.0484659405909174	84.0675200659163266
 1220.000000	8.7712166721376050	56.5854005686866657
 1221.000000	12.5983874640175131	143.7807132521278390
 1222.000000	7.2120030015216887	123.1790121261154809
 1223.000000	5.1644344223764547	52.1229447255634284
 1224.000000	5.8638947743711558	41.0906517163591616
 1225.000000	9.7004480249672635	104.6369772257444311
 1226.000000	8.4240968903208593	94.5901306179336530
 1227.000000	7.7123857557220195	144.5988036802255294
 1228.000000	8.5920691156101192	124.6040837600171614
 1229.000000	8.8473754889604201	92.8943294463662141
 1230.000000	6.8135113258296585	105.2661830320945455
 1231.000000	10.9056676977353622	140.1002014097192330
 1232.000000	10.0662146040998177	50.1460051918325576
 1233.000000	9.3838934441735322	51.8828773712979512
 1234.000000	8.7209875297546411	74.0157302764846463
 1235.000000	8.8026753766369641	143.8595240496446763
 1236.000000	9.6603468173078451	140.0110712251384939
 1237.000000	9.0053420051109452	99.9431417998519720
 1238.000000	10.3224278148131869	116.5848391754198161
 1239.000000	10.0065532072727272	120.1510633922627420
 1240.000000	9.3184229737176132	58.3712425823504333
 1241.000000	10.7007207793663888	119.9973084183278615
 1242.000000	8.8333400940022049	55.9144533252286777
 1243.000000	8.9588321988492758	80.4990604610991909
 1244.000000	9.2146973103135910	88.1713886334611061
 1245.000000	8.4610087709855133	101.2658500757885918
 1246.000000	9.8256605703272974	61.7841874460553555
 1247.000000	10.1188171821942419	117.1673080886525753
 1248.000000	10.1441583802108450	75.2482050366523936
 1249.000000	10.3253925334637486	154.3444755044724275
 1250.000000	11.8719555200707081	165.4710653836859819
 1251.000000	4.1218285617732544	67.1192272547847750
 1252.000000	5.8273688588307957	61.1942271883478242
 1253.000000	8.7042800165570480	116.3638340356228866
 1254.000000	3.9595050807738654	149.0946353474887189
 1255.000000	11.7155686216086448	81.5942482149151402
 1256.000000	7.7381738641453470	132.7840962204350603
 1257.000000	7.2073662127561704	147.0458187295604944
 1258.000000	8.6653372074881343	77.4993762660774905
 1259.000000	6.5651931064310514	135.9111065071853375
 1260.000000	8.1171615476234802	149.0340968576350633
 1261.000000	8.8365726719728794	103.4097996077216948
 1262.000000	8.5374852809778652	115.8206520784060416
 1263.000000	12.0784854935370820	142.1328460351723209
 1264.000000	13.1055381932070230	140.0244293728854359
 1265.000000	6.8984960270092834	127.9077084812094824
 1266.000000	10.0021527840627282	83.9810118873294300
 1267.000000	8.3546570668070803	142.3664304429057097
 1268.000000	11.6514954694851482	132.4235410398636077
 1269.000000	8.8553284929473275	44.9099447604960744
 1270.000000	7.3684667046665249	89.1687822463420900
 1271.000000	13.8545766325665074	167.8510447374544015
 1272.000000	9.4982261956722542	113.1055619071429135
 1273.000000	13.2993264082684437	125.4189115351747716
 1274.000000	13.4382500034692995	41.8527350278702102
 1275.000000	10.8594433733628897	148.7384539204838632
 1276.000000	14.8607847386501781	93.8554516878764389
 1277.000000	14.2806411423478998	125.1810408225878177
 1278.000000	12.7953650875813025	146.2499066301821244
 1279.000000	9.0067753356664415	158.0937242837895269
 1280.000000	10.5187920202572798	104.6309784251274948
 1281.000000	11.3420285090972826	118.5266791792811887
 1282.000000	4.5406258025886137	93.2318558356414258
 1283.000000	6.8933025827528285	117.0979270699515666
 1284.000000	12.3783318207639894	94.1728769857311079
 1285.000000	9.7918479972736634	124.2372937761668368
 1286.000000	6.8547876641905763	126.3165457822946536
 1287.000000	7.9942965734442950	152.5721319756626997
 1288.000000	11.4351823943990478	142.0597075718545739
 1289.000000	6.6792912366003172	101.3202297819368169
 1290.000000	6.6791066512852861	70.6780562989694658
 1291.000000	5.0743944466538151	27.4636652506001724
 1292.000000	7.2761183281272599	161.8007163712979661
 1293.000000	10.5745600754163398	125.8974696405379206
 1294.000000	10.2149718741822042	150.8894333190889938
 1295.000000	9.3406947363108301	107.8594393011242403
 1296.000000	7.7154896727735949	116.4475006134569242
 1297.000000	6.0524592923685843	122.2070204980997374
 1298.000000	6.5619445465311976	54.5415320572238187
 1299.000000	8.2434578238561116	91.8952998880864556
 1300.000000	6.8210870145440898	122.1662235680781237
 1301.000000	9.1314849974941801	136.9304509016081965
 1302.000000	9.4108477482415882	94.4437386287649758
 1303.000000	6.3239046266279564	105.5422702799892818
 1304.000000	10.5471922799636140	139.7063416544137056
 1305.000000	9.3538668154705586	109.2744710928163414
 1306.000000	11.5076038778475080	115.4422340364659902
 1307.000000	10.1158746875156602	88.0211220952553504
 1308.000000	11.3459034927788327	124.2682759128821885
 1309.000000	13.2965891879468927	123.1752455209633865
 1310.000000	7.3165038920190444	144.5295097904691488
 1311.000000	7.4497134276373549	149.0409223391276043
 1312.000000	10.3793274769144279	131.0352224368211580
 1313.000000	10.9858113907900012	81.4047472827326430
 1314.000000	10.5963194275809958	97.9956158768506924
 1315.000000	10.6924040946060757	95.5054720078083790
 1316.000000	7.8328174766848830	55.6783306871902965
 1317.000000	8.0262676914424933	176.8351931576050333
 1318.000000	12.9742227574967899	87.6217018315026337
 1319.000000	13.5624439416423712	60.0470323876888301
 1320.000000	14.2544989228375307	125.0308617616248057
 1321.000000	12.7151939990368774	102.9251668429656661
 1322.000000	5.0191453772039960	110.9360955693407504
 1323.000000	13.3106675746591314	131.8946165316939414
 1324.000000	11.2115900980293794	66.9885091581673606
 1325.000000	10.4333882993129716	118.0104257484496486
 1326.000000	10.3428631140152660	149.7479939764068888
 1327.000000	10.3818747122830164	52.9932967178176000
 1328.000000	10.9978294684513997	125.0723644660297680
 1329.000000	11.0328644945154135	99.1649616074152220
 1330.000000	12.9544921510247377	111.3583255693481249
 1331.000000	8.5627386973395065	117.9051836930689205
 1332.000000	10.3372305329401630	134.1236703096301994
 1333.000000	13.3443786304561556	93.9332656722830421
 1334.000000	11.7569529693929784	91.5271801973746761
 1335.000000	10.7573430943290873	120.6090984889472395
 1336.000000	10.3037282214447732	103.3216047646815099
 1337.000000	12.0908077742949835	176.3663877287248738
 1338.000000	8.2876659105183030	128.3534808429836289
 1339.000000	5.6295320940613731	114.2928759654499089
 1340.000000	10.9165214986407832	173.5658861160545143
 1341.000000	12.8185291548728539	124.1490199541230908
 1342.000000	8.2511751056375502	102.8112216005179818
 1343.000000	11.2886550516989637	161.4408300309505364
 1344.000000	12.8376961265630793	125.9747013171298562
 1345.000000	11.9813180867060556	165.5692581911363277
 1346.000000	10.7250434078547627	151.5159516437950629
 1347.000000	9.7187511805016378	70.5706049679165801
 1348.000000	9.5787553791131490	90.9732871619404051
 1349.000000	10.0334431803899893	138.4786551489083877
 1350.000000	10.1244431998456719	95.6513494154675783
 1351.000000	9.6302867662148000	99.1084458294790664
 1352.000000	12.8959928046626935	131.9968096767736938
 1353.000000	11.1852973383561984	124.8448454688525828
 1354.000000	13.0749751514053862	95.2100397136781567
 1355.000000	11.0608453939456268	111.9695920363453041
 1356.000000	10.1529586874981366	105.8069478754024573
 1357.000000	10.1343498479548906	144.7653194763705642
 1358.000000	10.3290967292805735	144.4956764951328978
 1359.000000	10.6950740660831567	126.0574360763145165
 1360.000000	10.0697717707740679	131.6983172094605550
 1361.000000	9.0590321131380804	127.1918099688250123
 1362.000000	10.7703703095416259	124.9159945913625478
 1363.000000	11.8498852089197158	156.5033988788323995
 1364.000000	12.0107951575535559	69.6115025866704542
 1365.000000	9.2228803917531827	142.2686504762536401
 1366.000000	9.7574686217869449	121.0796486873176434
 1367.000000	11.0008131502863016	136.6141254773634159
 1368.000000	10.4389608721914513	123.3434565707259765
 1369.000000	9.4494424538574400	87.1104521749585103
 1370.000000	12.3595567406982099	128.8048499722884230
 1371.000000	11.7000142226197266	116.4506919915177150
 1372.000000	10.6485572172416951	93.7308101689616393
 1373.000000	12.1814183676892345	64.6865110116086868
 1374.000000	11.6686386772628641	127.0288841234397097
 1375.000000	9.9428053052695553	109.1885337539355874
 1376.000000	11.1639515726725183	93.5135371446743449
 1377.000000	9.6750298976728413	93.6646579723194321
 1378.000000	10.1308993319109337	161.0758366977899811
 1379.000000	8.2359154854711782	101.4082510537276249
 1380.000000	9.1920703630756186	78.2895377799230801
 1381.000000	11.6872612220095800	123.7504387745370593
 1382.000000	10.0627946063495006	93.2470148260399441
 1383.000000	10.5780576462614988	107.6842493158781906
 1384.000000	10.3443446262254195	116.2272430409443018
 1385.000000	11.4243898819438652	104.8482131876032781
 1386.000000	9.7921818870240909	80.3043752805038764
 1387.000000	10.4253367102183336	100.9798542842492139
 1388.000000	9.6707520183539959	127.0185750885490563
 1389.000000	10.3449247336861134	61.9191738278715462
 1390.000000	12.5219031297173427	77.7944604363479755
 1391.000000	9.3513475235046144	86.6836149400562164
 1392.000000	10.1608502024626137	106.3564252834800214
 1393.000000	8.8569497503186714	71.3480341724761757
 1394.000000	9.7232113645176650	130.0032329562919529
 1395.000000	10.4609503168450733	92.2747036894246406
 1396.000000	6.6230148997663605	153.6197881538926708
 1397.000000	8.5978104490626279	101.2815829376123276
 1398.000000	9.9976844282234509	34.1389861084228130
 1399.000000	9.8758058320760789	105.8880171619896942
 1400.000000	11.9403213170639546	104.6361156153376157
 1401.000000	4.6240944871839842	126.0047415988754551
 1402.000000	9.7161574488325666	165.0839480800534602
 1403.000000	9.3857018046370104	144.6455268882216956
 1404.000000	10.2102612158275683	142.2852933682754895
 1405.000000	8.5424210194014982	120.1494045023563046
 1406.000000	12.8867922168544311	103.3655634792611835
 1407.000000	9.8116584385385970	84.9899164386366976
 1408.000000	9.1385116546833647	116.9134531489881965
 1409.000000	8.7917252079928971	169.0903869136922424
 1410.000000	6.6531855443098404	132.5252930220147505
 1411.000000	10.5835817533527052	115.3379999518669194
 1412.000000	10.5653100802549318	111.5483267435835444
 1413.000000	8.9496530744438321	152.9304411508043131
 1414.000000	10.5207084988584203	155.7324578491538318
 1415.000000	11.5058740351045135	100.3986395073845728
 1416.000000	12.1305105758091010	109.9069892591397348
 1417.000000	14.3466640602590196	107.1775741017810759
 1418.000000	16.0689336390758513	107.9740966333376377
 1419.000000	13.1600941099237243	103.9185588605738531
 1420.000000	14.0538114785794459	39.1695336335939714
 1421.000000	14.8065341093600349	70.7874004016386351
 1422.000000	15.1144515078723458	46.1960537713119379
 1423.000000	16.9829534782185618	154.3067101913877650
 1424.000000	11.1956649518102953	122.1392461927244142
 1425.000000	15.0924160759538211	99.9396043650929613
 1426.000000	14.5657194824713141	142.7694564973319586
 1427.000000	15.6036784680842597	94.3628676462726048
 1428.000000	14.3151933040472699	117.0767928509972364
 1429.000000	13.2329205736158819	111.4876500386891678
 1430.000000	16.0299172698934314	78.0129785903856288
 1431.000000	10.0227948300159042	152.8232235497249292
 1432.000000	5.0393429956847253	139.6783732412330323
 1433.000000	4.7664986566156928	133.4560204186642807
 1434.000000	4.4960803372442166	115.3115759658272026
 1435.000000	5.7025035921093554	100.2604803868289878
 1436.000000	10.3546324990292362	71.6095031028427655
 1437.000000	10.1933828574072667	95.9617021663744509
 1438.000000	11.8339523353697729	89.8238129800429732
 1439.000000	5.7175016024551883	113.2249694555800801
 1440.000000	8.2942314398331263	111.7712641308630168
 1441.000000	8.6555911147673896	109.7352258271563556
 1442.000000	11.3092508966286989	105.5813318467994009
 1443.000000	10.8714767323878743	44.1419663917777712
 1444.000000	12.3052245249339585	144.3196277245705517
 1445.000000	11.6688383868146524	111.5351267374309714
 1446.000000	12.3578122980767695	87.1699983208643232
 1447.000000	12.6494135754692607	30.5321496446269407
 1448.000000	9.6594073305103390	17.2595197804541556
 1449.000000	7.9223291834579070	159.7364487770057622
 1450.000000	9.7086181918074423	130.1064033143077552
 1451.000000	10.4217516894802298	167.5162705461953294
 1452.000000	11.5447184237508527	117.4273893894183516
 1453.000000	9.7561971614216567	125.8031283929651067
 1454.000000	10.3126657446851215	158.3962808033265333
 1455.000000	10.1678906664723954	125.9556485354437143
 1456.000000	9.8668116028492747	121.5265761712362860
 1457.000000	10.3451776229632806	22.5118570186188549
 1458.000000	10.0617789815108178	100.4628008151494356
 1459.000000	14.8387643811306766	154.1678667865863304
 1460.000000	10.2167371729329801	109.9096144946310147
 1461.000000	9.0398822416946487	95.2548832951613491
 1462.000000	8.7758426352051480	83.5878578859509531
 1463.000000	9.4202983957608826	65.4850457467858007
 1464.000000	8.2634317344856889	122.6550576917130684
 1465.000000	7.5243030772007469	88.9318070213534639
 1466.000000	7.1916795853055113	124.3814765426939459
 1467.000000	7.7839488317075913	141.0563339958512188
 1468.000000	6.4790302731764093	145.2832975825949688
 1469.000000	7.5396541903456384	123.9807902751555417
 1470.000000	5.9048772355023669	74.8301682847554446
 1471.000000	8.6912150885096118	154.1629303423625004
 1472.000000	6.5227520121109839	108.9735016343063734
 1473.000000	7.6593681738438386	146.8973940808275529
 1474.000000	8.7841917514065901	139.6651721953695073
 1475.000000	9.3167325186068553	164.1609939860055078
 1476.000000	6.5307940983117208	60.2339824310140557
 1477.000000	9.1148109025390038	63.3011165340600144
 1478.000000	4.3791076025124980	120.3680916494768240
 1479.000000	6.6874016510363052	86.8856217358982263
 1480.000000	14.3738761129295405	108.0582971373203520
 1481.000000	9.9099371047139293	122.7589691216700487
 1482.000000	6.9191354805314038	106.9828794231368647
 1483.000000	8.9804470739464790	81.5041088938652365
 1484.000000	4.5165495988250459	80.9532609297657615
 1485.000000	5.4435889253420084	113.4275733841517138
 1486.000000	8.2689168139412939	107.3668352836943427
 1487.000000	7.8597203206821780	92.4040324718848893
 1488.000000	3.3726956587712067	77.1719195840432803
 1489.000000	5.4034987498147222	48.7016183863770493
 1490.000000	8.8337785091843894	107.4582896493742226
 1491.000000	12.8553964616713614	84.8742948475736512
 1492.000000	9.6245178564515559	28.3947180739451142
 1493.000000	16.9383358324111484	146.4856912506209881
 1494.000000	6.9797622849303256	129.2696374804077095
 1495.000000	11.3743483859101211	50.8141386546489571
 1496.000000	11.2016501513418021	72.8226354978913406
 1497.000000	5.5009791668884036	165.8147941882612599
 1498.000000	9.0935021368941857	92.2758233668008785
 1499.000000	5.4826794021438205	141.4750348625816230
