 0.000000	9.2932063187468987	140.9197747588066250
 1.000000	9.1908242029219025	141.0738038787216624
 2.000000	8.1117242085485177	147.0167341266506185
 3.000000	7.2718317079913080	123.4357433779343296
 4.000000	9.4071752100324275	120.6172023424886959
 5.000000	8.0916002914143856	90.2410973305297119
 6.000000	8.9945316021864148	102.9122969773029013
 7.000000	9.4856257040863117	139.7278973690501687
 8.000000	7.0513026583170664	122.4080126839088649
 9.000000	8.2688570206569967	110.1204315150693276
 10.000000	12.4913454520431806	129.2635387490717562
 11.000000	7.8841251047094358	63.9919508377453781
 12.000000	5.3908989709854733	158.6194721167896944
 13.000000	6.8841935926507167	89.4461336177453319
 14.000000	10.3532535843557181	105.3515153286661530
 15.000000	8.7484682450271176	104.8028368221717272
 16.000000	6.3808527949554623	149.3610689712379269
 17.000000	6.6157908635997442	79.9123794487808681
 18.000000	7.3354123007383780	97.8517473509975559
 19.000000	6.3856877861370718	119.3672946431695152
 20.000000	5.8354913100360859	154.1336143510408476
 21.000000	4.2573815219811815	72.7556413694911015
 22.000000	6.8233965167999111	114.1555288877940342
 23.000000	5.2507273811680220	114.3167053821275800
 24.000000	5.4753812671775997	138.7993827859513090
 25.000000	4.9913431053388022	82.6897604671766118
 26.000000	5.6148582948884558	120.6002076084932639
 27.000000	5.8635189425663139	125.2690203624404148
 28.000000	7.8704943137423227	78.2046324879646164
 29.000000	6.5431442187565132	55.5809978541462613
 30.000000	6.7420286091667636	29.7887332374802440
 31.000000	4.0579293971593522	107.9142252098189800
 32.000000	9.1048951417535946	101.4770427333231737
 33.000000	7.5990169599908102	140.3585356513267470
 34.000000	8.2145364472513478	169.9160858128374230
 35.000000	6.3379893926971196	60.5083134850497260
 36.000000	6.8613577236835726	142.3897253076559650
 37.000000	7.2693648731037310	77.1010425183730774
 38.000000	11.1235978093212395	150.0763613523740787
 39.000000	12.8832168850741375	146.9392369561777514
 40.000000	6.8114250264415279	117.2699599614971930
 41.000000	10.2357258348768756	144.0128056113648540
 42.000000	8.3116948118759808	88.6550243702733525
 43.000000	7.5905496041297571	132.1274847275959132
 44.000000	13.7950058505709912	105.0347547048246213
 45.000000	9.4781678383557733	141.0308176297222928
 46.000000	6.2047626379241283	141.5244021400110910
 47.000000	6.2321096607206714	113.8177855405609336
 48.000000	4.5450028410208771	60.0912883511345655
 49.000000	4.6034249034991355	110.7079887850208451
 50.000000	7.5682553115148909	80.3468360503934633
 51.000000	8.9649619394674502	148.2470991331356061
 52.000000	10.8673878273065103	57.5804631635265451
 53.000000	9.6073805531825585	74.3135002277374497
 54.000000	9.4284248910575759	155.5522065741391771
 55.000000	8.5088238044594604	121.9572975660044563
 56.000000	7.9834432488930585	110.3124742014108790
 57.000000	7.4951286184351114	34.3324819789546325
 58.000000	7.6003486158282572	130.8675680395939196
 59.000000	8.3157658445852523	124.6561617077947517
 60.000000	9.5989480148499045	160.0106587311278759
 61.000000	5.1321567618159794	133.9960041414049954
 62.000000	9.9562701567135061	123.3117708795980576
 63.000000	7.5944198973150465	141.9333258511659324
 64.000000	4.5783812879201937	129.6049093394939575
 65.000000	2.9969774432883716	10.3975039451985936
 66.000000	4.9339877972433968	105.3446277662653330
 67.000000	4.6102872369768004	72.2498854933173789
 68.000000	5.7105897172151368	136.9954992392912345
 69.000000	5.4674207805240140	44.4059518555890236
 70.000000	4.3184495507816498	152.5613611774779486
 71.000000	5.4896494438596930	96.3872242636458765
 72.000000	5.2725846265451981	74.0398834678154145
 73.000000	7.3358965816513253	83.9479490700119868
 74.000000	6.4537934978071432	161.7331483529837897
 75.000000	8.9031526793290396	105.7288587743217647
 76.000000	4.7211407465757000	126.6015352814163464
 77.000000	6.7427411533815285	93.6639540487885824
 78.000000	12.4608377032071918	102.2780458544180249
 79.000000	8.0869465442586872	153.0376908213088711
 80.000000	7.6579817506561447	119.4025600857389691
 81.000000	6.4875002042195673	26.9572189094972998
 82.000000	7.0051880629520715	107.5932553341871767
 83.000000	7.8298916973100070	110.9219781849506177
 84.000000	6.1324158252511181	135.7044615503235718
 85.000000	8.2608570653575946	149.8183124800235930
 86.000000	11.2660083940354507	6.7672695928555129
 87.000000	5.7049443324719071	134.8623787166231978
 88.000000	7.3652595860631900	76.1455212753768365
 89.000000	5.1609166748980160	129.9963878271894941
 90.000000	13.4395036503965066	108.1872263287576885
 91.000000	10.0320298823553689	159.4947584840071215
 92.000000	8.6469527591584328	123.8202596414270147
 93.000000	10.2798634159353863	152.6210432194518489
 94.000000	4.6505146691939663	90.5965019243935785
 95.000000	10.1653496167230610	34.1349942553616756
 96.000000	4.0509239038666252	51.9569662926880937
 97.000000	6.9390003551028681	122.0284042135426148
 98.000000	11.4457107609338351	119.8356821819570825
 99.000000	9.1698507487756853	88.6251950145508260
 100.000000	8.0149312136063902	121.2304140737489888
 101.000000	3.0902513496684438	148.1394025216027046
 102.000000	10.5784561496434613	58.2173190446874003
 103.000000	5.7367895001910041	76.9514545135850625
 104.000000	10.2399328496013986	76.0926184709739459
 105.000000	10.4346080294088921	87.1261730225645294
 106.000000	8.3931540937943385	103.2439471619002234
 107.000000	10.4529261472584363	130.8225978412070560
 108.000000	6.5198460429144847	125.4419648652608146
 109.000000	11.7685825210804307	96.9470207553534777
 110.000000	5.7128793613415647	144.5744758450034055
 111.000000	7.3898019711440641	130.0541646873293189
 112.000000	11.8693909445920021	31.9774990640902956
 113.000000	5.1178998743271835	147.3457185301912205
 114.000000	6.8455038975049813	151.1270442237240559
 115.000000	7.0245132369330117	165.5629721165636568
 116.000000	6.5617230610355302	133.4408349099095972
 117.000000	14.2908667558458138	149.5532976896228945
 118.000000	16.7802665574811449	122.0442118227190207
 119.000000	16.8227893867685943	140.0951658811646041
 120.000000	9.5887373585238080	42.8581232179457459
 121.000000	8.4461179065209517	73.9120559922657918
 122.000000	10.0500728713996423	110.8053335823733647
 123.000000	8.0410325796308744	138.6139793577422097
 124.000000	7.0715081592073155	132.9927192513053171
 125.000000	9.8334632574369163	60.4130242018200647
 126.000000	9.1802509283779372	140.5104423180200968
 127.000000	11.3964362339939349	34.5848987841313829
 128.000000	7.0709297884266320	137.0014998085177069
 129.000000	6.2742435909795793	139.4511739221205744
 130.000000	9.1406148159901317	67.6920700162338562
 131.000000	7.1614442714281736	122.7843882912579403
 132.000000	7.0661207775793375	84.9127178422411362
 133.000000	9.8287124201118701	106.8483758458286559
 134.000000	6.9638718004247284	137.4821236907580726
 135.000000	3.0222516601770857	132.8288603874678984
 136.000000	5.6612148216836742	108.4395724762141526
 137.000000	7.8994835053059500	115.5746449733282049
 138.000000	13.6950148166512324	95.2995671814760641
 139.000000	13.6141163360226951	102.9011781658868756
 140.000000	9.1382187358775315	85.4333395048604700
 141.000000	7.4221907166315626	157.3626360935915329
 142.000000	7.3059161898196159	155.6033850155622247
 143.000000	8.9491807838967699	122.1330168146085384
 144.000000	7.6221384699633763	91.1925091791108571
 145.000000	5.3931354049012601	144.7863940850321569
 146.000000	5.5397190206520301	101.5359004186067722
 147.000000	5.8815660420579201	64.8215353796201157
 148.000000	9.7455308904898779	106.4422957641732523
 149.000000	11.2674313362046146	120.2364675336481241
 150.000000	13.3982947778013859	118.0954422025476447
 151.000000	7.2481346479039388	55.9677376248691445
 152.000000	5.0863826897266859	88.2023919796378664
 153.000000	5.1852717495811538	93.9589381402427932
 154.000000	8.0466757837443659	138.3259414791501740
 155.000000	13.1043892090263157	107.4500580081769954
 156.000000	14.3138889304588499	152.7002973463003741
 157.000000	14.1516202577027332	94.5193559508440728
 158.000000	14.5317733272525889	141.9723204736836237
 159.000000	8.4030962548240034	57.4540762588266176
 160.000000	14.3585184712573213	31.0759955531958383
 161.000000	13.5276690375148689	29.1602322020652025
 162.000000	14.5684019832662432	127.6497063149390385
 163.000000	11.1380704708777323	30.8406860723187606
 164.000000	12.6069377380076251	119.3775685629553323
 165.000000	13.2571374188819178	128.9191572995127046
 166.000000	12.1823650114348379	136.5470125855023866
 167.000000	14.1586399389005546	129.8768240817733783
 168.000000	16.5118088412583504	154.0822672513833425
 169.000000	13.4674779008391425	135.8941864331890201
 170.000000	9.4943371756455459	98.8997166993822816
 171.000000	10.1109921369314204	122.2779790854385737
 172.000000	13.9271636957105969	156.1424843807568550
 173.000000	13.5408022773170629	156.2987287351865575
 174.000000	8.4253339843103046	37.6736409967076327
 175.000000	16.4935631294385630	82.2684344827268887
 176.000000	8.3318741425251961	107.4557793446291498
 177.000000	6.0038602908873857	121.4126338907322236
 178.000000	5.1041266729131411	90.9679041419634018
 179.000000	6.0128788534072406	124.2203115422623085
 180.000000	5.0452374919083312	118.4121046624745190
 181.000000	12.4854773565630452	88.7619921903709894
 182.000000	8.7353329990318436	111.5675498405509529
 183.000000	12.4690340010176985	108.3641654971985986
 184.000000	10.9244924434709887	63.5777140430970036
 185.000000	7.5732611819152584	107.9872027585760179
 186.000000	9.6182929038994747	82.1083060657852428
 187.000000	6.7353616060620416	67.9379303373234364
 188.000000	4.5451587997053506	97.5660185293053672
 189.000000	7.1585364012610428	74.9389030461665726
 190.000000	5.6618682205566992	120.6153274825533970
 191.000000	4.3778497587142011	150.3002208977071916
 192.000000	3.3375120801756575	98.0761548511671606
 193.000000	4.7988106829066783	131.3036106146570319
 194.000000	4.5674206025809445	106.7689851259625300
 195.000000	5.9332011114817114	91.2438307475532184
 196.000000	9.0362256740554461	117.9861922959624252
 197.000000	9.4892422900719424	128.2172893593104845
 198.000000	5.1913272277215610	134.2976385664812540
 199.000000	6.5348480361244796	147.7303014749793704
 200.000000	7.7837427994564043	111.0163181365421252
 201.000000	10.9056622321751213	25.5165862540254977
 202.000000	5.0191072838755799	101.9591502694643026
 203.000000	7.0457111083696349	121.4381357025354191
 204.000000	7.7155386866924518	121.7549919797249345
 205.000000	8.9664819376933664	128.7522320962704043
 206.000000	9.6378756392240970	136.9566686141653804
 207.000000	12.6252133622501681	68.8900041535686967
 208.000000	8.1123352142548182	149.7139097323983208
 209.000000	7.3893085732977646	113.8646039014092537
 210.000000	17.5212243891091646	93.8737320761632219
 211.000000	9.2050132014531147	129.6195294119238781
 212.000000	6.9174122245603948	97.3939606579342438
 213.000000	6.1862565936260339	33.5651224058479158
 214.000000	12.5171153469462357	161.2862439130301482
 215.000000	12.2892978340181500	96.2887273016771559
 216.000000	10.2799136273937304	125.4582247536699242
 217.000000	14.0340305348375924	47.3990839861263851
 218.000000	13.8743436930776483	142.3869055690051937
 219.000000	15.2951747783104288	55.8885123593942410
 220.000000	11.5489485905997977	86.5289590580605648
 221.000000	12.8475979054344265	99.2344731351792433
 222.000000	11.7683763560252821	105.4009559725282799
 223.000000	9.7464776871841838	103.4636990547963507
 224.000000	6.9771918857369126	51.6079968960337681
 225.000000	5.0716568545786043	74.2726971438946464
 226.000000	5.7106630482227905	137.8205571650973980
 227.000000	6.2112621475895438	101.6488722948481040
 228.000000	4.1385525655702793	100.8005162662194607
 229.000000	6.3460047602765162	89.9935050242170291
 230.000000	3.1442559135571391	162.3571122051378097
 231.000000	4.3572847839241806	126.8163957178896624
 232.000000	5.1219211506467026	39.4834166356447440
 233.000000	5.4704145845405243	67.4590214257903540
 234.000000	4.0967231268769444	137.0488325205049591
 235.000000	7.3015942913003640	151.2476148214476268
 236.000000	5.8499387969975976	126.8982150718517659
 237.000000	5.3872684188775777	176.6122348740524330
 238.000000	6.6753295616821324	31.3277289459620363
 239.000000	7.2443893255356953	126.7644929846111097
 240.000000	5.1296683987302840	113.7518287765396963
 241.000000	5.9619296710627108	171.4106286461562263
 242.000000	6.4877767536033932	150.6267388299946219
 243.000000	3.3325987494806482	125.3331399649941886
 244.000000	6.8650172270714869	146.9803840225378053
 245.000000	3.1596960332791548	131.5115519728474567
 246.000000	7.9486993190227979	117.4163864843101095
 247.000000	6.4233655175388309	128.0157799273839601
 248.000000	5.3550520747289898	153.8490423911017899
 249.000000	6.2456934825607240	68.5371221957176573
 250.000000	6.3995287666746830	136.9885362275199441
 251.000000	6.8851869770099450	130.4235247093957355
 252.000000	10.5118687171959593	106.8976372104040991
 253.000000	4.6234448357458202	101.3669797138255149
 254.000000	11.6350181328302504	47.6348283225314901
 255.000000	6.1902776167848366	160.3137287034820986
 256.000000	8.7061399992194790	128.6564843333990211
 257.000000	14.3932656418924498	99.6023591633749561
 258.000000	10.2262068532773664	98.7516657017849298
 259.000000	6.0839556292318635	62.0712434344006567
 260.000000	7.8174261361681818	64.2205933735796179
 261.000000	8.1683481417195498	100.4410583937364692
 262.000000	14.4739489298965101	63.1052998750686669
 263.000000	14.7713358640797168	137.5877504223306858
 264.000000	15.0096499284044427	132.6089257717378302
 265.000000	13.7457874408357643	104.0876212660764537
 266.000000	11.6887755997544573	116.3228778236699412
 267.000000	13.5699543251753223	80.5617626846846946
 268.000000	15.6969482185075844	139.1270898951638344
 269.000000	12.8536948766053953	85.3890661973212985
 270.000000	9.0109901728985040	94.4672930399117377
 271.000000	7.9029369506325793	119.4757409007390550
 272.000000	14.2645254804993300	102.6515044762282827
 273.000000	5.5591515080865568	66.7220140003629183
 274.000000	9.9505859708667401	108.1347814978745276
 275.000000	12.9334703863658032	63.8237599347542925
 276.000000	12.5239657400948534	157.8580740027111631
 277.000000	11.7925830185722642	147.4198744715249063
 278.000000	12.1662871058341615	146.9208114482073881
 279.000000	7.8272181962316063	124.9749842765428980
 280.000000	5.3291734528085861	74.5087586459394515
 281.000000	8.0189796459574207	52.3294478815887203
 282.000000	4.6460807746411881	134.6071120801960888
 283.000000	11.4175192095706119	120.7715181978965404
 284.000000	4.7708244378092459	146.1125342666198890
 285.000000	9.5389211298185490	83.5461351103904803
 286.000000	7.7501576985394731	20.2896154016672199
 287.000000	8.5564961248509785	98.5247373217715534
 288.000000	8.8616823626309671	130.3733706887865367
 289.000000	8.0377431935400256	152.9440038581414854
 290.000000	10.1317036755394678	113.0650219485791439
 291.000000	9.2528948746175104	156.1720745815065357
 292.000000	12.6383576810136642	138.0136369685681359
 293.000000	7.6000103148106914	24.5060222493318918
 294.000000	9.0929236460145919	116.6755764078850746
 295.000000	7.9377810507241700	119.1698859378600162
 296.000000	5.9608698391582031	99.1767344744398400
 297.000000	7.3250284230905649	57.6299525116954356
 298.000000	6.1877788970837253	131.2604290727307443
 299.000000	7.7040635551103147	145.7001564577869033
 300.000000	10.7149936513959947	101.4937592538774709
 301.000000	7.3987122744629250	140.7523102278807983
 302.000000	7.7794466823584800	76.8757961018721545
 303.000000	8.0651480339899848	132.0327420524270110
 304.000000	7.0960884901525247	167.9964985961635193
 305.000000	10.9593084154414324	92.9135605766088304
 306.000000	7.2889590239673883	92.5247408459124898
 307.000000	7.3564549268878947	76.6816619363280267
 308.000000	7.8634617492537799	143.4328280452452589
 309.000000	7.7723189450939323	144.7355029005737492
 310.000000	12.0981379756564049	134.2511058191130076
 311.000000	10.3029822672920464	173.7346424132814207
 312.000000	10.1878958885844781	174.9063190911572860
 313.000000	7.4668634461051937	152.6892070317457524
 314.000000	14.4588460907803569	127.7512635879263456
 315.000000	4.9889973554658384	34.2180291479756988
 316.000000	10.1046604154543065	154.9485468498354237
 317.000000	10.0764670042103361	165.9851609259870031
 318.000000	6.7108723215008146	88.2694031443760565
 319.000000	5.6632295238663968	123.8353946964156478
 320.000000	5.6027081983322677	154.9733114324986047
 321.000000	4.9010612770173498	120.6117984013577029
 322.000000	5.0713262469262705	85.0586254029772277
 323.000000	9.6935137212457825	115.3528394387222420
 324.000000	6.4776988784330918	133.5319760979810155
 325.000000	4.7662918693259124	46.5292472033834770
 326.000000	4.5266706657641160	115.7370353721663605
 327.000000	2.9659064867957570	28.0694073388401648
 328.000000	10.6717775504910062	155.4103040203432045
 329.000000	9.2497773129204575	97.6514402410784328
 330.000000	11.2899232912794183	39.1645035965673856
 331.000000	12.6128962885749907	66.2385108627811974
 332.000000	6.4776844077683737	73.6608486001896949
 333.000000	7.1255493406938220	63.5793973260717564
 334.000000	14.6318307679284647	110.3450690341026643
 335.000000	12.6724335954699345	138.6826844969590695
 336.000000	13.4610984226610277	84.7696638189608223
 337.000000	5.9792100032321596	53.2746670962847304
 338.000000	7.8546291611607444	128.3518674638046377
 339.000000	5.4783279826083158	166.3408251399521021
 340.000000	10.8199539886419522	81.4627447488365988
 341.000000	5.2573242678317458	103.5404831871082081
 342.000000	7.8826668295842648	88.7675283211717954
 343.000000	8.7271098715313506	88.2505002136721686
 344.000000	11.5214995789279460	72.1089356102528427
 345.000000	17.1884961278774355	83.6240398990894960
 346.000000	15.8830058867006674	109.0659980974356671
 347.000000	11.3083539127193244	98.2709570686428719
 348.000000	11.8875084365286252	108.8402025460357976
 349.000000	16.7864559385099952	109.8794088885286016
 350.000000	8.7168647397911396	100.5451834602312573
 351.000000	17.7094385151726428	73.7972980785826991
 352.000000	15.1726637828121991	146.5621796346334520
 353.000000	13.2847096273499492	14.2796351216436790
 354.000000	11.9471379960891664	31.0031361883307284
 355.000000	17.0932459679524094	99.8255584198788171
 356.000000	11.3953796599622592	30.9508492782545375
 357.000000	8.1376829102212742	154.1771507703508064
 358.000000	13.3483859696935561	87.1069154491816420
 359.000000	15.6654518850732067	104.3413539297190056
 360.000000	10.7386739075753752	70.3489412516790793
 361.000000	11.9967314895072619	34.2394057096168751
 362.000000	10.8164219841593123	29.2879889634862991
 363.000000	11.2967945486400740	45.9820598300064489
 364.000000	11.8459994377398505	116.3129436674645376
 365.000000	9.1152131776746437	136.6352738684023791
 366.000000	12.8472211118418258	25.9227773820113327
 367.000000	16.8515244515876823	99.0615336656242533
 368.000000	17.9010654348517591	159.8984704299877251
 369.000000	10.1347895185324166	128.0492150265603755
 370.000000	13.6202343713767480	28.2079796340817097
 371.000000	8.3513856516653320	87.2033862844466654
 372.000000	8.8662133461647112	106.6027942506799349
 373.000000	5.6719385078601308	123.5440005881269627
 374.000000	4.7515812375305639	116.3712778108320975
 375.000000	5.9638621745067431	131.7014260646202217
 376.000000	4.0099605911241225	72.9560736523415443
 377.000000	7.7524700621947851	117.5016677564890983
 378.000000	9.1077077894231699	143.5954433376413419
 379.000000	11.4878824019508645	67.0408320739144017
 380.000000	6.7876861472991701	153.0949741978008660
 381.000000	11.3643170007117789	169.2696265652318175
 382.000000	12.8561863616880228	109.8748990599716535
 383.000000	5.5742543344953503	17.0650094313275815
 384.000000	4.0647660953137263	82.8583630244558407
 385.000000	8.6408955297309245	21.0239198069430415
 386.000000	3.1009522399972536	95.4306751132705529
 387.000000	4.9932480728737811	162.5324286647297924
 388.000000	5.4189769485923041	162.5455364655717005
 389.000000	6.7722362744611067	92.3677682617262974
 390.000000	7.5134304846040445	91.6691288018926969
 391.000000	7.0264813768898904	108.5596362946645712
 392.000000	7.4799428503135763	113.3217889382045911
 393.000000	5.8368439627751343	105.3666155857795133
 394.000000	3.6974376034841949	144.1139559322186869
 395.000000	12.0135363588430018	89.8528771309788823
 396.000000	9.5101191016345936	139.7575525469798663
 397.000000	10.6691285079630571	100.0815376467107285
 398.000000	12.3356783243354329	71.7942504058716509
 399.000000	15.2327087700157211	99.9693157768466989
 400.000000	13.6074398673633201	109.7476322506984303
 401.000000	13.8964661029227337	156.4521039261728106
 402.000000	9.0104803807005744	102.1702299824703601
 403.000000	7.3885067452240287	172.6996133631078862
 404.000000	14.5346507887544885	114.3457156485079906
 405.000000	7.6453176743568196	104.7073436037585594
 406.000000	11.5383533958134237	124.3802771508639466
 407.000000	9.8593892727265651	66.5478887344910532
 408.000000	6.3398296994923005	102.4533614136793176
 409.000000	4.4869031882285357	80.3091894062276879
 410.000000	4.6361860923004894	45.4824399316051995
 411.000000	5.4392965955800499	145.1236591702394492
 412.000000	4.6144666876432598	121.4959498700928151
 413.000000	8.9977067643571207	86.1791219326102720
 414.000000	3.0358024509891299	121.7999893683825690
 415.000000	7.4560840113584064	69.4623655164568419
 416.000000	10.7214804000140926	114.7756840093614841
 417.000000	6.3630072645580782	72.3725280323819646
 418.000000	9.9406303532828577	112.3675682249126169
 419.000000	13.6823809729124957	63.4116335963999944
 420.000000	10.9622795703247853	43.1005956063574160
 421.000000	17.8969313032550836	79.3196643987420913
 422.000000	17.9798674250538753	142.4091332266038137
 423.000000	13.5703776920029071	142.2579642703124136
 424.000000	13.6245553549595524	115.0575338974649924
 425.000000	8.2393454691487502	82.4898610105934296
 426.000000	10.8766497138295630	170.7026104908338482
 427.000000	12.9019048453046494	71.6256619815549129
 428.000000	8.7184775408366590	116.7817518359831439
 429.000000	11.3946062152215362	104.8811867707345016
 430.000000	9.3945774425182691	122.2365638921198752
 431.000000	12.5830787367658044	113.4777742677739099
 432.000000	10.1177394414585535	101.5261691468347749
 433.000000	7.0580891710675422	110.9573406777389124
 434.000000	10.7555610704921971	125.0654337400316081
 435.000000	4.4856296841438557	124.7610602711025649
 436.000000	5.0662336222281503	107.0939087128380720
 437.000000	6.8719253717667739	86.2613661948026049
 438.000000	3.2749630087235828	71.4086403653249704
 439.000000	14.4078041772322667	127.8061851951770507
 440.000000	18.0922263219729516	146.6308094727437492
 441.000000	12.2937046305262072	38.8899623159267662
 442.000000	12.4036913758984841	105.6602001371285127
 443.000000	15.1371558780105460	87.1532603236326082
 444.000000	15.8919515299204654	171.2100712331770751
 445.000000	14.5831051557406628	98.9135088783156107
 446.000000	19.5663400093699735	108.9477506838986756
 447.000000	15.4234003667421202	135.6508918628579750
 448.000000	12.8842688945303347	94.0159856795343387
 449.000000	16.6581025941668699	140.4321364239474974
 450.000000	16.4632818013672590	71.2467279888237641
 451.000000	16.4890850465931642	67.9505948861605447
 452.000000	18.2877193098094040	128.4543043905725312
 453.000000	17.9519349771848731	151.3157855793299689
 454.000000	18.5778315607927560	120.7169687748245224
 455.000000	17.9709967875987395	73.9615932822856053
 456.000000	17.7560534434591020	149.1509946403332378
 457.000000	18.7107045710969793	134.0161149245715819
 458.000000	17.4516712504118630	163.2669982170292542
 459.000000	12.5938031827574139	67.5354440453493083
 460.000000	16.2542898704748922	61.6134271121404566
 461.000000	16.9402181165806311	109.4488456047290583
 462.000000	15.4210059194638109	80.3412748138409256
 463.000000	12.0191655545600948	132.2795138534833654
 464.000000	13.0837053355261599	30.2655906632394647
 465.000000	11.9891550204704007	140.1400501999985408
 466.000000	13.0165030651748683	131.3136619152418803
 467.000000	11.3332097753158560	101.9028221975192992
 468.000000	7.9926680927805780	83.5600867624358301
 469.000000	6.8564245065135925	124.7540378011752864
 470.000000	10.1383028563234667	72.9861179477459245
 471.000000	5.4547387170109101	105.1541825773894061
 472.000000	12.4104705862444895	60.0434270227261777
 473.000000	9.8113957838557333	64.8323403097848541
 474.000000	6.6723669969737323	66.0681183245114312
 475.000000	12.5167280475524461	46.7198684638485418
 476.000000	4.8112784033213076	144.4067205334927735
 477.000000	7.3791671322886261	142.7917492237507986
 478.000000	9.6117467796747320	105.2521643308025858
 479.000000	7.1994821700706080	35.2183715568442608
 480.000000	13.1628472945911845	50.0188703269697896
 481.000000	5.8124199666084460	137.3353774384239046
 482.000000	10.6265926553072010	143.8529721467080549
 483.000000	9.8908750930651586	153.5805155245284652
 484.000000	10.0937474716614943	144.6589598496930194
 485.000000	11.0897175659557323	54.0477605413805833
 486.000000	7.3481650460917951	141.6331330903652770
 487.000000	8.7451070064036074	90.4443864040732706
 488.000000	6.4309519298093294	37.2688571496943837
 489.000000	5.4760107560497406	38.9083303030856484
 490.000000	9.5635540295835479	112.9043880155341384
 491.000000	8.4781528714989314	107.4785235566043866
 492.000000	10.3607983743755128	79.3482200547906871
 493.000000	8.2859261612371995	123.6712513583658790
 494.000000	13.3780113560707896	120.0103511067731574
 495.000000	13.0730866256762219	128.3969578203696642
 496.000000	5.3226514205763475	115.2469220791887494
 497.000000	7.4985628820154018	166.8787707935763649
 498.000000	5.1949713228080281	124.9937368678953931
 499.000000	8.2110637822251498	95.8251077561556173
 500.000000	10.2917430158553920	87.4905216477537380
 501.000000	6.3107185229730174	115.3226730366592534
 502.000000	8.0206824525319558	126.7618305227837254
 503.000000	10.8731908679775167	139.9515548517316859
 504.000000	12.5019722258211345	73.8032265877476874
 505.000000	5.8598615877401112	144.3242598061389401
 506.000000	9.5783466905292904	127.6389281357709535
 507.000000	11.5908386538206063	133.4475674759421224
 508.000000	7.2716396319610981	125.5619144791221800
 509.000000	7.4418785889548946	147.0260036926836733
 510.000000	12.1479450148335157	140.4089426821299753
 511.000000	7.6355844599131073	79.5339897096145449
 512.000000	13.4752583676365134	104.1759547720746326
 513.000000	12.5238763187288686	135.6377367207795146
 514.000000	15.3556575712797976	143.7984660180539151
 515.000000	9.7589256631320698	160.8335443974106056
 516.000000	9.6345342536308376	106.8327032641422818
 517.000000	7.1721117789345197	150.4768208231123481
 518.000000	11.7251593707862813	120.0020895707439053
 519.000000	8.7721422164019138	132.0840573603192070
 520.000000	9.0180651903695441	113.1427908063421910
 521.000000	9.6269409574958456	148.4504173854718658
 522.000000	6.8724581055738359	98.3832486860657411
 523.000000	7.1344302910396866	125.0868476821031976
 524.000000	13.4286363712934023	113.2986562522611393
 525.000000	6.0175443269050621	118.0193797884003573
 526.000000	9.2276961644561908	129.7545982212068054
 527.000000	7.0539064389663277	74.3856573584908602
 528.000000	7.8699378999146612	122.4629756499609528
 529.000000	6.3491649905835574	132.7156758757123498
 530.000000	9.8008157290223981	151.2012867435709040
 531.000000	9.4269460083852650	108.8714951058546205
 532.000000	6.7705483672513918	123.1520278600280704
 533.000000	4.9770961953664505	157.2094653215126812
 534.000000	9.4145943653138620	82.7008561623946719
 535.000000	9.9809000701447648	92.5616531813088841
 536.000000	14.2305949557364730	146.0385760217295683
 537.000000	15.7717153508834969	125.0976574970294166
 538.000000	11.9227975756892395	162.1995415388660149
 539.000000	13.2178901224208847	134.6924534479683189
 540.000000	11.1070401786342714	81.1467534399155994
 541.000000	12.9050756537440705	70.2574915957900004
 542.000000	12.5063836118510192	75.3190509249216689
 543.000000	12.2964701883356220	141.2870340156333668
 544.000000	11.5986236590692311	143.6401360952702930
 545.000000	12.7804358315856792	63.8890884749216497
 546.000000	6.0281708610444298	118.3881387349147474
 547.000000	9.8817072941222470	117.1510476413116493
 548.000000	13.6753271288605340	114.2749489387554576
 549.000000	6.2292489710474017	92.6075687098205123
 550.000000	12.0642693830828733	102.8681958965794934
 551.000000	9.6448982305678950	83.2056199668171246
 552.000000	8.3516652654637529	121.8866607275992919
 553.000000	9.9183398945877119	143.0503567417430872
 554.000000	9.1855699042713823	144.5818626776791689
 555.000000	8.2742459787231724	144.7143459034119246
 556.000000	9.6888794479610461	156.7349443082073321
 557.000000	8.8344918963074850	121.3844270265979617
 558.000000	11.2476830075002656	46.1379401139144250
 559.000000	6.8882097363564245	104.2771623137362980
 560.000000	7.4433186094843933	34.7313204771549238
 561.000000	7.4674190034687893	58.8098123456501867
 562.000000	3.0972695570060358	70.1607906204473153
 563.000000	13.2371771737164394	92.8260246778007314
 564.000000	8.3874700796901109	122.9391924202880944
 565.000000	3.8694855842256008	96.4779940831877241
 566.000000	10.4636768572758019	126.2949836391802592
 567.000000	5.2669767687058755	133.1256885695231915
 568.000000	7.6244782949618388	88.6429269083057676
 569.000000	6.3943928074384653	132.0392847981237310
 570.000000	7.9651886914427301	96.7388198409248616
 571.000000	6.1585355129390109	116.9008930458445263
 572.000000	10.6390103337095852	68.8932372144228253
 573.000000	5.2513379365569364	118.7002131515012593
 574.000000	6.1763298860148304	49.6777305269101248
 575.000000	4.9433296417548087	34.7003956737391661
 576.000000	6.3351654946432241	140.7791616405377511
 577.000000	5.0689858767070177	74.2156138155016123
 578.000000	12.9327067956419928	152.6584340677110845
 579.000000	13.4513318346910520	112.5133227891284662
 580.000000	12.6323040470456380	147.7191440162263234
 581.000000	17.0592395606092389	89.1854686533215784
 582.000000	14.1466337494623087	98.2304111700022133
 583.000000	10.7374622069152910	153.8003284333780982
 584.000000	11.8140312169611796	158.5689425253573006
 585.000000	10.5075928919052402	92.6571559559388760
 586.000000	10.2279822670093807	68.3196801586998248
 587.000000	11.8182926493997389	75.6523146723251756
 588.000000	12.6776071094728806	80.5600811576280194
 589.000000	11.5187786477392677	134.0449291944891570
 590.000000	11.3213878185047943	116.6629723650250412
 591.000000	10.7064374778529423	92.5115414005105805
 592.000000	10.1603208367074540	164.6261047926786034
 593.000000	10.4294877900104979	141.0720361439498447
 594.000000	9.2783802682215093	33.2237689680163157
 595.000000	9.6899571746754170	80.3628095457917482
 596.000000	9.9184310562474636	84.8320050833088573
 597.000000	10.0903911540800166	113.0818672972839352
 598.000000	7.9184987332288541	128.1444349059160004
 599.000000	11.5087691777811418	78.2096595874877494
 600.000000	11.0206044473215101	114.6630432845428373
 601.000000	10.4749214184181394	138.5903955918985844
 602.000000	8.2244287768160920	148.2365333933396414
 603.000000	8.7098951111194030	112.0635808468342418
 604.000000	12.1049289275042327	120.8210436443133347
 605.000000	7.7673745465658817	94.2383402423254068
 606.000000	14.3941432512341319	139.6619676127732248
 607.000000	6.8566191397399106	140.8223922567517548
 608.000000	7.5315900489021725	124.4492780309768136
 609.000000	10.0379361327965064	116.6894842099211189
 610.000000	7.3664354956582061	96.9066601675659882
 611.000000	4.6780280236327485	60.6720938605549378
 612.000000	7.4162563240296535	151.1585258558100122
 613.000000	5.2467507516606151	137.3379713571533216
 614.000000	9.5614625685629182	145.1795792110712000
 615.000000	8.9521989343679724	95.6225113087431993
 616.000000	10.9779783906696000	119.6190425003301527
 617.000000	7.3752902835271952	90.7780782716702248
 618.000000	9.1788557748026101	136.4922280416272997
 619.000000	9.2645239846995402	70.6976889803134299
 620.000000	8.3381309647150132	116.7736373060326684
 621.000000	7.8790788147634920	98.1799273622455644
 622.000000	7.4229021451417845	98.5146557128701090
 623.000000	7.1154868090635111	115.8173741225974851
 624.000000	5.5794674399493918	109.9706667886911617
 625.000000	8.8843008055684525	112.0435805387858466
 626.000000	6.8396885709894111	105.6866810158912102
 627.000000	5.0246451988551684	149.0080085972767847
 628.000000	9.4633263616260255	128.8097646096430822
 629.000000	11.0765799425840203	139.9733447022235282
 630.000000	6.9353076882443236	147.1863787963939671
 631.000000	5.5090625092806267	87.6087268454481460
 632.000000	5.7903301249077668	30.8009937685933153
 633.000000	15.7850577274848405	112.7500773430097638
 634.000000	14.8236673699665680	101.4903834639978584
 635.000000	10.9708617861004143	127.6862625039509282
 636.000000	9.4653303843878955	26.6394122982511021
 637.000000	4.6902860354498124	115.1341063429193099
 638.000000	11.5115655943697508	92.0530426200004825
 639.000000	5.1026802281712023	117.5720471235335083
 640.000000	8.1160447354398357	131.6996225042958031
 641.000000	8.2509178577047848	124.8170081496487001
 642.000000	9.6126025976627947	87.5438678884569157
 643.000000	7.0723811281228368	102.3956381806977589
 644.000000	8.4891867828730962	115.9049401002764199
 645.000000	6.2174486556165389	74.6372990254286748
 646.000000	8.4642207215211247	139.3923731511063977
 647.000000	8.2340247476509862	165.7685696487417317
 648.000000	9.6705216403874008	131.3425991095583925
 649.000000	5.4937461547029525	76.9178880534615388
 650.000000	5.2770000427913084	119.2992683094142592
 651.000000	5.6754957361514276	99.0965023727390815
 652.000000	4.4402268649329608	138.2950148445302432
 653.000000	8.4177406919537709	107.1516775201987031
 654.000000	9.0926607734172578	75.8923635240703760
 655.000000	4.7385380658463880	104.8955882337196925
 656.000000	10.9274923919629856	88.9292208713149392
 657.000000	7.7560844432507858	148.4339050824322044
 658.000000	7.4809010249564665	85.5375047076330759
 659.000000	8.6531284335041860	151.4372799217661338
 660.000000	9.5516167748361873	169.6657451626978172
 661.000000	7.6059628806910675	148.9089225513281463
 662.000000	9.0492051909484115	82.0655021068919837
 663.000000	4.7548394027560361	101.0844477521781073
 664.000000	8.4169744065277765	103.1290497635246197
 665.000000	14.7158401699309671	124.1114705822091935
 666.000000	14.5195239801560501	126.1774725971402233
 667.000000	14.3028287358222297	82.7399178415811889
 668.000000	10.5191113374489831	63.7264270516850502
 669.000000	9.3721740319237892	60.2785619701388526
 670.000000	9.3835898658573065	133.8869838427095260
 671.000000	14.3641260767961612	108.9609215777319946
 672.000000	12.4379506900415144	136.7552171440092366
 673.000000	12.2863412499883200	19.2792290317672439
 674.000000	15.4106294171314975	149.2461578059379406
 675.000000	17.6768387057527292	89.6094484474087665
 676.000000	16.7372535377989777	42.4534819744866638
 677.000000	19.0589980145960567	147.1617938667311591
 678.000000	14.6698374831703777	137.7865573161329280
 679.000000	13.4871599076561655	121.6319130441946754
 680.000000	11.4603626169588821	67.3856547682165541
 681.000000	11.5936456461784179	99.4375946730579869
 682.000000	13.4579734920863139	148.7198907839169806
 683.000000	13.7199204629451277	146.8731186133849178
 684.000000	11.2495651835865313	117.6746247981706546
 685.000000	11.0327201189538560	92.4777585383179712
 686.000000	14.7244745875871157	115.9708842507080249
 687.000000	14.2406118887138167	105.9200296345332788
 688.000000	12.7762923764316252	128.4877416343431946
 689.000000	13.8017895180359407	126.7395460389174957
 690.000000	13.6931852449722840	126.1944505867182045
 691.000000	13.5720246372108946	62.1466718099183737
 692.000000	15.2619477265263281	136.1531140285109700
 693.000000	14.1116298897358270	112.1837596760691298
 694.000000	14.4670529372306742	70.4628510273843460
 695.000000	13.8108599252703641	92.4314694961258425
 696.000000	14.4761679248722537	126.2161908146128013
 697.000000	14.8994090772096950	87.5012747690757919
 698.000000	13.5538422108828112	133.7697433602372712
 699.000000	11.0087999529163376	133.5074098610064652
 700.000000	13.6849661818605046	90.9782979787655108
 701.000000	13.6212297411281522	118.5163839984486884
 702.000000	11.2558855568569580	108.7867256059356009
 703.000000	14.0334301515504407	152.4291986355057702
 704.000000	10.7468224642757839	82.0307841134633406
 705.000000	12.0026268680237838	83.4326228776090488
 706.000000	10.6549192040111436	156.2283632945085969
 707.000000	10.3075469403551185	153.6503893790633413
 708.000000	11.9433378131641650	97.6784542278299597
 709.000000	13.9821063321019778	126.4187020882073114
 710.000000	14.9535476346016445	63.0280205413663879
 711.000000	15.3598951646186261	77.9087658136491257
 712.000000	13.0215187544280990	50.9150773527377964
 713.000000	13.5091951016041723	115.8384949513667976
 714.000000	17.6057944437366949	119.6161012440303182
 715.000000	18.3753711481188517	150.4963538897472404
 716.000000	14.9410234383064005	83.6261247960060530
 717.000000	15.2580092336591093	116.6019189730098020
 718.000000	15.3936752550688709	115.0257413743720036
 719.000000	16.0684011827282589	127.4576745440473076
 720.000000	17.1202569956579609	122.7348551561842527
 721.000000	18.4169640911270101	70.9064280848549942
 722.000000	16.7596182138817937	142.0883809963062845
 723.000000	16.2294412167481887	126.9990026666849730
 724.000000	18.5793013049937414	83.1709747336187064
 725.000000	15.7510682548083807	112.9688139571533156
 726.000000	17.1133600568604720	140.3050305706906329
 727.000000	16.3494531053999239	69.5518721702859324
 728.000000	16.7458989322797365	121.5691981918285478
 729.000000	15.0509728627536088	119.7474786196997769
 730.000000	15.3663864670237995	110.6548014522977041
 731.000000	16.5472566942845596	112.6204522299143349
 732.000000	14.9697479669623732	117.3839978283254624
 733.000000	17.8173848396215533	91.4308918500579608
 734.000000	17.2233472146645852	120.2477562114672622
 735.000000	14.8682689812511697	142.2373992420715467
 736.000000	13.2690659646592408	122.6995034704399075
 737.000000	16.2478664439901586	122.9887031164839470
 738.000000	13.7043620580276198	147.8004252081189804
 739.000000	13.1573611268788238	136.2929352403423309
 740.000000	13.1631061241732112	105.2608217588082908
 741.000000	13.3693306675499795	135.4167939544485080
 742.000000	15.3357045213944172	86.5273982503910730
 743.000000	15.7344628409486038	149.2930871651224720
 744.000000	13.9577371531855992	69.8405762633736771
 745.000000	12.5602730883545490	101.4558690408975821
 746.000000	15.7986248730445027	83.6457018748362771
 747.000000	14.3045440554608181	131.3105350756622443
 748.000000	13.6572520995839231	69.7323509242955168
 749.000000	15.1641854417874402	140.9522794869047573
 750.000000	12.5169139957700430	138.5185360148641394
 751.000000	10.8030455431672721	67.7781918720901757
 752.000000	11.6945678012848173	119.0564092724038119
 753.000000	14.8730343346059950	107.2448363692385840
 754.000000	14.2604330850121315	143.9454727473035973
 755.000000	12.4243642843864279	144.4166807783016679
 756.000000	16.1229205858420386	118.3213254842684705
 757.000000	12.5453080789550153	107.2560617033903299
 758.000000	13.6629530124326362	70.3519831180248616
 759.000000	11.6905586510455635	117.4673896321002076
 760.000000	12.7805964526656890	109.3838383547933262
 761.000000	13.3068891108139677	41.8231804623646326
 762.000000	11.6701720512910700	82.5223756942379367
 763.000000	13.2257406260054129	117.5037991580019821
 764.000000	13.9303394805865448	93.8637143596839394
 765.000000	14.9653620488630956	131.4799210951027533
 766.000000	10.9221993454164927	115.4765541612380275
 767.000000	13.4180073116082106	111.2192681378245567
 768.000000	14.4761773565182299	104.1535217085935443
 769.000000	11.4946579831014333	124.4462079207956435
 770.000000	14.1380833137971234	65.3686190742192821
 771.000000	15.1327874782329754	97.6517031115799767
 772.000000	14.8821565878711759	46.4502022730077897
 773.000000	13.1371885885958584	40.6820260848175792
 774.000000	14.8830222255980296	68.6923638066886610
 775.000000	13.5020105926648686	165.6778823848797231
 776.000000	14.1823741479638290	130.3784649341618547
 777.000000	14.7675453871057947	114.5481448407912808
 778.000000	12.4374337679371596	146.9898264456198831
 779.000000	9.5384276759113131	37.5515795103969765
 780.000000	15.4737607068060203	109.6167346719511642
 781.000000	12.3672377366771009	144.4617872905273543
 782.000000	11.8395026961763108	133.2863138833569110
 783.000000	13.8286478155138610	111.9930323194069359
 784.000000	15.2879419745545206	120.3545623737311701
 785.000000	11.6356646350099577	46.6551388894028491
 786.000000	15.1012712923505674	85.1211534219395105
 787.000000	11.6424574705789556	129.5514760743424745
 788.000000	4.8402218345030956	114.9886114022422845
 789.000000	5.1418851546338518	120.3189819505264779
 790.000000	5.6403072993405052	126.3261157935677943
 791.000000	15.1124884747064137	156.4918297730160646
 792.000000	14.1461297028563493	66.0488071186682077
 793.000000	16.3761750408345321	119.6352388879003286
 794.000000	16.3960432216407810	111.3946690902873655
 795.000000	12.6181885654680563	95.5061169280986064
 796.000000	12.7066954156766627	108.3158358025293495
 797.000000	13.3697023948018554	92.1930900680076064
 798.000000	12.2076341107373061	146.1087917019791291
 799.000000	10.9713925756217190	82.5891160741414581
 800.000000	12.9781716135780929	119.4455377840464507
 801.000000	12.3926945361760072	112.0253881555767919
 802.000000	12.2552432118726795	100.4172858331255895
 803.000000	13.5526846814180164	52.2599650453729936
 804.000000	13.6887768445073466	80.5160402140583216
 805.000000	13.8225456343961799	123.5950571043625246
 806.000000	15.1074219983103593	128.0137585365006885
 807.000000	14.2561762460927497	94.3406137222356165
 808.000000	8.0396675521061400	135.2821772822682078
 809.000000	13.7754276807266329	104.4174724289556764
 810.000000	13.5552825032705577	137.4262639970951909
 811.000000	13.1664440343878191	128.8662201422795590
 812.000000	15.2821728269469279	155.0425549694633105
 813.000000	13.4729680131518066	125.1222120648175462
 814.000000	9.0278343144463165	9.5207512728025847
 815.000000	14.4340342788045461	128.3065989317221920
 816.000000	14.4331292319171585	99.9080046069747709
 817.000000	10.9987386442891282	86.1399195998201890
 818.000000	15.9883434344399440	68.7371895117079390
 819.000000	14.7212809751346185	80.7217563367106976
 820.000000	14.4738647599921748	157.8798689567037741
 821.000000	14.2030123553877523	136.2028638862784078
 822.000000	7.0916344068457500	161.1339570682530393
 823.000000	7.9698459808789517	144.2238187292416001
 824.000000	6.6826493857553988	99.2753131522566150
 825.000000	7.7333520540164855	132.0726326603987104
 826.000000	8.8324031009017467	115.0629954688305787
 827.000000	7.7974207810264851	111.7957564408312408
 828.000000	7.9670477028697695	115.8574877616572394
 829.000000	7.4576299880933643	152.3541292168274310
 830.000000	5.1757094090647442	123.7385813978787041
 831.000000	6.8195501439051425	119.3338563003076729
 832.000000	9.9676949949703975	90.3452497103608323
 833.000000	13.2355955828319587	59.5823783324811842
 834.000000	11.0042880050936400	133.3210288291714676
 835.000000	13.0768386981155729	139.7209609728750195
 836.000000	8.0888941349521257	78.9368677661306748
 837.000000	4.7423445381431444	114.8834007454444759
 838.000000	3.8297878840620676	95.5790948169183565
 839.000000	3.8442804087467586	161.4690176721479986
 840.000000	4.8943415878107812	144.2802825212407640
 841.000000	6.4109765391206981	143.0479823748644606
 842.000000	5.7258274391216286	90.0686942683372820
 843.000000	10.2673740179791313	133.0206920482125099
 844.000000	6.6344866292706568	72.5934376709049616
 845.000000	5.2150903330761942	76.9791242967755522
 846.000000	2.7124520785235293	130.7580671160054919
 847.000000	9.5140269229634722	136.6474104798164717
 848.000000	13.4463465425526305	128.6695454264460921
 849.000000	4.9122574686387352	94.9730182562032326
 850.000000	10.7935489587226421	82.1664108611579849
 851.000000	11.7348249714686617	77.0444666723007714
 852.000000	10.9449504243298108	58.3371500910220675
 853.000000	9.3812952059512345	25.5783522029312564
 854.000000	11.4084082031213470	151.7536586649334538
 855.000000	11.2340041529702521	85.5696553940967135
 856.000000	11.9598026670564259	163.6619438377931317
 857.000000	10.8922610483526299	49.2278933558015410
 858.000000	11.5225703014671197	139.0830797183874097
 859.000000	10.8548540476392841	88.5039071195571410
 860.000000	8.1057079474928102	126.2668373295500430
 861.000000	4.4504977443990521	124.8333903085991494
 862.000000	3.8095397230750501	156.7511051682825212
 863.000000	8.0681829409326458	97.5698019864793764
 864.000000	6.5659877489529315	95.0003085087655990
 865.000000	11.6923616324246940	73.8134929879304877
 866.000000	6.8228354211384836	113.8350923136353572
 867.000000	12.2124780163094453	172.1585079093442801
 868.000000	15.0312312593609860	64.1228582868278494
 869.000000	14.0813898688464523	103.9284619575645650
 870.000000	9.2373016097380134	142.2481314955285825
 871.000000	8.9969522179497847	82.6696048293456158
 872.000000	7.7077966006682912	24.6416099596916069
 873.000000	5.5811955206976407	161.1190465074052156
 874.000000	4.4873194314937681	156.8345063703553421
 875.000000	6.2943527885989869	147.9242719190569630
 876.000000	9.4104270277368158	83.8889145155786196
 877.000000	7.7147821463599318	149.4277755353483315
 878.000000	10.1076639031846138	91.2584368492597946
 879.000000	9.2396858043049850	92.3832490605592653
 880.000000	11.0134868613370376	43.5746719524309754
 881.000000	5.2428343578227885	108.0483308470087280
 882.000000	8.2780055207177572	130.1473187034413570
 883.000000	5.1455765107727283	141.3250175471688976
 884.000000	8.5229419783234945	87.7912147233502935
 885.000000	7.1595208012153497	127.3943716206882897
 886.000000	8.3756829584921064	107.5030293763753093
 887.000000	7.6369517910951377	102.2835561792666965
 888.000000	9.7020871256499124	143.4065092700455466
 889.000000	11.1262638986038045	92.5702631806850178
 890.000000	10.3424692348415377	65.8089728687308195
 891.000000	7.9180593964103432	110.6709486924941217
 892.000000	9.8210484583580921	151.1150320855181519
 893.000000	10.6207317800756940	97.9650379446984516
 894.000000	10.8307020727318406	111.9661319578165717
 895.000000	10.2534737832204339	117.1119211533880957
 896.000000	6.6182094558979445	145.1953854059528339
 897.000000	7.0164046495247314	101.7764876307746675
 898.000000	7.2263918874822259	121.8152711133401027
 899.000000	7.8117384997608790	149.8304509240049072
 900.000000	4.5388124767604880	108.4947967998339209
 901.000000	4.9235440862604083	90.9776256402582817
 902.000000	6.6726407911464021	134.2160309538488150
 903.000000	6.8541155292912173	163.1079617295439164
 904.000000	11.2177619000095952	53.6566615384205079
 905.000000	10.3401507284753524	108.6626506891301887
 906.000000	9.6624593604691622	152.8342764448584887
 907.000000	12.3137684523423623	118.5414967147334409
 908.000000	12.0291156723573280	157.8649972836355744
 909.000000	7.6516356204017306	117.5729633636205449
 910.000000	10.2459586044975755	118.1707298314435093
 911.000000	9.2528501377118157	153.7017194312761887
 912.000000	8.0933320653918930	117.4994399335922424
 913.000000	8.0431666321903901	28.3600390548865846
 914.000000	13.2552109748956486	125.3464745703948182
 915.000000	7.1328792304426862	98.4370304756138097
 916.000000	5.2955079155505720	28.0822500520122844
 917.000000	10.0716051792954939	90.2488237939563760
 918.000000	7.6930845661033116	141.3441783018287197
 919.000000	5.8225150737580949	105.6816540900338310
 920.000000	5.5767361179059760	107.3410276429345060
 921.000000	8.0410334466570621	103.9921978237426572
 922.000000	9.2333610687679499	86.9419311494906708
 923.000000	6.6191493152309180	125.8152864215881550
 924.000000	7.5260811310065732	124.8769690203485681
 925.000000	10.8922941936070039	113.8923956919800702
 926.000000	5.1964053303060531	98.7963248625178920
 927.000000	7.0821542063840788	147.5172339610340657
 928.000000	7.5722123054778701	154.1485538205988917
 929.000000	11.6864427972172980	57.6850448106714566
 930.000000	7.2440073825072906	114.9162446840819740
 931.000000	7.0326439428270406	132.3944552435259538
 932.000000	5.4554377529862208	111.6325490484166920
 933.000000	9.1645751590933351	152.5188906971895335
 934.000000	7.6361519064888945	130.3070504745144831
 935.000000	7.1093099365651460	101.8002867762743904
 936.000000	6.8718705069500956	151.0805891978985187
 937.000000	11.6186008802387875	48.8064608373896647
 938.000000	6.6780207964677407	136.0711474019157947
 939.000000	13.6082151621296603	121.1687769919518018
 940.000000	14.7120445973858676	127.2501322062811653
 941.000000	12.1531259919733365	101.7456241636441376
 942.000000	14.1997915763425322	143.0923480860083998
 943.000000	6.5648297256420740	125.1225802554579332
 944.000000	7.5027385559702422	98.5024011976386618
 945.000000	12.0842127325761250	125.4691432906240038
 946.000000	9.7253843189819502	142.5619406162371376
 947.000000	6.9619755357823818	76.9922393629334465
 948.000000	10.9334149726299472	140.0727426580960753
 949.000000	9.8433274798634613	99.3516672626772817
 950.000000	6.1177089114172034	101.1928080488754063
 951.000000	5.0413452031871966	116.8400296338463704
 952.000000	5.2550317891036080	96.2502344938864383
 953.000000	5.5658695818515431	103.5375723283505209
 954.000000	5.4876522071932916	146.5446878898929413
 955.000000	11.2968826290087350	103.2415797437422498
 956.000000	5.4054779909744726	109.3308421627341858
 957.000000	9.1286235192155729	141.2253316391232829
 958.000000	8.3526471655289924	82.5582579501041351
 959.000000	10.1763089778991560	156.6674028315119358
 960.000000	10.3758529583597312	117.9825567289405228
 961.000000	11.5332279077842532	72.3823756846737751
 962.000000	11.7666026340053946	118.0128266659476424
 963.000000	10.5611247812984725	50.7094844151973234
 964.000000	7.6388118388048341	115.2680901684995547
 965.000000	10.6679658411057865	114.7220516489993116
 966.000000	7.7328057999771449	107.9666908840115411
 967.000000	4.9791075279084103	110.1995697217269452
 968.000000	5.6465193038249142	172.0267531870636333
 969.000000	12.4123349890823995	154.0725685053575944
 970.000000	8.5072738206605809	76.8099260529471621
 971.000000	7.8750206924093726	65.3264644040856552
 972.000000	8.1657791139702365	141.8388226466068716
 973.000000	4.5236921065663811	117.3838911188641703
 974.000000	7.5051455196020562	60.4673383716687738
 975.000000	6.9411583054433592	115.5508012892245517
 976.000000	9.8600825885801040	128.7539323729759531
 977.000000	5.2282973185500117	93.4472333249846230
 978.000000	7.9585013526838253	74.9239008694310229
 979.000000	8.0046063036380577	90.9653194133768608
 980.000000	6.9419867656544758	101.5829384383780933
 981.000000	7.5818590603784353	167.6438169374473546
 982.000000	6.1226582368368048	64.4900469472526794
 983.000000	5.7243104562270082	34.6554812756462240
 984.000000	9.7257690682685638	87.9124741701317163
 985.000000	11.6259209871684845	110.5571199092545953
 986.000000	11.3243560783108386	151.4026009744913210
 987.000000	7.3255418581881964	130.4744403178270886
 988.000000	12.2458146941112336	148.6023646803708402
 989.000000	15.7909086742695628	97.4702479138538536
 990.000000	7.5647110796560835	98.4894396942429182
 991.000000	11.8538869392360446	48.8756063912827017
 992.000000	9.9630166735087613	136.0505182049970472
 993.000000	8.7401346919559941	164.2617882664606270
 994.000000	5.9726845469240812	151.2851945832664171
 995.000000	3.5595080932292520	145.5306414239770447
 996.000000	11.1918937079296494	92.9342755931333357
 997.000000	13.0440046487611649	113.8615328510336440
 998.000000	11.9223802997073118	71.2684843601018940
 999.000000	11.4816457712800837	98.0394982797408687
 1000.000000	11.8010103936336552	176.1028212529526797
 1001.000000	12.5836357289652199	142.1077931255003932
 1002.000000	12.8834243850178503	80.5367948535982379
 1003.000000	13.6096909639941082	157.4629566032227785
 1004.000000	13.9152750212602641	151.2584843126937528
 1005.000000	14.6070016042807183	91.3813662467853476
 1006.000000	14.0871517530866832	151.0480957656481564
 1007.000000	14.2963445489153997	93.3508878055757521
 1008.000000	11.4499362291432671	130.4204167672863548
 1009.000000	13.9179957193286494	118.9939128403824071
 1010.000000	14.6554711058441942	116.6328896408972184
 1011.000000	13.4120604330417255	132.2752676563833347
 1012.000000	13.3756627085584938	114.1393458905561005
 1013.000000	14.3262618840559757	131.3337345519086057
 1014.000000	14.2368250207312652	128.8007959537585236
 1015.000000	12.7175065634245357	150.8554592885174941
 1016.000000	13.1374665888083388	140.6794151449612968
 1017.000000	12.0192370791389891	76.4945733812075161
 1018.000000	10.8777499373230189	166.0225100903810471
 1019.000000	11.9026254187327254	103.6496731217269058
 1020.000000	12.1109258076468116	141.8982252601718983
 1021.000000	13.5785201503187256	114.4325318205971911
 1022.000000	5.1238123423565698	128.7539117521959042
 1023.000000	7.3799746402108193	126.1673672369741013
 1024.000000	9.9989876360210292	153.9055393998636418
 1025.000000	2.8711022639115416	110.7097800827069847
 1026.000000	4.5013679767327375	94.2233944114214097
 1027.000000	10.0537473901659382	124.7548113850008349
 1028.000000	7.2185072504842802	145.4805124935249410
 1029.000000	6.0666257664067524	120.7840814919083243
 1030.000000	4.0692636465712084	85.0935181092599606
 1031.000000	5.8331568231865596	81.6048125759319873
 1032.000000	3.3137982885548056	74.6981677409053475
 1033.000000	9.6342093327354821	116.6692466424570682
 1034.000000	4.6423487693290451	78.4904461112089393
 1035.000000	5.8295510437947646	131.9818245954133147
 1036.000000	12.3181976893065102	95.0420162389061574
 1037.000000	5.4010340934903374	152.5156554732630525
 1038.000000	6.5460482259399164	120.4875895110392179
 1039.000000	6.4933386508411326	108.3060081044064162
 1040.000000	8.6852959457427978	130.6337890981984629
 1041.000000	7.5714202178551160	168.7361035551269879
 1042.000000	7.8545555614595521	129.6589544579557014
 1043.000000	4.9225937127628550	87.5944196149285688
 1044.000000	4.6005320559540133	124.1975165018104974
 1045.000000	8.1927311089324242	89.0894257292599576
 1046.000000	8.1545876669447264	140.8937061620044631
 1047.000000	12.7137456937485815	153.8271863779512785
 1048.000000	12.7492894749777790	168.6970633630654675
 1049.000000	15.5163298801785441	82.1863935529100758
 1050.000000	13.6349471617908460	79.4170985365182673
 1051.000000	12.1171996757299318	93.2155646863365348
 1052.000000	12.9313500208071428	156.8506604981674002
 1053.000000	15.1592768816626808	168.7607314656539472
 1054.000000	15.2807780024075655	76.6216324351928506
 1055.000000	13.5081791369283213	174.0101942315856434
 1056.000000	13.0744391641694229	81.0523877502671297
 1057.000000	17.4430302887693998	71.6062647485540111
 1058.000000	16.1556456749156752	50.9719442659938977
 1059.000000	14.9759501024723587	121.9877645569675053
 1060.000000	16.2874661708596555	85.0355720382610372
 1061.000000	13.9739017124392451	164.9502752890670649
 1062.000000	13.6047150162749020	74.8702281089320678
 1063.000000	16.1672948797689315	166.8946392591564347
 1064.000000	11.9558456113461968	70.2496458879401615
 1065.000000	14.7375016525659923	135.3185713332515832
 1066.000000	12.6355243577154948	95.5076599454669122
 1067.000000	16.6269526951551860	137.6137226438617631
 1068.000000	18.0396924552993632	122.6367814618963479
 1069.000000	17.0254670864261293	139.6172169661884368
 1070.000000	18.6350933541117065	148.5283979539011625
 1071.000000	16.7721810776120392	143.3224717532355612
 1072.000000	15.8320364916325182	54.1271491821897257
 1073.000000	18.5874227650724642	130.9179641703098014
 1074.000000	16.7490471493616226	146.4245881674727343
 1075.000000	15.1702109090376549	61.5604215965694408
 1076.000000	17.7887703571169880	102.1219142496656644
 1077.000000	17.8918658082704454	82.3653329867071022
 1078.000000	17.0980008348260384	121.6737209527052244
 1079.000000	17.9023223101235658	132.8431595822317206
 1080.000000	18.4184381481134523	116.6427649253100185
 1081.000000	15.4488743329462039	155.6338790335122155
 1082.000000	17.1328880161823989	100.4731259070597957
 1083.000000	16.7481619520977247	142.6586247119551274
 1084.000000	17.2322601871076131	128.2305109697678631
 1085.000000	14.3320847883675722	143.1605301335379750
 1086.000000	14.6726303232086330	30.0674641627264521
 1087.000000	13.3913390374225241	99.1357863558575900
 1088.000000	12.8350253849524787	140.3440770221235994
 1089.000000	18.6250015137540323	129.8361051518790532
 1090.000000	16.9560709480238003	62.6798702223024122
 1091.000000	19.0098667686057219	101.6755127059172423
 1092.000000	17.7978457893313475	111.1538681458561513
 1093.000000	16.1475413366919227	91.5231566450056988
 1094.000000	18.5305724356224282	104.1173584754587864
 1095.000000	17.9699958587193329	129.4482410000703680
 1096.000000	18.4221643709137766	90.9932486096815865
 1097.000000	18.1844440968265673	104.8054606617044868
 1098.000000	18.5501540722757134	94.2251801234816639
 1099.000000	12.4456011916154559	103.1474239596589229
 1100.000000	10.4947387621553876	84.8933562796882910
 1101.000000	12.9425954507265395	113.2464904731125728
 1102.000000	17.7516520515552969	102.2395131162241171
 1103.000000	15.2194130959497969	89.1657156335990635
 1104.000000	14.5059305549630597	94.5929962169856537
 1105.000000	15.3285968729182063	165.1318507788221552
 1106.000000	15.3504947933412073	108.2544356927222822
 1107.000000	14.8133149529648733	134.4521908211730761
 1108.000000	17.7024968225947568	51.0829296935537229
 1109.000000	17.2054519867371845	115.4808600464127579
 1110.000000	17.2071678017574285	64.6153919528418896
 1111.000000	13.9681467303193791	67.0464270214507962
 1112.000000	15.9159967566139127	102.8366517369981779
 1113.000000	19.6267267113839807	89.8491492771409241
 1114.000000	15.3544618200772209	124.8074758912697888
 1115.000000	16.2265446248350571	58.7366488500883861
 1116.000000	17.4596635339112858	125.4970569008777090
 1117.000000	16.3760924915919972	159.7780955123603519
 1118.000000	15.7261450825794853	115.1159251100368266
 1119.000000	17.0948735682977109	150.8636467720392318
 1120.000000	14.0939421082870400	102.5735849081120108
 1121.000000	17.5910687887059645	79.8279480684689133
 1122.000000	15.4814370065743780	126.7046355336739083
 1123.000000	14.4330685660138016	135.8255190710455054
 1124.000000	14.8400421685915092	102.3773246764929326
 1125.000000	10.3925640438923121	68.7936659897078471
 1126.000000	11.6196879031889289	56.9044583785878331
 1127.000000	12.0429039364859332	87.7565994589392488
 1128.000000	11.9643536299491213	69.6123515721876203
 1129.000000	12.7602425029649442	136.3452755223898123
 1130.000000	12.5494077426824155	157.7928323535815025
 1131.000000	15.1009702083311232	153.3338651593313102
 1132.000000	12.2658547882134119	123.7918225641019347
 1133.000000	13.2700980571689264	64.0834610758582244
 1134.000000	12.8424008102316485	67.6264643799998453
 1135.000000	14.3184818937729474	39.9349932738523705
 1136.000000	16.2122158618430738	133.1694420127410012
 1137.000000	17.9883878874993144	155.1369605066057034
 1138.000000	18.0174991334745442	109.8492395220407047
 1139.000000	19.0946194085765164	100.1593552546666643
 1140.000000	13.8261795157101144	161.8944333619027987
 1141.000000	15.9057969728104638	104.9617335047633020
 1142.000000	14.3189545972615289	133.1854293735559338
 1143.000000	18.1061394306264916	146.7423569428284793
 1144.000000	16.6779695236403924	156.8955440673771022
 1145.000000	16.7048202512418094	89.7643528255035505
 1146.000000	16.7969428694811143	133.4487661621135999
 1147.000000	16.0400436030452269	125.5228816229842153
 1148.000000	16.1299032286480326	123.2153079828274826
 1149.000000	16.9314829287349333	94.4910130250984110
 1150.000000	16.2351433686379316	107.0430181439142956
 1151.000000	16.4680991979266267	136.0188158116900468
 1152.000000	16.8665617798247602	115.6201430562875316
 1153.000000	15.0844549883808536	136.5186652463193582
 1154.000000	15.8117957863277994	55.7693103166519109
 1155.000000	15.3235803439323330	153.0691347240467337
 1156.000000	14.7142042734715730	76.9597994166513928
 1157.000000	14.5375932031000072	88.3789176494149871
 1158.000000	14.7247013865733560	109.3032689405157498
 1159.000000	17.4140479776087247	106.6367643216112242
 1160.000000	14.6858363713379703	101.5384488771590838
 1161.000000	17.2901619156684525	61.4754186725699299
 1162.000000	16.3118032135243887	108.9215258047394030
 1163.000000	18.6864850875943915	78.6747317614527191
 1164.000000	18.0264029107707380	133.3988287542691751
 1165.000000	14.4791948063213773	98.9367204030120462
 1166.000000	10.9408841782147128	41.0428097634484459
 1167.000000	11.4389092464840694	22.8827727380109707
 1168.000000	14.4313907555151655	148.9601528335039120
 1169.000000	13.2810294587817559	135.1650008132442338
 1170.000000	10.9993012283518130	118.9426088355717184
 1171.000000	12.5778354431406161	69.8938007887146995
 1172.000000	13.1196484034750682	10.8264465000539474
 1173.000000	15.0185950185186119	61.8251017422187346
 1174.000000	10.7579507062007327	109.3750965638321730
 1175.000000	10.3201486424409925	117.9440700464758578
 1176.000000	11.9648981154729945	91.7834238443562214
 1177.000000	17.2130637658167096	146.3461123796344907
 1178.000000	14.8789905813714984	55.0839369911199981
 1179.000000	14.8156659168414073	155.2580283955319942
 1180.000000	14.5825783975935650	67.5065372058629691
 1181.000000	15.0200878461756275	101.0189685646685120
 1182.000000	17.3298829396085274	100.6605782212915301
 1183.000000	16.0300180526623706	100.4281418850079746
 1184.000000	12.2357028872576468	121.1412221353691336
 1185.000000	9.1928962907028815	97.2694274265738557
 1186.000000	7.3017234287837729	93.4310684579262727
 1187.000000	6.3846353686852053	123.3485866673950966
 1188.000000	6.7744191228273039	96.0796146675569389
 1189.000000	6.5692322445021594	110.3242755419750409
 1190.000000	4.1623767539865639	58.0762889460523013
 1191.000000	6.0713633284775019	58.0927263769336548
 1192.000000	7.2346272801849922	89.9325714085268118
 1193.000000	7.2134961508140458	117.7608976096770022
 1194.000000	10.1019692426918546	61.6719818934463859
 1195.000000	11.5565258429633797	72.7803838074928677
 1196.000000	8.4206255230644089	159.8988632343824179
 1197.000000	8.8322833229935291	171.7014114478792521
 1198.000000	5.3569820307126932	144.6723276032665808
 1199.000000	11.3646271098437150	138.9781576403340750
 1200.000000	11.9277045048786015	93.0067841526680041
 1201.000000	8.4117141199942758	109.9377126923379393
 1202.000000	5.0273423451156196	150.0562074934759949
 1203.000000	4.8474533393274477	163.7045156041333485
 1204.000000	7.3664693789266504	100.6811960030365327
 1205.000000	8.0569806208571908	127.8484198726636407
 1206.000000	6.8483159016980322	121.7708508016651194
 1207.000000	9.8096380363965334	68.0833248105919608
 1208.000000	6.5406741550632077	106.8075267218302997
 1209.000000	8.3638896392957669	123.3326412242340382
 1210.000000	11.7638621553176534	15.9538646719729797
 1211.000000	12.9984327181690311	114.7740837630789770
 1212.000000	8.6642885184822234	104.3182850256737879
 1213.000000	8.1658845279887533	119.2494268903925274
 1214.000000	7.0370675886774752	67.3715776691942239
 1215.000000	7.1821248006056031	104.1647370955649876
 1216.000000	10.7672750083424358	76.4713576525456489
 1217.000000	9.0313351172997187	79.0448557140398265
 1218.000000	4.4247621306663101	153.8845638128983353
 1219.000000	12.0484659405909174	161.2031505077829934
 1220.000000	8.7712166721376050	71.3604058477268808
 1221.000000	12.5983874640175131	41.5418883526144214
 1222.000000	7.2120030015216887	80.0810733184071779
 1223.000000	5.1644344223764547	113.0425291399870531
 1224.000000	5.8638947743711558	112.4389473246673248
 1225.000000	9.7004480249672635	30.1198128304860688
 1226.000000	8.4240968903208593	63.2382197105362707
 1227.000000	7.7123857557220195	87.8766898882738587
 1228.000000	8.5920691156101192	109.5685685572216954
 1229.000000	8.8473754889604201	167.6939139553186919
 1230.000000	6.8135113258296585	125.6167474423877195
 1231.000000	10.9056676977353622	116.1573952417438989
 1232.000000	10.0662146040998177	150.8370665506008379
 1233.000000	9.3838934441735322	79.7972344090288033
 1234.000000	8.7209875297546411	80.1705173654936942
 1235.000000	8.8026753766369641	99.3898761462768476
 1236.000000	9.6603468173078451	118.8166774617351678
 1237.000000	9.0053420051109452	172.7577931398137423
 1238.000000	10.3224278148131869	136.3876177471333335
 1239.000000	10.0065532072727272	105.5221447651547919
 1240.000000	9.3184229737176132	161.0777022853519895
 1241.000000	10.7007207793663888	55.3711752554408889
 1242.000000	8.8333400940022049	119.8529118147353927
 1243.000000	8.9588321988492758	48.1109299615343957
 1244.000000	9.2146973103135910	170.8861062372559729
 1245.000000	8.4610087709855133	123.4947330345470391
 1246.000000	9.8256605703272974	165.5058511102286047
 1247.000000	10.1188171821942419	75.4122864790715539
 1248.000000	10.1441583802108450	153.8724004743161515
 1249.000000	10.3253925334637486	97.3018678467175704
 1250.000000	11.8719555200707081	81.5360581937094082
 1251.000000	4.1218285617732544	149.7179999641734298
 1252.000000	5.8273688588307957	140.7352079240483818
 1253.000000	8.7042800165570480	88.9231753133759781
 1254.000000	3.9595050807738654	50.8858251848703560
 1255.000000	11.7155686216086448	158.6984815803405127
 1256.000000	7.7381738641453470	118.7034540839513568
 1257.000000	7.2073662127561704	97.0620044924006891
 1258.000000	8.6653372074881343	133.8135564586684154
 1259.000000	6.5651931064310514	131.5981287801858457
 1260.000000	8.1171615476234802	108.5132747544101193
 1261.000000	8.8365726719728794	136.9157004882944193
 1262.000000	8.5374852809778652	10.4792267650875317
 1263.000000	12.0784854935370820	56.1707441619221726
 1264.000000	13.1055381932070230	84.4686341073995379
 1265.000000	6.8984960270092834	130.8530025672245927
 1266.000000	10.0021527840627282	126.0104441751328466
 1267.000000	8.3546570668070803	83.9391457504866452
 1268.000000	11.6514954694851482	99.6001261386895180
 1269.000000	8.8553284929473275	132.7915172276041744
 1270.000000	7.3684667046665249	153.2707261637898739
 1271.000000	13.8545766325665074	85.9530158299479297
 1272.000000	9.4982261956722542	115.5852522514020535
 1273.000000	13.2993264082684437	124.0192781856778197
 1274.000000	13.4382500034692995	145.8393878190771318
 1275.000000	10.8594433733628897	95.0777439944877614
 1276.000000	14.8607847386501781	139.4354146300586308
 1277.000000	14.2806411423478998	118.6849107926046685
 1278.000000	12.7953650875813025	60.1422257489082313
 1279.000000	9.0067753356664415	60.7900331241418428
 1280.000000	10.5187920202572798	115.9128169693288015
 1281.000000	11.3420285090972826	131.1331975981214555
 1282.000000	4.5406258025886137	165.4600392472506769
 1283.000000	6.8933025827528285	148.3502800829388093
 1284.000000	12.3783318207639894	125.0873206943516465
 1285.000000	9.7918479972736634	134.6718993298305804
 1286.000000	6.8547876641905763	133.9503995212805592
 1287.000000	7.9942965734442950	67.0913743680412580
 1288.000000	11.4351823943990478	112.5849828199660436
 1289.000000	6.6792912366003172	133.6979738528574444
 1290.000000	6.6791066512852861	72.2541238651667044
 1291.000000	5.0743944466538151	137.7659260470734353
 1292.000000	7.2761183281272599	85.9587320467810514
 1293.000000	10.5745600754163398	128.5039503321331154
 1294.000000	10.2149718741822042	107.6982442802590043
 1295.000000	9.3406947363108301	43.7931526344131896
 1296.000000	7.7154896727735949	68.5567824691348306
 1297.000000	6.0524592923685843	74.9638767386796729
 1298.000000	6.5619445465311976	162.0773068247975175
 1299.000000	8.2434578238561116	26.5922677985722942
 1300.000000	6.8210870145440898	133.5962056716373070
 1301.000000	9.1314849974941801	72.7084446641373034
 1302.000000	9.4108477482415882	123.9827067087018406
 1303.000000	6.3239046266279564	127.1466506599653457
 1304.000000	10.5471922799636140	46.5898919934076048
 1305.000000	9.3538668154705586	113.8223201254137678
 1306.000000	11.5076038778475080	106.2637482827962003
 1307.000000	10.1158746875156602	73.3233107590648245
 1308.000000	11.3459034927788327	105.0487725813841848
 1309.000000	13.2965891879468927	124.0119238404811171
 1310.000000	7.3165038920190444	98.3509809461502016
 1311.000000	7.4497134276373549	43.8585597975645101
 1312.000000	10.3793274769144279	38.9373602610550904
 1313.000000	10.9858113907900012	168.5607644492888255
 1314.000000	10.5963194275809958	84.1599746195133207
 1315.000000	10.6924040946060757	111.8607887890176755
 1316.000000	7.8328174766848830	134.3188358678323766
 1317.000000	8.0262676914424933	82.5088175625782583
 1318.000000	12.9742227574967899	151.7852216173472755
 1319.000000	13.5624439416423712	78.2057756827448856
 1320.000000	14.2544989228375307	124.8868016840222879
 1321.000000	12.7151939990368774	131.3944392414711899
 1322.000000	5.0191453772039960	95.9514391367929420
 1323.000000	13.3106675746591314	114.3092283246877230
 1324.000000	11.2115900980293794	131.2030951753161787
 1325.000000	10.4333882993129716	101.7862446451600391
 1326.000000	10.3428631140152660	110.1156672671611574
 1327.000000	10.3818747122830164	109.2782947414307131
 1328.000000	10.9978294684513997	129.2122893589408932
 1329.000000	11.0328644945154135	87.5611445638057830
 1330.000000	12.9544921510247377	107.3603988476285593
 1331.000000	8.5627386973395065	123.2772817227358075
 1332.000000	10.3372305329401630	99.7487546965195975
 1333.000000	13.3443786304561556	157.0476614054306026
 1334.000000	11.7569529693929784	27.7336714693440456
 1335.000000	10.7573430943290873	17.6976868195220334
 1336.000000	10.3037282214447732	116.1816304700062972
 1337.000000	12.0908077742949835	76.8302806684059476
 1338.000000	8.2876659105183030	79.8208535296626849
 1339.000000	5.6295320940613731	144.5583157523121827
 1340.000000	10.9165214986407832	76.0725873934024008
 1341.000000	12.8185291548728539	102.0154362388355480
 1342.000000	8.2511751056375502	119.2068392802500085
 1343.000000	11.2886550516989637	102.8792971903973523
 1344.000000	12.8376961265630793	70.5584167202725752
 1345.000000	11.9813180867060556	54.9505592078541980
 1346.000000	10.7250434078547627	97.7017886036223331
 1347.000000	9.7187511805016378	91.6923019410225493
 1348.000000	9.5787553791131490	78.8116651622435285
 1349.000000	10.0334431803899893	124.8489735076959875
 1350.000000	10.1244431998456719	148.1391288114263318
 1351.000000	9.6302867662148000	141.0769033876578646
 1352.000000	12.8959928046626935	97.8020807884621064
 1353.000000	11.1852973383561984	89.1597370056628336
 1354.000000	13.0749751514053862	116.4847719636727703
 1355.000000	11.0608453939456268	106.9553273741988448
 1356.000000	10.1529586874981366	126.6512146425296379
 1357.000000	10.1343498479548906	102.0147879426075548
 1358.000000	10.3290967292805735	110.0655459753122614
 1359.000000	10.6950740660831567	131.5863073127823668
 1360.000000	10.0697717707740679	97.3670158592338737
 1361.000000	9.0590321131380804	113.9648338960237339
 1362.000000	10.7703703095416259	81.0998644730738505
 1363.000000	11.8498852089197158	79.1260803143088935
 1364.000000	12.0107951575535559	170.5680955486316748
 1365.000000	9.2228803917531827	89.4616812305612825
 1366.000000	9.7574686217869449	92.6135733740536011
 1367.000000	11.0008131502863016	90.1753871721016083
 1368.000000	10.4389608721914513	63.1533576932998102
 1369.000000	9.4494424538574400	165.0014154211051220
 1370.000000	12.3595567406982099	96.0842282434593926
 1371.000000	11.7000142226197266	76.5971965498992233
 1372.000000	10.6485572172416951	87.6187201160927316
 1373.000000	12.1814183676892345	157.7053003421536914
 1374.000000	11.6686386772628641	107.2072363434049862
 1375.000000	9.9428053052695553	109.5211493988991833
 1376.000000	11.1639515726725183	163.6651918413224394
 1377.000000	9.6750298976728413	86.6733389421586082
 1378.000000	10.1308993319109337	96.2746454317959746
 1379.000000	8.2359154854711782	149.2239455620618287
 1380.000000	9.1920703630756186	74.0673681417740397
 1381.000000	11.6872612220095800	86.7812457539582454
 1382.000000	10.0627946063495006	135.7368896723975240
 1383.000000	10.5780576462614988	128.5096369379364774
 1384.000000	10.3443446262254195	120.2736347344052774
 1385.000000	11.4243898819438652	111.5368991644878491
 1386.000000	9.7921818870240909	86.9494168926627253
 1387.000000	10.4253367102183336	163.2194741659978092
 1388.000000	9.6707520183539959	55.5075596576515125
 1389.000000	10.3449247336861134	152.8007906409883958
 1390.000000	12.5219031297173427	83.9578072591450422
 1391.000000	9.3513475235046144	151.6742318423640370
 1392.000000	10.1608502024626137	120.0869887196244576
 1393.000000	8.8569497503186714	152.2172361542047554
 1394.000000	9.7232113645176650	85.2012289734593224
 1395.000000	10.4609503168450733	159.6325253813836298
 1396.000000	6.6230148997663605	85.3569073723778189
 1397.000000	8.5978104490626279	19.3023596545452563
 1398.000000	9.9976844282234509	138.8537712934003991
 1399.000000	9.8758058320760789	140.2985276430777617
 1400.000000	11.9403213170639546	145.2162256913366036
 1401.000000	4.6240944871839842	138.2307903804596094
 1402.000000	9.7161574488325666	57.3308077949364190
 1403.000000	9.3857018046370104	67.7818247271415828
 1404.000000	10.2102612158275683	104.4346650706988697
 1405.000000	8.5424210194014982	143.7423480554774073
 1406.000000	12.8867922168544311	125.2251915278035312
 1407.000000	9.8116584385385970	117.1890692973254886
 1408.000000	9.1385116546833647	145.4700720261694187
 1409.000000	8.7917252079928971	87.3421815343124734
 1410.000000	6.6531855443098404	124.3384482447212633
 1411.000000	10.5835817533527052	144.0723277173463543
 1412.000000	10.5653100802549318	78.8802158665078395
 1413.000000	8.9496530744438321	98.2750188949522965
 1414.000000	10.5207084988584203	89.1577926651392687
 1415.000000	11.5058740351045135	100.1472788200265995
 1416.000000	12.1305105758091010	103.7952497753553871
 1417.000000	14.3466640602590196	122.3942963407571227
 1418.000000	16.0689336390758513	146.1654573770406955
 1419.000000	13.1600941099237243	98.7213898033146506
 1420.000000	14.0538114785794459	96.4244948181831489
 1421.000000	14.8065341093600349	151.6639733936928849
 1422.000000	15.1144515078723458	130.8288423521561015
 1423.000000	16.9829534782185618	86.7679348385037343
 1424.000000	11.1956649518102953	137.0213002006663601
 1425.000000	15.0924160759538211	157.9277634590140167
 1426.000000	14.5657194824713141	100.9003297564759123
 1427.000000	15.6036784680842597	70.1932875602159925
 1428.000000	14.3151933040472699	73.6396548475493660
 1429.000000	13.2329205736158819	17.0945141660830302
 1430.000000	16.0299172698934314	148.9151920720099724
 1431.000000	10.0227948300159042	102.1978547173794283
 1432.000000	5.0393429956847253	125.9993461853531471
 1433.000000	4.7664986566156928	85.0831521664370882
 1434.000000	4.4960803372442166	79.2762476691862759
 1435.000000	5.7025035921093554	98.1922330908833771
 1436.000000	10.3546324990292362	164.5001593644905142
 1437.000000	10.1933828574072667	87.7840120537281337
 1438.000000	11.8339523353697729	63.1509382575395932
 1439.000000	5.7175016024551883	147.3662050257113663
 1440.000000	8.2942314398331263	108.7979541048762826
 1441.000000	8.6555911147673896	100.3869938146876990
 1442.000000	11.3092508966286989	42.6157342667299019
 1443.000000	10.8714767323878743	147.6559874966376356
 1444.000000	12.3052245249339585	101.1041137806649033
 1445.000000	11.6688383868146524	93.0319510459309527
 1446.000000	12.3578122980767695	152.0065825707656870
 1447.000000	12.6494135754692607	103.5417527499796222
 1448.000000	9.6594073305103390	122.6519659028783309
 1449.000000	7.9223291834579070	102.7771567507942052
 1450.000000	9.7086181918074423	128.4092397370690719
 1451.000000	10.4217516894802298	81.4461644300327237
 1452.000000	11.5447184237508527	97.6472548325929068
 1453.000000	9.7561971614216567	132.7803715647962122
 1454.000000	10.3126657446851215	54.5111919855831530
 1455.000000	10.1678906664723954	106.1390326167624067
 1456.000000	9.8668116028492747	109.1478277206153393
 1457.000000	10.3451776229632806	127.3324136732453837
 1458.000000	10.0617789815108178	130.1911661936315738
 1459.000000	14.8387643811306766	94.3222037445646464
 1460.000000	10.2167371729329801	136.7147409577999611
 1461.000000	9.0398822416946487	162.3922033114903627
 1462.000000	8.7758426352051480	162.9499427322216434
 1463.000000	9.4202983957608826	134.8348473248575488
 1464.000000	8.2634317344856889	104.6964486797858171
 1465.000000	7.5243030772007469	95.0241028719298413
 1466.000000	7.1916795853055113	97.4827097582523265
 1467.000000	7.7839488317075913	108.8329656957346430
 1468.000000	6.4790302731764093	67.4719472735783938
 1469.000000	7.5396541903456384	141.3040512411317593
 1470.000000	5.9048772355023669	134.6816719018104322
 1471.000000	8.6912150885096118	100.8484354542056138
 1472.000000	6.5227520121109839	132.4953948888170601
 1473.000000	7.6593681738438386	89.7152415435216568
 1474.000000	8.7841917514065901	93.7097050374446781
 1475.000000	9.3167325186068553	81.8842770531344684
 1476.000000	6.5307940983117208	69.5250641494923229
 1477.000000	9.1148109025390038	110.7646651093580772
 1478.000000	4.3791076025124980	54.2709683596758197
 1479.000000	6.6874016510363052	172.5795093642540508
 1480.000000	14.3738761129295405	115.2491725743585249
 1481.000000	9.9099371047139293	128.7932519819065362
 1482.000000	6.9191354805314038	111.5437264274808769
 1483.000000	8.9804470739464790	136.0829006526017793
 1484.000000	4.5165495988250459	153.4768902747316304
 1485.000000	5.4435889253420084	124.6449542521236395
 1486.000000	8.2689168139412939	127.6706961120891179
 1487.000000	7.8597203206821780	101.4102035926341188
 1488.000000	3.3726956587712067	97.1758038751816287
 1489.000000	5.4034987498147222	86.6305320749040675
 1490.000000	8.8337785091843894	55.5475087352902790
 1491.000000	12.8553964616713614	137.5089102932707021
 1492.000000	9.6245178564515559	92.4816203367640526
 1493.000000	16.9383358324111484	108.0248663244808967
 1494.000000	6.9797622849303256	94.2499223060991511
 1495.000000	11.3743483859101211	58.1290668710704352
 1496.000000	11.2016501513418021	176.4602552495492205
 1497.000000	5.5009791668884036	92.2890491042560512
 1498.000000	9.0935021368941857	97.2170647514216455
 1499.000000	5.4826794021438205	118.1517701294596918
