 0.000000	19.8924455765297026	126.1448773865636497
 1.000000	21.5734980988851852	122.1023765013171669
 2.000000	18.8220838487466153	7.5676214639235013
 3.000000	16.4925628030731559	31.2180687665219523
 4.000000	19.9345160312736240	127.4321257287397202
 5.000000	19.9297487881344111	109.2450411343948531
 6.000000	21.7811484332361260	101.0848138798622955
 7.000000	17.9872224575636146	136.2692615668186136
 8.000000	19.3840285523009079	132.4211323251959129
 9.000000	18.4577312623265044	77.9349472318043297
 10.000000	14.8688310357165978	158.6053066336241102
 11.000000	17.2008758934996102	155.1727117140876828
 12.000000	16.3270269787470710	47.5403510893570171
 13.000000	19.3826198633885589	70.7539400488445693
 14.000000	20.7021005671882463	115.8290043817798107
 15.000000	20.2448383728796202	102.5287683248599535
 16.000000	18.7895501202523540	74.9443602364173245
 17.000000	19.2741827824577676	135.8286939302660130
 18.000000	18.8976648433511407	103.9068660369104720
 19.000000	16.4874559827272442	8.0367327682343159
 20.000000	15.5944942641325248	96.5520058002333172
 21.000000	17.9951142074217927	98.1177693070100645
 22.000000	13.2600240884139193	29.8223684592238953
 23.000000	14.2826922268897505	136.5152531238768461
 24.000000	18.7356961156728588	97.2274819850563148
 25.000000	16.0948619671027480	143.0254352418367603
 26.000000	14.4667502518472819	88.9864774099644080
 27.000000	20.1604295043497821	106.0997911273597794
 28.000000	20.7557450494833233	70.1820185673779235
 29.000000	20.8965726384007802	145.2401059029241992
 30.000000	21.3615172871276222	115.4981393273550054
 31.000000	17.3667049493903427	14.9521595158524860
 32.000000	20.1636237880331741	145.6899540245352682
 33.000000	20.2445395303509947	113.6565223815672852
 34.000000	19.6955568610752962	72.2279634590299935
 35.000000	20.3370584723442498	95.6999547280122016
 36.000000	17.5594614060068857	58.8043079774145951
 37.000000	16.6464603174138759	116.1374264464966188
 38.000000	19.0231439826764159	21.4198230775234322
 39.000000	21.5556448389424027	92.6523733327825312
 40.000000	15.7069826968004040	81.2412217067901423
 41.000000	19.9144578937241832	61.6252909330113567
 42.000000	16.0752307854692056	93.7975885340413242
 43.000000	16.2670659892943803	89.8365027924924533
 44.000000	21.4043389425818020	133.1864884288060864
 45.000000	21.6864813181500296	66.5279782947408194
 46.000000	17.6501997365489700	83.3099191895643969
 47.000000	17.5120353815549805	50.2267524595766020
 48.000000	12.0426034655421201	37.6736437444869239
 49.000000	14.8729965890206675	141.3417173387542505
 50.000000	19.7536183053502477	141.6727524127554716
 51.000000	15.5164270572973457	83.8196978684796932
 52.000000	22.1914886450566193	81.1455224136406343
 53.000000	13.7436884690905199	148.6260160150893057
 54.000000	13.2359250205274748	75.3743883052090524
 55.000000	14.9836585080406817	40.1346110146531601
 56.000000	15.3735818686606169	74.6783715600985403
 57.000000	17.7560312377959733	110.6524430605923470
 58.000000	19.7665565745725935	71.6296894735518919
 59.000000	21.1773458521678961	50.1040633396056876
 60.000000	21.3581180933337578	64.1650373235882370
 61.000000	21.7514496911143489	104.5225446399537645
 62.000000	17.0128533751650863	104.5234108688531194
 63.000000	17.9149157044436009	126.4213739641378993
 64.000000	18.6044016139256527	108.8274682583361255
 65.000000	18.3477552805528603	72.8215607281541963
 66.000000	19.2534690409864204	87.3931640445236297
 67.000000	16.7789968383840886	121.5854665464349011
 68.000000	18.7818598553391354	128.6507775951219514
 69.000000	17.9487453956966370	159.0549242874507456
 70.000000	18.5778314281048011	76.6690855398267672
 71.000000	15.5082911293853130	20.0441841232220099
 72.000000	15.9390222496278717	109.9575039580247164
 73.000000	17.0082824703625448	63.7567291015630957
 74.000000	17.5771744475339915	121.8671365275377667
 75.000000	23.3416496464726322	150.9900253598783593
 76.000000	27.0814635517615443	84.0683331360075101
 77.000000	23.8267442545950594	105.4046996989002167
 78.000000	19.9804761702797364	129.3261416705664146
 79.000000	26.9132002850511221	81.3541721901113277
 80.000000	22.1546339714139151	101.6526116795245827
 81.000000	16.7040996660357273	68.0162581065391123
 82.000000	17.5695829385987956	121.4902804859961805
 83.000000	15.7664171057372222	140.1527794090792156
 84.000000	19.2791611694261960	127.1448106211358606
 85.000000	18.2443050692973046	127.7957362118712723
 86.000000	18.8265236058874308	150.0198137164935019
 87.000000	19.2372219150240724	59.0793897738448948
 88.000000	19.6591907217842845	147.6679445485656856
 89.000000	14.3850442539894345	99.6878717055615624
 90.000000	23.1009265828040178	166.8863777630152185
 91.000000	21.4466478302473078	112.5650719015494019
 92.000000	18.7335161715276044	140.1902305386422825
 93.000000	19.7676557094865473	99.6802404120749799
 94.000000	17.0846886869343173	30.7060708233251205
 95.000000	18.0282276130171226	150.6592820489166513
 96.000000	17.8420338538605456	90.7314648101355772
 97.000000	22.2152092404121753	148.9092605693649034
 98.000000	13.7138851421136234	178.0655291425043742
 99.000000	20.3598696537722041	153.8611804514339099
 100.000000	17.3619002759093384	138.6267689910143872
 101.000000	19.8380097704673339	71.4439772669014701
 102.000000	17.3833906458664167	149.9440723906686515
 103.000000	12.0759975163992177	40.2539222684147546
 104.000000	22.6705950872668396	97.0563528041499808
 105.000000	6.7080431727082921	73.5482485883642738
 106.000000	13.5761521032810730	78.8474588530255289
 107.000000	14.8083637480885795	157.9167733763890169
 108.000000	16.3754577903119092	120.1645093556195150
 109.000000	18.9301580565207530	68.7436911768209455
 110.000000	18.1472508296520694	135.0709489361422584
 111.000000	20.0114537328344611	131.9537882379819393
 112.000000	21.0363021818680025	81.7904754590140897
 113.000000	21.3270890756380318	51.5537781473682060
 114.000000	17.3870425544288345	122.4456579338947932
 115.000000	19.6996310521230136	27.0210549838417933
 116.000000	21.3621774101724888	158.7020510016203048
 117.000000	18.8323329367137475	36.2297960003646722
 118.000000	16.0600614364753014	164.5617415607210035
 119.000000	14.5409806883732529	114.0101142858648018
 120.000000	17.1054319881805768	71.6346761920752186
 121.000000	19.1766943256063946	129.3340572975402551
 122.000000	21.3468281255378400	115.1799580544945769
 123.000000	16.6891264126717580	35.8427887139389441
 124.000000	17.9699118965854900	163.5755435827866222
 125.000000	15.8719805671491390	117.6625351004061599
 126.000000	19.1134750668259485	94.5163063715516074
 127.000000	15.5131242154404827	86.0682953082956175
 128.000000	16.0320834088466881	116.1505264922568301
 129.000000	18.3104764511952531	75.0835106888725505
 130.000000	16.2947395995213249	153.0725917228330673
 131.000000	22.1100076770484044	53.5449632486119782
 132.000000	18.8296421417324531	103.8969081955697078
 133.000000	19.2255708416758395	71.7059687307226028
 134.000000	18.2035102504938280	77.0779476819009943
 135.000000	15.1243127669238664	123.8263810124005602
 136.000000	17.5499339582942504	141.6689329030708961
 137.000000	20.4108032923573965	111.3689957539645832
 138.000000	22.8064607782163868	62.6978515364032916
 139.000000	24.4942008523746004	72.2811149825965060
 140.000000	21.1215826513440526	142.5378965773891196
 141.000000	21.0224652043537468	46.6497270344535764
 142.000000	22.7628454235515711	108.1565993234163585
 143.000000	19.5250492964827629	92.3745859594423138
 144.000000	19.9135494203217931	134.4374246013276206
 145.000000	10.2001450343946729	96.0629282843576675
 146.000000	8.7945542445522680	103.0958224610245679
 147.000000	19.8697935383371842	173.0470661462089765
 148.000000	22.8573983626401684	55.0370179668075536
 149.000000	20.6371636897415556	118.5184960418253297
 150.000000	21.1432155432400499	87.8268382563807819
 151.000000	23.6282673279197724	155.1334969510939743
 152.000000	20.6457972009196808	44.2855886848207092
 153.000000	16.6294374515180365	23.7127738731950330
 154.000000	16.7467758759787415	164.9274712319647165
 155.000000	14.0268759821532090	141.5054757667621743
 156.000000	17.8857806990400157	95.0827791973692058
 157.000000	12.7635969362321191	94.7520861867433126
 158.000000	22.4399240170712879	90.6835782208083572
 159.000000	17.0804990799070744	129.4158788208374631
 160.000000	17.9887739183668423	48.6718505668085299
 161.000000	18.2996378641842767	72.3909582193995362
 162.000000	18.5475837537855490	83.4005038543424178
 163.000000	15.6113055140873751	108.6480633245341636
 164.000000	11.9594982857092429	58.6615240806454210
 165.000000	17.7470237486836631	77.4552352477567041
 166.000000	21.6924262299249904	135.8078951720756891
 167.000000	11.3013131687173498	142.7211525430633969
 168.000000	5.2269542406599312	83.2059667855244385
 169.000000	8.3711719291510125	158.7038777237232239
 170.000000	12.9415719822101902	155.9514280574123859
 171.000000	15.9097456197257223	110.4626870119404884
 172.000000	15.6252736833658918	106.0720553427377553
 173.000000	20.4531109212096922	104.5842318186782052
 174.000000	18.6778140757667188	157.8037501051295806
 175.000000	24.8082312435502566	107.0014466169455574
 176.000000	15.8276588407490610	121.2165998116317098
 177.000000	20.3079616911533520	146.7131458938087007
 178.000000	20.1109779924458145	76.0257265413745671
 179.000000	19.8352681480287671	71.4212844888130149
 180.000000	16.2310263831091568	87.1894357523068919
 181.000000	24.9135896504658625	62.2686111916636094
 182.000000	20.2408110417843083	109.9536223732057181
 183.000000	19.4132539284380279	119.4305071307767037
 184.000000	20.1648621961138801	117.5823689832247396
 185.000000	23.5948507785728303	103.9368634239758933
 186.000000	19.8807429202196531	165.8873159332297860
 187.000000	16.4202940580658137	143.4613760321152824
 188.000000	11.5355772291672487	96.2997021766750123
 189.000000	19.1341212300977261	51.1712584497089154
 190.000000	17.7360650869358629	86.8111813052047836
 191.000000	18.2020765942696947	125.9090029206452357
 192.000000	19.8201293535281735	156.8968786964540811
 193.000000	14.4180654781110995	60.8351567342137542
 194.000000	12.7418815908924170	62.2121010629787889
 195.000000	16.4068066128209118	76.4484848179491649
 196.000000	20.1822252318901079	109.9521131644334417
 197.000000	18.5720349255213506	82.9346854801550393
 198.000000	15.9652071831182223	86.6860399541887006
 199.000000	19.0406929452068070	83.0879855666657647
 200.000000	18.0186674473720885	103.2672747104735862
 201.000000	20.1923681192601308	112.2363457265460767
 202.000000	17.3742169314512012	107.3009582307953735
 203.000000	15.4118648138950149	122.5233245559265356
 204.000000	17.4256982570111880	79.2922895113049577
 205.000000	21.8450076948829448	11.9342313539995928
 206.000000	22.7190636824504146	59.3793518103101974
 207.000000	22.1682554458268442	131.4133699525132215
 208.000000	27.1645468278680973	61.3076158717000794
 209.000000	17.0496356030256244	53.2080790242286099
 210.000000	22.8326233977484669	110.0490554158352836
 211.000000	27.5356560482000496	63.2796156866043162
 212.000000	26.4951737790353974	65.6772185702242126
 213.000000	30.6698237884007838	131.9486068044651290
 214.000000	23.8406689778408882	107.1617276944169106
 215.000000	25.6931144746237692	66.4853927706709413
 216.000000	21.9502029151701379	86.7096940036127961
 217.000000	19.2066958115940203	136.6070085506567580
 218.000000	20.4144964765036789	77.3630922701895400
 219.000000	21.0678404363383152	46.3783147627612777
 220.000000	20.3327281128256736	151.5748602051665728
 221.000000	21.5647238717004761	135.2980036460405415
 222.000000	22.6003625043241847	83.4440193191943393
 223.000000	15.9822969405543898	49.6596078038080861
 224.000000	19.8801500560909403	155.2791078945672041
 225.000000	20.4933585276754897	147.3980255594424875
 226.000000	10.7597666704224721	21.5287945821349069
 227.000000	11.1295510977818637	134.9473520235083583
 228.000000	16.9756802499560244	58.9258952739999984
 229.000000	13.8307382036317001	176.5710680868503175
 230.000000	14.8446002963012802	91.6000051192138187
 231.000000	13.9445020434083009	168.8353199373574398
 232.000000	13.3892437848366015	60.8060125226088957
 233.000000	23.2129582320109691	113.2666031745729498
 234.000000	19.7024389611965844	143.9215227342775165
 235.000000	18.2797370469622571	129.2642927701872679
 236.000000	16.1944831608183861	30.1605108473077337
 237.000000	17.6854355396648089	110.8761690548975025
 238.000000	14.9495576339189515	23.5454095947157498
 239.000000	19.0113918751368054	89.8308564781426639
 240.000000	21.7887999668515526	146.1952642151030375
 241.000000	20.2152095763725761	126.1349967661457185
 242.000000	20.5560563186124163	124.8003926833847856
 243.000000	23.2994095085151436	114.7524985085574230
 244.000000	19.5872097600941366	70.5982952582520511
 245.000000	19.4113246190433237	113.5790429892976476
 246.000000	20.2374605900725335	87.6935477208438670
 247.000000	17.9281058913017404	129.2195648009466709
 248.000000	18.7577871918913495	100.0689807684052681
 249.000000	18.9556982454483354	132.5599641081172990
 250.000000	20.3126179327150389	86.6327931765275423
 251.000000	21.3829114955386821	141.4355597399285784
 252.000000	20.7016770730446602	52.8837040414670696
 253.000000	16.4809609256677767	148.8878022253248332
 254.000000	20.6867819577924550	74.9738437429213036
 255.000000	16.9963564812892614	58.8621877892097558
 256.000000	16.7041735362581747	80.5885035700689230
 257.000000	17.1113816876398097	166.6652915069980168
 258.000000	20.9722598790317534	123.5530175223915847
 259.000000	20.7963390309513159	128.1171295726943811
 260.000000	16.7319770333748217	119.6723192354060359
 261.000000	14.2301170765887175	51.2874004568273563
 262.000000	17.7676667618599780	171.5128726623408397
 263.000000	17.8019384211997185	95.6166951350271859
 264.000000	14.8269139326253985	63.6921932440211975
 265.000000	24.1500505360999895	111.5635848930776177
 266.000000	18.1821050676835760	50.8213837641402222
 267.000000	9.9855028252636373	47.0866432445039038
 268.000000	16.1811306869678191	106.6814437722602094
 269.000000	18.6539937150323922	33.7251615626161936
 270.000000	13.2891439447293411	42.5669077198621437
 271.000000	18.9830916138569101	16.5446857263463016
 272.000000	27.0880836814688877	101.4979765773934730
 273.000000	17.2187212243631791	137.8422550862543972
 274.000000	19.9721931027471449	159.8004734898236734
 275.000000	25.2706481505404028	77.9289611465168974
 276.000000	22.5938473753462539	79.4445687023074925
 277.000000	21.9259441745728303	131.5496048300053076
 278.000000	23.8416147168012920	119.1375139708924564
 279.000000	22.0474180453058430	105.0259101941870483
 280.000000	18.7703898484404235	125.5566714646890034
 281.000000	19.5369818316853845	124.0803430981687114
 282.000000	19.9164997477340080	92.9385206639575046
 283.000000	25.2673965683939947	93.3404602532002770
 284.000000	18.3868911411760223	73.6510803987874567
 285.000000	20.0106562729694986	122.8144277908676258
 286.000000	20.0987452342790327	146.1070671040853597
 287.000000	22.8726628544686434	108.4235298776049632
 288.000000	18.8971014462175404	102.3209632902827195
 289.000000	17.9790125192086698	136.0632929092808467
 290.000000	13.3248763027443538	112.0758751514459277
 291.000000	16.0840462817035856	69.9972678071875265
 292.000000	22.0865979029625308	102.4715893735780554
 293.000000	18.2295440693378055	149.9680180758683150
 294.000000	18.8072788913225004	75.0582073391126698
 295.000000	17.3675948950169960	98.1367275414842624
 296.000000	18.1500539414749582	86.5411549796419877
 297.000000	17.7592309443153056	96.3672771298224973
 298.000000	18.7599284920190534	95.4209798712658426
 299.000000	18.3341911341725528	133.9818504373359929
 300.000000	15.8906241083490407	20.6111685728525060
 301.000000	17.7123849004677929	98.3819910682913985
 302.000000	16.2939254715709154	141.0843633713809311
 303.000000	18.7639070047033520	148.0567746050219569
 304.000000	18.4750161876911285	29.7578889460634741
 305.000000	16.3974401729957506	90.1257515555644488
 306.000000	20.7597168203279132	131.9138311605978231
 307.000000	18.2267960060445589	151.1442588266837674
 308.000000	15.3358407756524038	45.7121505410999589
 309.000000	16.1700113453391268	40.5757310979545309
 310.000000	17.4956272004106843	115.6061732364731682
 311.000000	19.1159596825594882	38.0507187249476431
 312.000000	24.8239970811644568	57.0356091973670374
 313.000000	21.6846262635382132	89.5230994687147472
 314.000000	18.8220693728777171	105.4957182735069523
 315.000000	15.0516770610624331	143.4171981754825254
 316.000000	21.9000530833265259	87.3759780542652749
 317.000000	14.9470034639437444	3.7237772409398247
 318.000000	18.7173985808656305	110.5655137576061406
 319.000000	19.1817634779516020	85.6164215961190394
 320.000000	17.4317646185424451	131.2120299219948265
 321.000000	17.3688227508885937	71.1242208762934069
 322.000000	16.6928115536181778	155.1198219297171761
 323.000000	20.6793181209965731	147.4161231805313435
 324.000000	21.4586513816321869	132.6548474853387347
 325.000000	19.1871376546544141	68.4108213139463999
 326.000000	16.7655330919725820	86.5810423389982731
 327.000000	17.9251030853110542	124.6764646379449175
 328.000000	17.8504002699063733	43.5279965833776998
 329.000000	15.4081293088218381	18.9701435475983260
 330.000000	17.7092408997011432	128.4187525512630543
 331.000000	16.5390493388804636	161.5582811595335215
 332.000000	16.4781533392399915	153.9354338208651996
 333.000000	16.9166092117460245	147.2180337337768208
 334.000000	23.0592165923405048	100.9964208856205943
 335.000000	18.4228915628584105	64.7671232420552201
 336.000000	25.6347947367566000	86.9495773506172611
 337.000000	25.1159292275905628	96.5463453497898882
 338.000000	23.1716599595620423	68.0710506793681702
 339.000000	18.5513899067320978	84.6578076895073650
 340.000000	20.9044006758539744	50.5080112175880345
 341.000000	19.3966713412260674	56.1145864946490178
 342.000000	17.9426604216257495	55.2073481085578521
 343.000000	20.4796362887997390	126.4817351871951132
 344.000000	22.8215796352225411	78.8473049428718156
 345.000000	13.8842894890773483	145.5558135543024889
 346.000000	11.4333884624983924	122.5865101548849339
 347.000000	17.7361127043961773	114.7984395698570239
 348.000000	19.8702110724866436	39.4750261843771000
 349.000000	13.9968116972400392	111.1738914879703088
 350.000000	20.7771980669751386	104.5860177142927654
 351.000000	21.4492225739665230	141.2948437542275997
 352.000000	17.4764697544343299	36.7767402779658994
 353.000000	20.7248827618463949	117.0378201019362336
 354.000000	20.7482153568730077	157.8282568062476514
 355.000000	23.3269922604969722	138.8544022852682360
 356.000000	18.7317338040712222	89.2149664760432870
 357.000000	17.8783794100605107	107.1469892884173021
 358.000000	18.3436790495179132	131.6675736952709315
 359.000000	20.1198657423688836	88.1168450924161988
 360.000000	19.6834100221932360	121.8868459696567044
 361.000000	12.6684604066789124	144.4416153523252433
 362.000000	15.8394304229292580	94.0432420467529653
 363.000000	16.8903394933162154	126.1364668452807223
 364.000000	16.4926685890067972	34.6445809309649633
 365.000000	16.9920189753231838	170.7734718047730098
 366.000000	16.2370926019548278	152.2183819023510409
 367.000000	17.4957455567561269	149.7513526880671293
 368.000000	16.9491983390665730	84.8968773037388047
 369.000000	24.7981734356732524	104.5725003792984467
 370.000000	21.0240507755176012	116.8405528464421650
 371.000000	23.7295917079068133	80.4042144912942973
 372.000000	23.8502710392100674	156.9808355860639608
 373.000000	26.3527442382709296	118.0122130030455878
 374.000000	26.0819924488591681	127.1717101584674197
 375.000000	20.7826453154556319	111.3144997306178254
 376.000000	20.9004631362768691	109.8249557865833879
 377.000000	18.6258859369081549	79.8854667753506078
 378.000000	14.1409049726420353	166.5451210749355937
 379.000000	18.2858277832628744	116.7372363829485096
 380.000000	20.2086218509893243	133.0996534457832752
 381.000000	16.4529179928820710	53.8385327714287598
 382.000000	17.1191311103670998	76.4689826386253628
 383.000000	17.5135902413340183	147.6259163814931412
 384.000000	18.9152019247241618	126.2183462560369094
 385.000000	18.8490569069441669	100.3431154961949545
 386.000000	18.7728694389016617	124.4217402836264057
 387.000000	18.7125568643353688	114.7080582155555533
 388.000000	18.3928059065650125	174.5254699521308623
 389.000000	22.0792905139852529	73.0392730764636013
 390.000000	20.0374716841540490	60.4459373930140913
 391.000000	19.8237118259800909	111.3311187597118987
 392.000000	21.0024131216057590	100.6517342533977910
 393.000000	19.9960963317983023	61.4650195011560783
 394.000000	16.8458317487083704	94.5048596652235915
 395.000000	18.8410351053900271	91.8298479974004209
 396.000000	18.6127453349615450	127.8622173609406900
 397.000000	19.8301055389513259	141.3547247787123240
 398.000000	21.9736400312824465	21.9691399284381248
 399.000000	25.6866450110907394	93.0656276639144835
 400.000000	25.3842740767011534	132.5822554314206911
 401.000000	21.7583350335124059	92.8353149776055204
 402.000000	20.8191102923244458	144.3496357948272930
 403.000000	19.1285902972731385	97.3449784367501678
 404.000000	12.6023310195498421	70.9196759695338130
 405.000000	16.3175667355837462	156.8073907877889042
 406.000000	12.9661772786130349	80.5334676974201784
 407.000000	11.4701971187433749	8.4132705919961666
 408.000000	18.8550205723707194	95.3578398697520697
 409.000000	13.1762642880603078	57.8847371976310399
 410.000000	18.0236552605260698	121.9021760923953082
 411.000000	16.4602898323200577	161.9613248359761997
 412.000000	15.7830170678877089	92.1248251980472190
 413.000000	17.0105410273783448	82.5406861779011791
 414.000000	16.4706066836980334	44.1464664864411134
 415.000000	16.0714307565305923	32.3519996280791133
 416.000000	12.1470593358915071	117.6482011314344902
 417.000000	11.7753259912928669	18.9171047355668236
 418.000000	20.7819385284660783	163.9872764966358432
 419.000000	19.6356996655326697	77.4277810659677357
 420.000000	14.8922709857464231	150.7482055740530882
 421.000000	20.5236652692869832	148.2417830445813820
 422.000000	17.4698670850261415	110.3236367384432839
 423.000000	17.4905835958909535	165.2442389130708591
 424.000000	19.0760935264146916	129.4837012721846463
 425.000000	14.0604363498049807	84.7311725395027082
 426.000000	15.1767790155390738	119.8214203137623031
 427.000000	11.0733914692967286	86.7710272374877292
 428.000000	15.3840279420339101	72.2014051759358750
 429.000000	15.2818373478831884	80.8370068484756672
 430.000000	18.2916106191588099	165.9460108833158074
 431.000000	16.0173572714756425	99.9541120552699738
 432.000000	18.3014001375436770	113.0427615878844421
 433.000000	12.6832830640735779	57.9954574438676076
 434.000000	19.5370382278685248	115.2125497985350080
 435.000000	21.6831523946250435	108.3694702377061816
 436.000000	18.5300663037078372	77.6578928471824099
 437.000000	14.7944605609852129	112.9704729555811866
 438.000000	19.6921670163525988	74.7262650131530961
 439.000000	16.3678550866831038	91.5276397245572610
 440.000000	10.2063924809188364	89.1445177346715525
 441.000000	19.0286901232595724	110.4936306436639626
 442.000000	11.8156597698587760	80.2869036593656205
 443.000000	15.4530737994412721	137.5297238781060400
 444.000000	6.9172081898876359	107.5976597092749216
 445.000000	13.6296581214553001	125.0411504054210923
 446.000000	13.9767063883348719	86.5488090182451941
 447.000000	11.3648908429188182	55.4952763995727310
 448.000000	14.2926579358847654	129.4260125212794321
 449.000000	13.2474463566427794	118.3371782959454492
 450.000000	11.2021815750810525	170.6414471155349872
 451.000000	14.8339484369718235	149.7213122339586846
 452.000000	9.3226376830554383	102.1115280611403051
 453.000000	6.2375652208680306	116.3455888923240309
 454.000000	6.5802860729905071	137.5413843428174232
 455.000000	8.8103804560649550	157.4556402645997650
 456.000000	9.2924529941033001	92.2496090109896301
 457.000000	7.9693512801177384	56.5676878288847433
 458.000000	13.5111855338822817	38.0064963328325689
 459.000000	16.6396718405544419	111.6730926544126987
 460.000000	16.5892401960380802	166.2611309755966147
 461.000000	14.6691286677071790	49.5077969062073464
 462.000000	10.2660588629432130	91.3957115340020181
 463.000000	21.6223032887327626	84.2604821508439841
 464.000000	17.9116259985297219	159.5204564789018207
 465.000000	21.3801587179812529	92.2341942247347504
 466.000000	18.8625381661811673	78.2134348480312127
 467.000000	19.0357888895168976	71.6205868668504024
 468.000000	18.7028333831921287	86.0664046545132067
 469.000000	20.2331908845607558	80.7252419842703830
 470.000000	21.1300492655583554	122.0873525569438129
 471.000000	15.7736419559597199	120.7426639666771990
 472.000000	11.3204894056713670	113.5911668398803585
 473.000000	17.9751033579914647	73.9448699248048769
 474.000000	18.0399990007730828	106.3624793906996189
 475.000000	15.3163204694079802	106.8600097617551654
 476.000000	16.4934520136374019	113.3576023731268236
 477.000000	19.3458663133154829	113.9142815421151340
 478.000000	19.5954831318665370	108.1215823241999914
 479.000000	17.8463478879187640	152.4139996633406895
 480.000000	19.0749332942157146	102.9594392892943375
 481.000000	18.5828109926186258	112.4271122707589399
 482.000000	16.7109580617506630	119.1339894046142973
 483.000000	15.4552333402133630	61.9831612329490582
 484.000000	17.0022637294631451	108.9842362558957518
 485.000000	18.2448021414553807	142.4382368634345539
 486.000000	19.6342676500782929	132.3432297638448176
 487.000000	18.5880524596609042	82.2533840352256931
 488.000000	18.3573678025794997	74.3418267918135882
 489.000000	18.1540157101005235	154.0934347573270600
 490.000000	20.0439230625529170	58.9888703524869698
 491.000000	15.6984476053441426	118.7270547700036332
 492.000000	19.5729004688520511	80.4091163158552007
 493.000000	18.4975896968954245	59.5897699946887656
 494.000000	16.0341087787234038	135.1087254171926872
 495.000000	19.4429434132125110	170.2536413533285327
 496.000000	22.7618972688795367	36.7947924878471326
 497.000000	21.6449996239777569	38.6739509816806901
 498.000000	23.0396432335910575	58.3243813914163240
 499.000000	22.9691883149087559	117.2507594949893388
 500.000000	19.0040138543956054	93.1761029238264769
 501.000000	20.4302695591945884	99.9682275021879860
 502.000000	18.6140804490501779	104.0957062626980161
 503.000000	17.4605939703948643	11.7751366767484740
 504.000000	16.3795657729282240	129.1309956572860358
 505.000000	19.3901001159464990	53.0149804101089188
 506.000000	16.3221902363314051	72.3207665581824983
 507.000000	17.5460737648761409	136.4836567802002776
 508.000000	18.6301024262376771	108.9767471847782900
 509.000000	20.4616258543397507	112.1484719858151067
 510.000000	20.3614798252316014	13.9910878308321571
 511.000000	20.5538689166756114	124.4169099872399329
 512.000000	22.2430513420594771	80.5586671949286597
 513.000000	23.1988662668996568	98.3231119757637799
 514.000000	21.0595162240789691	129.8645905960825644
 515.000000	18.4657371653233398	100.6075318022846830
 516.000000	20.4982902774549061	72.1431074741126253
 517.000000	18.9170829972751449	134.3505588208901997
 518.000000	17.7452832373102964	128.2711958401066852
 519.000000	16.4214607557233805	162.4295680206847408
 520.000000	17.4366641373110305	34.0962086418201409
 521.000000	20.9609608139015045	89.3662381506773755
 522.000000	19.2612667414764154	85.2952335775980544
 523.000000	20.2957202088869124	147.6131294690264895
 524.000000	17.1636274815632213	134.8165958529295381
 525.000000	21.0995782404747274	75.8230865550485333
 526.000000	22.2719860871636222	124.0145920378481605
 527.000000	18.8301574039061670	90.5154894180801222
 528.000000	19.5686364561181918	62.7051333199000283
 529.000000	19.7916774591885734	141.4461870431832722
 530.000000	18.2822463601931560	62.1044366200668634
 531.000000	19.5561303157447455	91.8143311030112557
 532.000000	18.9909198172816502	100.9968027972948192
 533.000000	15.6319283758073748	29.3616316130006965
 534.000000	20.7694420531377766	112.0819850928281483
 535.000000	21.9873917941573502	47.0376947014065365
 536.000000	19.9513961377444105	102.1614496293625933
 537.000000	22.0110834847701042	96.0606219146289959
 538.000000	20.2599504923846965	77.7195396206344924
 539.000000	22.0521353284652264	131.1482716882357522
 540.000000	22.2534413655149272	142.3586911492925537
 541.000000	23.5378465050792585	130.5472909558186814
 542.000000	18.0916611912193162	167.3224147669161823
 543.000000	23.4404838986168649	116.3005639826562856
 544.000000	23.4201823462333856	135.0339585632281398
 545.000000	20.0322240388463051	143.3710620309372530
 546.000000	16.7747602658329527	126.4573750387647095
 547.000000	18.6972309319786305	111.0654825224630002
 548.000000	22.2350848667419037	90.2391158930255131
 549.000000	20.5011486649446617	81.8103699569723943
 550.000000	20.0733781439372372	123.3346457871425628
 551.000000	19.4423427648643745	131.4507338867483668
 552.000000	19.1097455430525791	160.6400031598332703
 553.000000	18.4609589330206418	59.7570548132394208
 554.000000	19.9057863078283681	112.8270613725091209
 555.000000	18.4925392724924897	119.1972805545438518
 556.000000	21.2581930718142083	39.7182138349888874
 557.000000	22.5907010385870990	106.7213002246233629
 558.000000	24.1009622253824247	88.5452099885585682
 559.000000	22.4364587331024232	168.3451744039391258
 560.000000	22.8577844122590221	126.7921749591267258
 561.000000	19.2476814521271073	104.9044493850602464
 562.000000	17.5498357910947362	117.0795151779086609
 563.000000	23.4271648676335715	159.7731201847418276
 564.000000	18.9056615726065367	58.9357871201116694
 565.000000	20.5506880164717529	58.1958094564031967
 566.000000	21.4873140336643331	111.5883335501489171
 567.000000	16.7503315190884727	87.4849662211471895
 568.000000	18.7213391313607005	136.9278192748712115
 569.000000	20.6054465975092533	144.5659778512087428
 570.000000	20.3943044589069729	136.8084300551500974
 571.000000	18.2894973459934889	133.4845022010501054
 572.000000	18.2313076318401457	140.5637767798741322
 573.000000	17.8180161828849002	42.6237193393259020
 574.000000	16.4132105662347421	8.8554213724378030
 575.000000	19.7710480730146365	119.5547334567432927
 576.000000	17.5952556868857144	76.7389110654334559
 577.000000	17.0380018154084141	163.0787913620237646
 578.000000	22.9334005632814453	32.9339874194519382
 579.000000	23.0163831299363437	106.3139235582719380
 580.000000	20.2284708750733522	80.8310842207908564
 581.000000	22.5525274434832248	122.9466932167312763
 582.000000	19.5780505875908197	86.3113553922537875
 583.000000	18.8771826238433817	100.8327402973683604
 584.000000	23.2414385367325238	75.0960839311945989
 585.000000	22.1305974191671666	129.8099316874596241
 586.000000	23.7740207660231206	157.2994647453040500
 587.000000	23.0160476238677987	105.3441730390388358
 588.000000	23.6557563592385947	113.1524130499021510
 589.000000	23.9108814359661714	115.5199262785306900
 590.000000	21.2342110936919291	113.6126175865888541
 591.000000	20.4570504733699927	107.5571607163799399
 592.000000	21.1089028362325308	53.7112373862738366
 593.000000	19.9528163394310205	119.7987722049905130
 594.000000	20.0599715026296046	108.7846917738644521
 595.000000	22.1097021586360469	88.4946888207656883
 596.000000	23.3280857616080297	112.0789321885062151
 597.000000	21.7029728911965698	120.4105470331548133
 598.000000	18.1733106369093242	65.1828654272165267
 599.000000	22.0938628515081064	123.4737221070917741
 600.000000	19.9120855901359946	123.8792324292597442
 601.000000	17.4356677607564734	61.5345787385526535
 602.000000	22.8245756015892276	111.0939650392583786
 603.000000	20.8841727188596167	108.8018058128599108
 604.000000	18.5084984280949456	155.6231734302052416
 605.000000	19.0282060398959025	101.7954843573301957
 606.000000	16.2900178659237547	144.0784787958805566
 607.000000	16.4799827012544817	25.9242883922047440
 608.000000	12.9226894277180246	74.3231552686920480
 609.000000	17.7021980725429771	153.8076628033414863
 610.000000	18.2448343241403705	150.8401733874341630
 611.000000	18.3059711342024052	110.3278069319184880
 612.000000	16.7693877392083799	63.6108474805695323
 613.000000	18.4775538166351012	125.2141438532899258
 614.000000	16.0526884826545491	156.5062445858667388
 615.000000	18.1616903692899392	121.4130574962927369
 616.000000	17.5796646709066664	47.3338479418733016
 617.000000	21.5532584950381505	91.7498977594788840
 618.000000	21.3757341352273116	72.7843282007865326
 619.000000	14.2448340465722563	143.2630733165201207
 620.000000	11.9129249501087191	33.1707037335860377
 621.000000	14.3090126905556101	60.3530190259325252
 622.000000	15.2305188487263035	96.1186064798605315
 623.000000	17.8713337636814558	120.5517220181969407
 624.000000	17.6524352471024102	103.9436493814132945
 625.000000	12.0894902387437497	38.5567146296684768
 626.000000	12.1145785499111689	127.6343529911154917
 627.000000	15.2627084771019934	114.3109032831604566
 628.000000	19.9184036686525587	84.2503997133249527
 629.000000	14.9410922773260442	131.1693206768114521
 630.000000	18.6344999340622905	65.6937372018973917
 631.000000	15.8818167720825514	128.0396299059417515
 632.000000	14.8489854456685819	131.0069240932061803
 633.000000	14.9156472236344495	86.8808182626496972
 634.000000	17.9383801965306873	71.6072635965895188
 635.000000	15.3962586982382774	52.4093535724633455
 636.000000	19.3869839515799107	114.3573350145501024
 637.000000	18.2516328942764048	59.7581400152847806
 638.000000	19.5206436512528718	112.2222389339468123
 639.000000	19.5411735339816168	96.3927176566251802
 640.000000	21.3568132483187014	33.1231568149109705
 641.000000	20.6853109682605343	59.2661543097932935
 642.000000	19.7359228553131842	141.6806834375184962
 643.000000	20.2323937647271741	98.3545034637252513
 644.000000	21.5782639908217710	99.4088961961394659
 645.000000	16.7060078772466909	93.8837268784221806
 646.000000	19.4301193478423144	125.6462837328527655
 647.000000	17.5468207501957885	65.3941092736981773
 648.000000	20.0592915628645123	81.7789268739306578
 649.000000	20.9088390411505713	162.0174498792480620
 650.000000	16.7002703695117454	157.7062939146169924
 651.000000	18.4494638830877804	48.6687032111779843
 652.000000	19.5851124460395596	125.7266194316702865
 653.000000	12.9245719569882169	94.5430698608075346
 654.000000	13.0264654847716450	20.9880299490789071
 655.000000	17.6678450382051153	115.3592159795479404
 656.000000	19.0004544243705809	85.8139982675532735
 657.000000	19.1858644403694143	136.8746448585660858
 658.000000	17.9240421807980965	175.6083977476512814
 659.000000	18.7059512945707915	72.4858492564269312
 660.000000	20.5066617653044680	73.9620789145326967
 661.000000	20.7462755879432095	105.3785803075258229
 662.000000	21.7733418160527172	128.4947805191085592
 663.000000	19.0261179292729814	120.2868794807068440
 664.000000	18.5615957393275508	85.3897177772015965
 665.000000	15.2449017242107789	91.5936910171655114
 666.000000	18.9736036636930656	103.0586859533404862
 667.000000	11.8107804237371035	29.1539364415625357
 668.000000	12.8707702550831176	95.5914343561301081
 669.000000	12.5490754527519535	55.2418076874153456
 670.000000	13.2785084959594020	120.9334733225776972
 671.000000	12.4349699388155646	147.4015420540232526
 672.000000	12.6651322361890273	153.6844591306874861
 673.000000	17.4191747533420482	123.1046361385232899
 674.000000	11.4590969523524961	148.1215723780426856
 675.000000	17.2523759602972824	108.6066040324052437
 676.000000	14.9730707778729517	79.5307338157587651
 677.000000	12.2144027875100125	132.3359693700270725
 678.000000	13.9911085643721727	66.9325883825744370
 679.000000	13.2102774242822747	90.4951628495831528
 680.000000	14.1811870043229344	113.8582460418937643
 681.000000	11.0992974241821063	98.0269310948238086
 682.000000	17.1172103659370869	96.8281827180967412
 683.000000	15.9972969108395162	158.3770955225108423
 684.000000	10.5595608618640711	107.4739266715581323
 685.000000	10.1306687408683249	67.5429158097577158
 686.000000	15.8434410265354728	80.9849724362511836
 687.000000	13.2592632096824055	125.5316539385012788
 688.000000	17.5093534983424135	88.0087077273878720
 689.000000	13.2737716561322632	84.3524997833183789
 690.000000	16.0853048300879991	158.7427767732773987
 691.000000	14.1669235640503572	76.5415847003614829
 692.000000	19.6512067899103791	76.8822969604359798
 693.000000	17.9108646557325741	122.7812720006129155
 694.000000	20.4129581932370741	130.3188359522339113
 695.000000	13.8408771429951702	116.3733340686180924
 696.000000	17.9106418287969262	138.7271169466169454
 697.000000	16.6967778510477025	142.2252420320131705
 698.000000	17.8937313860605585	79.4745831196991617
 699.000000	16.2940057015372517	103.1361107818526932
 700.000000	18.9757290839668009	135.6158129297157586
 701.000000	22.3212587453870803	136.7962874378212348
 702.000000	23.0993010643607697	76.2787179290223492
 703.000000	19.4116491266055036	73.1933035652876640
 704.000000	21.8486280040788117	100.5662104266649521
 705.000000	23.9078988785985409	98.2595547482822411
 706.000000	14.4237547497357834	152.2553161419738217
 707.000000	19.7752691414313269	98.9502279758026617
 708.000000	14.0298794367505870	169.8137378315226442
 709.000000	17.4617929353567192	113.7671439538658547
 710.000000	11.5905144621225826	136.9329070473394552
 711.000000	7.7901489100774581	129.3393991033140651
 712.000000	15.7527211156608900	66.3975493462232293
 713.000000	5.6234564673147522	76.3770791149796224
 714.000000	12.0981106144079700	86.0078612146860024
 715.000000	9.6367959920432043	118.3560030007895989
 716.000000	14.6775980189094639	114.5543475853563251
 717.000000	10.9189166147497794	75.7105857016857584
 718.000000	11.5355635553318674	46.9898932577846438
 719.000000	5.0221760521338457	96.8674593975920999
 720.000000	12.5185963139775911	115.1414778980450677
 721.000000	17.0905976818951117	135.2515607017580521
 722.000000	9.0769518258951418	145.2042027592204931
 723.000000	8.8650894763885777	147.9503342593821458
 724.000000	9.0272895257257879	109.5944117547836498
 725.000000	7.8742418772123086	150.1091395754782809
 726.000000	18.5722141286397928	123.7007041854130449
 727.000000	17.2908382362564694	111.5828770912904560
 728.000000	15.4589930878016855	79.2106564754565881
 729.000000	15.0016447412379730	135.3473761926079533
 730.000000	13.2500588740399916	107.8854192207730165
 731.000000	7.1772256868886615	57.1031099371315918
 732.000000	10.7520133914596219	121.4886484804533637
 733.000000	16.3961847864384040	121.1509049053655644
 734.000000	17.9827475521092950	150.0802200701251650
 735.000000	21.1428539468993222	71.5929836584423924
 736.000000	14.8417064173137074	76.8517000330213591
 737.000000	11.9425716446863799	48.0249694948078627
 738.000000	14.3116278679514934	125.7554170936693367
 739.000000	17.2657830359431941	100.0999308903693219
 740.000000	17.8537614584270088	116.4943629779029095
 741.000000	14.3546039003226209	42.2512638238911791
 742.000000	16.0935333265173846	119.4085274157381491
 743.000000	14.7615395595531869	109.5063499337379511
 744.000000	17.0697573741186481	129.5592832936413288
 745.000000	15.0358954845240849	165.3967378809961133
 746.000000	16.9941894255173054	158.5351723960320385
 747.000000	21.2617384119311730	85.7544580930449030
 748.000000	17.9719352839875377	141.0827417451149017
 749.000000	14.7994531077329174	66.3085507065729445
 750.000000	16.7338556722566416	25.4644000503277255
 751.000000	18.5025325469475561	133.7832695835504637
 752.000000	16.8925589904809073	89.2558287650799826
 753.000000	17.4265908923024355	139.2952654806607313
 754.000000	17.1591861277052260	152.1270899545268094
 755.000000	9.9209149388811397	149.2180355666017135
 756.000000	16.2827762848654061	143.7667315413602296
 757.000000	11.5399741949351000	152.2100960600957649
 758.000000	13.2962402878154133	145.8567681237007889
 759.000000	9.4083743085129683	94.8905944275143867
 760.000000	11.7729511040946875	137.2502127697584342
 761.000000	13.3769036402141381	163.0671874812173883
 762.000000	15.9459336968519363	129.1708629167915774
 763.000000	14.6470889769827117	156.5529122353299840
 764.000000	18.3505457258276223	103.3379805723377700
 765.000000	12.6153655490468335	150.0631699513366755
 766.000000	16.1140563994086214	118.8534632215655051
 767.000000	18.6986224408319899	104.2504494335265832
 768.000000	14.7758654595361794	53.2447673981826881
 769.000000	18.4119815471964650	140.1439003853535326
 770.000000	18.2743807579839981	115.1816566716710781
 771.000000	19.9791515009121028	87.8199192821046069
 772.000000	16.9476164109538914	51.2072341251236764
 773.000000	15.1646673674079722	125.9892032833922002
 774.000000	17.8566922636372958	142.5950415898130643
 775.000000	7.4879702131391275	43.2335031411061834
 776.000000	14.5394884955583983	123.5454382600411236
 777.000000	16.0014741128279567	140.4873004305705138
 778.000000	8.9129588557291513	25.0695770585666935
 779.000000	15.0961492103330457	75.7620645815153892
 780.000000	14.3185438447789739	45.2554914364045544
 781.000000	15.1041821774783322	97.1634900927701892
 782.000000	13.9379628969551046	32.0655885977377579
 783.000000	12.3783057852196183	82.5966413474096441
 784.000000	13.0371036781697587	115.8358012793158593
 785.000000	10.9842939256890517	64.9345603696836804
 786.000000	12.5770118806525257	104.1873855185493198
 787.000000	9.9572586593622763	95.0196024255867400
 788.000000	20.2705408669458720	112.5013690077534676
 789.000000	21.9130556551055768	136.1923889069055917
 790.000000	19.5331542783372889	90.0226336492388555
 791.000000	12.5403892568865096	61.5597514960519447
 792.000000	16.9537037698693531	133.7082841219014995
 793.000000	14.4418878977401572	68.6970352638813750
 794.000000	13.5006515368468172	90.9375916776548365
 795.000000	18.1121869992301683	130.7279143453767745
 796.000000	18.6451854887580843	110.8670769799434908
 797.000000	14.3969500055193258	121.2096012220806358
 798.000000	15.9614133163184935	86.9209640574405427
 799.000000	15.2034870463496983	98.9852401475786365
 800.000000	17.9649503665201493	126.9921883890388585
 801.000000	12.8462558389514054	79.5310460606996941
 802.000000	12.7669779625970428	126.9427362297391824
 803.000000	10.5402089701453168	88.8660639404292425
 804.000000	19.0496566835267380	142.8455972099479254
 805.000000	16.1976855538648863	66.9544259265348387
 806.000000	15.7734205152900433	98.0788364045121455
 807.000000	15.7243079649897286	141.1438316328921587
 808.000000	17.7799655508803447	84.0702785618828443
 809.000000	15.4428241567813735	78.5617093792782839
 810.000000	15.6525735228051524	115.9541987864162564
 811.000000	16.2675406439659049	50.1051756862108277
 812.000000	19.0134069182174805	65.0780174681567587
 813.000000	16.2252648129694421	52.3104567735078234
 814.000000	17.5447628497492509	58.4404986045234693
 815.000000	18.2497813946712846	74.9388799878384617
 816.000000	17.0311611770024598	128.1195099105354416
 817.000000	18.4206839101046462	167.9034362932381725
 818.000000	20.6515332767422635	148.6285751280467480
 819.000000	17.5087851604517333	143.5077035112530552
 820.000000	16.5922836689654112	86.8053033519089183
 821.000000	19.5511416337598760	156.6573784768962696
 822.000000	20.8683077317569818	98.2572745741014728
 823.000000	10.4495621774883940	155.8237366602206180
 824.000000	10.8793767317280032	116.5260832025251432
 825.000000	13.0564557414718045	169.4956530615920371
 826.000000	9.2246123510957236	44.1491295086966034
 827.000000	16.6856930010869711	136.6027618078926480
 828.000000	10.6886893462710280	89.4082019540474704
 829.000000	21.0203799883952733	51.4183442725783664
 830.000000	12.0034982030199302	100.6702043078651201
 831.000000	11.3100324309015949	42.8406396184535367
 832.000000	20.7025070359883827	106.3350909512213178
 833.000000	25.3714612136679278	125.2796181633142112
 834.000000	17.2684694771207248	68.6399622903730631
 835.000000	18.2862700435703900	115.6243847744793953
 836.000000	18.2237529222716788	116.4808153921443363
 837.000000	18.3885483308856479	68.7596775999932532
 838.000000	20.4336558344960082	136.3102557028076944
 839.000000	18.6197843178726643	101.6743279947064451
 840.000000	17.4318517418582033	142.7742196901071168
 841.000000	17.3246654662704316	39.7886299459133284
 842.000000	18.7879592093054129	161.5761435374544135
 843.000000	16.0427174241243300	15.0348021741671403
 844.000000	20.5093244227591143	98.9357101475541469
 845.000000	19.0489699180943823	75.3684076744827109
 846.000000	20.9869162763378938	83.2913649236102316
 847.000000	15.6724478349215453	49.6373461419616717
 848.000000	16.0041808386618918	31.0782845093485776
 849.000000	21.8976759329317687	125.4143873042919637
 850.000000	17.3408367234165368	75.1098209695897765
 851.000000	26.5209689566509645	156.2496839471326950
 852.000000	22.9477772284347488	147.0387443614063727
 853.000000	9.3940254849689033	61.0443094335623044
 854.000000	11.3606824457915270	134.0724491395619111
 855.000000	12.0731154573066455	129.6533274665657984
 856.000000	12.2763079482211790	111.4004096324233615
 857.000000	16.5118662731494616	124.2152751880404793
 858.000000	21.7584761685959620	141.5954850413075974
 859.000000	13.2658938581035013	70.9487266573663788
 860.000000	17.4983066466579338	53.8777160793157464
 861.000000	21.5560105454158091	66.8749737060429226
 862.000000	21.0189383199724773	93.8158292760125505
 863.000000	17.5045508757194526	52.4927546916433414
 864.000000	19.2480727811587791	96.9123236126445278
 865.000000	14.2297177979488687	39.2584996299302134
 866.000000	16.6173642580079850	32.8437285076219609
 867.000000	16.7768395592049799	77.2355098775418583
 868.000000	27.0189284646462369	67.6948695056578060
 869.000000	16.3849333532307462	104.9315220930309209
 870.000000	19.4041882084873940	46.7734633738451464
 871.000000	16.8505505042030137	125.7302419226374184
 872.000000	19.5930231747797983	105.1031157535402087
 873.000000	19.1615599431968135	65.6563219346647031
 874.000000	17.5024908061284599	39.4802974695065529
 875.000000	18.3650183211884190	89.0907749915655245
 876.000000	16.1204198532688388	46.0699192777763074
 877.000000	18.0441269780415645	143.8368390907150172
 878.000000	16.8323487439992121	126.1373965169058380
 879.000000	17.1402939432910593	94.9676620327263237
 880.000000	16.2276862417185939	98.5503588679145395
 881.000000	18.2809085021564144	109.4549124079044304
 882.000000	19.6858217100031787	125.1574370968555456
 883.000000	19.6586123024984865	100.6030998333842632
 884.000000	24.2072993044638451	133.5276805162887399
 885.000000	19.2664405617161663	52.7098718034135629
 886.000000	21.1733240120024853	58.3730853023733971
 887.000000	19.9578185561739829	124.0399014853079223
 888.000000	18.5623359779996200	133.0212522899571468
 889.000000	21.5850315429729491	34.7754918875035912
 890.000000	20.4321456461855497	147.9128762026485333
 891.000000	19.3930722992109494	69.7533860426680690
 892.000000	21.3553236224432652	118.9015224974637448
 893.000000	23.3505935656827539	164.8614588705666790
 894.000000	22.8835980463002358	108.4769573529979851
 895.000000	25.3467739533285972	120.2119586757432614
 896.000000	21.1096240183755235	106.5095690617445285
 897.000000	21.3819131319507463	115.5292545902759969
 898.000000	21.0290943539222255	52.1246213240882383
 899.000000	21.1902544174061340	115.3045815998225834
 900.000000	19.3372157009990246	94.5107919330607444
 901.000000	16.5253213316322523	110.6333875617632145
 902.000000	16.2094614397833965	129.4881939697539224
 903.000000	18.7148764376253602	123.4561989694289821
 904.000000	17.7854728383429297	64.1168253259826031
 905.000000	20.1101121614904272	66.9256224797264423
 906.000000	23.0809998445578692	119.6874936104281062
 907.000000	22.9585509820648213	130.9006226650483882
 908.000000	19.6959106695333084	35.4443572303995040
 909.000000	17.0289715219076179	113.8742936221387652
 910.000000	21.0072656827543263	102.2902191582551410
 911.000000	21.1752504429648418	92.3028418591251096
 912.000000	20.3444336912663033	65.9902572284064206
 913.000000	20.0442740598938620	130.7388881462403276
 914.000000	23.2351745396523164	86.6914419593540089
 915.000000	19.3815270626209788	101.9209829895490458
 916.000000	14.3256091142784641	52.3673214479164670
 917.000000	19.9839110259049768	150.3942692566073447
 918.000000	18.5765303951558849	122.0293574449983112
 919.000000	15.8187861075304177	150.7555356586098299
 920.000000	16.3049922144461661	74.9923470873094260
 921.000000	19.2478310669766266	100.5016425770828761
 922.000000	23.4669337406953851	125.7741570810580072
 923.000000	20.0523690670532169	60.5504925417759523
 924.000000	20.8734412547128372	122.7021139955752176
 925.000000	23.4682763780532468	112.8062831002018385
 926.000000	19.3925438738359226	18.1202262158226688
 927.000000	21.3061688816019128	72.2977838838999389
 928.000000	19.7613304819626734	117.0746342241112217
 929.000000	19.6968178492162380	53.3078685244879011
 930.000000	15.6965979063409744	136.3682798891660468
 931.000000	22.8430254739992336	128.8717727890097535
 932.000000	16.0675452675096793	77.8524129120884680
 933.000000	17.3304673331601116	140.8934800144856467
 934.000000	18.5353073831152493	107.8927712465294491
 935.000000	18.8095729761013288	161.8312931696790713
 936.000000	19.3465004185047711	84.7260029030623372
 937.000000	22.8156688792268447	107.7819188546537816
 938.000000	20.8198038316188629	51.9068576906293231
 939.000000	21.2554744468228805	121.8208413938142769
 940.000000	26.9803048646052304	115.4764910304865140
 941.000000	20.2826906706451275	147.0154138956800125
 942.000000	21.8520203990449708	134.5617439441236911
 943.000000	17.4445171377727242	130.7272684327061540
 944.000000	25.3026878298919478	140.7053023172522899
 945.000000	21.6078849334507339	133.7202305813979137
 946.000000	19.7767870704191004	44.2340640140176902
 947.000000	21.0557207091301990	95.2616596971916891
 948.000000	23.1368159656022492	82.0890966043853183
 949.000000	22.9424150336405184	108.6051895253276030
 950.000000	19.8685063612476824	108.3459372196314803
 951.000000	18.7642042371510804	102.8960428978352866
 952.000000	17.6468288384857637	121.3996673605913088
 953.000000	15.4529789055387479	76.8766207218546498
 954.000000	23.4693699069683817	72.4037064755739692
 955.000000	19.6437801123952269	108.6620311074065199
 956.000000	16.8392174570844908	76.1822877117372030
 957.000000	17.8723227871063912	82.5545800021619556
 958.000000	15.3881268017080792	96.8231886244698217
 959.000000	14.4807483090714406	113.2078343689406523
 960.000000	14.3256551064990436	122.1507597832052738
 961.000000	13.8023609757994574	58.2684893038609317
 962.000000	11.9728816784557104	33.7083949430812879
 963.000000	17.4262488034611849	96.4212902252786250
 964.000000	14.8533336657381732	88.5846386155749315
 965.000000	15.7060875366701485	4.5682298882893519
 966.000000	19.9738895007475428	75.6736220582533718
 967.000000	18.6133799464721754	88.7539306304461917
 968.000000	13.0180225320912513	63.2076963388362572
 969.000000	15.5424972740611125	60.9678099435428607
 970.000000	18.8222965650228247	53.3854558629089126
 971.000000	17.7670107125809018	137.1503944926576537
 972.000000	22.5487353467006102	44.1173209662973136
 973.000000	17.5614016415139567	127.2675746863172606
 974.000000	17.6349280550734271	120.3184506414729213
 975.000000	18.2694404925997560	107.4093730701765566
 976.000000	18.6565329119563543	77.6734849020102729
 977.000000	18.3013257197699950	145.1171116905289864
 978.000000	19.0747864193727601	105.6203920603152113
 979.000000	19.5173060427433285	134.5721926976872282
 980.000000	16.6129250744533223	116.5937612023128622
 981.000000	19.7317763345367290	46.2984164559306919
 982.000000	20.2267056735120043	77.3084569970992845
 983.000000	19.3535155650946891	165.4716471749484583
 984.000000	15.5891588359492896	125.7528182060697475
 985.000000	16.9348907750467319	68.7778607148200365
 986.000000	19.2454777527859591	127.0383727247457273
 987.000000	19.7234866702936316	139.7213723278158284
 988.000000	17.3203953098981316	41.2692264291445667
 989.000000	16.2905792066711399	88.0396276723945448
 990.000000	15.2652403490684438	41.2540131822207456
 991.000000	15.4409454051703978	58.2684503407106860
 992.000000	17.4434561537846768	75.2558732525676959
 993.000000	20.5096669894723682	85.3433001205048782
 994.000000	18.2795507330496001	98.9977817102877680
 995.000000	17.3293886387143452	118.4762296288479178
 996.000000	14.6746419587945738	104.5955641263551570
 997.000000	14.6321616268262105	155.1031084930400539
 998.000000	14.4096459415390026	85.5119993705816768
 999.000000	13.6483779284268412	132.3761218871320864
 1000.000000	14.6427361919131815	49.0683823124122398
 1001.000000	18.4038958964110861	118.8389020824865980
 1002.000000	18.0773743956006356	117.3179547939468250
 1003.000000	16.4607298783898450	119.4966433201490759
 1004.000000	9.6163119871224207	72.7154397642160291
 1005.000000	11.9569440286473050	96.9375295797651688
 1006.000000	13.6263071568862486	81.9625027822863927
 1007.000000	14.5443715053739240	108.5635882316961442
 1008.000000	18.7872571822781396	94.9640248139966303
 1009.000000	13.9771682323938524	22.3606135699617425
 1010.000000	10.9172995257344834	13.7330616004888952
 1011.000000	11.6279416296349911	93.4746268142140764
 1012.000000	11.3559382015755759	120.0327208949773734
 1013.000000	15.7095613097888780	160.8483344525434120
 1014.000000	17.8268836390548806	118.5928757863259619
 1015.000000	13.9282072637123875	105.2919818741402764
 1016.000000	14.9078845127191641	137.6116374747361419
 1017.000000	15.5787424129504330	149.5816751679295464
 1018.000000	11.3711862158005097	99.5278517283364579
 1019.000000	14.3686489418864536	109.2976427598908060
 1020.000000	15.4003559114619080	104.7723532829931514
 1021.000000	17.5939602189538498	159.5409723222354330
 1022.000000	19.3405526498613192	76.6232224231095529
 1023.000000	13.3965217428130607	123.3632950446745440
 1024.000000	21.8166005075329075	117.9111627763300021
 1025.000000	16.1399723619813962	132.1545642232447051
 1026.000000	18.3275617467912610	103.3981884424973003
 1027.000000	20.7783700428421483	146.3503217374490646
 1028.000000	20.1042823795875805	74.8958833261715284
 1029.000000	19.5353537900669139	23.8082854485821827
 1030.000000	17.8837040887952519	65.8188325585290386
 1031.000000	19.7496465010807078	130.5310314183628293
 1032.000000	17.3311879616984967	74.7134690512278894
 1033.000000	19.7604746043695698	142.3033172417268588
 1034.000000	16.3437581009883210	133.0602673750586007
 1035.000000	15.8390163741230801	78.0404108025960710
 1036.000000	16.3274920250545534	103.8353476078770257
 1037.000000	16.9891829118931206	32.6845604772311162
 1038.000000	17.0195415152503209	66.4461553094760831
 1039.000000	18.7919708408887622	87.5126246131507202
 1040.000000	16.8976022996172510	112.7271577133964229
 1041.000000	17.3028066668995066	37.0624098388124708
 1042.000000	17.6828541822192342	89.1414600017244112
 1043.000000	18.2566621461145147	87.1348472003907517
 1044.000000	19.1578800137324130	130.1302722043346023
 1045.000000	15.7958136744139761	96.8379808302378393
 1046.000000	17.3805037630273560	131.9517318231633283
 1047.000000	11.4501683631914837	139.2386743351245570
 1048.000000	8.6273315315253996	62.8614615141957245
 1049.000000	11.3612118801942366	58.2641567272592056
 1050.000000	9.2567967535342817	89.5694129482178880
 1051.000000	10.8241851119518113	55.3231821799799377
 1052.000000	10.6882396827018411	134.5171539936530962
 1053.000000	6.3684955788883570	101.2804669150686294
 1054.000000	17.8346031520371433	136.5431908193212394
 1055.000000	10.1580455067464328	102.3734484105978453
 1056.000000	11.7808201487536000	105.4312661240090421
 1057.000000	12.3486003081722053	123.9576114540162450
 1058.000000	12.2146892410012970	72.1208439889606581
 1059.000000	14.1653590649636136	119.8412801916241222
 1060.000000	12.5254646522545361	124.3224403518782850
 1061.000000	9.5415710764848303	90.0384555751406310
 1062.000000	5.7261924294266517	96.4217981824182999
 1063.000000	6.5367335176301102	121.3696165950255192
 1064.000000	10.5710177812589396	88.0478327111205772
 1065.000000	5.2110943106558363	151.0917930036270889
 1066.000000	4.4925385147057515	69.9428160917156703
 1067.000000	12.4118815547759933	113.5459534061411233
 1068.000000	13.5209099156161265	150.1134051117065269
 1069.000000	16.9861686985961526	94.7189603328803287
 1070.000000	14.8857841618628299	84.2753789787495009
 1071.000000	16.3251004341786548	125.6750964934729495
 1072.000000	12.9318345686623779	114.4901755569327122
 1073.000000	13.6679974899729153	66.7765954796418129
 1074.000000	12.3056454336174834	115.2303054001093585
 1075.000000	14.6498735310608943	97.8393709906922311
 1076.000000	15.8335814998811770	129.8308860769163005
 1077.000000	14.3890383216328459	151.7990396815037286
 1078.000000	12.5815407117755793	174.7148706456727041
 1079.000000	14.9546182443813169	57.9619849991569396
 1080.000000	16.1082209761882496	39.1956735802582159
 1081.000000	17.1843138019908430	114.1478106526693637
 1082.000000	15.0318056328233460	105.2856894828643561
 1083.000000	15.6736700378535208	96.5599914403582886
 1084.000000	15.3052789376415994	99.7076960637619294
 1085.000000	18.8857882936148691	72.6651934962431341
 1086.000000	14.5885781000629358	47.3774191828330231
 1087.000000	10.5005605294623496	135.9424432126439797
 1088.000000	13.9670714716938065	132.5232204672798844
 1089.000000	9.1751779995835854	66.2105320036066729
 1090.000000	9.4838650701529019	165.1588327256046114
 1091.000000	5.5530384877127430	136.7720514352205328
 1092.000000	5.7094650017838777	95.3767675972825089
 1093.000000	5.6302139579079009	89.4699673301826408
 1094.000000	2.6674585714487544	25.6755439733448156
 1095.000000	11.9829623587465850	115.0294008234539831
 1096.000000	9.2301116205616864	158.7711314724120371
 1097.000000	9.2722494107259568	101.2209907413301977
 1098.000000	21.0336434451537464	136.0985734929056719
 1099.000000	14.6662216344445451	77.6407240797268798
 1100.000000	17.5893403999480107	125.4367073870508307
 1101.000000	14.2734464672882062	105.9678931924619008
 1102.000000	12.3010265379330281	118.1441802512146921
 1103.000000	10.8049035734049834	108.2302320697080091
 1104.000000	13.5669985059416618	147.4432954582250943
 1105.000000	18.1028645076706134	82.5774195335540355
 1106.000000	11.6858036773647136	164.3755615409824031
 1107.000000	8.5417048036398349	69.8764757307089184
 1108.000000	14.5283576363805800	94.4763937834192262
 1109.000000	13.5527525775252311	107.8387208999673703
 1110.000000	10.5351812577247852	160.8873246510152057
 1111.000000	10.4884060307376554	135.4517533984803777
 1112.000000	8.5004885641614951	100.3642660866223935
 1113.000000	8.9812925449913905	158.4156932929137156
 1114.000000	7.2033879095425952	152.6381472439172171
 1115.000000	14.5393752516672965	143.0483331544727719
 1116.000000	12.7201047405047607	49.9005869984859771
 1117.000000	6.7685695683951872	144.7205672392797453
 1118.000000	9.2736834262301695	35.4530323878397837
 1119.000000	12.9972224404997050	48.5230394680172026
 1120.000000	14.6193422764235574	96.4875460007143886
 1121.000000	11.8587151191684814	88.4827037822889224
 1122.000000	11.2614578104868563	123.4629120184574731
 1123.000000	11.3639880975795435	54.1717525221706211
 1124.000000	13.2778869436108931	76.8865974788458573
 1125.000000	16.2318428659821699	92.7546566330217388
 1126.000000	18.3326487438675265	115.3759692277993878
 1127.000000	18.8805518095963265	132.4098386491619976
 1128.000000	17.5412884858444578	106.7139125765485801
 1129.000000	17.0939002103640121	102.3035798201036641
 1130.000000	19.4245832742174329	130.4124990679018197
 1131.000000	14.4574546289325507	61.5253582742206930
 1132.000000	16.3578381804465636	113.2120069710738903
 1133.000000	15.8256317527487393	107.6132214963574825
 1134.000000	15.4782900671482526	121.0629484787164643
 1135.000000	15.2755354318996268	141.3537055288819033
 1136.000000	10.0648664777776062	79.7401230309781823
 1137.000000	8.5293048809485690	58.4660057736838468
 1138.000000	7.8005502383999676	167.8225310884582484
 1139.000000	9.5172493108286957	118.3713088510750850
 1140.000000	10.6882457669417956	138.0860036821647157
 1141.000000	8.3153022850225113	112.2137666306781796
 1142.000000	15.8801326746004641	79.3100802609657762
 1143.000000	12.4970112425420741	33.7145539612551204
 1144.000000	9.3714593399004187	24.2545513515740936
 1145.000000	6.7235819661978571	163.1687445394222777
 1146.000000	10.3122247663545323	20.7097973319426671
 1147.000000	14.4546991758493313	116.5468679786864072
 1148.000000	9.9531451436082161	64.3143503333449473
 1149.000000	12.6763064480882601	98.9950045025262568
 1150.000000	11.4198540404193274	74.5077103116067860
 1151.000000	8.4719317925636801	37.2711701321768771
 1152.000000	13.0199354553118365	149.4549739744989836
 1153.000000	17.5578197315875428	89.9449155919564305
 1154.000000	14.7505153005639063	134.4473332406687405
 1155.000000	9.0739124127712518	35.1313034635716690
 1156.000000	11.3529107061148888	138.0092109429155300
 1157.000000	14.9326715099195546	129.5965312406636372
 1158.000000	12.7403656787534594	116.5822953066317780
 1159.000000	12.8258248601039568	155.0348745193247737
 1160.000000	15.7746056830068184	87.2521438893812444
 1161.000000	10.8471342689254069	139.7047817564795196
 1162.000000	16.9150998091631450	98.4480884221521819
 1163.000000	21.5595822519279920	78.4439908461947653
 1164.000000	19.4595027483432048	118.8077617543483200
 1165.000000	16.8073381839582616	66.3593131233230196
 1166.000000	17.4458037401159949	106.1728178238696643
 1167.000000	17.3695009962860283	85.4113851864252211
 1168.000000	13.7539680030408729	123.7334960223641929
 1169.000000	16.6102557376844437	128.7406583383176439
 1170.000000	22.0280744544064859	98.4951840599733970
 1171.000000	26.8691315783421381	155.3685654587693818
 1172.000000	15.7354571148510125	143.3472375785891586
 1173.000000	18.1370611074612178	124.8687629936018482
 1174.000000	11.9153488987243144	86.6286500291722064
 1175.000000	13.8098307342113191	113.4202022471068148
 1176.000000	18.3472349288085610	106.2205803239632331
 1177.000000	11.0810891406780367	146.6609551209477331
 1178.000000	11.0824762907371834	143.6611656786105300
 1179.000000	13.3469780544127214	61.9763090366755023
 1180.000000	13.1254204001951358	119.7918989936273420
 1181.000000	11.7497005056568042	91.2628275343241313
 1182.000000	9.0813392096320289	128.9942910735393582
 1183.000000	13.9747267882288000	132.1655393831427716
 1184.000000	20.6841715265973818	86.0621096716523653
 1185.000000	21.1720388969257129	109.3777620696790933
 1186.000000	16.1881288024943331	106.2300441187930318
 1187.000000	19.3661142933885522	158.6497739001537752
 1188.000000	21.0409809522684625	31.0712963520593632
 1189.000000	19.9404806171624109	142.2282575633284978
 1190.000000	17.2302818605400923	96.1983627894223332
 1191.000000	20.6182001518057660	131.3450897418600789
 1192.000000	19.8437102892556645	116.2846156741914569
 1193.000000	19.3901768579496832	109.0244022848545171
 1194.000000	22.6147613185307215	97.2853286766767837
 1195.000000	15.3560912817869895	77.2148045747550356
 1196.000000	21.5732540288417454	123.6636876904372713
 1197.000000	18.2873447573163830	85.3878016917962981
 1198.000000	16.3713268301140928	118.7102767487236719
 1199.000000	24.2092866068477903	118.6616527135454930
 1200.000000	15.5759481528876584	81.0414231887604757
 1201.000000	21.3846866029299782	114.5170079978134510
 1202.000000	23.2588552498346210	58.4344906753025981
 1203.000000	20.4687175738377256	25.2068576877187809
 1204.000000	19.4435412678855322	87.2827863501096033
 1205.000000	20.3632727111001905	92.8023904878531170
 1206.000000	13.4290441728537520	39.5227081776704665
 1207.000000	20.1881914917701764	98.6598306207390436
 1208.000000	7.8743723520047384	165.6147236093941899
 1209.000000	11.0365618408486039	124.3068362300525962
 1210.000000	15.8692622142762190	120.0427015063470435
 1211.000000	15.5366616514856162	121.2051252556054237
 1212.000000	13.2188575096218308	114.4996303030861924
 1213.000000	10.6713191932512821	96.2784569264185279
 1214.000000	8.9274422734817112	99.3079356793415968
 1215.000000	9.6344361538468952	163.6746023647934578
 1216.000000	13.2362302243362464	101.2213625165769599
 1217.000000	12.4816034466042343	145.3010304560562247
 1218.000000	4.8100271694906578	126.1323990583427985
 1219.000000	13.4958369856223008	77.9573367722540809
 1220.000000	8.5664918908570655	125.2848722366304628
 1221.000000	15.3829367785228701	107.0432114230710425
 1222.000000	14.3131003290369296	116.3583465096006933
 1223.000000	9.4811636504642962	132.8266719814111525
 1224.000000	6.0922886159127119	106.6113217702995399
 1225.000000	13.6594962140480245	103.7098688275774663
 1226.000000	15.4929040059897449	142.7250083295494676
 1227.000000	5.1742772182173811	90.3466847114208349
 1228.000000	8.7780692423855964	141.9594318707280536
 1229.000000	12.3318559223672004	80.2911935560241972
 1230.000000	10.5324072725336109	14.3837491030836304
 1231.000000	13.8893015083981552	32.4138489135630437
 1232.000000	14.2132031983484950	82.4179365375710944
 1233.000000	12.9245891330231562	126.7146082265835787
 1234.000000	12.0957570580087150	153.4433255424201263
 1235.000000	14.2347675211562237	101.5327139616901633
 1236.000000	14.9699794885509263	79.3357643865416264
 1237.000000	13.2389638450268894	72.9926603281365374
 1238.000000	15.0433518530717656	41.1819635314493269
 1239.000000	13.0505501983161167	120.2808339885387170
 1240.000000	12.9507158988115609	95.0478718982366075
 1241.000000	13.5529903300421299	135.7836027182291048
 1242.000000	13.1662678636074286	120.4216183339687660
 1243.000000	12.2304831535499758	159.6884723065265348
 1244.000000	14.1239415885836070	93.9440791063435654
 1245.000000	14.1974636219470867	23.3348629088105213
 1246.000000	12.7537567856105927	86.4226743707524179
 1247.000000	14.1996194755723621	160.0736501105004663
 1248.000000	14.3050532905902674	99.6810086899643295
 1249.000000	13.8902116515031313	93.6352008523701755
 1250.000000	15.5292058279531240	77.8190404908708331
 1251.000000	5.6576634873515950	20.7313770007220342
 1252.000000	7.1526393373960691	111.5832061198949816
 1253.000000	10.8174985024121337	114.6647669113960291
 1254.000000	8.2020029439382469	110.2062538857042426
 1255.000000	15.7676508597886098	41.1828337367105348
 1256.000000	9.9031923703435805	102.4667064112274772
 1257.000000	8.2334219759572296	121.7532410701316792
 1258.000000	10.9331698163734305	115.3017018357225254
 1259.000000	12.0729686318733318	69.4706366239675219
 1260.000000	11.0985411280759347	79.6962044612423171
 1261.000000	15.0102788524238662	27.6401382157988849
 1262.000000	10.8507605362387523	84.8988355308630958
 1263.000000	16.7973047478352626	123.8898741518191002
 1264.000000	7.4662490052223163	106.4533056152230301
 1265.000000	5.0625306547469728	49.7815660672799822
 1266.000000	5.8471207137027701	126.2607737983019547
 1267.000000	5.4941727120884147	126.7199293038080583
 1268.000000	16.5788802633319854	78.1631707968197134
 1269.000000	13.6966564941463123	135.1124831594106013
 1270.000000	6.8738743480272593	77.2469519141888412
 1271.000000	16.9442509395939425	78.4305031929623908
 1272.000000	20.3953791518736267	104.3156086281956618
 1273.000000	18.6785655999362881	24.2731820615754827
 1274.000000	21.5364493132973536	107.8045071216381672
 1275.000000	21.5627239027955362	68.0592597439344047
 1276.000000	22.5673478640941134	103.0072087415206852
 1277.000000	26.8194644910469506	39.4134467664721626
 1278.000000	20.3367197508817874	88.9855626380966953
 1279.000000	18.4364562224437236	126.2130401704312987
 1280.000000	21.1320414984366032	100.1828495734599898
 1281.000000	23.8302812503809065	110.9805228612694208
 1282.000000	16.4289987406176614	5.7271367862304032
 1283.000000	20.9277874527136269	130.3505479491320216
 1284.000000	18.2923968111521873	153.3353658800778589
 1285.000000	16.1089550853183745	123.1306640224376707
 1286.000000	17.4554497727053715	109.0882355678355680
 1287.000000	16.4995765879231406	125.4920523235643373
 1288.000000	17.7307852001966779	98.5645550186323334
 1289.000000	17.0518945005169158	135.7333134600165181
 1290.000000	16.8649693384681783	149.0888253753691686
 1291.000000	16.9596447567228239	104.1062934477022850
 1292.000000	15.9724347180780022	134.8497667039342502
 1293.000000	16.7823884046915524	118.3678503422587482
 1294.000000	15.3076491963645456	24.4738955400592033
 1295.000000	15.6806031187191639	84.2360927115641545
 1296.000000	17.2887783453882591	161.6372046690697175
 1297.000000	17.8509700114900056	96.9976484499960918
 1298.000000	17.3811680141806519	53.8820479289476992
 1299.000000	18.9426908658992801	148.9864347651924845
 1300.000000	17.1524672276100567	101.4137755087267436
 1301.000000	18.3159474327394776	114.2918839355132548
 1302.000000	20.2989286298439495	92.2275562862718630
 1303.000000	20.9398565996613328	115.9359626545431752
 1304.000000	21.6430306237106542	122.2089574263559655
 1305.000000	19.8303417034509231	113.3806725978599985
 1306.000000	24.4430128606025754	121.7540813758900526
 1307.000000	18.4587718322185097	111.0756362221262918
 1308.000000	18.1620973194384021	62.6508098915241760
 1309.000000	15.7182420955972280	82.2641108260500715
 1310.000000	20.9091693504755050	126.5544172813920909
 1311.000000	20.1887211762750205	126.4616650515017966
 1312.000000	18.0328481223187929	168.8787108362012077
 1313.000000	17.0470333984414637	31.3072281298589701
 1314.000000	16.3434627357141267	132.7551409341427870
 1315.000000	16.6604918617480386	96.8467673470340173
 1316.000000	17.7936996337664972	143.3476110384051481
 1317.000000	20.0999164521067399	78.7923147407279316
 1318.000000	24.8839831897096957	111.0563544783713326
 1319.000000	22.9104104081343358	123.7802650225048637
 1320.000000	25.3570102647624047	75.4120336600960570
 1321.000000	28.6202800241817386	85.0808900136467940
 1322.000000	23.5683670626604034	173.8739465782577156
 1323.000000	17.5094673748434033	68.8253753611691650
 1324.000000	20.1341274858101933	79.3635121247782678
 1325.000000	20.1783808575131971	22.3033511908309094
 1326.000000	20.0787409882967935	21.9981263881560949
 1327.000000	20.8465801868267171	149.4451129962253049
 1328.000000	22.8668132616628874	85.0255774392783792
 1329.000000	21.2485391592788595	145.3753810043018291
 1330.000000	25.9964963138904785	91.7502478308746419
 1331.000000	22.4825109293503651	112.2369048846137787
 1332.000000	22.8516295185722100	122.2547525247431821
 1333.000000	23.4450975235001025	47.2489932192227684
 1334.000000	21.5093903381593741	105.1033524040973788
 1335.000000	22.9295808414750901	121.9259125290259078
 1336.000000	21.7899724156852912	32.3381076293496790
 1337.000000	22.6159917624928504	77.1841644391355004
 1338.000000	18.1350352012334426	141.7508715048515739
 1339.000000	14.4525256570521190	129.0447426347608939
 1340.000000	14.2736866973549148	16.2333529256354154
 1341.000000	24.6747077104489527	110.0691674799255537
 1342.000000	17.2235751170952298	130.1414382531817751
 1343.000000	18.5926584940849331	44.3822676651060419
 1344.000000	22.0697693178707262	145.6454652673367889
 1345.000000	24.9235754406688521	63.5556184782463589
 1346.000000	21.9388300173418571	110.3434424272315226
 1347.000000	22.5121517188239473	139.9031636430607648
 1348.000000	23.2996117635515994	156.9743888394669113
 1349.000000	18.6256853945455632	20.7209730019093286
 1350.000000	24.2870526325541789	92.8254403489732738
 1351.000000	22.4623796327287053	66.7878424739502634
 1352.000000	24.2969413217231178	91.4492083241911757
 1353.000000	22.4745916552736844	147.0284728023274567
 1354.000000	26.1840670002470262	118.6615942374541532
 1355.000000	24.1912877096686003	103.5956457556227406
 1356.000000	21.7185432569338204	93.3680358923534328
 1357.000000	19.5803956326550832	91.7642895025756360
 1358.000000	21.7165916306327844	97.7399088736871562
 1359.000000	23.6850594340296965	77.4967369989263801
 1360.000000	21.0127801693821219	149.1722259868130891
 1361.000000	22.3557906086347487	27.8418043257550778
 1362.000000	21.6285017166372988	142.1170962712602659
 1363.000000	25.4555870461535605	93.2733431199719689
 1364.000000	23.7137582445142456	114.6480438598924394
 1365.000000	22.2464879883891022	117.3240712906551408
 1366.000000	23.1568607955934702	138.8367052568459599
 1367.000000	23.0557667174923502	135.1711935578824466
 1368.000000	23.3331212843894562	152.5772310572123160
 1369.000000	23.0982058508037120	71.9883614923648167
 1370.000000	22.5272858233002005	139.7279576887321468
 1371.000000	24.4658956443198434	112.2825757078507110
 1372.000000	24.0851221027637834	159.6408473044860443
 1373.000000	23.9838518521811004	112.8517956868452359
 1374.000000	19.1677885929751000	153.2539796196731174
 1375.000000	22.8584855916673710	150.5798288579568691
 1376.000000	24.2500635519629313	76.4540414452636128
 1377.000000	22.1199877640947342	161.1739212007781248
 1378.000000	24.0459894693923388	85.3049990639507314
 1379.000000	22.1267077883130767	74.6977629089288513
 1380.000000	23.8374639611846639	174.0003911077846794
 1381.000000	25.1085202959947473	138.5376285850931026
 1382.000000	22.8043057632848871	98.7490652395135697
 1383.000000	21.6883564775642803	82.8057835565381737
 1384.000000	22.7603478094841662	92.1577286540255756
 1385.000000	24.2765659358962544	99.9554904103029429
 1386.000000	23.2332073494775173	148.3035644037226461
 1387.000000	23.5577626831793197	89.6689021700753699
 1388.000000	23.7133127440848881	153.2105263993512096
 1389.000000	24.1669701608016148	114.8481540511688621
 1390.000000	22.7427249174122821	141.0133710072347242
 1391.000000	23.7486080657576863	104.9778075332185949
 1392.000000	22.9715360006158953	90.4450649538174218
 1393.000000	24.1405979294459172	114.4451268013759773
 1394.000000	23.5433900815934187	136.8641020966442454
 1395.000000	23.4614429522712946	68.8772657557738057
 1396.000000	20.4474798050202544	88.1034244027150493
 1397.000000	21.5403492260251213	116.9159356606295432
 1398.000000	21.5792353781413020	85.0140689802444740
 1399.000000	22.8563716547573357	74.7010047474762757
 1400.000000	24.8804700639090157	69.3241580134986037
 1401.000000	16.8657260928336719	32.9998639034021721
 1402.000000	23.9409055240586781	92.2713261519774619
 1403.000000	23.1817466376165662	122.6804726971194839
 1404.000000	23.8459888549266594	87.6407532332760582
 1405.000000	22.0823825028901695	31.7505133748440187
 1406.000000	25.3022094445672501	86.6712651677690644
 1407.000000	22.7332816747153927	138.3716483174049472
 1408.000000	20.9771422118031730	58.7077048276950251
 1409.000000	22.8353003040136464	95.2114267297907304
 1410.000000	20.5866017924217601	125.9747678172481500
 1411.000000	22.4092387454554007	31.4522314547619146
 1412.000000	23.4356846111452732	167.2772658252835640
 1413.000000	21.1208375077970665	98.7757390942411035
 1414.000000	22.7225745826081500	63.4989391081525412
 1415.000000	23.6232989236169146	154.8265939475724053
 1416.000000	22.0678976149527415	100.4880419072050017
 1417.000000	24.5690579069694799	38.5611493515174573
 1418.000000	27.0734763798412672	58.2357640473269385
 1419.000000	21.0421234263411918	111.1789648879831702
 1420.000000	16.8988725823474404	85.3234001674906182
 1421.000000	21.4886967945363665	121.4170393788756712
 1422.000000	6.5561703564765805	47.9838696160400957
 1423.000000	18.5518403878222315	54.0248223777587668
 1424.000000	8.2840020597516268	38.6765216260509703
 1425.000000	20.8751021188907835	60.8231768666045127
 1426.000000	14.2831533451272907	113.2188662464790809
 1427.000000	16.3685790029370288	141.9556689980512374
 1428.000000	15.7901595062188793	100.3545444932532718
 1429.000000	11.8662463947970291	118.4010753472823865
 1430.000000	17.2133008589169272	99.5748619131222910
 1431.000000	8.2349650921407225	38.1601655163964892
 1432.000000	14.1833971740813567	50.2442502719937067
 1433.000000	17.0220220589136879	119.3829837511823655
 1434.000000	13.8812578483520213	136.6581936849546537
 1435.000000	12.2392261658901678	140.7586193165180646
 1436.000000	21.5748468840019640	88.5178686728608852
 1437.000000	23.8213726041707403	170.2471944038229310
 1438.000000	22.4546169132442053	151.0558308020620757
 1439.000000	14.5144022371837735	60.7997189780074194
 1440.000000	23.3179621724438988	98.4606384539960828
 1441.000000	24.5742329531294885	126.5049807295919777
 1442.000000	20.5822551341299267	129.3477331218190329
 1443.000000	22.0056417879906618	63.7624922574746620
 1444.000000	24.1894518670138012	23.9254994216387047
 1445.000000	23.7000276204110527	133.7763076061139031
 1446.000000	22.9037735105621003	33.1354097737258542
 1447.000000	23.4964815852496187	125.5174347622581479
 1448.000000	19.5559948281962157	127.0974657015035802
 1449.000000	21.9184403129440959	76.0698961376584037
 1450.000000	23.0547192732918163	50.0372378902546302
 1451.000000	22.8919759700392511	83.9751418285999307
 1452.000000	24.9142075519505859	135.4135710353617128
 1453.000000	21.6010144201078695	53.8346257109102027
 1454.000000	20.1480179284031564	94.0755258078547740
 1455.000000	20.2250020054975472	11.2867096124410011
 1456.000000	19.0773160482893616	14.0309737322600938
 1457.000000	18.6518797848522624	123.1500602856943942
 1458.000000	17.7471536990071961	42.4562466377010708
 1459.000000	25.0882786311678103	53.2403665733585854
 1460.000000	25.5008784465099190	89.3227757942720189
 1461.000000	20.8286776312297413	76.4217088430868472
 1462.000000	19.9167148295382965	53.6303699365203670
 1463.000000	18.4323708064205718	90.4127978207380920
 1464.000000	22.3606145913855414	98.0863803103096359
 1465.000000	23.1066949049302295	137.9940395190895117
 1466.000000	21.5302228745345836	88.3979509628928213
 1467.000000	20.8723587637777399	84.0981799423064871
 1468.000000	19.2990670739304448	54.4662829635230707
 1469.000000	22.2662615035569758	92.1266809988144075
 1470.000000	19.8854570048446995	102.7939386055118263
 1471.000000	20.9240854901181521	82.4847010000956828
 1472.000000	21.0030857519327974	103.6935927376914179
 1473.000000	19.1756323856160016	112.9304026499156066
 1474.000000	17.5746341506386372	108.9608708652603752
 1475.000000	23.1591615011988274	99.8778639441739671
 1476.000000	17.5591856225124019	161.7786344970154460
 1477.000000	19.1311537549674746	105.0180911551603913
 1478.000000	19.4541186292014601	117.9559861876754496
 1479.000000	18.7206174493437736	39.9225248901755094
 1480.000000	15.6591144463273615	172.1110539472430219
 1481.000000	18.4685794232193956	61.0292988584321137
 1482.000000	19.2824272145835849	115.3255214836831755
 1483.000000	19.8322342401329728	140.3733131099220088
 1484.000000	20.1669000653319088	59.0429665011996292
 1485.000000	23.9762141568450495	60.9356434737425445
 1486.000000	22.3047087008109415	109.5416402440049808
 1487.000000	22.9202108997392884	93.4971495325814459
 1488.000000	21.8993055152130758	127.7244091328100239
 1489.000000	20.9259987834411056	104.9584782397762552
 1490.000000	14.4496064833490809	74.4183967065008858
 1491.000000	22.9687626870690984	40.5732997564855964
 1492.000000	22.6990889666988771	103.5426502011969774
 1493.000000	15.6014786022127865	49.6631036670328569
 1494.000000	22.5754704757580775	126.1913746506815812
 1495.000000	21.6065376025219216	155.2091470161900304
 1496.000000	21.4081844350024149	98.8067281223090248
 1497.000000	21.4048203852812193	148.3227803780545742
 1498.000000	20.5516655734251259	106.8220410525238151
 1499.000000	18.6535362496052137	92.0162868416486219
