 0.000000	5.7991712592925371	141.1734195834872025
 1.000000	7.6399326656876614	157.7881117629163725
 2.000000	6.6802458884373443	136.8703249303470102
 3.000000	8.7544257581556781	154.4304663858325739
 4.000000	6.7942348743212255	153.8253451419413693
 5.000000	7.9439912615860466	144.3358319777657641
 6.000000	8.4542960295692318	145.1176233151238648
 7.000000	6.1449229326642438	134.7939389321987278
 8.000000	6.4939943925644306	147.8605784296649688
 9.000000	7.4819750696827505	137.6621817593354535
 10.000000	5.9949185659104085	111.8857466247886947
 11.000000	7.9106930297361906	143.3406658683997250
 12.000000	5.0572612005723192	150.4173745071435349
 13.000000	4.9905884472975233	151.3095114631245508
 14.000000	5.1448315854293361	147.0185795293048443
 15.000000	5.8883195680700835	147.1859621222590135
 16.000000	5.0891979179252447	143.6876929461871555
 17.000000	5.2396845581728551	146.5892867420128027
 18.000000	5.6425003332341417	147.1486671907824189
 19.000000	6.5423234655816618	137.6776376336668477
 20.000000	5.9966627245854465	158.3290163632051133
 21.000000	4.5693372038039426	145.8154430737130269
 22.000000	7.1901587894873922	133.3748464484608292
 23.000000	7.2589893875277793	152.7428605544480149
 24.000000	5.6886557032419827	132.2767555778856661
 25.000000	4.8948703342209008	141.0683419925838393
 26.000000	6.9118737814793993	147.7099906281057429
 27.000000	9.0973215299403680	140.5292242921713068
 28.000000	8.0242619842729468	118.6193960988813672
 29.000000	7.4773318956742836	143.3652128102921779
 30.000000	7.6730713662699435	142.1366793019152226
 31.000000	7.9218447223439821	156.9477950554918095
 32.000000	7.4324646271365120	154.0810160965082787
 33.000000	6.5810342347035222	135.4278817462472091
 34.000000	7.6393227842301723	147.4791122469682705
 35.000000	6.9925090597415522	125.0801229214458772
 36.000000	8.1137437950677231	137.4334440493249190
 37.000000	5.8584735828424375	123.8262067322372104
 38.000000	7.9884810596428508	135.1557763696444852
 39.000000	6.6196537428407787	114.1064638173196357
 40.000000	7.2079619273350701	125.8638428307047263
 41.000000	5.2654314810248932	134.3873160015257042
 42.000000	8.7067048237441007	146.0309533679192668
 43.000000	5.6794170377889825	153.3544822355237045
 44.000000	6.1611845014341968	157.9050176469812072
 45.000000	5.9104089712606172	151.4488064252257402
 46.000000	6.0831276401354470	150.7115190742638333
 47.000000	8.4190785176180594	129.6871941688701213
 48.000000	8.2105885192437498	147.5275709140573497
 49.000000	7.6266965867652852	152.5796131285487149
 50.000000	7.8110326098754550	144.7565645912722232
 51.000000	7.5024773960497182	155.6862417979619408
 52.000000	7.6355546166533648	160.4575445456456180
 53.000000	8.9917135007392055	140.6175517967577093
 54.000000	8.4220755879306637	69.3969836010058856
 55.000000	7.6537161643778564	122.5762468089026811
 56.000000	7.0962449817835020	120.1271927950432143
 57.000000	8.8037428514163185	99.5912271658780668
 58.000000	6.5148338212577430	58.7129089348259185
 59.000000	6.8578176957126642	63.9507264259775070
 60.000000	9.0045175112526401	105.6416895626650216
 61.000000	7.3826746535839476	53.0986860089038260
 62.000000	8.5189568256694947	85.4313864563928433
 63.000000	5.6031928070708821	42.0778015769615763
 64.000000	5.0555912717478702	37.8811292184610124
 65.000000	7.1803568239449449	32.6032303986556542
 66.000000	8.3125329803683314	132.6757817342037526
 67.000000	7.0132047957464003	31.7780695597303122
 68.000000	7.7551975098046340	62.5967893447904515
 69.000000	7.5661163298555234	54.4913271677541786
 70.000000	8.8046970959702993	115.5843970861656231
 71.000000	7.5322667406443911	54.2565361362512277
 72.000000	8.1141313703426405	44.0634639535576014
 73.000000	8.5145954681449432	147.7610893571784345
 74.000000	9.1535635728444138	100.2421179695259070
 75.000000	7.4877030306284800	142.4261020365329955
 76.000000	8.4707050340124290	143.3974376813250728
 77.000000	6.2220732274845298	144.6416858890634956
 78.000000	6.7256925988515093	147.4718170333912326
 79.000000	6.0656428275368857	152.6624626597540555
 80.000000	9.2731109778026877	132.4401437918065483
 81.000000	7.4726781884002635	142.6877663336133253
 82.000000	8.8926080455553365	146.0126992096666925
 83.000000	8.8940659249449681	133.3261592456854601
 84.000000	6.9774985083258088	104.4308371598694833
 85.000000	7.0963279551409268	101.9791501574088670
 86.000000	8.4347776023529661	124.6968864464285645
 87.000000	8.7245171862191899	137.5879073650058615
 88.000000	8.5079860741894038	150.1451727057651055
 89.000000	8.2556194903378906	150.0882230881310591
 90.000000	8.6512214637353058	138.3342918115950511
 91.000000	8.9508810097669134	135.6938198257771546
 92.000000	8.5174752512914189	154.2714863902994011
 93.000000	7.4406583357585188	129.4424212325955637
 94.000000	8.4483496969585516	163.3803795981904727
 95.000000	7.9018350643756996	132.4673272730522626
 96.000000	7.5311882732750677	138.2373341812790954
 97.000000	9.0216113876610695	116.2099491938780318
 98.000000	7.8086468919411249	151.2569981083659343
 99.000000	8.1986745449663339	143.2554888158956885
 100.000000	8.1860154749490679	152.2027918537537516
 101.000000	9.0180249624077078	134.2495662225443027
 102.000000	8.0996280158382561	145.0403366235248086
 103.000000	8.3288936111469454	165.1526690512478979
 104.000000	7.4651303337965400	142.3519861296594797
 105.000000	9.6956598239801099	124.5434607706173438
 106.000000	9.6683077644609554	136.8903021312368935
 107.000000	8.1415218515797427	153.8619748874921243
 108.000000	8.3100714116580789	140.3891610811354269
 109.000000	6.1451032897412627	131.9566565382340002
 110.000000	6.5011080642434971	159.6140340564425912
 111.000000	6.1475687684184601	155.5482996518092023
 112.000000	6.3958900889403782	122.8238808377232658
 113.000000	5.5952613418247070	160.8468856082947696
 114.000000	5.6235061630637500	140.3030672584026775
 115.000000	4.9657341052682620	133.7024211377755307
 116.000000	6.5720581092106425	166.8054597537968675
 117.000000	4.3515661343610992	141.0761292764049699
 118.000000	5.8034267917417983	136.8504183644702152
 119.000000	5.5836742210608108	138.2306316941126738
 120.000000	5.3638146302963063	156.8057159265432574
 121.000000	6.8166057896016978	151.6391864655439008
 122.000000	5.5538818032261208	154.6423488926059235
 123.000000	8.2607776115948397	113.0659273324958463
 124.000000	8.0557517808414723	139.8468026955420385
 125.000000	9.4544396915077122	143.1391154167728530
 126.000000	8.4618538918249442	151.2476052587205970
 127.000000	7.7176353599727072	126.0004720623403216
 128.000000	6.4073091287925887	126.1125618081594268
 129.000000	7.6247321060246502	139.7791355046603030
 130.000000	7.5295721249337335	106.3499946769805433
 131.000000	7.3179664919174332	127.2871280333665140
 132.000000	8.2217221941747916	139.8538252432899753
 133.000000	8.3563616714380764	136.5728688546328442
 134.000000	8.7881821554700199	147.7099054338223709
 135.000000	7.7481120434857109	160.1627443086295841
 136.000000	8.0201028602608453	130.7054751088299724
 137.000000	9.1676161044526623	138.7735287889835547
 138.000000	8.5766863506193793	118.6931846355679738
 139.000000	9.2044116076703606	128.6115733298776718
 140.000000	7.5449229769088220	137.1332543526817176
 141.000000	6.1198028616187088	144.9073839254295137
 142.000000	8.9095520503914223	120.5666527676548583
 143.000000	8.6454309489076042	145.2155447556714023
 144.000000	7.7584095618378406	146.4125456265600462
 145.000000	6.2290140771185101	126.6619880037702757
 146.000000	8.3719835405465872	142.2699844221117758
 147.000000	9.0401911209899968	111.8495373753812459
 148.000000	6.9603655729819902	130.6292552601973398
 149.000000	4.8457524793108577	129.7291454488680245
 150.000000	5.5182863710655212	129.9807674779076194
 151.000000	6.3647036676946289	142.7502019720329827
 152.000000	8.3886043313901464	143.7654229441768621
 153.000000	5.9494844679870384	147.0709174534217141
 154.000000	5.1568068931038455	145.0733194554427996
 155.000000	5.8925358039552229	141.6572161050903276
 156.000000	5.8525712912309800	161.7747970679602929
 157.000000	6.0995805683523701	147.1550612301044225
 158.000000	7.8725621497990694	128.6816673947676577
 159.000000	6.1236024941205516	159.1344502132146772
 160.000000	6.5979675103862281	159.0315403564596579
 161.000000	8.7296939252348853	149.2791366021089914
 162.000000	7.3472961019683813	137.3534926654536150
 163.000000	9.2833176185426289	143.7287421321906322
 164.000000	7.5956007384677759	157.2136313750080490
 165.000000	6.5412581170404156	144.0419886950067792
 166.000000	8.5201780260039435	147.5313204099724658
 167.000000	8.7688798471910374	126.0208462026753580
 168.000000	8.1130957586927241	133.7037494877480697
 169.000000	7.9964601300321370	127.9551871144052200
 170.000000	7.8401688507516356	125.2750837869216411
 171.000000	8.1577294791343800	145.1120948416381111
 172.000000	7.3568029295433730	109.0089792810418885
 173.000000	6.2576627250008494	124.2598285939377831
 174.000000	6.3375961338631104	136.0292898903009871
 175.000000	7.4186157142274025	143.5977226096727009
 176.000000	6.3023866896946048	133.7785506408099536
 177.000000	5.6695723152927400	149.8652426766383599
 178.000000	5.7965439000277117	141.3722435671549817
 179.000000	5.5654974010806013	162.3470934263233971
 180.000000	4.6067915459243451	134.5655860156217614
 181.000000	7.7503659495958042	152.6989080183172121
 182.000000	8.8589560989556464	152.6676618544834980
 183.000000	9.4355087120953200	127.1342988489551260
 184.000000	6.2315049118524257	156.8664226378980970
 185.000000	6.0047798872658777	139.1513203525601057
 186.000000	9.0310243448197713	145.8442534557599117
 187.000000	6.0653942023794780	127.4526156189465382
 188.000000	4.5726562006749729	129.3487433735080856
 189.000000	8.4223517107709327	110.5408793975315547
 190.000000	8.1632885646116744	151.7829547111805368
 191.000000	3.5692200473805289	128.3077328306218590
 192.000000	5.3632773112542766	143.2783989579279194
 193.000000	7.7021585414470550	131.5686934832422423
 194.000000	7.9331474005237483	110.3994203413682555
 195.000000	8.0188508715246325	134.2589517350313315
 196.000000	7.7029849449919183	135.1735678011286268
 197.000000	7.0059859207993984	138.9754422140194947
 198.000000	7.1273531853583165	151.6122192329070515
 199.000000	6.2495921861384600	125.5189087670518404
 200.000000	7.3001459155142410	149.6121562510486456
 201.000000	6.8239125410606558	152.0075876825565615
 202.000000	8.7357263991551868	148.9735824113414822
 203.000000	8.3249168905556381	159.2026397562944453
 204.000000	9.2566440073807801	138.9500189071694649
 205.000000	6.4813459655378045	138.5771956548992989
 206.000000	7.8313889133129315	147.4343489440392148
 207.000000	4.6084196297700712	161.0016894967702967
 208.000000	5.4299934674402826	156.5305879784462206
 209.000000	6.3018420503343187	144.6240067388387729
 210.000000	5.8015275354584785	141.3597426000402209
 211.000000	4.6476487339267578	163.0152655696754493
 212.000000	5.3835465498852360	156.3968674627738835
 213.000000	7.4022161550431269	135.8760623348545664
 214.000000	7.7432901309762707	122.1303438176615543
 215.000000	8.6268804336626950	151.6824369638408712
 216.000000	7.9982060744824839	130.3272036202115771
 217.000000	8.8491793187824701	149.8027384233083126
 218.000000	7.5109440046866141	157.1428176971937205
 219.000000	8.4174471771116988	129.8182103378701981
 220.000000	6.4627771177762572	148.2342629689933631
 221.000000	7.7756003336266248	130.8343604812534693
 222.000000	7.5812877181783120	125.9257827247978128
 223.000000	9.2137197157169606	132.5518044432182592
 224.000000	8.6443004073860514	132.8157341660727013
 225.000000	8.0027433355326476	116.8937222543247856
 226.000000	8.8455360431356969	155.1521802859057857
 227.000000	7.8566444894492680	149.7587930355720118
 228.000000	7.5683965782454772	110.8738081746601978
 229.000000	8.6096522527814852	132.9401940706581229
 230.000000	6.9497866193946534	119.9221299044989308
 231.000000	6.0524291372398489	116.4926207091337176
 232.000000	8.4460182386521492	160.9752580967319204
 233.000000	7.5404524657780110	149.3141569762093752
 234.000000	8.3383555985875653	106.5468836260822343
 235.000000	6.0726711343219231	144.6364343494307434
 236.000000	7.4594832790441563	129.9594703408041312
 237.000000	7.7983467927510191	156.9606066892375225
 238.000000	9.2451026928700628	127.3648548932640381
 239.000000	5.5869594538185021	145.9631875024392684
 240.000000	7.1072203575143877	121.2804441712966934
 241.000000	4.7042127598707255	150.7461319208358361
 242.000000	5.6764568574080014	152.9148050711822293
 243.000000	8.5035457260511951	143.8040544854951577
 244.000000	7.8493430792262657	156.3367567505545424
 245.000000	9.7260622649947130	130.7040086241551649
 246.000000	8.9181556150002805	153.1881194555342915
 247.000000	9.1106077544931381	141.7903179026062048
 248.000000	8.5802788927209654	128.4004089690481010
 249.000000	9.0726031319095704	133.7647839376293177
 250.000000	8.4323048545571044	143.1603658937086152
 251.000000	7.4035496227526858	144.5652094049093535
 252.000000	8.0355507340798660	153.7704215861743080
 253.000000	7.8285968190196513	134.7816487889144241
 254.000000	5.5274819826909818	146.7641915026841275
 255.000000	5.5167277203670331	130.9265479760967708
 256.000000	7.8544437978570354	149.9375307780096023
 257.000000	9.0229486365374463	143.4782290358921273
 258.000000	6.0897641205276773	153.9831484813006170
 259.000000	8.8384953161358908	144.0540685651072010
 260.000000	8.0558968847564252	146.2872378770385637
 261.000000	6.8551646849644694	135.3695683920303736
 262.000000	6.2992804334612051	155.8583140057497474
 263.000000	8.1281940986090024	140.0649406331160094
 264.000000	6.3176399634385580	144.2771796794373245
 265.000000	9.5017808987640571	147.5574716844988643
 266.000000	6.4080963515274432	139.0744083079166273
 267.000000	5.3840172096102039	133.2720280778344772
 268.000000	3.8727544386603516	82.7402778339220220
 269.000000	8.2332152426558753	159.2125493758366872
 270.000000	8.5566587181522955	138.4123780726883126
 271.000000	6.6619017176349828	127.7247552015325169
 272.000000	8.2506472610761694	126.1864967317554971
 273.000000	8.5286012985639648	146.7791661580319555
 274.000000	7.9899364818305605	160.3621514089088294
 275.000000	8.4598092629564210	136.4599572560801732
 276.000000	7.2688413943564862	112.9477395089480183
 277.000000	5.5710934171577087	165.1402827981206656
 278.000000	5.3565878173799515	170.6500974161293414
 279.000000	6.9297144003687796	150.2019717447414280
 280.000000	5.3243152974654286	128.5365776389934922
 281.000000	6.3551564377579455	142.3613194137743392
 282.000000	4.8878581841513533	148.0970276167134898
 283.000000	4.8639026042675502	144.6613767813313132
 284.000000	5.2065651784264189	159.6452727912666489
 285.000000	6.9174994180559439	142.3472496661768503
 286.000000	7.0649900121541327	146.2886679472840683
 287.000000	4.9844128712788258	153.6408104757365152
 288.000000	5.3926135676829992	147.8343862698948215
 289.000000	9.0042132966992412	136.1687535320000393
 290.000000	7.8582382196650897	153.5313269287985349
 291.000000	8.6704346681589364	146.1310239206968618
 292.000000	8.0466488008244017	119.1350774276032496
 293.000000	7.6289737266286792	148.1849362025838843
 294.000000	7.6371024831664807	165.9918821655224122
 295.000000	8.0865664595004763	138.9113125621712186
 296.000000	8.4226509410610344	145.8478536484578285
 297.000000	8.2483647247830874	129.0501051865224156
 298.000000	8.0416282475313103	150.3984258445821069
 299.000000	6.5501025322776849	131.3790485125383327
 300.000000	7.7331887448273440	131.3370358369138842
 301.000000	7.3529535882447332	154.5788639352522296
 302.000000	6.6505726383281312	122.1575934514850132
 303.000000	5.5101980809177951	119.2393252555008587
 304.000000	8.3655153007806984	129.2048251586847698
 305.000000	8.4574374416375111	145.6632489636260743
 306.000000	6.7082266388829712	132.7759248989440550
 307.000000	8.8716413306679183	132.7870744297487988
 308.000000	5.8399120886256544	139.3013053902326988
 309.000000	5.6580464649719326	140.5207628368925157
 310.000000	5.3813523999712585	163.3956614152780560
 311.000000	4.7597579807501429	135.0781847913096385
 312.000000	4.7385481569561616	142.1563385256215781
 313.000000	7.7516429699805807	142.8923901798995644
 314.000000	4.6223345788147476	120.8437826371853703
 315.000000	4.0776625185684914	137.2643701624337496
 316.000000	7.7646423842166952	108.7929482035076916
 317.000000	6.5384098735610294	138.2327848986796823
 318.000000	7.6175922917222447	138.4173737659320977
 319.000000	7.9213449455169718	128.1552805326446958
 320.000000	7.5454818484924875	151.6661349630926168
 321.000000	7.7088407831997046	155.1697186307255265
 322.000000	6.3159000637580345	141.6577448120577287
 323.000000	7.3878090478510030	136.0018840519242360
 324.000000	6.4058757990186521	131.8261551848174236
 325.000000	8.5050561487649841	135.3864257447601744
 326.000000	7.4261701368536199	134.8974103698954252
 327.000000	8.3087930249254445	108.9260676198244937
 328.000000	5.8996361607031487	121.6596839926511251
 329.000000	7.3234753943934132	156.2310915790653780
 330.000000	7.8197085386345355	158.0525979707182387
 331.000000	8.0352625976089307	103.1629574891913421
 332.000000	7.1824900324596728	78.3600132654799637
 333.000000	6.8813736440578728	122.4426727251727698
 334.000000	6.7544967959143838	119.8450783904357024
 335.000000	6.8932036479648060	42.0262232017136910
 336.000000	8.3444243731849301	88.7252922121201379
 337.000000	6.9295114538823217	43.4894596454083171
 338.000000	8.5957262649295050	109.8047844342176944
 339.000000	8.1738073308815604	126.9613628556651861
 340.000000	6.2476660252966880	36.0658837783867341
 341.000000	6.1089922337439804	128.0540194232035276
 342.000000	7.6658243015518108	131.1963467442076876
 343.000000	7.5319423837730763	108.4490130950100308
 344.000000	6.8968598180313361	58.3596225027936981
 345.000000	6.3175480202234278	26.1166373870463815
 346.000000	7.3788998185300088	142.3122387647482583
 347.000000	6.2899390702149152	87.8954393551913995
 348.000000	8.0829662236288300	119.8156385951740219
 349.000000	7.9033860927673443	99.6813845809798380
 350.000000	8.6754247901629142	103.8059826339136720
 351.000000	5.6807220463165082	104.8429769695317617
 352.000000	5.0487272568091308	91.1395234424791170
 353.000000	5.6319182479818677	46.8269124751525112
 354.000000	5.0716174871687523	95.2571897759080457
 355.000000	6.9803958653636533	59.9930167831672918
 356.000000	6.3028570267570352	23.2611987588715863
 357.000000	5.7427945018542879	53.2030894949767514
 358.000000	8.1779162928823617	89.1721899357354744
 359.000000	7.6840854416562836	57.9233828497639109
 360.000000	6.5215769261987724	59.0769685212591895
 361.000000	7.0583001914027852	107.9434623133648898
 362.000000	7.2479846504363312	63.1467975663381083
 363.000000	8.0136350173345132	111.7235718480670812
 364.000000	8.3666996736952228	100.6111485772862295
 365.000000	8.0304486508942095	73.3097772999684167
 366.000000	7.3055346510581654	74.2888102351587918
 367.000000	8.2110509198776054	91.1987969273302497
 368.000000	8.4434037527735271	94.6816488494635422
 369.000000	7.8510167211761859	117.5508263240941460
 370.000000	6.6867490785830803	64.3979547967232406
 371.000000	5.9463709764998702	56.0782364727747193
 372.000000	4.9646878548490250	59.8061522132176577
 373.000000	7.4742829621036329	122.4496979646601602
 374.000000	8.9245511829844695	111.8705708519514417
 375.000000	5.6495154172440438	65.8647094015314138
 376.000000	4.5694030017622085	64.4614059967406234
 377.000000	7.4649418320962599	24.5768725356496134
 378.000000	6.8758739789446439	125.0247142387941039
 379.000000	4.3571128941200890	93.3604853223208693
 380.000000	4.9507940472954672	47.8969196653947904
 381.000000	4.9713091571214196	109.0547435347451000
 382.000000	6.4140451206089963	38.5797081749707047
 383.000000	6.1591570284344197	55.5702414292934321
 384.000000	5.0721637728300406	55.6532111385473343
 385.000000	5.0340241666491554	42.0099377335416762
 386.000000	7.4092756985932935	45.0485535260265806
 387.000000	5.2995572758497822	33.0306853796677444
 388.000000	6.0234965882008256	62.7197967657600657
 389.000000	4.1835608475519077	51.6240253223612910
 390.000000	7.1089319872632482	55.0828540238679949
 391.000000	9.4937232913362877	88.7146838640390030
 392.000000	4.0831265099222005	42.8317047867087410
 393.000000	6.0741352236848485	39.5171975262346393
 394.000000	8.0051404134331605	96.2927023916304563
 395.000000	7.0419883637178460	61.2918885654150358
 396.000000	6.7470487494406077	52.0567547695871440
 397.000000	6.6304387523779429	60.9615981664385060
 398.000000	8.3100235189153615	139.7187551389208124
 399.000000	6.1397066950399495	66.5700615220684853
 400.000000	6.8464295177083230	59.6473401305998294
 401.000000	6.8947039334246618	62.4776226599009732
 402.000000	8.2111405034675737	56.1797511764321627
 403.000000	7.2735930252143088	78.6789801932449677
 404.000000	7.1177038687377587	56.4890033727641878
 405.000000	8.4992324785702209	108.8764651147304647
 406.000000	8.3203559908283697	128.5701312572927293
 407.000000	5.3039255256156705	47.8265721977433031
 408.000000	6.6937675274375144	32.8543804741532028
 409.000000	5.5877494947771442	33.6833139472954883
 410.000000	6.2384575781024632	48.8936865909128358
 411.000000	5.5784775966012665	42.2540627804835367
 412.000000	7.2338308236533013	107.0706971697560590
 413.000000	3.8969250257353925	125.1099915385522792
 414.000000	9.5814790857026644	122.1065787165818790
 415.000000	9.4666940565940774	110.2422360470645089
 416.000000	8.3025238848660123	52.3829601468046633
 417.000000	7.9682441179748276	73.2216881614845079
 418.000000	7.6329802638645781	60.0538211457759132
 419.000000	7.5446903782313717	39.4894447901809258
 420.000000	9.0352885580110200	95.2887842623612471
 421.000000	7.8336087287738128	81.2194364500238635
 422.000000	8.1379841739372232	71.4823901428877804
 423.000000	7.9688912740374169	46.2449988424208414
 424.000000	9.1031122222659615	103.8072077837554446
 425.000000	8.9926062428628271	86.8369707670558029
 426.000000	8.7928596963375227	113.7035437891056233
 427.000000	7.8366670231278874	59.6807194018167024
 428.000000	8.0033652249459148	103.2700275953138487
 429.000000	5.8700984134025402	38.4692038605448090
 430.000000	6.0889977904215504	34.8644098581168578
 431.000000	6.2561948238713825	121.3827581131439501
 432.000000	5.3258022640050378	44.6747264120831460
 433.000000	7.1703753614785404	44.0367287520659261
 434.000000	7.2032620888380468	62.8447492399215690
 435.000000	8.6648587359077496	123.0544734933512245
 436.000000	8.6413607112359276	59.5639292302282115
 437.000000	8.4174525586918083	50.1067018630352266
 438.000000	7.9980541247611940	47.8315291466583687
 439.000000	7.3924269295816192	58.2436700418377029
 440.000000	7.3780093717897648	106.1700023077501385
 441.000000	7.6364465662666365	47.0079088358467061
 442.000000	7.6698734244347220	112.8976149469613546
 443.000000	8.4346738357377085	87.1653208903543941
 444.000000	7.7620183943393073	130.0810618565396908
 445.000000	5.5659107627207813	34.5181275718303766
 446.000000	6.5636974137443120	50.5731221404249141
 447.000000	8.8211077409639600	67.9217152051000141
 448.000000	7.7764733653552298	60.2189262608725500
 449.000000	6.7736172052508756	120.9805300251094309
 450.000000	5.2697020197470588	36.0283946817054925
 451.000000	6.8678727123735959	34.6326423639623329
 452.000000	7.9340759544976933	52.7892055192591698
 453.000000	7.3605690087316900	55.2057293318154478
 454.000000	9.1271304749245896	111.1249342641922908
 455.000000	9.0299844080509235	86.6293815818241626
 456.000000	6.8577694189660150	56.1724608696178223
 457.000000	8.0072494464016977	65.7756949771480066
 458.000000	8.1332030444125643	47.4850847333198942
 459.000000	8.0640292564774185	101.5391667301238243
 460.000000	7.2640990148160354	105.9103341665238247
 461.000000	4.9312369270252354	44.6477615296469708
 462.000000	5.6616057800501070	42.9016239848422458
 463.000000	5.0532498555680494	53.2202196940987022
 464.000000	6.7220715204943984	92.5755178651513546
 465.000000	4.8283716482768506	51.8228687474788501
 466.000000	5.3777890977431984	70.7994923329254391
 467.000000	4.7192356203613066	53.5213658916709534
 468.000000	3.8060229399772951	7.0035111019894885
 469.000000	7.2435231270563936	65.9844528860269719
 470.000000	7.9409433576387167	62.5035716571267983
 471.000000	8.7899085427902595	136.9324350329719095
 472.000000	6.5556063163107083	37.6928207402443718
 473.000000	7.6018923599269144	85.7809775441801037
 474.000000	7.0397377654240900	52.7968058047409272
 475.000000	7.4406823788588365	139.4509838454411579
 476.000000	7.7599126069941349	74.4228170789063768
 477.000000	7.6381826342156085	116.3874246031738693
 478.000000	9.2729323839083477	110.1127095825354871
 479.000000	8.0581290226509612	46.1622340094247932
 480.000000	7.3414844485028716	79.9374081392412847
 481.000000	6.3262806368429985	40.4697373888868981
 482.000000	6.1763619400482845	56.3784268471082299
 483.000000	7.2975347600912723	43.1396091169213776
 484.000000	6.9182862367805189	40.2119773170250312
 485.000000	8.7774460140328774	95.7612444943431314
 486.000000	8.5989470510509154	121.2899156234469018
 487.000000	8.2444251048613761	107.9909551349542198
 488.000000	7.1260780551822815	111.2393360950781727
 489.000000	8.1646782451011219	118.6880237398529090
 490.000000	6.7286153756846883	61.2329441459308157
 491.000000	7.5463737631708643	65.6985707800986916
 492.000000	5.2251540172126365	59.0399369737911144
 493.000000	3.2535262275145809	28.0601091704803309
 494.000000	3.9296989262212869	7.2040744207670855
 495.000000	6.0148901971833402	54.8643721954703807
 496.000000	4.7731450905348263	59.4527082261653135
 497.000000	5.4125581519771595	53.9197988169314755
 498.000000	5.5013353793888582	28.7564670324384224
 499.000000	4.9221118516926952	87.4617589567009333
 500.000000	5.4492888620573181	50.6473318818943596
 501.000000	6.4378324815578187	77.4673128682894117
 502.000000	5.5548778410167410	51.3217077277382714
 503.000000	5.4384158849692659	88.9929440270074821
 504.000000	5.8857677171378109	86.6800278123411374
 505.000000	6.2607224227455909	45.7248295970067602
 506.000000	7.5957596163126251	55.3213079432337622
 507.000000	8.0744870845338479	97.5423548070652515
 508.000000	5.4525665812356481	47.6153924033871192
 509.000000	5.4619901534348099	42.6085278960830465
 510.000000	4.7850901857475767	50.2342774952553270
 511.000000	3.9596496909229142	77.6142210448249443
 512.000000	3.3904933953864700	17.3713992886839037
 513.000000	5.3402659219222812	57.7081125200192560
 514.000000	5.1533643571683418	61.0009493615984439
 515.000000	4.8293932683969283	75.4295667611125964
 516.000000	4.7162991303877586	71.8606421364974466
 517.000000	5.3485155044424353	56.8889623821785477
 518.000000	6.5456703083326389	40.8777127109727019
 519.000000	8.2171629668338007	96.4559334617855910
 520.000000	7.2908686057548966	54.9691602669043107
 521.000000	5.8633026414030942	52.8645289333400115
 522.000000	7.3530086773408110	73.2249074304238263
 523.000000	6.9434800906217928	41.0652237136847589
 524.000000	8.8743100653421383	101.8676500803904048
 525.000000	7.2658408656416533	54.0581179923548234
 526.000000	8.9588087379930510	110.6290513088116541
 527.000000	9.3271372137739608	117.6992032377997930
 528.000000	7.9679044848250689	76.4423266776346395
 529.000000	8.5562425578161747	84.8984671482602522
 530.000000	8.1043398190146529	85.4825870066898403
 531.000000	6.3236095846360367	57.4188885413803263
 532.000000	7.2310574886499994	89.2580361568763578
 533.000000	4.6746546940086144	33.4931381520720493
 534.000000	6.4542511585345430	47.4606737552857965
 535.000000	4.7689110998636925	30.4225460017259479
 536.000000	7.1866585589198984	34.2139244985802122
 537.000000	6.9854063950022161	52.8923108291215414
 538.000000	5.8664559166245480	75.0708022652379157
 539.000000	7.9282902585503905	95.2560378834139527
 540.000000	5.5467182740245002	48.6837393859504743
 541.000000	6.8905362909606165	60.2133761509813468
 542.000000	6.5887245640907874	76.4855407797959685
 543.000000	7.1914059729406343	114.4467193738356201
 544.000000	5.2799964702668980	52.9721994197798409
 545.000000	5.4247353693352025	69.7976920267736176
 546.000000	4.6168922927950495	60.9902623339902163
 547.000000	5.3278932829399217	89.7497529915704746
 548.000000	5.2145315248894706	52.6560459749427707
 549.000000	5.6205628089196269	56.5421647934377347
 550.000000	4.8573044746648337	90.9730881566298422
 551.000000	7.1576020052931657	90.8135102097368616
 552.000000	6.1076452297861321	47.6628282248524897
 553.000000	7.4925512250588042	118.7612392713455591
 554.000000	7.8713272448764782	132.7441235397997161
 555.000000	8.0124780468789290	83.4473868410595117
 556.000000	7.4325044619933207	59.6262531953745594
 557.000000	7.6583695247397729	107.6950200056164846
 558.000000	7.5961056797441540	60.7378396469180188
 559.000000	8.8138634663556630	97.4614000025508318
 560.000000	6.8707872775196366	41.1766325130385837
 561.000000	7.6238964163981384	81.2111599587460233
 562.000000	8.9335909362794048	109.4581332297736225
 563.000000	7.4824781376001290	116.0035553955541729
 564.000000	7.6057607256328383	51.4632665196520804
 565.000000	4.3434032124224045	42.0582324003050019
 566.000000	6.2350448636473281	43.7064501879532941
 567.000000	8.2724216102862158	144.7107789841024612
 568.000000	6.3617605463486608	128.5033456777013896
 569.000000	8.2033994212271573	134.8551636303880912
 570.000000	7.4158550697259846	144.4059638178070202
 571.000000	8.1839031525736292	148.7623315124788235
 572.000000	6.0262346425525193	152.6279619152681448
 573.000000	4.8512330338066283	141.1525311078536333
 574.000000	5.8738941335990802	159.6010004050316127
 575.000000	6.0503068839213974	166.4607705378586502
 576.000000	6.1583253270774101	140.2095753996903511
 577.000000	7.2341323698391857	146.3421742547954523
 578.000000	7.7803479226029433	127.0238583968364452
 579.000000	6.6312193776584536	134.0176300073737252
 580.000000	7.0016294205488636	136.0618148453053209
 581.000000	4.5790003527606169	128.9558707224854857
 582.000000	4.3763975984246892	138.2883705277196782
 583.000000	4.9478568517261010	113.0214647792231233
 584.000000	7.5640626616593405	144.3607612564858016
 585.000000	6.0886197901736363	134.2021605406953029
 586.000000	4.8561285625441881	120.8074244731128459
 587.000000	7.7791285257836451	148.4169852286244407
 588.000000	6.7327785571481176	156.1015304709812881
 589.000000	7.1396095639272330	145.7275162548363596
 590.000000	6.3195329489849366	137.4500318875829237
 591.000000	6.9392920110215313	155.7658990067496063
 592.000000	6.5160992057006624	139.5638904717867490
 593.000000	5.8446719072777471	144.3012047027997369
 594.000000	7.4776723545285755	127.2903705625750774
 595.000000	5.8858751813807801	107.5498602357889126
 596.000000	7.7088193017075772	126.5533859248296835
 597.000000	6.9450780342547809	142.3403435388213438
 598.000000	5.0868041558519872	154.3050959801717568
 599.000000	5.5795096636207244	163.8592802279947023
 600.000000	6.6362489638797255	137.3867807836564054
 601.000000	8.5693595432436673	145.9120363719074192
 602.000000	6.1263026050472194	129.6319733909069498
 603.000000	5.3138635169775954	155.7273376732620704
 604.000000	5.3761195447199199	132.7553425606326414
 605.000000	5.4866265824289888	116.7217823372807857
 606.000000	6.2491398536155129	132.5149416911137621
 607.000000	7.5440464905733995	149.9069442974293054
 608.000000	7.9522979617424934	163.1913975931605023
 609.000000	7.8248966766054462	149.8303532211293714
 610.000000	6.9441238679101218	152.1114380056600055
 611.000000	7.2341666081266105	140.8979032955399475
 612.000000	7.5137038248250034	148.8390289711468881
 613.000000	8.1542459912933403	141.5925845198526645
 614.000000	8.2430734112333912	159.9850712812223037
 615.000000	6.6118364079226355	122.4874233699138841
 616.000000	6.0340645840890410	145.9789953402070068
 617.000000	7.7762066793426419	151.4563902885617495
 618.000000	4.5210997811303928	136.5780981210530456
 619.000000	5.0386286107651870	126.9196679492353041
 620.000000	5.3325073325207120	154.4853141101153255
 621.000000	4.8324188207960095	149.4253844079804878
 622.000000	5.7906444994038280	143.2224065057994835
 623.000000	5.6909916423373099	159.2092309944470117
 624.000000	5.9716484899066726	165.3151981382925442
 625.000000	6.9788882399277199	146.0979985447486342
 626.000000	7.1923916848269824	144.3420692104054410
 627.000000	7.7752109624933254	130.3158237201419354
 628.000000	8.3322155108823210	145.8962142387793506
 629.000000	6.2285023044766836	132.7132914331657787
 630.000000	7.9137921632851773	160.1998626008008273
 631.000000	7.3667771268684090	149.3216540046174714
 632.000000	6.7960803854725409	132.5991937563217959
 633.000000	8.7525142495580326	143.5672365670776571
 634.000000	7.9380453964311641	158.3299465251915876
 635.000000	7.8067452626516625	152.4336675948102595
 636.000000	7.2177519263819372	119.5712774866964452
 637.000000	7.1041321754479734	156.5299123916898054
 638.000000	8.4824286321208628	131.5333405050351701
 639.000000	7.8431543386633846	129.7838514151935385
 640.000000	8.4322788922423459	156.4297935215242319
 641.000000	8.2036475705642218	148.4899273756315665
 642.000000	6.3324291241374127	138.6709047761018212
 643.000000	7.7797311233410440	121.8362452680818535
 644.000000	8.1012844255047121	111.9720971541260752
 645.000000	6.9076229805289513	135.7397316277859431
 646.000000	4.6020026385198811	145.4428465727598621
 647.000000	5.6499445910040658	119.3378429682914259
 648.000000	5.1637536288865604	109.0014573564552904
 649.000000	4.3409188117576774	146.1651563918309193
 650.000000	4.9564973534628258	146.4211518435356538
 651.000000	6.3882503813039921	132.3481463219665670
 652.000000	5.8384631332070684	160.5243368891080706
 653.000000	7.2188896302731020	139.1757291130692806
 654.000000	7.5044978043585573	151.9796181560729451
 655.000000	7.8148200556596654	160.5758128113800183
 656.000000	7.1348522519754605	144.8953556972291210
 657.000000	7.8336402168437376	147.2293123476268590
 658.000000	8.3473888835380325	137.9024903402232667
 659.000000	7.0595918283652219	124.3108286602192152
 660.000000	6.0670394005718196	130.3492030947970761
 661.000000	7.1371779742448442	134.9425743714625980
 662.000000	7.6298185750192040	116.0529062360516832
 663.000000	8.4000465610848121	123.9988598379051439
 664.000000	6.3742366718777568	129.6834161154640697
 665.000000	5.8992617413189326	114.9217901968853397
 666.000000	8.2229244018941987	156.1136652578915403
 667.000000	7.6045704059520149	154.5540783723663480
 668.000000	7.3340435788820448	148.7823935224270997
 669.000000	7.7696308034491164	147.2929617850997488
 670.000000	7.2476071015948067	162.2481897117666279
 671.000000	7.7675012456668959	150.9110443500995302
 672.000000	9.4103816085635614	155.3132785792112713
 673.000000	8.6914614799395888	130.8470112092232114
 674.000000	8.4259020322484730	145.2373507856113406
 675.000000	8.9476840511528870	117.7117097043511222
 676.000000	8.1421381039796366	138.1076300508175905
 677.000000	6.1659724745439197	144.7781132836546192
 678.000000	5.5819376103241636	152.9370049356734853
 679.000000	8.2898278253360385	152.7662600318116404
 680.000000	8.6590214019700991	172.4375175214209435
 681.000000	7.6674206568899876	146.3792014863127235
 682.000000	7.8086041966532402	143.4176931582258021
 683.000000	8.0768512787698832	157.4781852059973630
 684.000000	6.4537897662680628	131.1128514290957412
 685.000000	7.1643310192744893	105.3649852388844579
 686.000000	8.9534153726235370	116.8691222204010955
 687.000000	7.3927185639036690	116.9592732574360809
 688.000000	7.7153284536256921	137.0054937182438550
 689.000000	6.4087103317038068	160.5941285970493198
 690.000000	6.7579686624791035	125.1703384709725384
 691.000000	6.3965848895793247	119.0712831473801998
 692.000000	7.6521930371147109	141.9822928812553187
 693.000000	8.8529520074183718	134.6897891413681805
 694.000000	8.5225621296570093	146.1744334491185668
 695.000000	7.0962007430327763	139.1571907496874019
 696.000000	6.8195927685433819	83.0397801068916550
 697.000000	8.1858922469102513	149.8048353792466969
 698.000000	8.0344092746214439	137.6601012441379055
 699.000000	4.3711147887664419	116.1984182392578191
 700.000000	6.0723326324768321	135.5006297592166788
 701.000000	5.0152325028454792	123.0114484954320915
 702.000000	6.0108364937850673	157.1155643172915859
 703.000000	6.0833757833204469	141.5219484105489869
 704.000000	6.5781351606619900	121.6217684518963438
 705.000000	8.0917422252194982	130.3415006808747023
 706.000000	5.1437968538576166	146.2947252864854306
 707.000000	6.4035262170129963	156.5444487478143003
 708.000000	5.9003378893714400	156.2049329598183078
 709.000000	5.7474309154577723	148.1120585595278385
 710.000000	6.0117561332496745	160.5707072019624775
 711.000000	7.0566824002098345	128.9916695265508224
 712.000000	9.2317698190295765	123.3294522323976992
 713.000000	6.4030455848925403	144.8458266730767434
 714.000000	6.4416342728277893	139.1858861774787215
 715.000000	6.5317623132041653	115.7485177035759136
 716.000000	8.7411103092727007	125.3353142155831250
 717.000000	8.0827396142999532	114.5434830382343421
 718.000000	7.8417189703527601	137.2690914294204845
 719.000000	7.3292087076539287	119.6287480631359443
 720.000000	6.3922757248561100	143.8982678881021116
 721.000000	7.3188738194901237	174.8529498842896714
 722.000000	6.0726408765129234	134.5474762135851563
 723.000000	7.0321350820385424	120.7853101425609736
 724.000000	8.2613805306036330	146.8694871019287405
 725.000000	4.1131243420398098	150.1734053649945793
 726.000000	8.4498512412521762	124.4001843514246843
 727.000000	5.5378797953064423	105.4060817040166853
 728.000000	3.6564686982339665	119.6073809138215154
 729.000000	6.6741530894135792	138.9908084071120982
 730.000000	5.4129766390889840	170.2919446842606135
 731.000000	3.5658341698218630	125.5386026090050109
 732.000000	5.6573410936272666	114.0482130260289466
 733.000000	6.0299528339008139	125.0387669300826303
 734.000000	6.7409017002432803	106.9802700487442735
 735.000000	8.4839649494643545	122.3843866568169432
 736.000000	8.1848530195614888	147.0800272592558713
 737.000000	4.5039865510881167	149.0448804329272150
 738.000000	5.7736550293196940	147.5797243159839809
 739.000000	5.9132525444221411	148.5465019921959708
 740.000000	6.8837448414382028	142.8457242789285999
 741.000000	7.0244527878709171	142.7933710938881404
 742.000000	7.2210197354337744	161.0540645227215464
 743.000000	7.6816030286863111	133.3349300644543121
 744.000000	7.9650055818776462	138.4925421807253656
 745.000000	6.5519206059603450	135.4946908081269328
 746.000000	7.4852236408028050	146.7836190775504406
 747.000000	7.6325980587306503	144.4909533721020694
 748.000000	6.8026188873500182	157.7249873866262817
 749.000000	6.1685567859101980	127.0443474943938327
 750.000000	5.8730851189175333	154.7554242704197236
 751.000000	4.8952783047402857	144.1307393511500550
 752.000000	6.6568973436463486	153.9765735317448332
 753.000000	6.9390820454355504	145.5615486630321129
 754.000000	7.6036709193977448	147.4407717993751135
 755.000000	6.9623138440453243	161.7494969050862608
 756.000000	7.6397162828478109	150.4182911167522718
 757.000000	6.9990396408229376	116.5846085940319767
 758.000000	6.4552762213305943	77.7980423711615430
 759.000000	6.3272293577892889	128.7152108260489456
 760.000000	6.9133982935162788	140.2538793673236057
 761.000000	8.2097989915445329	142.6364029616187850
 762.000000	6.9477528549239871	139.7759730152811244
 763.000000	4.4032914454068015	144.8435185125599105
 764.000000	7.4993273412321395	154.7661414025751583
 765.000000	7.3852175338872579	125.4913368429136824
 766.000000	7.8003039651604889	142.0036066712727632
 767.000000	6.6844171859881101	151.3584727506564604
 768.000000	7.4244806700751047	136.6064437686493420
 769.000000	8.1318426729732831	130.5328401110965046
 770.000000	6.7160390300285844	140.0129816477496263
 771.000000	5.4669192444689827	156.3816525485020748
 772.000000	7.5514643145077729	142.4568918441242147
 773.000000	8.2322348850620877	137.9889917526897989
 774.000000	8.3704319028170815	133.1039424130300404
 775.000000	7.9447203566673572	132.4322002754240089
 776.000000	8.4108737132440297	162.2921238294242698
 777.000000	8.0113364865594203	160.8547487764232642
 778.000000	8.4094447595747077	120.5299424960224144
 779.000000	7.9450556910797285	140.6471741324158984
 780.000000	5.8202608193489098	126.3719925014000722
 781.000000	6.5115763903738673	163.5329408431173022
 782.000000	5.7697157957419121	161.7212646187012410
 783.000000	8.1010629517508619	122.7856675341098196
 784.000000	8.3128549999852233	155.4802444841539000
 785.000000	7.4458465379066654	142.3500704153195215
 786.000000	8.2552125028374217	171.1347297225831312
 787.000000	7.3903397401398312	132.2099724548599511
 788.000000	8.0623792237260101	124.8915860214735858
 789.000000	7.3554812542638190	143.9850938533545275
 790.000000	8.2011115703085817	140.8667961179465919
 791.000000	9.5438487401945178	136.3132798433739481
 792.000000	7.3420525151819511	131.5107055508960912
 793.000000	6.6472663629526796	131.7767036850608520
 794.000000	7.1328790209108348	139.3516841755131281
 795.000000	7.2026245623116267	147.9641191992665767
 796.000000	6.2072674311976126	165.9438368302926676
 797.000000	8.1792063111347773	120.4708768028914108
 798.000000	6.8732688796825716	127.9753885585524245
 799.000000	4.8657314535605085	146.2537442610482117
 800.000000	8.3437863704925874	144.8598109353126802
 801.000000	4.0169449344315957	133.4221340388088493
 802.000000	7.0803604822696249	126.9528643574548994
 803.000000	5.2132312858680550	134.0198317969589255
 804.000000	6.6574513839660723	145.8335836894380293
 805.000000	3.8378363234521697	144.7561779061924767
 806.000000	6.2001888263129317	162.2410037675944352
 807.000000	8.3209660391976819	141.6172567788966035
 808.000000	5.5055559408086010	139.6456430101303852
 809.000000	8.0162712319485063	133.2948710746846928
 810.000000	7.4916961859549351	147.2790138939244002
 811.000000	7.1440983994982563	132.5243099568832008
 812.000000	6.3283121817153427	113.0923701647941186
 813.000000	7.4418753736219045	148.5614124105714495
 814.000000	8.2143595536973155	147.7466289259568555
 815.000000	7.5543308666085727	139.8275785092519357
 816.000000	6.5978335082647872	146.5968038765768426
 817.000000	6.6328176502957561	129.0063050441133896
 818.000000	7.3744251240355840	135.2216179026258374
 819.000000	6.0571565791698765	106.9856996526818023
 820.000000	7.6413995291626344	126.8259424470102488
 821.000000	5.4582307337172402	138.5692455895104160
 822.000000	7.8979367403225877	144.3607489353679512
 823.000000	7.2951512784073236	154.5151005792811816
 824.000000	8.0466350195453824	156.5324825521416869
 825.000000	6.7620777618021970	113.4924401718344313
 826.000000	7.1159117613135168	111.5259152660449757
 827.000000	6.8498910057236078	147.7347443788948169
 828.000000	8.8872070786938782	144.9479284555035292
 829.000000	7.4291984087695004	146.8440761387871021
 830.000000	6.7768926169094037	137.5585441500118691
 831.000000	5.6804649934741978	132.9229444135791596
 832.000000	9.1866519706353262	140.3410112858268803
 833.000000	9.4179044892873751	148.0641022321399305
 834.000000	9.3659977819603260	136.1502971638393547
 835.000000	4.3468999083143602	138.7866833336695720
 836.000000	8.4673952035158031	125.8773669911778654
 837.000000	8.7875021916997706	139.8188572310945972
 838.000000	8.0821085975525904	131.3471011067576342
 839.000000	5.9508078075789754	150.5385946539806525
 840.000000	8.7145008835545124	124.3386138825195104
 841.000000	7.6083077085786641	143.6407695043744468
 842.000000	8.6742573674978729	158.8619321049757502
 843.000000	7.6586173723444704	152.0536937439364920
 844.000000	7.2731232183334420	130.1103511703487356
 845.000000	8.9014771460752140	133.5791027364849697
 846.000000	7.6873645955371801	116.6337231501931200
 847.000000	7.2910960566517788	137.1575384110278151
 848.000000	5.8936498118589880	65.8937414726365205
 849.000000	5.9300665199739750	88.7745024441525317
 850.000000	5.3325811476656053	38.0051427295039730
 851.000000	7.8065406934809944	54.6401496462063108
 852.000000	7.6683544306491660	45.7666129941452198
 853.000000	6.3667330008836105	59.7652458497342849
 854.000000	7.2879704754203267	109.3097709864925378
 855.000000	7.8849892032813740	44.1340851566386903
 856.000000	8.3747620586591012	110.6988695609131810
 857.000000	8.0761773806323589	89.6696205724534678
 858.000000	8.7307344618265610	107.5288562073098859
 859.000000	7.6717978403525331	50.9291615640116220
 860.000000	6.5801810586136069	50.3107683318801833
 861.000000	5.8690369181209938	18.0014148406637560
 862.000000	7.6864597741542635	110.0769873573905642
 863.000000	7.8962899827396322	60.8021921419103393
 864.000000	7.7948800116062564	48.2532109004910410
 865.000000	7.8143909782962586	46.2258659168260806
 866.000000	8.2835453765328619	46.2362270234001755
 867.000000	6.2292212959741180	50.1771368130073938
 868.000000	8.6423668918870398	114.6302226757262730
 869.000000	7.4690764041374944	64.1217916516360020
 870.000000	5.8713142769185360	123.2923068539697624
 871.000000	3.6533140684191858	44.2672214187702195
 872.000000	5.2811434823468018	14.6302476385222917
 873.000000	5.4447469687532974	65.9251312850182671
 874.000000	6.3864836783432040	116.3698453780037028
 875.000000	3.9853434568447401	58.4430933228610741
 876.000000	6.5476339403389732	121.1476861575124246
 877.000000	7.3379972713012336	132.6092383246265172
 878.000000	7.8553210235922153	141.7795422390476290
 879.000000	6.9149848340130111	44.9047583812199207
 880.000000	7.9352136075463857	51.7628568892332055
 881.000000	7.9889968006983203	67.1034560648655116
 882.000000	6.6646616547282687	50.2980681213268213
 883.000000	7.2342345905535064	63.2412341576051631
 884.000000	6.5518065513000554	60.7988102637014265
 885.000000	7.1360573598638535	61.8833233049678455
 886.000000	7.5764076142186072	62.9208171269226142
 887.000000	5.0887548759016754	38.8555583662904382
 888.000000	7.0147186039429998	55.3017917557239400
 889.000000	6.7064111820599415	48.1138742923550069
 890.000000	6.2782263855773781	86.3726386894777534
 891.000000	6.0061707884690492	86.4629632016715988
 892.000000	8.1283044920825755	67.7159509986510670
 893.000000	7.4755376729991783	53.4697656227437932
 894.000000	5.6696638865706506	38.0258908847283692
 895.000000	6.7218459654292761	60.7998214061893663
 896.000000	4.5484630297934565	18.1622707369602665
 897.000000	5.4866357218088915	64.0582465878231915
 898.000000	5.7458744614167951	70.4348447777037023
 899.000000	4.9531054754422046	130.8726553173652292
 900.000000	5.9854140826635627	80.1297512390312363
 901.000000	5.1617033576398121	46.3539021807295626
 902.000000	4.4056200802449839	77.0676381779494477
 903.000000	5.3623317856996131	83.2230521691280956
 904.000000	3.7745981744614201	51.9642719959174428
 905.000000	5.4228086605324135	48.0165721331875091
 906.000000	6.9426921305120057	98.9283905118363407
 907.000000	7.5565395946885943	50.6552413828751753
 908.000000	7.5926548128170142	143.0535159277114872
 909.000000	7.7538449133584129	143.4104759151141479
 910.000000	7.9087462595610258	67.1654050503554743
 911.000000	7.1168808459563913	101.8959055723184122
 912.000000	8.5650287809899623	128.7324073567540950
 913.000000	6.8510744764869296	43.3222747213992250
 914.000000	6.9440777090609824	61.5867488530610814
 915.000000	6.8771029866128472	45.6997098272789799
 916.000000	7.2219980392737844	63.3722976614846942
 917.000000	7.8154214399442825	73.9568707642963830
 918.000000	6.3106467541259539	26.7862479764674788
 919.000000	6.9422627127730996	93.8515603380236314
 920.000000	3.6462049125552767	18.4750285366620233
 921.000000	5.6512354421048681	56.3961591596640517
 922.000000	6.2220192360727360	124.4586502539453647
 923.000000	4.9532731806303252	71.4295368950810712
 924.000000	4.5475270829583403	71.2320959177732789
 925.000000	4.7246981984242016	52.5631712174299537
 926.000000	6.5434136560515581	99.6620285050800874
 927.000000	4.9079650942894366	63.9323206279704976
 928.000000	4.0013400573297968	49.3765211505270827
 929.000000	6.9000237810028828	102.7470934650956025
 930.000000	5.5730329491347073	47.7762733403666573
 931.000000	6.8970502060701602	116.9214218009397257
 932.000000	4.1154752072728478	68.8765747805480402
 933.000000	6.3308245587159862	129.7786571639568649
 934.000000	4.8892985651284846	13.7568700276297591
 935.000000	6.9252483278520360	104.9328514002424129
 936.000000	5.3788500848610044	44.8158014490593644
 937.000000	5.2075981348549192	52.3863680130297809
 938.000000	5.5571173025140768	47.7099357411109111
 939.000000	8.8701974624828939	115.1771264516821418
 940.000000	8.5612012010387417	105.8349685011751973
 941.000000	7.8944034580616478	109.3583738376376857
 942.000000	7.9384005549710341	124.0875716594189555
 943.000000	6.9888056514217363	122.9372274398902789
 944.000000	5.0871116617739416	46.8671150892542130
 945.000000	6.8152175499303391	56.0349023132047392
 946.000000	7.1291476201028097	50.0447840806885438
 947.000000	7.7776305310057490	111.0165322714697140
 948.000000	6.8156838285582539	55.1499521637061179
 949.000000	8.5452933433724176	124.0493251769541985
 950.000000	4.7909931256896545	36.3703707414905750
 951.000000	6.5352818934378005	23.9145994295398339
 952.000000	6.2086261592974958	25.4532934019683239
 953.000000	7.3261789473797734	61.4782702313853946
 954.000000	5.9708863494946431	37.2850167122169012
 955.000000	8.2794638926607362	113.4838209286509851
 956.000000	6.9110264975508873	38.8191930572629929
 957.000000	7.1205732821683103	67.0598045598541574
 958.000000	7.6186248475774132	60.0845759986051462
 959.000000	7.7149281438860307	48.5713429468509617
 960.000000	8.6683514805014887	119.9082309860604028
 961.000000	7.6414181483793815	58.4891807271237525
 962.000000	7.3313131646608811	47.6134722817099885
 963.000000	7.0707868973438837	57.0347839922560667
 964.000000	7.1797200276755451	52.7435883509192962
 965.000000	7.0382866423401449	47.8596930748452394
 966.000000	7.2573974240484098	51.2154644360861369
 967.000000	7.7750022815671658	115.6833458509961901
 968.000000	6.3543775167826668	38.1645488003471200
 969.000000	5.1156467631816831	47.9842018310257288
 970.000000	8.4353371309844078	122.2706727218608052
 971.000000	6.8746997863185859	47.4670987926869543
 972.000000	6.8680244833958604	40.0941778725723452
 973.000000	7.3055017276062273	58.1056886265703696
 974.000000	6.7361235795881296	48.2165844054545971
 975.000000	8.1265282270529280	98.6617527374787215
 976.000000	8.0899407660771683	129.3557365525650766
 977.000000	5.9032605890284904	41.7124405294496512
 978.000000	7.3857316592046791	61.1625112938349815
 979.000000	8.6510638738703189	103.3618731880428214
 980.000000	8.1184022972318104	58.9468023718858944
 981.000000	6.1250772941188707	62.1340180295448476
 982.000000	5.7375132692370858	79.5458606656295046
 983.000000	5.5481293506573772	86.5884257692752328
 984.000000	6.5712946674684130	68.2448057494917464
 985.000000	6.7455533307286446	73.2872051563657294
 986.000000	6.1067875991562053	42.3972324187494678
 987.000000	7.9561868212747235	107.8513812143252579
 988.000000	8.7498688271883225	107.3557641672312712
 989.000000	7.2245183255741638	48.4972304171892574
 990.000000	6.6119674520747678	42.6268930563722677
 991.000000	6.0875474807748908	129.7846056175945932
 992.000000	7.6777225312830266	96.9254185737637499
 993.000000	6.0309621923258598	54.0630260748977918
 994.000000	4.9048484554083620	39.2891644923580827
 995.000000	5.1365894557833345	114.7073960863333042
 996.000000	7.2291424981731947	50.1520325393064468
 997.000000	6.2148690500234176	39.6178592111054684
 998.000000	6.7128341318599771	63.0105847598919553
 999.000000	5.9540034436117342	56.6762482440049951
 1000.000000	5.3184055560460921	46.3843904092312300
 1001.000000	5.3680387117467738	57.3102603537545008
 1002.000000	6.1088490342143658	121.1131793882864685
 1003.000000	4.7066467977550435	70.6816548103055453
 1004.000000	6.0260309450975464	67.9582333117740944
 1005.000000	4.4521738383382345	53.4952643157990906
 1006.000000	6.2603577591916189	116.9449744111915095
 1007.000000	6.5684090248403502	115.3248596700169628
 1008.000000	6.3976849450022240	125.0256761593649770
 1009.000000	5.6782996596333009	44.8679579219505342
 1010.000000	7.3800557622809402	38.4025142408801230
 1011.000000	7.7960119987886687	65.2132606462783855
 1012.000000	7.6088934552798539	57.4581865999183066
 1013.000000	8.5510696948130782	110.1346230338933623
 1014.000000	6.5740427685247917	97.0196360825978701
 1015.000000	6.6891028859584454	119.3133284306296531
 1016.000000	7.4797037895574867	64.1553128668136594
 1017.000000	7.8082603271588464	52.6545363348493112
 1018.000000	7.5681624186437908	62.9478864395602074
 1019.000000	7.8182916384757064	86.6652363568496895
 1020.000000	6.4003089720922510	57.6966401298679443
 1021.000000	4.7247061484256312	65.4343388315206909
 1022.000000	6.4538301913019929	103.2128529490392879
 1023.000000	5.4185616433787027	64.3233261271744396
 1024.000000	6.5643708753600034	100.5826095188941594
 1025.000000	7.7907298379778629	123.3803586323954562
 1026.000000	6.6962381347107316	61.8938284131296115
 1027.000000	6.8853707679261422	53.8652620788525383
 1028.000000	5.2821434538848662	43.6121385096192569
 1029.000000	4.0945665618983007	114.0599942615166356
 1030.000000	5.4184709293224493	43.6413084639124236
 1031.000000	5.3359441017451879	51.3068956167117562
 1032.000000	6.1271370083631380	62.4764537635904134
 1033.000000	7.2609177531117988	41.9047018987758690
 1034.000000	6.8082155262416704	76.7702253165654440
 1035.000000	6.5585634426646227	56.7698041683087382
 1036.000000	7.9281893668722061	47.1295609311106602
 1037.000000	7.6779556713309978	52.2952439936262152
 1038.000000	7.4123535986037217	38.6494636790103527
 1039.000000	7.3533414973971585	36.0549446369075213
 1040.000000	7.5231689946845517	103.8846905772410167
 1041.000000	5.8493589969100404	51.7752364743511464
 1042.000000	8.4672500630019449	60.8151061276671783
 1043.000000	9.7977519209345072	123.2065485753543328
 1044.000000	7.8643694556157522	54.8799183630200957
 1045.000000	8.8504469721276102	102.6454121884313082
 1046.000000	7.7446356742333107	86.9867267172014635
 1047.000000	7.1273783839557732	42.3702538858092339
 1048.000000	7.1731998881249961	89.1151360907559962
 1049.000000	7.0891584572857322	120.7495604817953279
 1050.000000	7.1319066532394411	70.9518593480126754
 1051.000000	6.8615020002703515	36.2646791834982594
 1052.000000	8.0922196704670242	83.0654405167118028
 1053.000000	6.6633789344447365	69.7247476632208105
 1054.000000	9.0518201151242863	107.4964224733410845
 1055.000000	6.8612313254106603	38.0708640323236693
 1056.000000	5.6346992721974170	45.9270796928124128
 1057.000000	5.4435397930362219	47.2362582431759961
 1058.000000	5.8580238310362738	38.6405782143482384
 1059.000000	7.1281872105127002	45.0889725720326737
 1060.000000	5.5292708011566871	35.8715291096652606
 1061.000000	6.1844674578942849	30.5053413978202457
 1062.000000	4.9951624962998142	19.5041234153621019
 1063.000000	5.8425600572580887	55.8874165160093668
 1064.000000	5.8915932640917026	41.4165068275384556
 1065.000000	5.4257984798362031	15.9414964590832824
 1066.000000	5.3833944980640638	50.8753508336861557
 1067.000000	6.8495680078675063	29.1567461258124183
 1068.000000	4.5529492230192234	69.0768492550652127
 1069.000000	7.2591315610123486	41.2480722837566987
 1070.000000	8.9347164322933690	103.7833572096310633
 1071.000000	7.9182232129941816	69.7091177075044612
 1072.000000	7.2865617939031200	38.8961012759369282
 1073.000000	9.3660999806581060	93.4598906547791728
 1074.000000	7.4218809920115909	70.7082278437816569
 1075.000000	6.7795219013416039	81.4583664029861438
 1076.000000	4.6895940047490843	62.2019581408620184
 1077.000000	3.7704283351289893	62.2504942157920311
 1078.000000	4.9828933321188487	52.7946923376006936
 1079.000000	8.2521782570903124	124.9519176912667433
 1080.000000	8.0401058148839262	66.7521657636185211
 1081.000000	7.8341545139387714	63.2623988855077926
 1082.000000	8.1376565687111579	52.2069818811548885
 1083.000000	6.7676999485796268	78.7752240834229696
 1084.000000	9.0795221362367897	106.3392855888835982
 1085.000000	4.1797296405499473	29.6694203626701096
 1086.000000	8.6253049106321669	96.7037836711614176
 1087.000000	6.4415614780273582	24.1796489115884867
 1088.000000	8.2889494170102367	79.2517607843271179
 1089.000000	6.6459880573850194	57.5586630575606790
 1090.000000	7.1310788194999182	42.7337477735920857
 1091.000000	7.6340532382941815	61.0678084772129210
 1092.000000	5.3857927880557090	48.3977731949750591
 1093.000000	4.5763342162430751	73.4588293953642619
 1094.000000	4.3320967017396006	66.4346413066199801
 1095.000000	8.5003170661799139	90.4679177333820803
 1096.000000	8.2314731754924750	116.9595115851569034
 1097.000000	5.3978349389381588	40.0238289377616070
 1098.000000	6.9734572661750853	79.3997992862065871
 1099.000000	7.1765409709868671	67.9482317805584017
 1100.000000	6.3950564908609717	67.3136162045921509
 1101.000000	6.3854911221028043	56.9451178800022575
 1102.000000	8.2195388894107406	96.6903100071437507
 1103.000000	7.9914310917349427	68.0348205010859175
 1104.000000	7.4542624523339365	72.6327423567730932
 1105.000000	7.4557429919465736	47.3085238982787928
 1106.000000	5.0857381156826955	56.1056803199956704
 1107.000000	5.1502001952248442	91.4347851232193136
 1108.000000	3.9010075082507183	48.3263561483972808
 1109.000000	6.4109761164147701	129.9922052661937926
 1110.000000	4.9311987648884923	100.7512996574090209
 1111.000000	4.3367907679646809	94.0771996345467016
 1112.000000	5.3479130690145071	86.7740490311269070
 1113.000000	3.5545819554191134	44.8413581835579009
 1114.000000	7.0801328519361109	122.0320955253734496
 1115.000000	5.1731070299406481	54.7310058516001448
 1116.000000	3.8685708923226398	69.9517431633697413
 1117.000000	4.3919547554657568	65.8958227247447894
 1118.000000	7.2003174406831176	120.0196705191530810
 1119.000000	6.5836359218998570	96.6800421651308142
 1120.000000	6.1096189500598372	84.1154973854145709
 1121.000000	4.8005388448575257	98.1842769608617232
 1122.000000	5.1515116144117465	143.1259250170335804
 1123.000000	6.1288426613713911	113.5098122426626190
 1124.000000	8.8087363280696955	125.6122670477157897
 1125.000000	7.5463524165026827	140.9959452105119340
 1126.000000	6.9701394165522963	145.2089059286730617
 1127.000000	6.8629502088395515	134.2914230913303015
 1128.000000	7.4702799055063833	148.0857141158128343
 1129.000000	5.3885280427251905	162.0222992166946767
 1130.000000	7.5641509702787326	126.4436074272203996
 1131.000000	7.3924328817911613	136.4118556200889429
 1132.000000	6.7341743547122075	137.7125806427154942
 1133.000000	7.2448221310630201	156.1615783744965995
 1134.000000	9.0674013689419830	154.4289959405045636
 1135.000000	6.8797564851360269	150.0584091475624575
 1136.000000	7.0683101064201459	141.1788967615953538
 1137.000000	6.2386440276488946	113.9163955500909680
 1138.000000	8.6354643396718913	117.1350214211663427
 1139.000000	5.5205773766806505	136.5197515582723895
 1140.000000	7.1624323911013512	117.9695351029135253
 1141.000000	8.3601868155378067	107.0737917059487643
 1142.000000	8.0384350489536267	139.0419333490460190
 1143.000000	7.4223742608651380	154.7909364313068750
 1144.000000	6.9017325938461722	148.4170230864557425
 1145.000000	7.3412868802487798	109.3469878261746402
 1146.000000	7.3763703203366848	125.9113342208529787
 1147.000000	7.8285281141170229	150.8637459618044545
 1148.000000	7.9013439201667532	148.3017937895757825
 1149.000000	7.6432645023026726	152.2134091252495978
 1150.000000	7.0800149627459934	144.7863996333029775
 1151.000000	6.6842343018926789	102.8512470580710527
 1152.000000	7.2372444298227734	150.5233009064622820
 1153.000000	8.3235590417389993	139.6743553774106772
 1154.000000	7.4524445633157352	133.1176393545517271
 1155.000000	6.4530448597002357	118.5832820103408665
 1156.000000	6.3369283881154939	121.3007131808508063
 1157.000000	8.1898338147443290	111.5685491830284803
 1158.000000	7.9680635833892239	133.6836715120737722
 1159.000000	8.0519371180532602	146.2843300648391960
 1160.000000	6.9573236039958779	134.1474037568308120
 1161.000000	4.7073009417300078	145.9796827244024087
 1162.000000	6.2349186923542508	153.6523841778872281
 1163.000000	7.4185266236633050	126.7066640666737385
 1164.000000	8.1911113279071746	132.1444172382915383
 1165.000000	8.1613878818173671	124.5543107937900515
 1166.000000	7.2345515513540066	137.4101732231934250
 1167.000000	5.9114616249810439	118.3362318271872482
 1168.000000	7.1007257304108409	136.9633263633980391
 1169.000000	8.0093127565535944	155.3025517563459630
 1170.000000	8.5208874640881458	138.2813203960634496
 1171.000000	4.8425903928446496	145.0835170185387142
 1172.000000	5.9906243820736220	119.5065239666759709
 1173.000000	5.7456405422583900	129.5659823016048335
 1174.000000	5.5508566073897150	124.4279884428711966
 1175.000000	5.6905498872131721	150.0461837935933147
 1176.000000	5.5554152844201834	158.9978971444629678
 1177.000000	7.9680843232556970	162.9780528033892040
 1178.000000	7.6658991715239084	169.4345454603825374
 1179.000000	5.5845963907713845	159.6357303242913304
 1180.000000	5.1994766067497071	160.0758100258265983
 1181.000000	5.4074002083743622	148.0059516200554697
 1182.000000	5.4635924472071915	143.3502454869796452
 1183.000000	5.7628329425594558	164.6158010705418064
 1184.000000	5.5501489273346616	156.2660361674808485
 1185.000000	4.7441226712971325	162.7941607187407840
 1186.000000	5.2303836653722158	154.4713645944949008
 1187.000000	5.1642744925859212	154.6100925015527423
 1188.000000	6.0649015675779818	170.8552939206182941
 1189.000000	8.6954297262443134	152.9208267795494294
 1190.000000	9.2690062594202249	139.0708025120261482
 1191.000000	7.3676964113906926	146.3417311952978253
 1192.000000	7.4768144741934490	148.6899815812683414
 1193.000000	7.9837569116612288	157.9628496663511612
 1194.000000	7.7829630572059241	139.8414932665768049
 1195.000000	7.3323487479636009	152.0911998909546980
 1196.000000	7.8597985111926896	145.4886895417259893
 1197.000000	7.6446640757130062	116.9125186596056380
 1198.000000	6.3708877595642779	117.6107354642136329
 1199.000000	6.4457168007367454	144.5291754430702440
 1200.000000	6.6036483380370710	144.0899649531774571
 1201.000000	5.5076266205898188	152.9707247198124378
 1202.000000	3.7606726906909222	143.9736605267501375
 1203.000000	6.3827427121616971	147.3969758490031836
 1204.000000	5.3112218350666547	158.7646053626117464
 1205.000000	5.2519556396894922	158.4886341796037925
 1206.000000	7.9660473789382023	112.2542952522644129
 1207.000000	7.3456259897647129	160.4055320049226907
 1208.000000	7.8688787413991346	138.4592694746023653
 1209.000000	4.5986706185734363	131.2504034069435193
 1210.000000	6.4924720775551714	122.8718175494515208
 1211.000000	5.8812168667039462	146.5729137384468572
 1212.000000	7.1013853832566003	142.8458091299598607
 1213.000000	5.5000326853439763	152.8149523337405924
 1214.000000	5.4863453214727231	146.9044817800203475
 1215.000000	7.0806884940274673	149.9406600574027379
 1216.000000	5.6517608464739091	147.9536302612783913
 1217.000000	7.7393562838227448	138.6754779750730222
 1218.000000	5.6532017187408234	152.2369393265450697
 1219.000000	6.9130576457325672	146.7224366953797698
 1220.000000	5.0073016177470882	151.6403880604456447
 1221.000000	5.5106705517174257	150.0319774071418522
 1222.000000	6.1906934518530710	171.5382125910700211
 1223.000000	5.4968357339898040	158.9269848672612113
 1224.000000	7.9714871247626373	149.1503066584965893
 1225.000000	7.7920242419488943	132.0429759249877293
 1226.000000	8.5580154033636013	147.2355462257412171
 1227.000000	8.5145640591972658	145.4369742434632826
 1228.000000	8.5356951417227265	138.9613425838736873
 1229.000000	7.3475253676547281	124.0914271373742679
 1230.000000	7.5485224238662605	106.0423657797801127
 1231.000000	9.0306514840132497	154.4820721712225691
 1232.000000	6.3380155808489116	150.5703442533794032
 1233.000000	8.3461817624004215	164.5119989832375609
 1234.000000	7.3002544331466197	132.3480380751031760
 1235.000000	8.1478489770379632	135.5879141459922437
 1236.000000	7.7917673912954264	136.7795627363577466
 1237.000000	7.0872570923068894	131.1047381735866679
 1238.000000	5.8456156879728480	140.6050397685411610
 1239.000000	8.8463868426679415	108.6354093156475784
 1240.000000	9.0125304265018986	123.3050592728520485
 1241.000000	8.5785612617263212	134.7135181800433941
 1242.000000	8.6223456992123246	147.5611197535005772
 1243.000000	8.4025510089036963	127.1216345029299788
 1244.000000	7.8582435216784372	130.3986890271558536
 1245.000000	8.6094132166326567	134.1537299149096043
 1246.000000	9.3619827412959236	130.5945452718399054
 1247.000000	7.6777557480836824	92.9791212868635029
 1248.000000	9.7442439065562283	135.8152242275978949
 1249.000000	7.9075570006988709	147.7198390580039984
 1250.000000	9.5738893959310793	137.7745545897276713
 1251.000000	8.5398285570990478	138.2405979845410116
 1252.000000	5.6674144187328697	135.3564226112963524
 1253.000000	5.2879901816356742	146.5692368676963042
 1254.000000	7.4937502053088938	146.9873047054226731
 1255.000000	8.7430160250893447	149.8331042327726550
 1256.000000	7.0551652176141095	134.3376571894652898
 1257.000000	8.5231081834427140	152.3669911975487423
 1258.000000	9.5948440648592257	125.2138529362885038
 1259.000000	9.0655799045740899	128.1226118512608991
 1260.000000	6.6851666585774359	138.4476246870746650
 1261.000000	8.6308505759443417	138.8673142503109261
 1262.000000	6.4047771070746347	127.4485075973641131
 1263.000000	7.4516202395489133	133.6928865744972370
 1264.000000	8.1115416043785089	140.0145204859184105
 1265.000000	9.1547735545082265	123.0137852676739243
 1266.000000	7.9299338112001161	146.3240959748608816
 1267.000000	8.6653879445815374	127.3763635385269026
 1268.000000	8.1210146994039913	164.5065218018226574
 1269.000000	8.7882352473233158	159.9048932387489685
 1270.000000	5.4221392731319318	145.3774061421316901
 1271.000000	5.3532083855780188	144.1567900090022079
 1272.000000	5.7327257327727956	143.5498958266087186
 1273.000000	6.7018386482689101	150.9748495871016019
 1274.000000	6.6502841092414569	159.9290220811751340
 1275.000000	6.8530152807543727	156.0855867861338879
 1276.000000	5.2749482914673269	165.2350914517532772
 1277.000000	6.3087399124187060	143.0013254931656661
 1278.000000	4.8528487987750957	120.3074665872777871
 1279.000000	5.5796582642508090	123.1864144708464437
 1280.000000	6.6206912339012520	116.8844534966791571
 1281.000000	6.7241582510851226	143.6745427114012728
 1282.000000	7.3836057725262627	169.2020760309717389
 1283.000000	8.1837887367625246	124.1682829062143298
 1284.000000	7.7535481783989431	152.5031536532733014
 1285.000000	7.0524344472792064	153.5897906074521870
 1286.000000	8.4459543296752244	142.4600807392985189
 1287.000000	7.8152597481555235	123.2865449666337270
 1288.000000	6.7984935706167882	107.4762194874571577
 1289.000000	6.9933350643624834	137.8712432729972477
 1290.000000	7.5092736241502704	117.6175996749805535
 1291.000000	6.5495468438851407	94.9438154904748757
 1292.000000	5.3240176789617015	120.1436628057939515
 1293.000000	7.9523719304150999	149.2391136854896558
 1294.000000	7.2159801980677400	158.1853816613112542
 1295.000000	7.9556671771020806	149.4275176574812178
 1296.000000	7.9306651332055162	171.4704690575577217
 1297.000000	7.8704840423296494	137.6742067789412260
 1298.000000	7.8631217141711351	157.6463583783853721
 1299.000000	6.6331660760373143	158.3098278344004939
 1300.000000	8.2216584831450561	130.5760824166804071
 1301.000000	5.9993260263367487	113.1091544813455556
 1302.000000	6.6960819855278579	147.9518738663423392
 1303.000000	5.2172795395917548	157.3213585034854987
 1304.000000	7.0710012946875862	150.3316622022102820
 1305.000000	7.7926961996506341	158.0504339094795228
 1306.000000	6.9837101121366691	134.6294864186989173
 1307.000000	7.3283165697553123	152.8069628205523429
 1308.000000	7.5720553293425743	150.2069464571995923
 1309.000000	6.2158654784607430	142.4239868271843932
 1310.000000	6.6580219803114957	99.9321511170979306
 1311.000000	6.5167163069517748	145.0490064574748317
 1312.000000	8.2022990352426266	139.5105954991101100
 1313.000000	6.1769516503463331	128.9683440110011645
 1314.000000	8.0019733019644814	142.6448523037602172
 1315.000000	6.6771261959422157	122.0262558185148691
 1316.000000	6.7515449296431704	131.4910454506247106
 1317.000000	7.8447941706802258	150.0202493246249560
 1318.000000	7.6320265364314777	142.5917598130390047
 1319.000000	8.0895113542527533	117.4194178673990479
 1320.000000	6.1475668583935432	129.6960976841946263
 1321.000000	8.9714585923729615	146.8504096903174059
 1322.000000	7.9770904142101564	136.7233281566331016
 1323.000000	5.4661203271386656	120.4267330051780931
 1324.000000	6.5357956036395111	127.4229593507564005
 1325.000000	7.5841921072759968	150.4035494494207512
 1326.000000	5.9140279831875651	129.9672918331824860
 1327.000000	5.9790107251723263	134.9673496252574125
 1328.000000	5.9668997088944788	136.7407959405143743
 1329.000000	6.7220559787733762	152.6006369700889422
 1330.000000	5.2971644044675914	141.3662694219481182
 1331.000000	6.9717939381690686	137.0183095920766618
 1332.000000	8.5000714154968531	131.3325902451842637
 1333.000000	8.2914453099413805	124.1687081279086016
 1334.000000	6.8007542664408929	129.0937703946575823
 1335.000000	6.2725690506119429	145.7076470045988685
 1336.000000	7.2687755932747233	151.2733038027370753
 1337.000000	7.6785412732091931	138.3491066668694316
 1338.000000	6.2408932931736922	114.4694954174436106
 1339.000000	8.2157791926534109	103.2106360081734380
 1340.000000	7.7210832627074231	146.3302474097146728
 1341.000000	7.1908511846704686	149.0238055857997495
 1342.000000	8.8992932764077946	145.1980655850427127
 1343.000000	9.5573856287919909	139.9844025708276831
 1344.000000	8.8518407687194749	131.3989623312126014
 1345.000000	6.0715637376624052	168.0908771422221548
 1346.000000	5.1855404507662248	119.4081647764010086
 1347.000000	4.0685151119614575	157.3429527652085937
 1348.000000	4.8158719165621520	147.9188826151959688
 1349.000000	6.2240534123724593	126.2665187613575597
 1350.000000	5.8592786688712177	129.1789319131312936
 1351.000000	7.7517002150479408	128.9574305077092049
 1352.000000	7.7950022655450217	146.5491375697310446
 1353.000000	7.6439061854519208	147.8645056806675768
 1354.000000	6.5346452162252904	123.5130564886358258
 1355.000000	5.8685018807870950	153.2274987071278929
 1356.000000	7.6312007938224333	130.2009702536633142
 1357.000000	5.6955346800913658	123.3483455501929882
 1358.000000	4.3667122001564564	128.9549267945746749
 1359.000000	6.3671345877465200	157.6553346288925468
 1360.000000	5.6522091094854332	122.7453546409624607
 1361.000000	5.3611783376488678	125.3769770226288074
 1362.000000	7.2562322087625013	115.8197893968838343
 1363.000000	8.1079437896266189	158.5266130556755400
 1364.000000	6.3340738837922608	128.6868430103549201
 1365.000000	5.6228505259779089	172.1047005799580631
 1366.000000	5.9821128021692198	155.9268291540682299
 1367.000000	7.2265687253593862	153.9569861652556710
 1368.000000	9.3877474479584304	145.7774303820278305
 1369.000000	5.6085709907358456	143.4826269331858555
 1370.000000	5.8857108767096387	129.2604760551459435
 1371.000000	6.0623852835229570	138.9131163916305809
 1372.000000	6.8985985982401585	147.8691950112831535
 1373.000000	7.4469721543398046	117.1589643556800695
 1374.000000	7.8013788866539953	118.4207603032350846
 1375.000000	6.3363856362526132	131.5580869016329189
 1376.000000	8.4627874832092207	125.0613733257796980
 1377.000000	6.2961811812305202	126.1260874881199072
 1378.000000	5.0243082986405021	139.5508282887865334
 1379.000000	8.6253941829179706	115.7043487268806103
 1380.000000	8.4818086275398112	127.9271946548516894
 1381.000000	6.5094260400475346	148.7504206990212197
 1382.000000	7.2557940698018717	161.6964741587067067
 1383.000000	7.7935242718238396	135.9663737099033938
 1384.000000	7.4261300272332598	150.5339745123461341
 1385.000000	5.5426416185108707	105.3640754754065085
 1386.000000	5.9693131727148669	109.6534511241924292
 1387.000000	5.3990255458624761	126.6451940931052604
 1388.000000	7.2869294564711744	133.4026832001733283
 1389.000000	5.2997335755419384	124.7350455328337659
 1390.000000	5.9773060627321177	129.3332628529041983
 1391.000000	5.7286150670005505	161.2437625259303786
 1392.000000	6.1960483504592672	144.7415736069804950
 1393.000000	5.5363577109277946	160.6589143526570638
 1394.000000	5.5677573783281513	158.1552030968596227
 1395.000000	5.2510149575656904	148.5528947349399402
 1396.000000	5.7351408471691148	161.9271258889180842
 1397.000000	5.9543038484064423	159.3577475749639234
 1398.000000	5.8995347067716022	106.2903138526498026
 1399.000000	5.7080668757020643	164.8920453393609762
 1400.000000	5.4545243816703417	161.8429559315411836
 1401.000000	4.4330280216692719	133.4954435246694402
 1402.000000	6.8416684431473369	140.1079578582071292
 1403.000000	7.5067151216923973	123.4017395259988916
 1404.000000	4.8455389774639741	146.6402075378311736
 1405.000000	8.6376207160571088	138.6538635528566772
 1406.000000	5.6758166406003410	115.5769010147085822
 1407.000000	7.7068107080607824	115.8823926068989323
 1408.000000	5.9039846914500869	134.9212910041473776
 1409.000000	3.4967223464857429	115.5569722876031165
 1410.000000	5.5747334125912529	138.7268275812068339
 1411.000000	3.8288736323923667	115.5504545342105018
 1412.000000	6.0542275971911517	134.4578403199793115
 1413.000000	4.9449293296900274	122.6707470178777442
 1414.000000	7.6051002454342651	147.2730038810750557
 1415.000000	7.4850857634736734	141.6144913394185778
 1416.000000	5.9959252575868351	141.6747575249105182
 1417.000000	8.2786671453068710	151.1674871396056687
 1418.000000	6.9231419081398409	159.9717874574810708
 1419.000000	7.4911659806688613	149.5889510590893394
 1420.000000	8.4285438031053541	159.1064406629320445
 1421.000000	9.3501667075497554	140.1478194755507616
 1422.000000	9.3406805147653884	138.9661003307453484
 1423.000000	7.3439824382519463	168.6867568977277472
 1424.000000	8.3031838302502763	163.1083481283685046
 1425.000000	8.0164249291781218	168.5506872579174171
 1426.000000	8.6428853884172128	149.3554502279150711
 1427.000000	8.3614471156243351	148.0650057192003146
 1428.000000	8.0852491324853286	172.9581323505427406
 1429.000000	8.0324279203093987	156.3125470017884595
 1430.000000	8.0128220345098242	169.6007049702711527
 1431.000000	7.2732705392235379	146.1406395585348719
 1432.000000	7.6657232064560565	145.0524047733047155
 1433.000000	6.7892505932581821	127.0895771230556051
 1434.000000	7.5191525171058267	158.1918684627397056
 1435.000000	7.9024966844312194	167.5131928064467388
 1436.000000	8.5311850859310052	155.7062993499938557
 1437.000000	7.0470781621922907	114.8583341916176010
 1438.000000	8.2667822334955954	151.7060112873616049
 1439.000000	7.0306056115490865	153.5381032130213157
 1440.000000	6.1639217258980628	124.3695768618170518
 1441.000000	8.1114243378708171	120.4394966372333613
 1442.000000	7.9460034236907635	159.6761020430076883
 1443.000000	8.9056001544136087	146.3860682078583579
 1444.000000	8.1532606397521530	152.3297660542330618
 1445.000000	6.4397888037202673	110.7419460923457422
 1446.000000	8.6597439684827275	131.1664990149777736
 1447.000000	8.2828066784211405	162.7246547524463551
 1448.000000	7.4320431279516388	148.0469387896479248
 1449.000000	7.5596533693192676	166.3198801699414560
 1450.000000	6.4859308704719822	143.4481641232383140
 1451.000000	5.8270715826863517	164.9781235202542007
 1452.000000	5.9705456833383339	155.7819241574334228
 1453.000000	4.0079427097017080	121.8706051326097679
 1454.000000	5.7491844192310850	129.5834864679194993
 1455.000000	5.8536795574965277	141.8258753386994897
 1456.000000	8.4347334418101578	162.8338064300087638
 1457.000000	8.2473330475928677	163.4635578378267837
 1458.000000	9.1491355592104711	126.8550410695923318
 1459.000000	5.6445980971571768	155.3485702649478810
 1460.000000	5.6847696680093813	168.7826538261846565
 1461.000000	7.4845364716653728	160.8394132995482266
 1462.000000	8.4095021990277949	152.9208224992700025
 1463.000000	7.6752213254261727	159.5290309112327236
 1464.000000	7.3736153835928855	154.1038191344197514
 1465.000000	5.9962089037965614	132.0256212677267627
 1466.000000	7.0117448354562670	125.1579424475712585
 1467.000000	5.5612621613211184	159.5328337435018682
 1468.000000	7.6723551786814737	135.5633231624506152
 1469.000000	7.5810726082195803	142.7288115382640967
 1470.000000	7.6184856770558351	143.6942229868002983
 1471.000000	6.0529570564567603	148.3207383227205298
 1472.000000	8.5503086034865703	136.3163565195548870
 1473.000000	7.8373520279196773	121.4706948501303287
 1474.000000	7.1479455209873146	167.1039061852571308
 1475.000000	8.0647610067388786	135.4491630874364319
 1476.000000	6.4225184834701707	132.0197219840769094
 1477.000000	6.5532414889663029	159.1370717944031412
 1478.000000	5.2589098319511010	130.4769108263675150
 1479.000000	4.1806170300969132	145.7154444595935558
 1480.000000	3.6700307638742911	134.6254274512485267
 1481.000000	5.0718712786447089	148.8224816164279787
 1482.000000	7.0894001919100109	138.8756971719802209
 1483.000000	8.5703286667139942	161.6494942353670865
 1484.000000	6.1983530947638013	135.5842652523735694
 1485.000000	7.5084498070325107	143.7291636937984549
 1486.000000	7.1313119543261987	139.7482547496202869
 1487.000000	8.3679057120743181	134.1847650033143395
 1488.000000	7.0301508377099537	138.9767327842234579
 1489.000000	7.5286178857092949	148.0233848553888834
 1490.000000	8.7650296940828198	132.7454271899026139
 1491.000000	5.4071123444582740	146.2719301484771108
 1492.000000	6.3614495408443048	133.9210802150820143
 1493.000000	5.5533307915891594	163.6904345234099196
 1494.000000	4.9412734466185428	154.4982715256608117
 1495.000000	5.6957237993705183	143.5980114366961402
 1496.000000	5.6305459144639203	163.4404100663465158
 1497.000000	6.4714357955296551	160.1710733995070086
 1498.000000	7.0132140976120718	130.0221923831971367
 1499.000000	5.8547490973834373	154.2597933197541522
