 0.000000	12.8496930055270830	58.2455847163941058
 1.000000	13.9917777418287024	80.0851870822445164
 2.000000	12.9416716767795013	74.7037372844945509
 3.000000	13.6087767375516115	74.0245014937649017
 4.000000	15.0445496800388643	58.6883156717662473
 5.000000	15.8965500984808514	86.9356630374063712
 6.000000	13.9651465610481438	47.0296731636080665
 7.000000	15.9915152963867246	63.4323135607721582
 8.000000	10.5196068470309054	64.6506148675024832
 9.000000	13.0951552300615628	70.3281360662380592
 10.000000	14.0138205099834412	49.7069309414132192
 11.000000	13.6922100427519471	55.6362899091032261
 12.000000	13.1920461944883751	55.1436886635298436
 13.000000	13.6468195559468803	66.7328793491618768
 14.000000	15.2877874782361225	82.4065770724378694
 15.000000	12.8470803124021291	73.4612236453507563
 16.000000	13.1499000683020704	42.0262208870712186
 17.000000	13.9155812914538135	44.8616749685126877
 18.000000	12.2982476873447357	89.1682371832278591
 19.000000	11.9924017991581646	77.9958059117096809
 20.000000	12.3553476381921605	81.7880814400544693
 21.000000	13.2341462968371815	74.4202803702565916
 22.000000	11.4095635072275066	81.6046254526890493
 23.000000	11.9107873470582426	67.2540894611241384
 24.000000	11.4723240693944994	91.1157309330605756
 25.000000	11.1987459309916115	80.0494062969047349
 26.000000	11.2135632001561056	79.2271212713694979
 27.000000	13.9044093926697379	78.1390030141855760
 28.000000	14.5458300982158626	89.6569646307397505
 29.000000	13.8772686398351528	79.4359136601239584
 30.000000	13.6246859143824217	51.1531225907574765
 31.000000	13.8660899563997866	66.5958800200382086
 32.000000	15.0059772856576679	90.7826574475174510
 33.000000	12.2287044824569282	38.9612276632818180
 34.000000	13.0733188973960139	82.4522496982460638
 35.000000	12.7735324109148127	59.3563491505487519
 36.000000	11.5880775167034482	59.2016204800463584
 37.000000	15.2951978391719496	62.6024144220234575
 38.000000	15.5235884883623214	74.2378299255461798
 39.000000	19.9361997290309176	75.0371410613236947
 40.000000	17.8055877657303157	85.3299031058922139
 41.000000	17.6631912153455417	64.3912429765594538
 42.000000	15.3069044039478541	102.5228391527355853
 43.000000	13.0580780490847754	74.4032748385054674
 44.000000	14.9357881576353773	63.3444692776671019
 45.000000	19.3865922471758481	92.4593935794150070
 46.000000	16.7420646158790163	111.2384308338215106
 47.000000	10.6018316196100777	61.9018485975780095
 48.000000	15.2842373073927273	115.3414086129319145
 49.000000	14.3656539853157934	104.4146272571649945
 50.000000	15.6306121614969626	106.4700209344169366
 51.000000	10.7918780479033014	61.0376206193373037
 52.000000	14.4945932863752649	66.9607488320324649
 53.000000	14.2203969246813919	79.5768997435237679
 54.000000	11.4956179811160570	98.1285449953875144
 55.000000	10.4690970828234420	27.0063016057810898
 56.000000	9.3611136664123418	70.8866859015697628
 57.000000	12.7029018574188601	72.6931859554304651
 58.000000	8.9284295174093913	52.0055113990728017
 59.000000	16.4666241587456526	80.3736342456381294
 60.000000	11.5650784070310415	45.1843902911655277
 61.000000	16.8555132601951279	92.6450356135065931
 62.000000	14.6246635818624746	57.3102957836934479
 63.000000	14.0581043949586775	76.7488639999398146
 64.000000	14.8074417640012008	53.2155179730339682
 65.000000	14.5986888965445125	54.0909873371163883
 66.000000	13.5990576687885554	53.8117195345350723
 67.000000	14.1060440367555859	49.3134491398188004
 68.000000	15.2237944311688018	71.8141395099257664
 69.000000	14.1981475850231114	47.4799427313381841
 70.000000	14.0749510975236305	42.7287664578723536
 71.000000	14.8620495017247354	81.5249147121226372
 72.000000	14.9140475952860889	52.5961443347472795
 73.000000	15.2901473318784298	52.6419323578224407
 74.000000	15.7095615077419044	61.9532055285683043
 75.000000	22.1365490688877955	103.0221287617039394
 76.000000	25.3664041963602465	51.8785519917936710
 77.000000	22.2607369669792767	94.1404347266435195
 78.000000	21.5427138666917379	118.1774472911619682
 79.000000	21.4446577253934585	116.9948111078682018
 80.000000	22.0388872212381592	93.4852150015461660
 81.000000	15.3746494031802907	91.7245330011322437
 82.000000	17.7622829674911458	61.3496097634936319
 83.000000	21.6720136858703576	125.6709048468714656
 84.000000	19.9831145290314787	67.2189628423952570
 85.000000	11.4605835567953900	93.7268671604609409
 86.000000	15.0968523697823329	38.5856988217936703
 87.000000	17.2275095801418807	41.4454708851849318
 88.000000	20.4105564496934093	66.1658552582201622
 89.000000	20.4085393850227987	88.8677878802429149
 90.000000	23.1290300770704320	69.7250605730545487
 91.000000	22.3309844060295610	58.6601271386394245
 92.000000	20.4512990470947607	99.1796671064689832
 93.000000	19.4829683909340723	70.0552296750529422
 94.000000	17.8737371708689672	70.2539601018592919
 95.000000	16.3719294890971163	124.9705437632867415
 96.000000	15.9076731382331946	82.3601213507512995
 97.000000	18.7886705823765361	43.1137157929615853
 98.000000	17.5328091238675476	113.8490301363497110
 99.000000	17.3312553824825919	61.9413226458319883
 100.000000	15.9063158203735622	76.6157924844932268
 101.000000	23.7070452384923449	88.1664806679402915
 102.000000	22.8914753819664973	91.5328697142861785
 103.000000	14.9648693199860556	95.6354319634691592
 104.000000	15.8751430167063674	41.5910767613631549
 105.000000	11.6929693047307026	88.0630969573284261
 106.000000	12.5545179201816666	105.3352561122306241
 107.000000	16.9449077059365649	65.1200890808370900
 108.000000	17.3385706339212042	73.4621743191240597
 109.000000	17.7960423402108496	124.2909144574275899
 110.000000	15.9148006063254659	57.9038299992839853
 111.000000	19.9449831256642440	78.5652718012803177
 112.000000	24.1221524148788795	95.4656147771048751
 113.000000	22.0231820658522288	98.9605180673246849
 114.000000	17.3406001974350161	98.0624054034734769
 115.000000	15.2640189427721911	59.3618529002003044
 116.000000	20.0430990718945630	83.2616591252172924
 117.000000	19.4774908842125249	82.8665579565374628
 118.000000	21.8482897819876811	100.7539143140058258
 119.000000	16.0547410038980907	94.4374690789716453
 120.000000	15.6366338388477839	94.2956155345707288
 121.000000	19.4819937437579611	74.3726360923083973
 122.000000	16.0076251382902228	66.0641370232179383
 123.000000	20.1766831934303568	104.1541181630100255
 124.000000	15.7849709639638291	54.7422147060156874
 125.000000	17.1327288738557790	112.9760262198445844
 126.000000	18.8729377360524708	86.0534677427678361
 127.000000	20.6119174780495307	95.7434366551121485
 128.000000	18.4514283951634894	79.1850049545828369
 129.000000	20.3977966917865849	75.2180560343218190
 130.000000	17.7827415978455470	83.2297537678090293
 131.000000	23.9065331476917500	65.4669919445661606
 132.000000	17.7321858897841231	91.9797939898085701
 133.000000	16.5670976929021059	93.0326006836927633
 134.000000	17.2939946844704053	68.3217435153133863
 135.000000	18.8792988879299521	69.7153395784109193
 136.000000	19.9029872961787540	65.2675352412201732
 137.000000	18.9798689763620807	55.6575001303380787
 138.000000	21.1176101589069312	95.0597892280804047
 139.000000	24.7408140835917543	77.6168236573043941
 140.000000	20.6600332488476042	52.6229685072715654
 141.000000	20.8909801252916196	70.5406880611742224
 142.000000	19.6334595278267869	35.3991151378985478
 143.000000	22.5266624338644199	69.7733209587704408
 144.000000	22.0750134847352193	63.8846595476980212
 145.000000	24.1007065293103544	101.1600622432010965
 146.000000	20.9388729254546568	123.1223127530021344
 147.000000	20.2168808659753907	71.2081898870354024
 148.000000	17.6753617790044579	46.1680928499309289
 149.000000	16.5887896345938231	80.0791767573739577
 150.000000	23.3011464129680377	112.1621106385706810
 151.000000	18.4905271708565380	79.9766562246835093
 152.000000	16.8851323494331673	49.8747383305783956
 153.000000	15.7980510208944338	55.6382371004505387
 154.000000	10.5237239088433014	20.3679000363739533
 155.000000	19.2724831908873426	106.9119948413204213
 156.000000	16.2515857620505777	115.7497134386191391
 157.000000	17.1561263842260345	104.5365434612900515
 158.000000	19.5000476943396244	30.1425893041480037
 159.000000	17.0757979865647371	89.1422489408267040
 160.000000	18.5464109052564972	92.4544264295792004
 161.000000	18.7369657119743849	97.3751272253447269
 162.000000	18.7992286798817041	86.6474776789718817
 163.000000	18.2801549883017778	71.6800683154500575
 164.000000	18.3115511741889279	118.0284382602272899
 165.000000	18.1550990474536746	13.2453656173100285
 166.000000	16.3703800494348251	63.3062085850269227
 167.000000	15.5649817398217269	133.4932621979498890
 168.000000	10.7340790424647530	13.1503756911688185
 169.000000	18.9354140960908559	98.9916392106298986
 170.000000	18.2422831440311022	104.4354325281901197
 171.000000	18.2840993878969051	68.8545579154098988
 172.000000	24.3431756288450387	130.7478441241940459
 173.000000	25.0778825414626674	73.2690305748883617
 174.000000	23.0053538931124457	98.5999040318867657
 175.000000	23.9032344202078910	99.4217737189735971
 176.000000	12.4567879572774149	20.5101779913851487
 177.000000	22.4067070152675818	109.4842711616677207
 178.000000	21.5621738175510274	91.9325047387150533
 179.000000	23.0734310854464510	110.0755915756719645
 180.000000	23.2918317057086632	119.0243829006614362
 181.000000	24.0342791653475594	63.8757144716613681
 182.000000	15.1309456766886949	39.3984352989723732
 183.000000	18.7633485419842501	50.6672647397051890
 184.000000	18.0553328745249395	41.4641787334890921
 185.000000	20.7773346008199233	68.2892454266321920
 186.000000	24.5971104655499566	63.0457121611825642
 187.000000	21.3842501855500764	105.9398849816205512
 188.000000	24.2664029536004975	97.8592761182876245
 189.000000	18.2773327789368629	60.4165760796286264
 190.000000	16.6285057700715306	47.3903391148491266
 191.000000	14.2470060569894130	60.2017472801158391
 192.000000	19.8751053070202062	86.4243072945425155
 193.000000	21.6022760306039139	78.2441261167181352
 194.000000	13.4623284581044622	70.6570953481376449
 195.000000	15.8637364086655914	33.1137334071220266
 196.000000	19.0490922946531107	21.0322624244321617
 197.000000	23.4066751041220691	77.3751903690539393
 198.000000	12.8818202590977560	58.2945817454128417
 199.000000	21.3170843868205289	71.8554809450735661
 200.000000	17.1731191909991026	47.5664998034446285
 201.000000	19.7973497873879829	72.4011246169317957
 202.000000	15.3099885029125833	37.1548006868139566
 203.000000	16.3614439359267507	62.7382261049454257
 204.000000	20.4089981110351353	60.6330932866032839
 205.000000	14.9052064568697382	76.1234488703282892
 206.000000	14.9502101951156678	89.0194459600284063
 207.000000	12.5195976985881892	75.2500311272330435
 208.000000	17.3184531837024593	80.2185735296359042
 209.000000	13.7097588509489867	102.6379656365347728
 210.000000	12.7669446342656219	46.7456697792781029
 211.000000	22.0120685192144308	72.0679781926348824
 212.000000	19.0382485631375893	84.7208122025696042
 213.000000	17.8620601958479419	32.4310625281722196
 214.000000	16.7558076587830698	109.4389224303856736
 215.000000	25.4319537452542939	98.1393153290160427
 216.000000	24.5328052929559455	111.3152446756282359
 217.000000	17.0056831755041067	82.3779503236774673
 218.000000	18.3039253220683626	125.2221323335998591
 219.000000	22.3846489920230880	94.7536886360513932
 220.000000	18.9097927062922722	70.1537223619829007
 221.000000	18.3401776907377254	99.0015925279833766
 222.000000	16.0824997661838474	73.8067452123298438
 223.000000	14.9102926343424063	98.9125783488340176
 224.000000	20.7848285067606859	78.2327045506709453
 225.000000	21.8474550786402801	94.8491288643086108
 226.000000	19.3005008288461717	112.0649120256189235
 227.000000	19.8512672270052626	88.5975903506422213
 228.000000	19.7170357661068287	74.4379529852420205
 229.000000	20.0974449711791863	98.5953890829069621
 230.000000	19.3107808627232060	117.4090703364309860
 231.000000	19.1655564756799350	118.5684268521508926
 232.000000	20.0602797654208125	87.9660610345945457
 233.000000	21.8609632103298530	70.1536180163954981
 234.000000	22.5421703601328431	91.1996618888769603
 235.000000	21.5826493760612976	65.9036719767266561
 236.000000	16.4741316021384705	60.5799454197637601
 237.000000	14.9319938980611813	79.2078938743793373
 238.000000	14.5660187982226610	54.0017367517909861
 239.000000	15.6914942881816604	17.8793408719913600
 240.000000	16.1663976233232987	30.8081900520968190
 241.000000	15.5490180433695500	58.8754228880991519
 242.000000	22.6217153651529088	66.6577955329271958
 243.000000	18.0568727020687163	63.6787773003640041
 244.000000	16.0240850627929277	44.0688944651812164
 245.000000	19.0727409201521638	76.7735148881906326
 246.000000	21.3722086563642648	85.0601429130542783
 247.000000	12.9785807648582399	59.0164475427862811
 248.000000	13.5101990456142111	28.4921170087609994
 249.000000	16.9688414083103680	47.8357960681778422
 250.000000	18.9262601576874339	54.5631312196437648
 251.000000	16.1076739218683684	21.7827270568956806
 252.000000	19.2259825350423093	54.2417071637230634
 253.000000	17.3161920215422747	103.7593461256874150
 254.000000	21.4826068409489501	33.9284959466126850
 255.000000	18.7687869857006326	108.4882388627265044
 256.000000	15.2516846261897321	56.4635543473053332
 257.000000	15.8810655135309720	15.8448726115455543
 258.000000	17.1891635508102461	80.9354120178384306
 259.000000	17.4220236871740290	43.1186307781978826
 260.000000	18.9582412089535488	58.2731148381967330
 261.000000	12.7847894871428736	97.9330616192928147
 262.000000	19.9717069842768709	131.5259561861886084
 263.000000	20.8481113265321270	83.6568126473216722
 264.000000	17.1705628007930571	112.5207104744102935
 265.000000	21.2629831384656214	79.4673187712672160
 266.000000	17.2500786108704212	63.0699523891065752
 267.000000	13.9700720122802515	75.8884577176904997
 268.000000	18.6251085686453237	110.0563937013286449
 269.000000	20.9711170189903164	89.8054358470467662
 270.000000	18.9243306237946598	87.8020109484139084
 271.000000	20.5761135551101262	105.0810243375964461
 272.000000	21.8660661281475477	86.9716576058919344
 273.000000	20.6529696622245424	138.9624246769766671
 274.000000	18.3869104185312615	82.9193201390651637
 275.000000	20.5102229264689484	81.8063303970396163
 276.000000	20.2909827995991385	85.9340712712155863
 277.000000	20.9640016395124142	111.1091144549770604
 278.000000	19.7057824213466510	5.8734494963339330
 279.000000	19.8823391356335328	29.9656820147965846
 280.000000	17.8061822151951006	63.2420809631642840
 281.000000	19.0100676589765918	117.1152063186292054
 282.000000	20.7875193193373207	107.6889206728045707
 283.000000	19.4010719861473433	74.0514299712282735
 284.000000	16.1973845590803904	47.9800976536056112
 285.000000	14.6786691253241663	67.9555757089890449
 286.000000	15.9658139484406689	59.3503744669793178
 287.000000	19.4680297361679386	86.1191798964059387
 288.000000	14.6590742388883903	60.9450494652417660
 289.000000	13.5310867770021375	46.1948088510640105
 290.000000	13.9435679956673670	35.3802718773538061
 291.000000	14.4375362693360625	63.1435758713777631
 292.000000	18.4177713615769605	93.9245627594170429
 293.000000	15.3044888243934221	79.6373616986070232
 294.000000	16.0502615552520815	75.6636453527916046
 295.000000	13.9248500102904771	41.3692516600369515
 296.000000	14.0528427750788687	58.0066843476134011
 297.000000	13.1091452217395794	40.3126282619865890
 298.000000	13.6288504244672861	48.2128360890141607
 299.000000	13.9413861016158638	27.9815169068645844
 300.000000	13.1442135951618138	47.1421615713457811
 301.000000	17.4533343943347958	75.2044901150970020
 302.000000	13.6927434405045876	46.2201315378997037
 303.000000	14.0035913217274590	43.1774611468588034
 304.000000	14.5152665162362862	44.0924077757088924
 305.000000	13.8805888445116423	47.2715971256395164
 306.000000	15.2705900063333786	57.0999089519429930
 307.000000	13.6346698650356224	36.5565479303471648
 308.000000	15.5946790437182141	57.6930809899903352
 309.000000	14.2301907526342113	57.8690893412093459
 310.000000	15.3303263828219531	80.2667141007988079
 311.000000	14.2569786338009763	61.3459824400852796
 312.000000	19.5248919509579402	50.1665439641910211
 313.000000	18.5370999035597706	95.5653848886649229
 314.000000	19.7224614419656525	90.1641454016620827
 315.000000	15.5821768805032708	85.4289423182171532
 316.000000	18.8794706915736938	61.1834759700934683
 317.000000	14.8796919611037097	63.9768119867889027
 318.000000	14.1722727635602670	39.6945909590446604
 319.000000	12.8782631041942324	74.0843110660631368
 320.000000	12.4589080257586957	39.8438422634947358
 321.000000	13.3349729896515310	33.3053462975136654
 322.000000	13.2324061421127563	31.8559859499521281
 323.000000	13.9846598547572185	47.1841961085096102
 324.000000	21.2407058612416400	81.5821570461090317
 325.000000	13.3675256099330397	42.1935550351876429
 326.000000	13.3695576326990953	53.2922163173952441
 327.000000	13.6227321532773775	52.9252845705220096
 328.000000	15.2419095943465415	48.5086535616716219
 329.000000	15.9307128705857757	50.6446894601781707
 330.000000	18.5094313010050975	62.2789441170333617
 331.000000	19.0317615056288787	80.4562116983888274
 332.000000	14.4115026940150184	54.4468295178077852
 333.000000	14.8712231592663304	70.9957977070553738
 334.000000	20.3979108694110813	72.2642753823634365
 335.000000	21.3119179239157504	103.9120151629240212
 336.000000	17.8665710525539900	103.4962558357748179
 337.000000	15.8864478671408254	17.3272730183148838
 338.000000	18.1647806828033609	125.0768295878048093
 339.000000	15.1306923235866257	103.4965112434853580
 340.000000	15.9172188667554568	63.6214253521952315
 341.000000	15.6135616190780127	34.2925419212403995
 342.000000	15.7559451131428538	41.5307906818317747
 343.000000	17.5897440197785571	83.2529356498559139
 344.000000	16.8837316355569662	74.1605230746816773
 345.000000	14.3709537138564247	87.4072666970374570
 346.000000	12.3837810417239780	81.2538353715480355
 347.000000	11.4902199292716354	110.8501448283743116
 348.000000	17.2514758929613095	106.3673786792871567
 349.000000	15.8213009015895487	102.7259991117006592
 350.000000	12.4274679172160774	103.9764399210364161
 351.000000	12.4154352636268666	65.0366386714738383
 352.000000	18.7621958813122482	69.1289108974648485
 353.000000	14.6839017326877563	70.9821148246768701
 354.000000	16.8875052289285819	83.9985882148566958
 355.000000	16.6158379341199591	80.1448432473631129
 356.000000	15.4107115055514363	69.3893418126247070
 357.000000	17.0019873593564341	90.0634272592509717
 358.000000	12.1716375786453703	108.3442320032027766
 359.000000	11.8688025910663146	89.2370970868373092
 360.000000	12.4537631379378801	63.0070518903629164
 361.000000	9.8368961246825570	116.6512603828413148
 362.000000	11.7561239470189438	83.4767327724085817
 363.000000	11.3447789376143522	65.7569439005250302
 364.000000	11.2691150547358827	83.7424535329031272
 365.000000	10.3590369003108709	94.8219780582003295
 366.000000	11.2338380606252475	78.5721192665115495
 367.000000	12.1773807353573105	99.4913080503189065
 368.000000	16.4651031275570503	100.2934688085470469
 369.000000	14.0935854908616207	99.9680136820746128
 370.000000	12.5762174771561153	120.4799723354273624
 371.000000	14.1724882062842781	84.5745946349597517
 372.000000	18.4074637649275843	77.0791881716863543
 373.000000	18.2383912066791218	54.9865295822486075
 374.000000	17.6369564359427891	36.1166438203919711
 375.000000	16.9189251982767992	21.9388824992749107
 376.000000	23.4438795363538972	109.6502912539860972
 377.000000	18.3206289364906603	123.6720249353822823
 378.000000	14.6571543558159050	116.1804118985705259
 379.000000	17.3242714496862646	67.5107698005588048
 380.000000	19.9635058679799293	20.2524393297119900
 381.000000	21.1094168741062127	107.3016232556121139
 382.000000	15.7074748983762884	108.7770601947918152
 383.000000	15.3559741709154078	121.2556504193154012
 384.000000	15.3430088518624217	67.4586142625727803
 385.000000	18.0489787324284876	59.9574990178521716
 386.000000	15.7343140361847684	22.2838271563747696
 387.000000	16.8829682236972864	80.9131296924252581
 388.000000	14.7080437511422808	33.7871235682442830
 389.000000	20.4589384341552076	82.4819175266074041
 390.000000	18.2315214011786644	49.1469502993779770
 391.000000	18.7990738811071481	82.0586748381481215
 392.000000	19.2629470855424998	60.3649071200846663
 393.000000	20.0514703625615631	112.4903016864087704
 394.000000	18.3649805279919285	68.9726039856598163
 395.000000	21.0918462965450821	92.7368708885377373
 396.000000	20.5841347176937894	77.4070797003451645
 397.000000	19.5912810552911409	63.0059907329462305
 398.000000	20.3884171983277405	61.2810943968836170
 399.000000	20.1038310157329612	46.2799064685365238
 400.000000	19.3342603428051483	64.7966177670713677
 401.000000	20.1466150832361848	50.8999507211674995
 402.000000	19.3838166120673669	82.2950405037722987
 403.000000	16.5832037530827243	76.1683437753938080
 404.000000	14.3693521126928960	122.4413896685409640
 405.000000	14.8226846422230150	65.3080668784182308
 406.000000	13.7438143121541270	66.4089194333863304
 407.000000	16.0519206293745391	63.0876928151849512
 408.000000	16.7107535299321270	89.6934889809295299
 409.000000	17.1760353184085979	55.7645138738641890
 410.000000	16.8690879165488710	67.4852476165201551
 411.000000	16.7438091288764674	81.7539072107370828
 412.000000	19.8485331266240266	127.2188834480220123
 413.000000	17.1749577615268336	73.3807694718994696
 414.000000	17.6218814602674136	49.4208550200598324
 415.000000	18.5584078125724581	81.1889875158825021
 416.000000	9.0169808923784380	83.2670493090906660
 417.000000	5.9778310284655340	39.8353779516323527
 418.000000	14.7633351042458951	33.7139859949717504
 419.000000	14.0002701397040266	74.3792394966294950
 420.000000	14.4001493722023426	60.4204462208604838
 421.000000	16.3008941524370314	97.2380062185022069
 422.000000	13.3283356946731661	92.2717697696051147
 423.000000	11.4746019069704470	122.6575871584142021
 424.000000	14.7489368098451301	85.3104946486521527
 425.000000	15.4369910483819641	84.2183997803954156
 426.000000	15.0097193725323450	79.5500830417832958
 427.000000	15.3047936371866431	70.0401886252164445
 428.000000	19.5575109485022232	75.3395391270954775
 429.000000	17.8581388646237862	77.2184796410052314
 430.000000	17.8027124319155980	72.0563049755508587
 431.000000	17.6937219249952911	105.0296950000380178
 432.000000	13.9384269814579529	66.0720525373170204
 433.000000	16.4813898485707284	83.6126284477877277
 434.000000	17.7029164662050533	77.9370575613471885
 435.000000	17.1540877035607622	98.0889146256939313
 436.000000	18.8652673622192850	99.1079320374825556
 437.000000	16.1261173988061337	111.3582145707706132
 438.000000	16.5640028817541847	66.9932536326451213
 439.000000	19.9265736204845929	104.4880333383021878
 440.000000	16.6356757237115076	97.2740233069309852
 441.000000	15.4005810276773261	83.1610459655728533
 442.000000	15.5406848261026198	5.7315605709269164
 443.000000	12.0380527855917556	133.5358794028511511
 444.000000	9.6474635369824444	143.6477912730139792
 445.000000	10.5253058974432765	128.0811530331364736
 446.000000	13.3276342959601823	110.0272590187392296
 447.000000	14.5595714563635035	123.2990650361811333
 448.000000	12.3451249975608022	116.2564970489764704
 449.000000	14.7960679139568061	126.9252794686364325
 450.000000	14.2588279314256390	136.0530854724906646
 451.000000	10.2193021126274157	90.1037461375474464
 452.000000	10.3950496831753867	108.3775744280192583
 453.000000	10.2586228639044030	113.6177956658141568
 454.000000	8.0503525550925747	31.8812397599835151
 455.000000	8.7373377741354723	35.6269951809221652
 456.000000	9.1999516683929237	57.0659690451559953
 457.000000	12.7432964385492209	110.4521617373276854
 458.000000	11.3648186457557436	137.2088992114645407
 459.000000	16.5522712779087122	122.9463571952889538
 460.000000	14.9814152986428315	126.2853496401809252
 461.000000	15.4829599747574758	83.3289841468274233
 462.000000	11.0176938407531786	74.0949061673095457
 463.000000	14.5665975399658709	115.5852907218342835
 464.000000	10.6311824044909820	72.8790078629441354
 465.000000	16.4635879609641975	77.4972083011380164
 466.000000	18.0343624309299884	49.3541898878580412
 467.000000	14.2895819320538049	84.8408414682493657
 468.000000	17.4064999783572247	44.3423672958192583
 469.000000	16.9046288878982978	62.7845616665292852
 470.000000	20.2171912331638524	74.7001982119973178
 471.000000	18.0325978595926770	37.9160208140224597
 472.000000	14.2696383893449958	136.5012511684594756
 473.000000	16.1853545894599904	93.0207930312217712
 474.000000	17.6231419812796162	75.3836641355463684
 475.000000	14.5588399234509236	46.9615242429550790
 476.000000	14.2187527552916002	48.7603461299156606
 477.000000	13.4061933008849632	42.9780292419704608
 478.000000	13.9377932603484886	25.3892486465596789
 479.000000	15.8288839134955381	59.6981540677314939
 480.000000	14.0974803396063830	73.5352060894452251
 481.000000	14.9379854213816383	61.0098761833722563
 482.000000	14.0187318682955731	44.5815999088509614
 483.000000	13.3858032296366183	25.7359557211229912
 484.000000	16.8397192034237122	92.3621951909221224
 485.000000	14.9142705789534311	68.6799020845298287
 486.000000	18.0651387032083974	96.9326384336841329
 487.000000	16.9180632705334482	78.0551415120222032
 488.000000	18.2191890599691355	67.8646266089241550
 489.000000	13.2952829434150512	38.4720968732486313
 490.000000	19.0853923564735979	98.0143409026407255
 491.000000	22.1944851501814995	121.0451447152908173
 492.000000	20.0926298622693480	80.4551258375285698
 493.000000	21.4052964880802605	77.4190217906653402
 494.000000	22.9765442790040346	100.2025126746071919
 495.000000	19.2211912356483836	74.1419323369967316
 496.000000	21.5362627271607963	81.8305309416670639
 497.000000	17.0276983347504007	59.9310772790551027
 498.000000	16.8878242957252134	33.4124302219785818
 499.000000	16.6181813939127210	32.7950396859629620
 500.000000	12.6090625117819872	30.4582881625706818
 501.000000	14.5796396727354161	55.0411105460792101
 502.000000	19.5453602977195828	93.9062347852474346
 503.000000	17.0668943155584572	80.4785366915778013
 504.000000	16.4079675120186330	95.0001926792175198
 505.000000	15.3695045983343679	52.8895693067427146
 506.000000	19.2239188781845769	117.5717049585240659
 507.000000	15.9580503633188844	85.7139958352635176
 508.000000	16.6326408143722126	63.1648921592225321
 509.000000	19.1577613454008358	83.9678012839329568
 510.000000	18.8375054677133313	85.1653412635925804
 511.000000	18.9802770391090689	69.0381854453728181
 512.000000	18.1248286946941199	93.2634321386563130
 513.000000	19.1980252796157522	97.6606383624117314
 514.000000	19.0595659143157725	34.1143872546764442
 515.000000	14.3732376274149161	58.8105265132698207
 516.000000	19.6592597492413503	114.1970764479870866
 517.000000	15.3289397267364009	63.2157489642639234
 518.000000	16.5777791218146682	94.5913084463434899
 519.000000	13.6617266645421207	60.5235768658034914
 520.000000	16.8141516766131005	77.3203548594702568
 521.000000	14.1069382397061354	43.8928198505784621
 522.000000	15.1717252925361983	49.2190379919487100
 523.000000	16.6217164797505319	61.1460623412177853
 524.000000	18.4207242970843872	104.9625476456042890
 525.000000	18.7993398662368421	92.8984419171596727
 526.000000	14.4387692127246172	57.0726481413411051
 527.000000	16.2836394790411099	54.5463026121280308
 528.000000	15.1432909515937943	48.6437913465060774
 529.000000	14.1369830875173292	45.8573595287189733
 530.000000	14.9329460163607735	80.9655229102237257
 531.000000	14.6858646146283185	43.8068226666616454
 532.000000	16.3980536430398622	60.9547988807803875
 533.000000	15.4571184004712094	55.1861179648917926
 534.000000	17.5840197521044921	72.4991193832596821
 535.000000	17.1018869252311312	76.9301013607347954
 536.000000	19.0278402478859370	76.3924214311936964
 537.000000	17.0339188793835064	113.6971327885533896
 538.000000	17.5489351905780850	77.5210081065141736
 539.000000	19.5264854387410480	72.8498487816244307
 540.000000	17.8468135768100140	63.4957742912721415
 541.000000	17.0189627508310117	46.2054154791314033
 542.000000	17.8471837383520437	57.4145067001955738
 543.000000	17.2957410606370026	53.2714906100780325
 544.000000	16.7358594124281872	55.5070665119667410
 545.000000	17.8855263589242313	86.3460759060319418
 546.000000	21.4250022808325866	102.3706058912357548
 547.000000	14.4323932996959474	26.0283562543873472
 548.000000	18.5172580039643968	86.6104443231639749
 549.000000	20.0811363603017590	81.7306392517438525
 550.000000	17.5388156317719819	50.5769091782125315
 551.000000	13.2987795875566039	31.6267177906848929
 552.000000	14.1207406498877308	43.0452410598614961
 553.000000	14.9371995354490785	48.1207218249404605
 554.000000	16.7200276916784532	53.8440528936569933
 555.000000	14.6914832962609641	63.7495802398143354
 556.000000	17.2225947266250401	81.8523400686312641
 557.000000	17.8323198169383055	89.7231711651520243
 558.000000	15.9460607562338854	81.6182784283741967
 559.000000	15.0858150026499693	91.2531541730115947
 560.000000	21.1871734390126534	34.4521155242426289
 561.000000	17.7018111492306502	59.7791976812771821
 562.000000	21.7879144997646144	63.4388996361356590
 563.000000	22.2929341243222154	68.2606614164240142
 564.000000	18.4930577102406986	90.2072540036612622
 565.000000	18.5204544669867026	62.2861376413878247
 566.000000	20.5597705507572570	89.3853011343522752
 567.000000	20.9568822692833230	68.1586158044081287
 568.000000	17.0952535088080673	43.2545693186810638
 569.000000	15.1317361260283860	43.7582196975399995
 570.000000	18.8868206995381414	59.3688802261860076
 571.000000	13.6355237083949135	31.9408028829914201
 572.000000	14.8934858203068785	55.1907480732637623
 573.000000	13.4103285741003653	44.5018269452395430
 574.000000	14.9228461688970349	43.0084255574455199
 575.000000	14.3962777383835849	43.8908064844645196
 576.000000	15.8037613954686211	53.8317228421953899
 577.000000	15.1573903219650585	39.6126764870515728
 578.000000	21.6311397433640735	82.1364991309456087
 579.000000	20.1384214181501129	66.0490602006451581
 580.000000	21.8707668257266583	84.7709924519433855
 581.000000	21.4780767097291871	58.3858855850802030
 582.000000	23.8915302219155237	77.1748188288212447
 583.000000	15.2305407569857820	99.9235864426330522
 584.000000	17.3165893314156492	28.7267590619147200
 585.000000	17.2104740767025994	32.6900914241109604
 586.000000	16.4691798640954303	44.1278666115299245
 587.000000	18.3389564146720225	50.0813798058642305
 588.000000	16.7104637961335349	14.0680404822078344
 589.000000	19.1233760788426146	53.4760313056687693
 590.000000	18.2054660704204920	2.0658590191769974
 591.000000	14.0955345175097300	12.9808814800704511
 592.000000	15.5616897807379821	34.7554479502291827
 593.000000	16.2276879321018761	47.3087219765701832
 594.000000	18.3257998980133721	66.4418011907347505
 595.000000	19.2034096568462687	67.2731621497294441
 596.000000	20.2461628484396989	55.2408948814686909
 597.000000	20.2534268426667943	79.5639014417299819
 598.000000	18.7875433548083706	98.8027521754782470
 599.000000	19.8589810076298363	89.0714719769913756
 600.000000	17.8642878870396693	107.3510815277570032
 601.000000	16.3711709968165025	94.6885732306105865
 602.000000	16.4287355844416858	56.0689506090867695
 603.000000	14.5637284981791737	55.1248068230859474
 604.000000	16.0948683254163605	63.6471964383245705
 605.000000	16.2069929537305271	66.5223727728773042
 606.000000	18.5819409022986832	69.5574952643838600
 607.000000	17.0439637098490167	57.3390082896305415
 608.000000	18.3016083375805465	28.9328929424121384
 609.000000	14.7207380050959085	89.1381150901124073
 610.000000	15.2899298611572831	60.6270433578907983
 611.000000	16.2896452095587456	66.7070066791351479
 612.000000	13.9711658588405303	25.8465615890948470
 613.000000	14.8500532181278118	52.2639186367117361
 614.000000	13.8023277943027054	38.6732240756834358
 615.000000	17.4752148993730430	58.8171032444717099
 616.000000	18.9987021618432586	108.6068388154450304
 617.000000	16.6128933105296390	74.3699599697257838
 618.000000	19.7336187921354735	60.3465759666858332
 619.000000	16.8955857460000800	125.4980554270188975
 620.000000	16.5859521532472236	60.0221740410540150
 621.000000	17.7246551036922142	101.7006011272168990
 622.000000	12.6958179489035423	50.5800803298890287
 623.000000	16.0433689596140781	30.9952781145734377
 624.000000	19.3547712016216948	108.4437910080057748
 625.000000	18.9079665145445794	95.8198925391592979
 626.000000	17.1934796661275797	127.2347851850999518
 627.000000	15.5859497632720068	33.1940091607257273
 628.000000	13.5642472472473816	42.5228023308854404
 629.000000	19.9216745200764223	130.3760952217570548
 630.000000	21.3848933943793895	120.0993342996146680
 631.000000	15.5964358247626542	117.7871068418702265
 632.000000	16.9545284311716529	89.3553623021597758
 633.000000	20.2904528545521465	120.9893783634885267
 634.000000	13.1938650807927509	76.0252091917846542
 635.000000	11.2229220384617552	52.1013698378611849
 636.000000	15.5085493510819106	78.3683161410338158
 637.000000	12.4805743282129225	54.7592437913162939
 638.000000	12.6235529171020264	49.2083020283203041
 639.000000	14.2611603675422582	42.7388777151265344
 640.000000	19.2318843020395498	77.1919966770407058
 641.000000	17.7786290749392570	64.9776901852107045
 642.000000	16.5247205708887606	95.1711027384540103
 643.000000	18.3149252260736652	82.7729329997152945
 644.000000	17.1871792614373646	45.3119686747391199
 645.000000	13.9865143427381113	73.6630633964208243
 646.000000	13.8192089971202652	42.1151774064503570
 647.000000	15.7435348939873041	72.9912096650177915
 648.000000	14.0257597693175171	36.2439031727995200
 649.000000	15.4166268406719560	13.6789239517675298
 650.000000	19.4913499659380385	68.0161269575125402
 651.000000	17.7621063342287044	58.9123476138970972
 652.000000	16.0689015738070964	92.5712670102790725
 653.000000	15.5943774691884531	29.1624983598526342
 654.000000	15.9978824593179478	95.2071025042729673
 655.000000	16.3652787084800657	79.8077464593024359
 656.000000	19.1981560058216232	50.7201443711096829
 657.000000	16.6064584144234004	52.3569546381172444
 658.000000	16.4517196328641795	36.2670776923521032
 659.000000	17.9175262658497267	36.5158567866964177
 660.000000	20.4356455899154810	74.9237067704395656
 661.000000	17.2155585334364787	84.6349113259298917
 662.000000	19.8825237897659228	82.0077391213601317
 663.000000	17.9034195530696216	55.7114520121611037
 664.000000	15.5106069929301924	59.9677845179415812
 665.000000	17.2742575144773944	97.9755410402734555
 666.000000	10.5358079744392139	43.8209473381558041
 667.000000	8.9830454867106972	70.6863588063994541
 668.000000	8.1786135720610957	103.6677000408675440
 669.000000	9.3059057909872465	31.8188419488886893
 670.000000	10.9170997381547306	78.0364494489273142
 671.000000	13.3754107145431576	89.0481235995605260
 672.000000	9.4748755013595645	48.7233508927504317
 673.000000	10.2751903359783157	73.1764789954147830
 674.000000	6.8257416709945327	48.2628981018770560
 675.000000	10.0963183190467358	57.2312451519729706
 676.000000	5.6601426599424611	49.5550340502160225
 677.000000	6.1245368126024253	110.0874896673399661
 678.000000	10.6641108876853963	58.4529356720170199
 679.000000	11.9661010954705809	48.1429501958520802
 680.000000	16.7288926488172329	49.6293575040719759
 681.000000	18.2752704862441107	99.6955959686200259
 682.000000	17.7170709113307545	118.1093788527646922
 683.000000	17.6701199527073705	91.5096708756281600
 684.000000	17.9755937259615699	95.3987427684153886
 685.000000	15.3261665672514429	92.9626493709609747
 686.000000	19.3843493257732540	107.1558866411264859
 687.000000	18.9462674503126856	128.0966802067790695
 688.000000	19.8180420170202076	88.0981301055728210
 689.000000	20.3515970958863583	84.5246705911356884
 690.000000	19.0886089865159931	105.2167336164569491
 691.000000	14.1097406156580973	75.2217589605859871
 692.000000	17.6324752377276610	90.8227260647238097
 693.000000	15.4401146483907201	67.9287251264210710
 694.000000	17.3077475186183953	101.1769673881946403
 695.000000	16.8491162270603674	77.0021122137944758
 696.000000	17.3077804589075832	80.0677733394770996
 697.000000	14.9667292536121828	84.3181234596626865
 698.000000	6.4915535711102121	45.6537859649690176
 699.000000	7.5897891042477417	10.6406760636575939
 700.000000	8.1267160271685057	112.7369782088805579
 701.000000	7.1570459571173206	105.8387653827979307
 702.000000	11.4892255904718361	19.9410970747131842
 703.000000	7.1998232323143032	75.3147701172002684
 704.000000	7.5767211828525802	52.2104552789923844
 705.000000	10.5827041661148957	42.2782355947374242
 706.000000	14.4013118631160992	15.8211735984266966
 707.000000	18.7154534474053555	54.6286291066428191
 708.000000	16.4551074837170646	103.3354009309810522
 709.000000	15.1767568511460329	90.4035048207432510
 710.000000	10.9962051731973265	123.0240395733746368
 711.000000	9.0035644643839987	68.4357076993126014
 712.000000	12.3001324263175231	24.1961632567802098
 713.000000	7.1359477030143887	38.8881303326284922
 714.000000	6.7999061544947503	36.3109211578316717
 715.000000	6.9221692621783752	46.0211289321296988
 716.000000	10.2510661583437983	61.1073852615707835
 717.000000	10.6446884859826909	57.9908816938815477
 718.000000	7.9248450964981112	91.4945309223562191
 719.000000	7.9829992050292828	76.6427628785234276
 720.000000	7.8385406890158125	33.9378310054722192
 721.000000	14.5043336437133412	85.3187604624894931
 722.000000	10.5059097165093256	138.0146225087108292
 723.000000	8.4363006907367257	135.7129718343240938
 724.000000	10.5482531601491374	106.6789663850617558
 725.000000	8.8508459119567675	92.6101392787156072
 726.000000	13.5885398236224333	96.0593448934002652
 727.000000	15.6933161680238147	86.1037236303479290
 728.000000	11.1810360378349181	79.8862065260639582
 729.000000	14.7978592039910861	86.2341718202257397
 730.000000	10.2728433628917841	80.2775313757261415
 731.000000	14.0312298211214213	62.6577219147701925
 732.000000	9.0545089692131988	25.3767991393144143
 733.000000	10.5827408200021296	58.3052579695765871
 734.000000	17.5417424973188716	88.9557689644674525
 735.000000	14.6963853044395076	103.3100103048429190
 736.000000	14.1875801326347695	71.6605174089682890
 737.000000	15.2943560331998540	110.2649394238865739
 738.000000	10.0577448232281892	126.8637213962207966
 739.000000	5.9001994214557376	122.3364863546924397
 740.000000	5.7854520584370661	111.6325742442737123
 741.000000	8.9119527278228716	114.8770450425536325
 742.000000	11.0841429659042401	119.7163407800791504
 743.000000	15.3778813947170683	101.8905369596273829
 744.000000	11.9672671549821281	130.7332886576638771
 745.000000	6.5590394448382403	124.1099517947331634
 746.000000	6.1510213326763097	120.7943194508695228
 747.000000	10.8233086859377430	113.9453879644423466
 748.000000	7.6941897750447525	115.7893185896405583
 749.000000	6.1717851290381658	120.9169690840001294
 750.000000	8.0773040040393997	50.3416217874345762
 751.000000	9.5681709383284019	50.7966540239356164
 752.000000	8.6258245662871129	85.5536944673133632
 753.000000	5.9297745578767360	129.4341860933379564
 754.000000	6.4269235392569612	137.4803387000746397
 755.000000	11.5142726996543860	90.3040598365229101
 756.000000	13.3684146365444771	38.9888692369071350
 757.000000	15.3728045545487628	111.6698376943576676
 758.000000	12.4681599947916428	105.3924569533378133
 759.000000	14.4114119679780313	129.7036271777817547
 760.000000	14.3817463701307329	130.5334993298473023
 761.000000	15.5312116560020073	111.5968969767275070
 762.000000	11.3790138848874811	145.2734363011759626
 763.000000	17.0219576107345034	109.8847346007953973
 764.000000	16.9378276915447508	74.8401850544011893
 765.000000	17.2770528335425233	112.4749120357278542
 766.000000	14.6338313225343626	41.0770341026482129
 767.000000	16.8162150025811421	91.5705128334357426
 768.000000	19.2713516426411040	97.6235828242039929
 769.000000	17.7706404084788971	106.5706298941511818
 770.000000	16.9258350333112624	58.8376808752562681
 771.000000	17.8622846238985105	83.1251684204271868
 772.000000	18.6237085279353387	93.1397290555995454
 773.000000	14.3353647802258379	111.1342948569418070
 774.000000	15.9033935519158707	95.0155386689988575
 775.000000	12.9518693947048611	139.8672626793829750
 776.000000	14.8219108462293327	73.0669228124682490
 777.000000	17.9746502914368520	117.8469186959409569
 778.000000	16.9031785547343638	94.1826808825410495
 779.000000	17.4444518536833506	89.3366530707802582
 780.000000	13.9832554112156391	30.7230734648588282
 781.000000	8.2516732311061194	113.6346345216739167
 782.000000	10.6294078754696830	100.4580634403464217
 783.000000	9.6966495481988293	121.3416102374003742
 784.000000	13.4585217463341813	114.9109341462214502
 785.000000	16.1954298564112982	97.6368561908161041
 786.000000	14.1097060951834834	70.8518466440627037
 787.000000	10.6829712959537328	67.2974699801791587
 788.000000	15.2633806055907382	61.7455857503738201
 789.000000	18.0885094483768256	87.7701476493255370
 790.000000	17.3759851554494311	90.0384096421652771
 791.000000	15.6235829554421315	93.8338179607985410
 792.000000	13.0161753738600527	102.7927411615997784
 793.000000	14.0214258942488073	110.2209762938879720
 794.000000	13.8507702656795910	79.3758054509397653
 795.000000	12.4097702000081558	78.0510970913757802
 796.000000	12.9833228068816364	82.8126046617286846
 797.000000	10.9817681001922427	124.7819631566351006
 798.000000	11.9928225035220049	108.0123868188120611
 799.000000	13.9424615898408515	108.5060196621829078
 800.000000	8.1789335203930698	95.6391213483402254
 801.000000	9.2422404968644560	111.4944167462914635
 802.000000	10.4123058288522152	137.7581731449122344
 803.000000	12.5684789307538516	109.2523637344054492
 804.000000	9.9129883601860058	71.4228297391823048
 805.000000	10.4035965142179183	128.4099673746025871
 806.000000	7.8790265418976695	128.6092285785477429
 807.000000	12.8352773823403421	89.1660376141785775
 808.000000	17.7902723249280008	63.1810355169924804
 809.000000	16.2165574551497222	65.1548703356098571
 810.000000	11.4958836364509551	139.9262315416266347
 811.000000	15.9924026510316892	97.8113765351221360
 812.000000	15.8505903234145329	78.9081094268228185
 813.000000	14.2236975350487889	132.0281342416548966
 814.000000	14.8530087907359984	34.0754573853540421
 815.000000	13.9522014557742402	90.6154858540656960
 816.000000	15.6357475888614790	137.7270393908474944
 817.000000	15.3922422565881050	74.6195331898536551
 818.000000	19.7278054682029733	87.7637248358026767
 819.000000	17.7572122427446075	81.7053325750850519
 820.000000	16.0331694011061323	114.8766729634172066
 821.000000	17.1186506864648926	85.3786683823735046
 822.000000	15.2698960808840205	88.9971820063763914
 823.000000	10.4492150677958655	114.2480714596032385
 824.000000	10.1499800735106191	91.0362208825594479
 825.000000	10.4842480474681192	123.1077031534846782
 826.000000	11.6950566257526667	107.5930234218071604
 827.000000	13.0296696874774671	100.6222683148538266
 828.000000	12.5969913309107486	103.4067975336140108
 829.000000	11.4045877709979830	83.8312338195753881
 830.000000	15.6155429476604084	95.8768055439571611
 831.000000	14.9810719020418812	104.4916043538907218
 832.000000	16.4762943525832881	86.4269359062166700
 833.000000	17.6087298210012051	65.7274324938988457
 834.000000	16.6121240111710406	93.6163116687777688
 835.000000	17.5587744204361371	97.7029991756613470
 836.000000	15.4114543286587118	59.5473362431917366
 837.000000	13.8275392439882783	61.5593267732897118
 838.000000	14.6534943009070222	42.3169913650816625
 839.000000	14.4787664341377038	22.9120151778855643
 840.000000	15.2983171670836899	68.6016466472485718
 841.000000	16.3527474664094328	69.9177501470427814
 842.000000	16.3917222502107052	38.9142367701560659
 843.000000	17.9125210194466362	32.6507614732148568
 844.000000	13.4648059814989107	70.6646681009631834
 845.000000	12.9714010056207236	29.9943723576971593
 846.000000	15.8729031520120003	37.1064521295275824
 847.000000	13.9913571839713242	43.6133558694949670
 848.000000	18.1702928619898572	96.8913292993837985
 849.000000	21.9169057767758773	105.3716464489744311
 850.000000	22.3134122946685700	76.8717015452524066
 851.000000	20.2219340831426777	74.4490949142962108
 852.000000	20.5785586304031867	65.3945295221168976
 853.000000	16.2978465947639144	67.7832502477227337
 854.000000	18.5927394299539408	112.6088663206754319
 855.000000	18.2227555350174306	137.6145699603087564
 856.000000	17.5058291234029930	59.4825280587989482
 857.000000	16.9870670417063110	123.9347881315835593
 858.000000	19.5720652720147754	71.8559873343544950
 859.000000	22.7578679363791316	98.9324670931708710
 860.000000	21.0271847891428081	72.3485400169876982
 861.000000	19.7915219502679847	85.1247474092750593
 862.000000	17.5410549697395055	81.7555171620663259
 863.000000	20.8872170634599392	76.3461730674116126
 864.000000	19.5483014697210358	107.7958680796217976
 865.000000	23.1319624888356614	125.6789588587473787
 866.000000	19.1245262498089694	64.2463836342314067
 867.000000	13.7628854610272757	60.0669132913176753
 868.000000	18.6717219999115187	75.1604262770177769
 869.000000	17.5996902349789792	83.9284436005172267
 870.000000	17.2821483431012553	96.4152476472588944
 871.000000	13.7832816628265071	74.7850937807945968
 872.000000	15.4465067316978288	83.0976901952350033
 873.000000	14.9799365182901614	70.0660140120436807
 874.000000	14.7322308844551717	32.9782334266016903
 875.000000	13.1506669704607777	36.6437857730898600
 876.000000	12.2247977652792095	41.0999960159871591
 877.000000	13.1399469072574000	56.8456516695783449
 878.000000	12.1109203235619844	54.7720080780940179
 879.000000	13.0159039513441215	40.5410168997959772
 880.000000	15.1219109893412345	59.8254502912610207
 881.000000	15.7380198058671397	68.3454720578313584
 882.000000	15.6269995139981237	44.8673830528460371
 883.000000	17.7120088548542078	55.0654102381816415
 884.000000	19.7890157560661812	87.7601699157084880
 885.000000	13.9510902224940097	61.9395771779930442
 886.000000	13.5448449095493171	64.6553764041840822
 887.000000	19.2667879245554694	45.5161409313207059
 888.000000	18.6277309507687789	106.4667963025305255
 889.000000	18.9572283072469538	43.4967260762755927
 890.000000	18.6471664127188497	94.4428496305669398
 891.000000	13.7315391836126430	54.8758756405019312
 892.000000	19.8191164160356763	76.0461388456038208
 893.000000	20.0930007466024030	93.4727476015731327
 894.000000	17.9549823764883669	71.2193421239930018
 895.000000	15.7156795862723886	63.8474418793305603
 896.000000	14.0253008373006178	80.5086470898491342
 897.000000	13.6935402686328036	84.6989177282883077
 898.000000	14.8027691557460379	71.0353165016054504
 899.000000	13.1779087341186969	41.0179542685052638
 900.000000	13.8999353658005074	47.0463119266085243
 901.000000	14.7546997781843388	58.6758209937160871
 902.000000	11.3527044717213297	84.7852574913868295
 903.000000	14.3243500471913343	61.2669595550352284
 904.000000	17.5292229156068124	61.0936520679718740
 905.000000	21.6889271491483413	97.8640450834240028
 906.000000	12.9445533065886575	75.9756372439961751
 907.000000	18.7883695025884911	75.3714311637509127
 908.000000	14.1052850710857118	78.9741037744126260
 909.000000	13.3761050389838516	65.0045377590622024
 910.000000	15.2432395197920023	84.6832649591637647
 911.000000	16.1076679527940207	65.3245108772524077
 912.000000	14.0284257472864979	76.8726815762400406
 913.000000	14.4227589928332023	67.7137257805423047
 914.000000	18.6672589331489718	61.0713393367918513
 915.000000	16.8804761811902821	69.5367163747303181
 916.000000	14.9107696518847739	68.5452658093835225
 917.000000	14.7632183884161865	59.5628270433391975
 918.000000	12.0542205168769172	72.1290058444454161
 919.000000	16.1636727813463139	55.1759876359619454
 920.000000	16.9647453149977245	76.4843336398196953
 921.000000	16.3991554137358015	53.9306891773356938
 922.000000	18.3386284522089795	59.2871741643764096
 923.000000	14.9908685023076469	33.5340088806951258
 924.000000	20.0667651884294784	72.8546808515361164
 925.000000	17.5269133951643816	72.7746416709437653
 926.000000	17.4535871341553630	63.0676283323018367
 927.000000	19.2067562504154843	60.4476558577251666
 928.000000	18.1365500140121334	83.0254799697988801
 929.000000	18.6557577077581591	90.2317002844930869
 930.000000	14.9709827328634368	89.3397609999244793
 931.000000	16.6377976862142631	52.2909883404041267
 932.000000	13.1294137343002930	44.7816640422719559
 933.000000	14.9274875186113789	44.1981210496358017
 934.000000	14.4153269830231725	67.6442493230749591
 935.000000	16.0940578112434025	80.8669347707552220
 936.000000	20.7025014186455216	92.9797601966460832
 937.000000	20.5961496116264939	58.0281182380114871
 938.000000	17.8938223511090690	74.6680812197876094
 939.000000	15.1374872146537438	55.2286778004631316
 940.000000	13.8993280529144290	35.4872279714611807
 941.000000	16.8901763496029211	83.0645790530046924
 942.000000	19.1314424119462032	67.7595391750043063
 943.000000	18.3411535775842545	85.4141764689967289
 944.000000	17.2241308331281431	43.9169436231738644
 945.000000	15.3244369867937813	58.0135492955052996
 946.000000	14.6284111479872401	72.8689325048821672
 947.000000	18.3055164362411915	82.1733141835365331
 948.000000	17.8979016577057592	66.2146799704074454
 949.000000	15.2814494432425114	48.1036528299306383
 950.000000	13.1500677477310344	59.1243218062854652
 951.000000	13.2632394419465580	9.6566562596945573
 952.000000	14.3068375146061246	69.2599244377419865
 953.000000	15.3747068134065916	94.7145120361639101
 954.000000	19.6409792839919106	129.0702396746111447
 955.000000	13.6472367428594694	59.5706031348323677
 956.000000	13.1628381111329968	57.3445881094013572
 957.000000	13.0208402242007288	60.0417525286471516
 958.000000	14.0324724794065858	54.6930318469488981
 959.000000	14.1339592894154560	42.9907265724235685
 960.000000	15.0711727929423205	78.5774057803122048
 961.000000	12.0485132908785779	67.5431853688798043
 962.000000	13.9748037624167445	83.2902079912555848
 963.000000	15.8678681726741768	49.2153474765645171
 964.000000	14.6469499291263183	79.0282647952505783
 965.000000	14.0976086301383123	44.5366513388259477
 966.000000	15.4159668186268188	64.2633482806531191
 967.000000	16.2016294641262952	78.3901312156567371
 968.000000	13.6408935366630839	87.6345710784895999
 969.000000	13.2812790624116772	66.6264520596568559
 970.000000	16.9360625855026647	59.7887713721951997
 971.000000	14.9057346091723133	81.4745538977358450
 972.000000	19.3757580636353204	67.1914448117875907
 973.000000	13.6709658807244683	39.9010594338965632
 974.000000	11.9634272356231968	82.8922698930185646
 975.000000	12.7622605847321076	70.6912017111967117
 976.000000	13.5820269879341549	75.3546958811250249
 977.000000	14.9151784690736111	80.1546533639032504
 978.000000	15.1887408268395649	50.7707592679150537
 979.000000	13.2024532213993524	72.2312851415552899
 980.000000	12.0627526892069454	72.5271615699729608
 981.000000	14.2650846675229950	39.2071044646890243
 982.000000	15.6115437057726876	52.8840971765607151
 983.000000	15.8992163181809119	37.2996400485394020
 984.000000	12.5832419363459955	54.1193902148489911
 985.000000	14.1328159769640838	46.5704808278689768
 986.000000	12.6286384268736729	71.1704385768457115
 987.000000	13.1484763671106091	48.0998868460880260
 988.000000	14.0300078492156715	89.8844876223797655
 989.000000	17.0935569310571616	55.3796923526522846
 990.000000	15.4154590669866582	74.5236590772055791
 991.000000	17.6432272880673686	97.0418783128501445
 992.000000	17.5104845349033802	77.5709947792851864
 993.000000	15.4638763293889792	54.7638827588924499
 994.000000	15.3859856261181420	58.2988472400428037
 995.000000	14.1700971606302879	101.2697939299884098
 996.000000	15.6802889435721919	102.0950623176574368
 997.000000	13.5725629599391784	55.5770584036736039
 998.000000	14.4553315456069971	63.5302739955934612
 999.000000	13.8761448197249617	82.2665228904094477
 1000.000000	15.8356665642853116	84.6269511538766750
 1001.000000	14.9471320420942657	58.5416646946950152
 1002.000000	13.4309606349914752	86.3641767108688043
 1003.000000	11.5652746674171567	58.5491097930359530
 1004.000000	10.7869932314567638	92.7253074809218418
 1005.000000	10.1096186009887656	117.0159435872489411
 1006.000000	13.6065141491570927	82.6158341236601785
 1007.000000	12.9188907495301226	105.6945976278752113
 1008.000000	13.1852466275693896	42.5031784941232331
 1009.000000	14.5352906420317041	74.6211017509034491
 1010.000000	14.2270177244435381	44.2237429504196200
 1011.000000	14.3774218620234908	57.9408129367650986
 1012.000000	15.2978989622294890	57.1610269750184159
 1013.000000	15.6487045989431230	66.0833350057197606
 1014.000000	13.2324114590875244	56.1265469215218502
 1015.000000	13.8106101106473016	80.8443016096313585
 1016.000000	12.0830993178288875	64.2360035441585069
 1017.000000	13.1366318951336769	69.8617259842640834
 1018.000000	14.0921952509532247	67.8411095305942382
 1019.000000	14.1257133925874321	96.1983556980291468
 1020.000000	13.5670393156310887	52.8024082433797446
 1021.000000	11.9599443552247404	63.7628942091486977
 1022.000000	15.0739194003701904	73.4093421827364097
 1023.000000	16.8460166268995835	108.7208258502006686
 1024.000000	13.6061505751568035	48.3928920531414519
 1025.000000	12.8624971611847201	59.6228874787888401
 1026.000000	16.8870558919427012	85.1049275459579491
 1027.000000	18.6839851151342700	57.4065069582048864
 1028.000000	18.8878690433226666	69.4202579164833509
 1029.000000	17.4912232112683554	103.6990011033102945
 1030.000000	18.2536636996595902	105.5888959487716789
 1031.000000	16.3002124498546941	46.5781230177179850
 1032.000000	13.1917993119431873	43.3928673207885254
 1033.000000	16.9120547675623385	68.7662366223895276
 1034.000000	16.0777434092027036	51.5675196889889946
 1035.000000	14.5946620315661484	58.3681460583946858
 1036.000000	14.4437505557754715	46.2789900331193564
 1037.000000	15.2156481042798291	39.1411602716687526
 1038.000000	13.8008294844446446	55.6017372091625930
 1039.000000	14.8232396558762840	39.7252153772459451
 1040.000000	14.0097943278418224	41.8572268153662890
 1041.000000	16.7691977774487775	46.5159850456608126
 1042.000000	11.6369227094070613	34.2211629572839229
 1043.000000	11.0883566892538941	45.6130312991234632
 1044.000000	16.4276260669985845	57.6572416407990289
 1045.000000	17.2703875413973762	62.4833881828626545
 1046.000000	12.3380293662441236	98.4825676967298875
 1047.000000	16.3384974790403525	125.9091830688896181
 1048.000000	15.3475715069403478	96.6399119154689288
 1049.000000	15.5963892978227801	101.0351845797702026
 1050.000000	17.7360745735937577	109.5830417131463577
 1051.000000	18.2628005254535992	118.2343459413748121
 1052.000000	18.2048578517437996	113.0873296411803040
 1053.000000	13.4916491399778433	135.2366213375359507
 1054.000000	17.0915577317326459	95.1612366926969031
 1055.000000	8.3338245193578135	67.0426753217677884
 1056.000000	10.3220848187388334	88.3112801123552629
 1057.000000	5.3803167819472977	126.6722230436227505
 1058.000000	5.9941964833936003	114.6941443832028114
 1059.000000	4.8243434151513966	132.9750747898329450
 1060.000000	10.5289500247445904	137.4658419228520643
 1061.000000	11.3822674704261413	65.3473097792171416
 1062.000000	8.4636005790372817	107.0947463347256985
 1063.000000	9.7105496366484179	121.2068995309259094
 1064.000000	9.7585888062004393	80.9926432588051597
 1065.000000	8.4355334375862192	123.9041748515649886
 1066.000000	9.6215381973470748	133.7791197813852193
 1067.000000	3.7021241997135581	82.0402305347663514
 1068.000000	4.2477944653851036	80.0886799657832711
 1069.000000	3.1624518452800685	54.9870884199343095
 1070.000000	3.1982095699487503	38.4115036309707421
 1071.000000	3.8963820542660073	35.5771374025144098
 1072.000000	6.0709580391224325	49.1740710019456628
 1073.000000	2.9503427635646835	17.6968301778430259
 1074.000000	2.9077096335655810	20.4844470348660650
 1075.000000	8.6441430993399706	140.8488119758306425
 1076.000000	11.2145565271876819	47.2750350153748400
 1077.000000	7.9654596849804040	28.5307817426477754
 1078.000000	6.2952019848012890	61.4575440259219619
 1079.000000	6.7627989988838140	16.5648521871558501
 1080.000000	5.6618270628635496	9.0189753321412240
 1081.000000	2.8841897111354413	36.3352278916723606
 1082.000000	2.9119635547732541	27.5510204007300672
 1083.000000	3.3517064415020248	14.1601076016789023
 1084.000000	3.1520272387142594	16.0735408100179598
 1085.000000	9.4396897241932525	78.4616380895224523
 1086.000000	12.0999416017619925	98.8876098949554034
 1087.000000	9.5454053218178920	55.8164697545190336
 1088.000000	10.4151090500438066	161.4875019364081936
 1089.000000	13.3859944622515670	130.0739476907647258
 1090.000000	10.3500016302552158	163.0768811549982047
 1091.000000	11.8765107623737780	126.6451905716612885
 1092.000000	10.1726871876362104	104.1860677183565542
 1093.000000	8.7035881707067411	77.1355079851371954
 1094.000000	9.4257057850252934	124.3410508256043840
 1095.000000	8.8786849818724036	91.9840179214427565
 1096.000000	9.7382622548713762	107.7834111951137714
 1097.000000	14.2650578982969023	120.7154962859385137
 1098.000000	18.4994075657545771	85.7023106080502970
 1099.000000	16.8189328130823661	110.1282188812182881
 1100.000000	10.1413231043628898	121.9396852506083206
 1101.000000	8.5274092823663192	137.5083573820272704
 1102.000000	10.0017020541174020	134.8873844751882416
 1103.000000	11.3379308662434450	107.0745546518366353
 1104.000000	11.1779006354369663	112.2526842510173850
 1105.000000	11.5244394068294920	116.5596555325343502
 1106.000000	11.5444577315115957	112.7197773383794299
 1107.000000	11.8948989040195201	113.7774031498019269
 1108.000000	13.1012681534997633	98.8156035669811388
 1109.000000	10.7409487192208228	96.6557075659360265
 1110.000000	10.2972923565762962	118.9619011929533485
 1111.000000	11.1135185903820464	98.0414586128406143
 1112.000000	10.1213549852531379	136.3681872147770378
 1113.000000	11.2373910576235456	108.2030028573359459
 1114.000000	10.5307562829061094	110.3675231372489378
 1115.000000	12.0789429792142684	109.7708272810780272
 1116.000000	14.1099018699661194	118.4244413226197139
 1117.000000	8.9975028404651862	130.0635687283984225
 1118.000000	6.8568236203919497	126.1010618977754802
 1119.000000	9.4434919980442658	134.0765775240420226
 1120.000000	13.3550695573614568	103.4264279872597001
 1121.000000	10.7652800034803811	112.1227349190793205
 1122.000000	5.6548298942699065	150.8034769520013754
 1123.000000	10.5839358335404388	111.0697794199674746
 1124.000000	11.7983246911008202	109.5088441346734811
 1125.000000	7.9354546761403295	152.6682210731119937
 1126.000000	7.9525277490282189	126.0569402528397802
 1127.000000	9.4788856277116533	98.1887887308187004
 1128.000000	6.4209505512388247	66.5253844544562867
 1129.000000	8.7022865905614051	172.8406027821978626
 1130.000000	5.7153211361423057	116.9854314165277316
 1131.000000	8.2026919672349052	128.3629006841748037
 1132.000000	10.1219979972243035	89.4696059024898602
 1133.000000	9.8954321733933615	129.5436391935934068
 1134.000000	5.2163344832568965	79.1203617200056470
 1135.000000	11.8145036386668458	113.7027150572518792
 1136.000000	11.8851717090345073	121.3244158956160561
 1137.000000	9.9812649217108103	98.9876248226928936
 1138.000000	11.3458415028791233	118.4399207287268894
 1139.000000	8.6879354504780952	116.4943827741545874
 1140.000000	8.0588098703061988	135.2033211603698248
 1141.000000	9.7289819494358127	115.7145570637079004
 1142.000000	9.4742325996027947	117.3827141776177285
 1143.000000	11.0991765084643887	128.3856509467829596
 1144.000000	10.6920344793571136	115.7793545066664080
 1145.000000	10.3559768371462777	123.5683964986448586
 1146.000000	11.7704008152946695	113.7503767021891576
 1147.000000	10.9139171073444796	117.3593504322660124
 1148.000000	10.2186301136163760	115.1330047960093594
 1149.000000	10.8502413310530432	125.0429797080851841
 1150.000000	10.4868730682214970	119.1667765008559599
 1151.000000	8.8962801395996749	114.4877277185488822
 1152.000000	9.9319689591065430	99.2584311975699194
 1153.000000	9.6970340079971731	110.8434843984949083
 1154.000000	5.8958268534917746	147.8409607041770641
 1155.000000	10.7949681855066295	115.2887161675988921
 1156.000000	9.0878552792896947	126.5444839847716025
 1157.000000	6.6284156449307927	130.9404536300769450
 1158.000000	8.0426376842999829	149.0233947995898802
 1159.000000	8.4356436177314436	117.5289318349168752
 1160.000000	8.2985857382872101	109.4662662924225600
 1161.000000	9.7956477308159275	117.9007711250153250
 1162.000000	10.9066710772296247	45.4673883428926899
 1163.000000	15.5684819400638581	62.3555812887561984
 1164.000000	12.1901307181233651	58.3139421795391542
 1165.000000	13.7539842486259722	87.3039084412742312
 1166.000000	16.3938520022035839	76.6406687072516632
 1167.000000	16.9387566799136025	56.6884570778614147
 1168.000000	13.2703945448629419	97.7686817265184089
 1169.000000	14.8597049596134756	26.0872976585002618
 1170.000000	14.4894929635982308	78.8284608342770525
 1171.000000	20.5118847678330773	74.1355107955237855
 1172.000000	14.2795953330437371	34.7344452957449903
 1173.000000	14.0442604890161284	59.2335252056692525
 1174.000000	16.1274751266582683	32.5043522619695864
 1175.000000	13.8145608243345510	118.9334189411415537
 1176.000000	12.6764838323437967	84.8915696785435756
 1177.000000	10.4992053066985456	107.6951900259271326
 1178.000000	8.1948737958281068	148.4192754361210405
 1179.000000	8.2429210622804749	120.9475973837052720
 1180.000000	8.0114454883528410	130.0858367485371048
 1181.000000	8.3396034563146770	58.3108189652252662
 1182.000000	10.7925894058056215	115.9918204053432618
 1183.000000	14.2454513620785299	98.0000765932315829
 1184.000000	13.7879461085018740	36.9124701006477380
 1185.000000	15.3963093043779526	62.9250235297521101
 1186.000000	12.9671294560055443	36.9974382276798224
 1187.000000	13.2865394749447638	77.6546851957240278
 1188.000000	15.5789360845851377	88.8974687983772611
 1189.000000	15.5561366999756157	73.8204820122488172
 1190.000000	14.6569745607555610	81.6925971012633596
 1191.000000	15.1476127920416594	76.9025219985325066
 1192.000000	12.6689244362112490	73.8919900242982379
 1193.000000	13.7643604326034819	65.4513742386920399
 1194.000000	14.0158199041746006	52.4485936486158124
 1195.000000	12.5642161801727212	96.0793157110738463
 1196.000000	15.0194900661575854	66.7295028447405798
 1197.000000	13.5171521682313731	80.3819054480940309
 1198.000000	14.1161177225688732	51.5573399773059293
 1199.000000	16.2622769671009841	79.6380301940857436
 1200.000000	13.5588223551775968	83.7294514499208020
 1201.000000	12.2635356415859338	70.8105246671027118
 1202.000000	17.5019368684221739	95.3184545344318792
 1203.000000	14.5022899245731054	46.7001956377508236
 1204.000000	12.7501331534596556	65.0169091979234963
 1205.000000	10.3026325969243722	37.4823384408986726
 1206.000000	11.5195822031324990	99.4235078585786738
 1207.000000	16.6233603469794602	81.7607812430896388
 1208.000000	11.7253443776249338	108.1523005035115119
 1209.000000	10.5792438606606609	76.4919077710380151
 1210.000000	12.8306336056236656	50.6283084974167537
 1211.000000	16.4453715909203595	74.3623905642051000
 1212.000000	14.4527701847183252	97.5913368811423254
 1213.000000	11.6596296057498918	99.4470789742334347
 1214.000000	6.7322917292978381	77.7234232049729172
 1215.000000	7.8988743804396027	89.4803836478434818
 1216.000000	8.9192641391726912	58.6383085134211655
 1217.000000	7.8958689595827662	76.9843379683921682
 1218.000000	13.4147985538848182	100.4580476104454334
 1219.000000	9.4171849252905240	81.4999397097658118
 1220.000000	9.1737084003418570	81.5062519841346358
 1221.000000	12.7836943171760833	75.0504969794015153
 1222.000000	10.5579492870768341	65.1674433497023244
 1223.000000	13.6698442241121842	119.0978059457726488
 1224.000000	10.9642360432349388	100.2813661734557513
 1225.000000	10.9220986985171518	44.0826078288166059
 1226.000000	9.0472635612491779	61.9356163791128722
 1227.000000	11.8065197261554502	93.3876011786964852
 1228.000000	15.4473739626790838	97.5071954608147990
 1229.000000	13.5047673966044641	63.3158308586962590
 1230.000000	9.6000593867176764	75.0810285415914791
 1231.000000	10.7342374593128298	37.4729800101122805
 1232.000000	3.5043642270160200	69.7002809144616720
 1233.000000	4.8306879558965532	98.6849977204375364
 1234.000000	5.2507282866272345	87.9774508066009275
 1235.000000	4.6652022438078644	105.7768682419103783
 1236.000000	5.1167218032379305	89.2584820829879959
 1237.000000	5.1966556777846638	88.9612298684934046
 1238.000000	4.7543113861012767	107.1605366632209950
 1239.000000	4.7934879648986799	80.6179085164810658
 1240.000000	4.2653017214322766	94.4604682957999415
 1241.000000	5.2004130889875775	90.9839589703119032
 1242.000000	4.8975259391843817	78.2305022169562250
 1243.000000	5.1148737358558112	86.3877131821990361
 1244.000000	4.8275992534554186	73.7823336848241098
 1245.000000	4.2992174530093887	90.5331750745630615
 1246.000000	4.5980827502475998	68.5150239736325091
 1247.000000	4.6788584613295701	50.6437003886134676
 1248.000000	5.2835119658135721	61.2719069295050076
 1249.000000	3.3084438169531016	14.7444047091481139
 1250.000000	5.0375757540898123	66.0406004195462657
 1251.000000	14.9124988626733668	97.2487326688461309
 1252.000000	8.7820110938432290	63.8573960616033531
 1253.000000	6.6155415499149264	70.7702805242633843
 1254.000000	11.2673851926883284	100.0857729137261316
 1255.000000	4.9859002500129623	76.9634742238017253
 1256.000000	7.0271725348430545	71.5083740523555633
 1257.000000	8.8055375037919656	79.4099626677899408
 1258.000000	7.5784285453238951	62.1322333918027709
 1259.000000	7.9841049279127985	48.8292156295964901
 1260.000000	14.0708083325037112	86.3782766243154612
 1261.000000	12.7139524522041132	67.6356910615251792
 1262.000000	8.9781651735375334	41.8294416696386691
 1263.000000	7.9603933426418232	54.4452081808283594
 1264.000000	12.5712466238087153	56.2797471151121584
 1265.000000	12.6449703149493171	114.7017740278510161
 1266.000000	12.2166117850925442	84.3940635253718057
 1267.000000	12.8723433264643230	114.5067240486953040
 1268.000000	15.0555092061308891	63.7076166039977068
 1269.000000	13.0592941612040043	60.6509599850366783
 1270.000000	13.1084524227203350	87.6663157510062376
 1271.000000	14.6116117630930624	85.2562714299398863
 1272.000000	13.7860497835666855	107.6084051455963504
 1273.000000	13.9886497747556344	46.4762587297693130
 1274.000000	14.2712602502958692	59.7146510911367301
 1275.000000	15.9051436966664532	97.6575248699129901
 1276.000000	15.7516993277047721	90.9161853658861077
 1277.000000	16.9423308416856351	74.0255576470049448
 1278.000000	17.3293223715658478	81.7689133144830862
 1279.000000	10.1398289422947592	66.5533172711792531
 1280.000000	15.8010846037576247	111.3337419839888298
 1281.000000	13.3903487419899108	57.2062122249057126
 1282.000000	17.6661043039289467	99.0101976548117761
 1283.000000	15.9055217213834208	68.7836205831920324
 1284.000000	15.0372263936697035	67.0511149578047423
 1285.000000	12.9470507854187691	65.8302032192128479
 1286.000000	12.2480329571709063	43.0708400911734373
 1287.000000	14.3995870291667991	50.0210290407705429
 1288.000000	15.1490157534099055	60.4464253354186951
 1289.000000	15.1737516593626065	53.6922220065947471
 1290.000000	14.0146289183093700	54.9589129331419031
 1291.000000	16.4040145969280786	33.1136078471976987
 1292.000000	13.5370693830068287	81.5786679757041640
 1293.000000	13.0672990708111936	30.4112539646015136
 1294.000000	13.3559219821623660	66.4890990796145331
 1295.000000	12.7457856938099159	35.4324231904417957
 1296.000000	13.6225402920260681	51.3725905799006171
 1297.000000	13.0659337392533459	35.0596224873588653
 1298.000000	12.6911735282052476	60.1010830583238231
 1299.000000	13.7234671381572451	65.2476451904190640
 1300.000000	13.2277765644245875	61.9004779742536613
 1301.000000	12.5061695705326787	49.6146850294260275
 1302.000000	13.0016635298930510	31.2181641805465517
 1303.000000	15.4890267882248747	67.2221075527706660
 1304.000000	16.1772659928622566	53.1494900721725543
 1305.000000	21.6853396243105045	96.5822508915918689
 1306.000000	16.3122758790366511	39.0475146989760731
 1307.000000	14.7356128693584854	85.0930984566889066
 1308.000000	13.9693179763694904	87.5350421601666682
 1309.000000	13.7361186908610620	47.5653928410538924
 1310.000000	15.2970549128272530	46.7398694372486148
 1311.000000	16.1471848960740409	78.4601601293974227
 1312.000000	12.6650367335723235	44.4607899163525815
 1313.000000	12.3969118271115768	29.6733695177441916
 1314.000000	14.0897361310168439	55.9393788571310324
 1315.000000	14.3160379470033288	56.6874461552274624
 1316.000000	15.2414181922955532	22.3562158066743564
 1317.000000	19.0714557813276606	85.4910337256490465
 1318.000000	21.4531614150065231	70.5317206799230547
 1319.000000	17.4253796553490972	34.0473443261168995
 1320.000000	19.9259812155409719	74.9232288978972463
 1321.000000	21.4304754881940305	86.6189996663855482
 1322.000000	24.3414658667403714	112.0900706657967163
 1323.000000	19.9340113894959217	58.2798800077740822
 1324.000000	19.7443418074817032	57.5288547239613308
 1325.000000	19.1413853586010525	53.9415069283381428
 1326.000000	20.6884370758117022	79.9391647164051591
 1327.000000	21.0856242104082590	82.0359125753359422
 1328.000000	17.4386999360490158	70.8664478913022577
 1329.000000	19.1861125821938003	101.5119086549915153
 1330.000000	18.8202114733082304	46.3581605964686787
 1331.000000	18.6087067987686545	63.3350031452772271
 1332.000000	21.4569855847848636	64.7258203217844112
 1333.000000	21.1116408582796744	90.1420364900389757
 1334.000000	20.1685523478950053	63.1264221332736355
 1335.000000	18.7731799137973212	71.1796272415656830
 1336.000000	19.3382524074503266	32.8657962207331025
 1337.000000	21.8957864729272060	94.2848712648989107
 1338.000000	15.4999760749110802	59.5949921997100347
 1339.000000	18.8242970612720981	107.5735537501129500
 1340.000000	14.5244064767892986	50.3599289929983627
 1341.000000	22.1681264735081314	58.8127477073166176
 1342.000000	19.2666148086901465	47.9896892982843610
 1343.000000	20.0237208664588451	41.1925095412404119
 1344.000000	19.4348161875833974	79.6588581084455569
 1345.000000	14.5702473329343523	65.5067467709977507
 1346.000000	15.7617370670078270	80.8798246123148346
 1347.000000	14.6630865920576809	91.9025995906486486
 1348.000000	14.0976358644994821	82.1413648016501980
 1349.000000	16.3775939278649290	88.7710641950161374
 1350.000000	15.4026764051941907	77.6243378393726857
 1351.000000	14.2238765142252941	66.0000596231669334
 1352.000000	15.9628308284725939	81.2374814772047529
 1353.000000	15.2441509106506015	75.1970210628586528
 1354.000000	14.2412760112763408	80.9960546490459166
 1355.000000	14.6296521181861277	77.3602875548766349
 1356.000000	15.3303847372396422	79.8766797904356167
 1357.000000	14.7872897466142188	79.9923396944078604
 1358.000000	16.0032982240394013	70.5263200106256960
 1359.000000	14.6341244210697301	55.9773770832005226
 1360.000000	14.6897300254338656	95.9829016401692314
 1361.000000	14.4803197041155016	71.8384776349064254
 1362.000000	14.3538982861785627	70.4168969099963959
 1363.000000	15.8948398105424538	69.0753310051442071
 1364.000000	15.2835088328013438	46.5982502981830748
 1365.000000	13.4511725174424424	64.2953680371626461
 1366.000000	14.5233262037981774	50.3238630427694886
 1367.000000	14.3071177992571279	56.2061758283955015
 1368.000000	14.5507534784939914	59.7363067361583404
 1369.000000	13.9906698653404629	56.2765243245861200
 1370.000000	14.5957826166672398	33.0188745664063674
 1371.000000	14.8618834210842419	66.1431876446985285
 1372.000000	15.0721049982912110	85.5398114686284003
 1373.000000	15.6498968521895954	75.0358784006743207
 1374.000000	16.0776168749963198	100.8121010284729948
 1375.000000	14.1122252922572518	67.1943234461394781
 1376.000000	15.1514931368039250	77.1550693910719332
 1377.000000	15.1035616729854532	90.7883527400081505
 1378.000000	15.0336067653435208	77.0307325133196201
 1379.000000	14.6686417276880618	72.4747822602877676
 1380.000000	15.4126256022763801	72.3571718480784796
 1381.000000	13.9265844257141804	55.0705796716854792
 1382.000000	14.2719314904535981	55.3059765715001390
 1383.000000	14.9028968160379733	92.4032649323779793
 1384.000000	14.0318533678803217	74.3027599553909255
 1385.000000	14.8629411188626861	73.5635172171549812
 1386.000000	15.3719883745341690	100.3128417525856833
 1387.000000	14.3779000769693361	73.3011140064930231
 1388.000000	15.4198512435097062	74.6347252140217847
 1389.000000	13.9859149551710420	70.0335384608986544
 1390.000000	16.6197083218341923	75.0461930337871905
 1391.000000	16.0571445258713403	85.6142753398290210
 1392.000000	14.6046913937706915	90.4123133095474998
 1393.000000	15.1786545500017152	83.3226786734052354
 1394.000000	15.1603595802929121	79.7416067918566256
 1395.000000	14.8910045521884893	84.2816390748238007
 1396.000000	15.9132948650329382	94.5715133559159682
 1397.000000	15.2560180262752798	86.1138499882433734
 1398.000000	15.2218894020512376	93.0099708379631522
 1399.000000	15.2641553495425999	93.6381951046337520
 1400.000000	15.8145505749373108	90.8203673246337786
 1401.000000	15.8239112115115503	95.2956123935629051
 1402.000000	14.3890396909376594	67.8395682888787093
 1403.000000	15.4874186449984634	94.4915764531954636
 1404.000000	15.4716026404786895	94.1596065462125011
 1405.000000	14.1783850394541062	85.1467851875397912
 1406.000000	14.4957746867871293	86.4053152537856448
 1407.000000	14.8854351511534997	90.4025860279291322
 1408.000000	13.5588158575385140	48.8306463127681525
 1409.000000	14.9456130505489213	77.5531510983012851
 1410.000000	15.7744984290901762	114.0361667070857550
 1411.000000	16.3642949495512688	81.8074383513778969
 1412.000000	14.2670703778547630	57.8438538844095689
 1413.000000	13.9744274369328565	64.2297655368538329
 1414.000000	14.8049269145005926	84.3101222087102116
 1415.000000	14.5214873900142880	72.3108750678133561
 1416.000000	15.1552554708951757	79.4515163379845859
 1417.000000	16.5341062235709373	49.7141209261252186
 1418.000000	17.9091536339785797	83.7891533562799111
 1419.000000	16.0322774583375605	94.6256740304155670
 1420.000000	12.6454350658064563	108.1584101364584001
 1421.000000	7.4595598650199593	67.1092481858165826
 1422.000000	10.5711973868390992	80.9666619194611030
 1423.000000	11.5404467720505348	140.0481661867729599
 1424.000000	11.9425785488345966	90.7353613968899708
 1425.000000	10.3385859769095738	79.2988953304971602
 1426.000000	8.0831897583177383	72.5702893213202742
 1427.000000	7.4860838868645567	77.6671135154430488
 1428.000000	12.5210372250255002	112.0311181083393137
 1429.000000	11.6754467457615316	125.7932526859819120
 1430.000000	11.4318903144077915	106.5409645122268500
 1431.000000	13.7356337242685971	120.9178106901759975
 1432.000000	16.4343301656412812	111.6897462502972331
 1433.000000	15.0434798854142695	74.5163789824708971
 1434.000000	15.3241955210649525	105.2609711833163431
 1435.000000	15.8072144407646018	109.2602652082589998
 1436.000000	15.5631489908525609	102.2057903392411902
 1437.000000	13.8715492711372015	56.6811458324004604
 1438.000000	14.9929873350859992	70.3123083873708907
 1439.000000	13.3002568515362665	94.6849460538383170
 1440.000000	16.0687468004663359	115.7755906735511360
 1441.000000	15.6522483104904797	56.1265316672681251
 1442.000000	14.0497695115477139	57.3034361159540424
 1443.000000	16.4326640890474671	87.3871773694598204
 1444.000000	16.4910178648744790	78.9063479062229902
 1445.000000	15.4939883051929748	79.9036988877638237
 1446.000000	15.7997154927592742	83.8403640766427145
 1447.000000	15.5956174072146823	45.6048439186196504
 1448.000000	16.5153820160332394	80.2777525970179511
 1449.000000	16.6089397525442912	87.9288162120629693
 1450.000000	13.3787833852422224	36.0010503951662031
 1451.000000	15.2829227986372782	78.3462343341970779
 1452.000000	14.1952466795871590	60.1434280388850766
 1453.000000	14.7187332459811753	69.5241937411589248
 1454.000000	14.6138281751387691	97.6941423148732184
 1455.000000	14.9444717219230689	108.1954497291910968
 1456.000000	16.1901413944470036	99.1884024830030313
 1457.000000	15.3757589805943127	88.6296869581343714
 1458.000000	14.7126660919450920	74.8320966621092225
 1459.000000	16.0334131236947499	81.9342359297175591
 1460.000000	14.5983504429990720	51.2816856609699130
 1461.000000	16.3915097279953024	109.2899455421865298
 1462.000000	15.1131517142406064	94.3855070257280460
 1463.000000	12.0104554243623767	44.4754423060832664
 1464.000000	14.5958891919861120	83.9514979972922788
 1465.000000	13.3203700230671913	69.0556599433720066
 1466.000000	12.6713514873490460	63.2353293120326327
 1467.000000	11.6695772196497423	47.2941455839674916
 1468.000000	12.9852585525917341	46.1875806067923520
 1469.000000	14.6901222030123968	79.6472938125306911
 1470.000000	15.9593976627243830	107.2977869711014307
 1471.000000	13.0143603402825114	63.9113246166171223
 1472.000000	15.7992926933236575	65.4480377292173614
 1473.000000	12.0876679579052411	50.8492711492250180
 1474.000000	14.5076620787033885	56.5920144863440981
 1475.000000	15.3050515726482335	42.2013384511650997
 1476.000000	14.1986168115481153	58.8005131972802388
 1477.000000	12.8445867961794953	54.2085678445347696
 1478.000000	14.8668163054196967	46.4954335592557300
 1479.000000	13.9376839202328071	53.3073836776266887
 1480.000000	17.8306309818060527	117.2436803039863094
 1481.000000	19.4884153772898898	104.8294770621968723
 1482.000000	13.9502722472393170	46.5598740641717939
 1483.000000	13.3522983133910902	39.3936292738630129
 1484.000000	16.5845472501135980	45.3593770827764899
 1485.000000	20.5015152105690639	78.3259850183152651
 1486.000000	18.6398588504250888	51.3336010775649925
 1487.000000	18.1685842678487255	42.8351344615586243
 1488.000000	17.6093283591393508	66.6795371996764601
 1489.000000	19.0136819852864178	66.4894419502395380
 1490.000000	18.8323354129302452	98.4789905643581704
 1491.000000	19.9207270696191507	77.2355469076165093
 1492.000000	20.1154099991575563	51.8695372098420648
 1493.000000	16.4954644434383155	71.8111239201243166
 1494.000000	21.1940321182983560	107.6887606147910930
 1495.000000	19.5330664719750153	62.1322734807058339
 1496.000000	20.1566462192785494	71.3282644250152345
 1497.000000	18.4830085751536437	86.2838271838375022
 1498.000000	18.4739958357226186	71.6553988955166972
 1499.000000	14.9105701834232729	102.9800558625933888
